Current	Voltage	PhotoCurrent	EmissionPower	Wavelength	EQE	WPE	Temperature	Time	SecondVoltage
A	V	A	mW	nm	%	%	°C	s	V
3.200000E-4	5.920000E-3	-2.280684E-7	0.000000E+0	0.000000	0.000000	0.000000	0.000000	0.000000	0.000000E+0
4.800000E-4	4.416000E-2	-2.115208E-7	0.000000E+0	0.000000	0.000000	0.000000	0.000000	0.000000	0.000000E+0
0.000000E+0	9.344000E-2	-2.317545E-7	0.000000E+0	0.000000	NaN	NaN	0.000000	0.000000	0.000000E+0
0.000000E+0	1.497600E-1	-2.169207E-7	0.000000E+0	0.000000	NaN	NaN	0.000000	0.000000	0.000000E+0
4.000000E-4	1.971200E-1	-2.412399E-7	0.000000E+0	0.000000	0.000000	0.000000	0.000000	0.000000	0.000000E+0
8.000000E-5	2.508800E-1	-2.315602E-7	0.000000E+0	0.000000	0.000000	0.000000	0.000000	0.000000	0.000000E+0
2.400000E-4	3.046400E-1	-2.360934E-7	0.000000E+0	0.000000	0.000000	0.000000	0.000000	0.000000	0.000000E+0
4.000000E-4	3.481600E-1	-2.398589E-7	0.000000E+0	0.000000	0.000000	0.000000	0.000000	0.000000	0.000000E+0
8.000000E-5	4.044800E-1	-2.378451E-7	0.000000E+0	0.000000	0.000000	0.000000	0.000000	0.000000	0.000000E+0
2.400000E-4	4.403200E-1	-2.416496E-7	0.000000E+0	0.000000	0.000000	0.000000	0.000000	0.000000	0.000000E+0
3.200000E-4	4.915200E-1	-2.447803E-7	0.000000E+0	0.000000	0.000000	0.000000	0.000000	0.000000	0.000000E+0
2.400000E-4	5.324800E-1	-2.438633E-7	0.000000E+0	0.000000	0.000000	0.000000	0.000000	0.000000	0.000000E+0
5.600000E-4	5.785600E-1	-2.452048E-7	0.000000E+0	0.000000	0.000000	0.000000	0.000000	0.000000	0.000000E+0
0.000000E+0	6.297600E-1	-2.445640E-7	0.000000E+0	0.000000	NaN	NaN	0.000000	0.000000	0.000000E+0
2.400000E-4	6.809600E-1	-2.430576E-7	0.000000E+0	0.000000	0.000000	0.000000	0.000000	0.000000	0.000000E+0
3.200000E-4	7.424000E-1	-2.452578E-7	0.000000E+0	0.000000	0.000000	0.000000	0.000000	0.000000	0.000000E+0
2.400000E-4	8.089600E-1	-2.476941E-7	0.000000E+0	0.000000	0.000000	0.000000	0.000000	0.000000	0.000000E+0
4.000000E-4	8.704000E-1	-2.466229E-7	0.000000E+0	0.000000	0.000000	0.000000	0.000000	0.000000	0.000000E+0
0.000000E+0	9.113600E-1	-2.447776E-7	0.000000E+0	0.000000	NaN	NaN	0.000000	0.000000	0.000000E+0
4.800000E-4	9.625600E-1	-2.486250E-7	0.000000E+0	0.000000	0.000000	0.000000	0.000000	0.000000	0.000000E+0
4.000000E-4	1.013760E+0	-2.494386E-7	0.000000E+0	0.000000	0.000000	0.000000	0.000000	0.000000	0.000000E+0
8.000000E-5	1.034240E+0	-2.494136E-7	0.000000E+0	0.000000	0.000000	0.000000	0.000000	0.000000	0.000000E+0
3.200000E-4	1.116160E+0	-2.505814E-7	0.000000E+0	0.000000	0.000000	0.000000	0.000000	0.000000	0.000000E+0
4.000000E-4	1.167360E+0	-2.490508E-7	0.000000E+0	0.000000	0.000000	0.000000	0.000000	0.000000	0.000000E+0
4.000000E-4	1.187840E+0	-2.497129E-7	0.000000E+0	0.000000	0.000000	0.000000	0.000000	0.000000	0.000000E+0
6.400000E-4	1.280000E+0	-2.359125E-7	0.000000E+0	0.000000	0.000000	0.000000	0.000000	0.000000	0.000000E+0
2.400000E-4	1.280000E+0	-2.227005E-7	0.000000E+0	0.000000	0.000000	0.000000	0.000000	0.000000	0.000000E+0
4.800000E-4	1.361920E+0	-2.155216E-7	0.000000E+0	0.000000	0.000000	0.000000	0.000000	0.000000	0.000000E+0
8.000000E-5	1.413120E+0	-2.185152E-7	0.000000E+0	0.000000	0.000000	0.000000	0.000000	0.000000	0.000000E+0
1.600000E-4	1.443840E+0	-2.291857E-7	0.000000E+0	0.000000	0.000000	0.000000	0.000000	0.000000	0.000000E+0
1.600000E-4	1.515520E+0	-2.308836E-7	0.000000E+0	0.000000	0.000000	0.000000	0.000000	0.000000	0.000000E+0
1.600000E-4	1.495040E+0	-2.402875E-7	0.000000E+0	0.000000	0.000000	0.000000	0.000000	0.000000	0.000000E+0
3.200000E-4	1.638400E+0	-2.376208E-7	0.000000E+0	0.000000	0.000000	0.000000	0.000000	0.000000	0.000000E+0
3.200000E-4	1.679360E+0	-2.320891E-7	0.000000E+0	0.000000	0.000000	0.000000	0.000000	0.000000	0.000000E+0
8.000000E-5	1.740800E+0	-2.338337E-7	0.000000E+0	0.000000	0.000000	0.000000	0.000000	0.000000	0.000000E+0
8.000000E-5	1.699840E+0	-2.212957E-7	0.000000E+0	0.000000	0.000000	0.000000	0.000000	0.000000	0.000000E+0
3.200000E-4	1.781760E+0	-2.379866E-7	0.000000E+0	0.000000	0.000000	0.000000	0.000000	0.000000	0.000000E+0
4.000000E-4	1.884160E+0	-2.345446E-7	0.000000E+0	0.000000	0.000000	0.000000	0.000000	0.000000	0.000000E+0
0.000000E+0	1.904640E+0	-2.396726E-7	0.000000E+0	0.000000	NaN	NaN	0.000000	0.000000	0.000000E+0
1.600000E-4	2.027520E+0	-2.331690E-7	0.000000E+0	0.000000	0.000000	0.000000	0.000000	0.000000	0.000000E+0
2.400000E-4	1.945600E+0	-2.203589E-7	0.000000E+0	0.000000	0.000000	0.000000	0.000000	0.000000	0.000000E+0
8.000000E-5	2.088960E+0	-2.091536E-7	0.000000E+0	0.000000	0.000000	0.000000	0.000000	0.000000	0.000000E+0
1.600000E-4	2.068480E+0	-2.251911E-7	0.000000E+0	0.000000	0.000000	0.000000	0.000000	0.000000	0.000000E+0
1.600000E-4	2.170880E+0	-2.328048E-7	0.000000E+0	0.000000	0.000000	0.000000	0.000000	0.000000	0.000000E+0
8.000000E-5	2.232320E+0	-2.352187E-7	0.000000E+0	0.000000	0.000000	0.000000	0.000000	0.000000	0.000000E+0
1.600000E-4	2.273280E+0	-2.317031E-7	0.000000E+0	0.000000	0.000000	0.000000	0.000000	0.000000	0.000000E+0
8.000000E-4	2.355200E+0	-2.251605E-7	0.000000E+0	0.000000	0.000000	0.000000	0.000000	0.000000	0.000000E+0
3.200000E-4	2.375680E+0	-2.194553E-7	0.000000E+0	0.000000	0.000000	0.000000	0.000000	0.000000	0.000000E+0
8.000000E-5	2.396160E+0	-2.196410E-7	0.000000E+0	0.000000	0.000000	0.000000	0.000000	0.000000	0.000000E+0
5.600000E-4	2.478080E+0	-2.074206E-7	0.000000E+0	0.000000	0.000000	0.000000	0.000000	0.000000	0.000000E+0
8.000000E-5	2.539520E+0	-1.893845E-7	0.000000E+0	0.000000	0.000000	0.000000	0.000000	0.000000	0.000000E+0
1.600000E-4	2.621440E+0	-1.947638E-7	0.000000E+0	0.000000	0.000000	0.000000	0.000000	0.000000	0.000000E+0
3.200000E-4	2.621440E+0	-1.952758E-7	0.000000E+0	0.000000	0.000000	0.000000	0.000000	0.000000	0.000000E+0
4.800000E-4	2.682880E+0	-2.065193E-7	0.000000E+0	0.000000	0.000000	0.000000	0.000000	0.000000	0.000000E+0
8.000000E-5	2.764800E+0	-2.233119E-7	0.000000E+0	0.000000	0.000000	0.000000	0.000000	0.000000	0.000000E+0
3.200000E-4	2.805760E+0	-2.235246E-7	0.000000E+0	0.000000	0.000000	0.000000	0.000000	0.000000	0.000000E+0
4.800000E-4	2.785280E+0	-2.182431E-7	0.000000E+0	0.000000	0.000000	0.000000	0.000000	0.000000	0.000000E+0
5.600000E-4	2.949120E+0	-1.926859E-7	0.000000E+0	0.000000	0.000000	0.000000	0.000000	0.000000	0.000000E+0
1.120000E-3	2.887680E+0	-1.361201E-7	0.000000E+0	0.000000	0.000000	0.000000	0.000000	0.000000	0.000000E+0
1.680000E-3	2.928640E+0	-1.637170E-8	0.000000E+0	0.000000	0.000000	0.000000	0.000000	0.000000	0.000000E+0
1.920000E-3	2.928640E+0	1.734982E-7	0.000000E+0	0.000000	0.000000	0.000000	0.000000	0.000000	0.000000E+0
2.160000E-3	2.928640E+0	4.564052E-7	0.000000E+0	0.000000	0.000000	0.000000	0.000000	0.000000	0.000000E+0
2.480000E-3	3.010560E+0	8.212732E-7	0.000000E+0	0.000000	0.000000	0.000000	0.000000	0.000000	0.000000E+0
3.920000E-3	3.031040E+0	1.291307E-6	0.000000E+0	0.000000	0.000000	0.000000	0.000000	0.000000	0.000000E+0
3.840000E-3	3.051520E+0	1.835359E-6	0.000000E+0	0.000000	0.000000	0.000000	0.000000	0.000000	0.000000E+0
4.400000E-3	3.031040E+0	2.478845E-6	0.000000E+0	0.000000	0.000000	0.000000	0.000000	0.000000	0.000000E+0
4.560000E-3	3.072000E+0	3.210326E-6	0.000000E+0	0.000000	0.000000	0.000000	0.000000	0.000000	0.000000E+0
6.080000E-3	3.072000E+0	4.011709E-6	0.000000E+0	0.000000	0.000000	0.000000	0.000000	0.000000	0.000000E+0
7.520000E-3	3.031040E+0	4.912052E-6	0.000000E+0	0.000000	0.000000	0.000000	0.000000	0.000000	0.000000E+0
8.320000E-3	3.112960E+0	5.870468E-6	0.000000E+0	0.000000	0.000000	0.000000	0.000000	0.000000	0.000000E+0
9.040000E-3	3.072000E+0	6.910447E-6	0.000000E+0	0.000000	0.000000	0.000000	0.000000	0.000000	0.000000E+0
8.960000E-3	3.153920E+0	8.018486E-6	0.000000E+0	0.000000	0.000000	0.000000	0.000000	0.000000	0.000000E+0
1.024000E-2	3.112960E+0	9.219280E-6	0.000000E+0	0.000000	0.000000	0.000000	0.000000	0.000000	0.000000E+0
9.680000E-3	3.276800E+0	8.830082E-6	0.000000E+0	0.000000	0.000000	0.000000	0.000000	0.000000	0.000000E+0
1.080000E-2	3.072000E+0	1.001769E-5	0.000000E+0	0.000000	0.000000	0.000000	0.000000	0.000000	0.000000E+0
1.184000E-2	3.072000E+0	1.125186E-5	0.000000E+0	0.000000	0.000000	0.000000	0.000000	0.000000	0.000000E+0
1.184000E-2	3.072000E+0	1.255474E-5	0.000000E+0	0.000000	0.000000	0.000000	0.000000	0.000000	0.000000E+0
1.296000E-2	3.153920E+0	1.393547E-5	0.000000E+0	0.000000	0.000000	0.000000	0.000000	0.000000	0.000000E+0
1.376000E-2	3.194880E+0	1.535926E-5	0.000000E+0	0.000000	0.000000	0.000000	0.000000	0.000000	0.000000E+0
1.456000E-2	3.153920E+0	1.678088E-5	0.000000E+0	0.000000	0.000000	0.000000	0.000000	0.000000	0.000000E+0
1.568000E-2	3.235840E+0	1.832972E-5	0.000000E+0	0.000000	0.000000	0.000000	0.000000	0.000000	0.000000E+0
1.664000E-2	3.235840E+0	1.993785E-5	0.000000E+0	0.000000	0.000000	0.000000	0.000000	0.000000	0.000000E+0
1.856000E-2	3.235840E+0	2.155125E-5	0.000000E+0	0.000000	0.000000	0.000000	0.000000	0.000000	0.000000E+0
1.792000E-2	3.399680E+0	2.314583E-5	0.000000E+0	0.000000	0.000000	0.000000	0.000000	0.000000	0.000000E+0
1.888000E-2	3.112960E+0	2.480289E-5	0.000000E+0	0.000000	0.000000	0.000000	0.000000	0.000000	0.000000E+0
2.096000E-2	3.358720E+0	2.653526E-5	0.000000E+0	0.000000	0.000000	0.000000	0.000000	0.000000	0.000000E+0
2.064000E-2	3.235840E+0	2.830553E-5	0.000000E+0	0.000000	0.000000	0.000000	0.000000	0.000000	0.000000E+0
2.144000E-2	3.153920E+0	3.013094E-5	0.000000E+0	0.000000	0.000000	0.000000	0.000000	0.000000	0.000000E+0
2.224000E-2	3.317760E+0	3.199858E-5	0.000000E+0	0.000000	0.000000	0.000000	0.000000	0.000000	0.000000E+0
2.352000E-2	3.153920E+0	3.402334E-5	0.000000E+0	0.000000	0.000000	0.000000	0.000000	0.000000	0.000000E+0
2.400000E-2	3.317760E+0	3.603564E-5	0.000000E+0	0.000000	0.000000	0.000000	0.000000	0.000000	0.000000E+0
2.624000E-2	3.276800E+0	3.800408E-5	0.000000E+0	0.000000	0.000000	0.000000	0.000000	0.000000	0.000000E+0
2.624000E-2	3.276800E+0	3.999662E-5	0.000000E+0	0.000000	0.000000	0.000000	0.000000	0.000000	0.000000E+0
2.720000E-2	3.194880E+0	4.201629E-5	0.000000E+0	0.000000	0.000000	0.000000	0.000000	0.000000	0.000000E+0
2.656000E-2	3.276800E+0	4.425341E-5	0.000000E+0	0.000000	0.000000	0.000000	0.000000	0.000000	0.000000E+0
2.976000E-2	3.276800E+0	4.627056E-5	0.000000E+0	0.000000	0.000000	0.000000	0.000000	0.000000	0.000000E+0
2.944000E-2	3.194880E+0	4.833853E-5	0.000000E+0	0.000000	0.000000	0.000000	0.000000	0.000000	0.000000E+0
3.008000E-2	3.358720E+0	5.047173E-5	0.000000E+0	0.000000	0.000000	0.000000	0.000000	0.000000	0.000000E+0
3.136000E-2	3.317760E+0	5.277995E-5	0.000000E+0	0.000000	0.000000	0.000000	0.000000	0.000000	0.000000E+0
3.200000E-2	3.358720E+0	5.487728E-5	0.000000E+0	0.000000	0.000000	0.000000	0.000000	0.000000	0.000000E+0
3.168000E-2	3.358720E+0	5.712471E-5	0.000000E+0	0.000000	0.000000	0.000000	0.000000	0.000000	0.000000E+0
3.424000E-2	3.399680E+0	5.939505E-5	0.000000E+0	0.000000	0.000000	0.000000	0.000000	0.000000	0.000000E+0
3.680000E-2	3.522560E+0	6.195822E-5	0.000000E+0	0.000000	0.000000	0.000000	0.000000	0.000000	0.000000E+0
3.392000E-2	3.358720E+0	6.431942E-5	0.000000E+0	0.000000	0.000000	0.000000	0.000000	0.000000	0.000000E+0
3.520000E-2	3.358720E+0	6.667049E-5	0.000000E+0	0.000000	0.000000	0.000000	0.000000	0.000000	0.000000E+0
3.968000E-2	3.276800E+0	6.890320E-5	0.000000E+0	0.000000	0.000000	0.000000	0.000000	0.000000	0.000000E+0
3.936000E-2	3.317760E+0	7.111951E-5	0.000000E+0	0.000000	0.000000	0.000000	0.000000	0.000000	0.000000E+0
3.872000E-2	3.399680E+0	7.325019E-5	0.000000E+0	0.000000	0.000000	0.000000	0.000000	0.000000	0.000000E+0
4.192000E-2	3.440640E+0	8.346679E-5	0.000000E+0	0.000000	0.000000	0.000000	0.000000	0.000000	0.000000E+0
4.672000E-2	3.358720E+0	9.403248E-5	0.000000E+0	0.000000	0.000000	0.000000	0.000000	0.000000	0.000000E+0
4.928000E-2	3.399680E+0	1.049096E-4	0.000000E+0	0.000000	0.000000	0.000000	0.000000	0.000000	0.000000E+0
5.440000E-2	3.399680E+0	1.156242E-4	0.000000E+0	0.000000	0.000000	0.000000	0.000000	0.000000	0.000000E+0
5.824000E-2	3.399680E+0	1.275232E-4	0.000000E+0	0.000000	0.000000	0.000000	0.000000	0.000000	0.000000E+0
6.208000E-2	3.358720E+0	1.392064E-4	0.000000E+0	0.000000	0.000000	0.000000	0.000000	0.000000	0.000000E+0
6.720000E-2	3.399680E+0	1.500987E-4	0.000000E+0	0.000000	0.000000	0.000000	0.000000	0.000000	0.000000E+0
6.848000E-2	3.317760E+0	1.623555E-4	0.000000E+0	0.000000	0.000000	0.000000	0.000000	0.000000	0.000000E+0
7.424000E-2	3.768320E+0	1.749929E-4	0.000000E+0	0.000000	0.000000	0.000000	0.000000	0.000000	0.000000E+0
7.744000E-2	3.358720E+0	1.896462E-4	0.000000E+0	0.000000	0.000000	0.000000	0.000000	0.000000	0.000000E+0
8.192000E-2	3.481600E+0	2.010145E-4	0.000000E+0	0.000000	0.000000	0.000000	0.000000	0.000000	0.000000E+0
8.448000E-2	3.522560E+0	2.149394E-4	0.000000E+0	0.000000	0.000000	0.000000	0.000000	0.000000	0.000000E+0
8.896000E-2	3.481600E+0	2.282867E-4	0.000000E+0	0.000000	0.000000	0.000000	0.000000	0.000000	0.000000E+0
9.216000E-2	3.481600E+0	2.459174E-4	0.000000E+0	0.000000	0.000000	0.000000	0.000000	0.000000	0.000000E+0
9.280000E-2	3.604480E+0	2.558466E-4	0.000000E+0	0.000000	0.000000	0.000000	0.000000	0.000000	0.000000E+0
9.984000E-2	3.727360E+0	2.758678E-4	0.000000E+0	0.000000	0.000000	0.000000	0.000000	0.000000	0.000000E+0
9.856000E-2	3.563520E+0	2.846530E-4	0.000000E+0	0.000000	0.000000	0.000000	0.000000	0.000000	0.000000E+0
1.062400E-1	3.645440E+0	2.993815E-4	0.000000E+0	0.000000	0.000000	0.000000	0.000000	0.000000	0.000000E+0
1.113600E-1	3.768320E+0	3.206420E-4	0.000000E+0	0.000000	0.000000	0.000000	0.000000	0.000000	0.000000E+0
1.139200E-1	3.727360E+0	3.323950E-4	0.000000E+0	0.000000	0.000000	0.000000	0.000000	0.000000	0.000000E+0
1.203200E-1	3.604480E+0	3.441916E-4	0.000000E+0	0.000000	0.000000	0.000000	0.000000	0.000000	0.000000E+0
1.228800E-1	3.686400E+0	3.633164E-4	0.000000E+0	0.000000	0.000000	0.000000	0.000000	0.000000	0.000000E+0
1.254400E-1	3.768320E+0	3.817675E-4	0.000000E+0	0.000000	0.000000	0.000000	0.000000	0.000000	0.000000E+0
1.280000E-1	3.768320E+0	3.984750E-4	0.000000E+0	0.000000	0.000000	0.000000	0.000000	0.000000	0.000000E+0
1.318400E-1	3.727360E+0	4.143693E-4	0.000000E+0	0.000000	0.000000	0.000000	0.000000	0.000000	0.000000E+0
1.356800E-1	3.809280E+0	4.316186E-4	0.000000E+0	0.000000	0.000000	0.000000	0.000000	0.000000	0.000000E+0
1.408000E-1	3.768320E+0	4.388541E-4	0.000000E+0	0.000000	0.000000	0.000000	0.000000	0.000000	0.000000E+0
1.433600E-1	3.809280E+0	4.548495E-4	0.000000E+0	0.000000	0.000000	0.000000	0.000000	0.000000	0.000000E+0
1.472000E-1	3.768320E+0	4.762130E-4	0.000000E+0	0.000000	0.000000	0.000000	0.000000	0.000000	0.000000E+0
1.536000E-1	3.809280E+0	4.882088E-4	0.000000E+0	0.000000	0.000000	0.000000	0.000000	0.000000	0.000000E+0
1.561600E-1	3.850240E+0	5.156778E-4	0.000000E+0	0.000000	0.000000	0.000000	0.000000	0.000000	0.000000E+0
1.600000E-1	3.973120E+0	5.215028E-4	0.000000E+0	0.000000	0.000000	0.000000	0.000000	0.000000	0.000000E+0
1.625600E-1	4.055040E+0	5.467952E-4	0.000000E+0	0.000000	0.000000	0.000000	0.000000	0.000000	0.000000E+0
1.612800E-1	4.014080E+0	5.434900E-4	0.000000E+0	0.000000	0.000000	0.000000	0.000000	0.000000	0.000000E+0
1.689600E-1	3.932160E+0	5.624439E-4	0.000000E+0	0.000000	0.000000	0.000000	0.000000	0.000000	0.000000E+0
1.702400E-1	3.891200E+0	5.799467E-4	0.000000E+0	0.000000	0.000000	0.000000	0.000000	0.000000	0.000000E+0
1.728000E-1	4.055040E+0	5.928391E-4	0.000000E+0	0.000000	0.000000	0.000000	0.000000	0.000000	0.000000E+0
1.817600E-1	3.973120E+0	6.099769E-4	0.000000E+0	0.000000	0.000000	0.000000	0.000000	0.000000	0.000000E+0
1.817600E-1	3.891200E+0	6.402861E-4	0.000000E+0	0.000000	0.000000	0.000000	0.000000	0.000000	0.000000E+0
1.856000E-1	3.973120E+0	6.564261E-4	0.000000E+0	0.000000	0.000000	0.000000	0.000000	0.000000	0.000000E+0
1.907200E-1	4.055040E+0	6.695959E-4	0.000000E+0	0.000000	0.000000	0.000000	0.000000	0.000000	0.000000E+0
1.843200E-1	4.014080E+0	6.806992E-4	0.000000E+0	0.000000	0.000000	0.000000	0.000000	0.000000	0.000000E+0
1.971200E-1	4.096000E+0	6.995672E-4	0.000000E+0	0.000000	0.000000	0.000000	0.000000	0.000000	0.000000E+0
2.022400E-1	4.055040E+0	7.135041E-4	0.000000E+0	0.000000	0.000000	0.000000	0.000000	0.000000	0.000000E+0
2.022400E-1	4.014080E+0	7.349358E-4	0.000000E+0	0.000000	0.000000	0.000000	0.000000	0.000000	0.000000E+0
2.099200E-1	4.096000E+0	7.489728E-4	0.000000E+0	0.000000	0.000000	0.000000	0.000000	0.000000	0.000000E+0
2.099200E-1	4.096000E+0	7.664556E-4	0.000000E+0	0.000000	0.000000	0.000000	0.000000	0.000000	0.000000E+0
2.201600E-1	4.055040E+0	7.847304E-4	0.000000E+0	0.000000	0.000000	0.000000	0.000000	0.000000	0.000000E+0
2.201600E-1	4.136960E+0	8.024895E-4	0.000000E+0	0.000000	0.000000	0.000000	0.000000	0.000000	0.000000E+0
2.252800E-1	4.218880E+0	8.279893E-4	0.000000E+0	0.000000	0.000000	0.000000	0.000000	0.000000	0.000000E+0
2.278400E-1	4.014080E+0	8.447631E-4	0.000000E+0	0.000000	0.000000	0.000000	0.000000	0.000000	0.000000E+0
2.329600E-1	4.136960E+0	8.563296E-4	0.000000E+0	0.000000	0.000000	0.000000	0.000000	0.000000	0.000000E+0
2.457600E-1	4.218880E+0	8.762725E-4	0.000000E+0	0.000000	0.000000	0.000000	0.000000	0.000000	0.000000E+0
2.380800E-1	4.259840E+0	8.930193E-4	0.000000E+0	0.000000	0.000000	0.000000	0.000000	0.000000	0.000000E+0
2.406400E-1	4.218880E+0	9.279278E-4	0.000000E+0	0.000000	0.000000	0.000000	0.000000	0.000000	0.000000E+0
2.457600E-1	4.177920E+0	9.496612E-4	0.000000E+0	0.000000	0.000000	0.000000	0.000000	0.000000	0.000000E+0
2.457600E-1	4.259840E+0	9.594024E-4	0.000000E+0	0.000000	0.000000	0.000000	0.000000	0.000000	0.000000E+0
2.636800E-1	4.259840E+0	9.665716E-4	0.000000E+0	0.000000	0.000000	0.000000	0.000000	0.000000	0.000000E+0
2.585600E-1	4.259840E+0	9.848395E-4	0.000000E+0	0.000000	0.000000	0.000000	0.000000	0.000000	0.000000E+0
2.560000E-1	4.259840E+0	1.018678E-3	0.000000E+0	0.000000	0.000000	0.000000	0.000000	0.000000	0.000000E+0
2.662400E-1	4.382720E+0	1.045598E-3	0.000000E+0	0.000000	0.000000	0.000000	0.000000	0.000000	0.000000E+0
2.739200E-1	4.300800E+0	1.040885E-3	0.000000E+0	0.000000	0.000000	0.000000	0.000000	0.000000	0.000000E+0
2.764800E-1	4.341760E+0	1.083231E-3	0.000000E+0	0.000000	0.000000	0.000000	0.000000	0.000000	0.000000E+0
2.713600E-1	4.341760E+0	1.080860E-3	0.000000E+0	0.000000	0.000000	0.000000	0.000000	0.000000	0.000000E+0
2.790400E-1	4.300800E+0	1.100630E-3	0.000000E+0	0.000000	0.000000	0.000000	0.000000	0.000000	0.000000E+0
2.841600E-1	4.464640E+0	1.141374E-3	0.000000E+0	0.000000	0.000000	0.000000	0.000000	0.000000	0.000000E+0
2.841600E-1	4.300800E+0	1.135270E-3	0.000000E+0	0.000000	0.000000	0.000000	0.000000	0.000000	0.000000E+0
2.892800E-1	4.382720E+0	1.154488E-3	0.000000E+0	0.000000	0.000000	0.000000	0.000000	0.000000	0.000000E+0
2.944000E-1	4.505600E+0	1.173760E-3	0.000000E+0	0.000000	0.000000	0.000000	0.000000	0.000000	0.000000E+0
2.995200E-1	4.382720E+0	1.192698E-3	0.000000E+0	0.000000	0.000000	0.000000	0.000000	0.000000	0.000000E+0
2.969600E-1	4.546560E+0	1.229766E-3	0.000000E+0	0.000000	0.000000	0.000000	0.000000	0.000000	0.000000E+0
3.046400E-1	4.300800E+0	1.231627E-3	0.000000E+0	0.000000	0.000000	0.000000	0.000000	0.000000	0.000000E+0
3.148800E-1	4.464640E+0	1.276653E-3	0.000000E+0	0.000000	0.000000	0.000000	0.000000	0.000000	0.000000E+0
3.148800E-1	4.464640E+0	1.271644E-3	0.000000E+0	0.000000	0.000000	0.000000	0.000000	0.000000	0.000000E+0
3.174400E-1	4.382720E+0	1.317435E-3	0.000000E+0	0.000000	0.000000	0.000000	0.000000	0.000000	0.000000E+0
3.148800E-1	4.382720E+0	1.331161E-3	0.000000E+0	0.000000	0.000000	0.000000	0.000000	0.000000	0.000000E+0
3.251200E-1	4.464640E+0	1.329787E-3	0.000000E+0	0.000000	0.000000	0.000000	0.000000	0.000000	0.000000E+0
3.328000E-1	4.587520E+0	1.360987E-3	0.000000E+0	0.000000	0.000000	0.000000	0.000000	0.000000	0.000000E+0
3.251200E-1	4.587520E+0	1.367361E-3	0.000000E+0	0.000000	0.000000	0.000000	0.000000	0.000000	0.000000E+0
3.456000E-1	4.505600E+0	1.417781E-3	0.000000E+0	0.000000	0.000000	0.000000	0.000000	0.000000	0.000000E+0
3.404800E-1	4.669440E+0	1.433914E-3	0.000000E+0	0.000000	0.000000	0.000000	0.000000	0.000000	0.000000E+0
3.456000E-1	4.587520E+0	1.425928E-3	0.000000E+0	0.000000	0.000000	0.000000	0.000000	0.000000	0.000000E+0
3.456000E-1	4.505600E+0	1.445439E-3	0.000000E+0	0.000000	0.000000	0.000000	0.000000	0.000000	0.000000E+0
3.507200E-1	4.669440E+0	1.464715E-3	0.000000E+0	0.000000	0.000000	0.000000	0.000000	0.000000	0.000000E+0
3.532800E-1	4.628480E+0	1.484736E-3	0.000000E+0	0.000000	0.000000	0.000000	0.000000	0.000000	0.000000E+0
3.609600E-1	4.546560E+0	1.529298E-3	0.000000E+0	0.000000	0.000000	0.000000	0.000000	0.000000	0.000000E+0
3.584000E-1	4.587520E+0	1.524120E-3	0.000000E+0	0.000000	0.000000	0.000000	0.000000	0.000000	0.000000E+0
3.635200E-1	4.505600E+0	1.578574E-3	0.000000E+0	0.000000	0.000000	0.000000	0.000000	0.000000	0.000000E+0
3.609600E-1	4.546560E+0	1.580453E-3	0.000000E+0	0.000000	0.000000	0.000000	0.000000	0.000000	0.000000E+0
3.737600E-1	4.628480E+0	1.614096E-3	0.000000E+0	0.000000	0.000000	0.000000	0.000000	0.000000	0.000000E+0
3.788800E-1	4.423680E+0	1.603836E-3	0.000000E+0	0.000000	0.000000	0.000000	0.000000	0.000000	0.000000E+0
3.814400E-1	4.833280E+0	1.654105E-3	0.000000E+0	0.000000	0.000000	0.000000	0.000000	0.000000	0.000000E+0
3.840000E-1	4.792320E+0	1.659823E-3	0.000000E+0	0.000000	0.000000	0.000000	0.000000	0.000000	0.000000E+0
3.840000E-1	4.751360E+0	1.674443E-3	0.000000E+0	0.000000	0.000000	0.000000	0.000000	0.000000	0.000000E+0
3.840000E-1	4.628480E+0	1.697378E-3	0.000000E+0	0.000000	0.000000	0.000000	0.000000	0.000000	0.000000E+0
3.993600E-1	4.751360E+0	1.739006E-3	0.000000E+0	0.000000	0.000000	0.000000	0.000000	0.000000	0.000000E+0
3.993600E-1	4.587520E+0	1.739754E-3	0.000000E+0	0.000000	0.000000	0.000000	0.000000	0.000000	0.000000E+0
4.044800E-1	4.710400E+0	1.781574E-3	0.000000E+0	0.000000	0.000000	0.000000	0.000000	0.000000	0.000000E+0
4.044800E-1	4.669440E+0	1.764177E-3	0.000000E+0	0.000000	0.000000	0.000000	0.000000	0.000000	0.000000E+0
4.096000E-1	4.792320E+0	1.817880E-3	0.000000E+0	0.000000	0.000000	0.000000	0.000000	0.000000	0.000000E+0
4.300800E-1	4.874240E+0	1.804599E-3	0.000000E+0	0.000000	0.000000	0.000000	0.000000	0.000000	0.000000E+0
4.198400E-1	4.710400E+0	1.826197E-3	0.000000E+0	0.000000	0.000000	0.000000	0.000000	0.000000	0.000000E+0
4.147200E-1	4.792320E+0	1.845286E-3	0.000000E+0	0.000000	0.000000	0.000000	0.000000	0.000000	0.000000E+0
4.300800E-1	4.874240E+0	1.865369E-3	0.000000E+0	0.000000	0.000000	0.000000	0.000000	0.000000	0.000000E+0
4.249600E-1	4.915200E+0	1.920006E-3	0.000000E+0	0.000000	0.000000	0.000000	0.000000	0.000000	0.000000E+0
4.505600E-1	4.792320E+0	1.924688E-3	0.000000E+0	0.000000	0.000000	0.000000	0.000000	0.000000	0.000000E+0
4.454400E-1	4.792320E+0	1.958403E-3	0.000000E+0	0.000000	0.000000	0.000000	0.000000	0.000000	0.000000E+0
4.454400E-1	4.874240E+0	1.958001E-3	0.000000E+0	0.000000	0.000000	0.000000	0.000000	0.000000	0.000000E+0
4.556800E-1	4.956160E+0	1.967241E-3	0.000000E+0	0.000000	0.000000	0.000000	0.000000	0.000000	0.000000E+0
4.556800E-1	4.956160E+0	1.987706E-3	0.000000E+0	0.000000	0.000000	0.000000	0.000000	0.000000	0.000000E+0
4.505600E-1	4.833280E+0	2.008101E-3	0.000000E+0	0.000000	0.000000	0.000000	0.000000	0.000000	0.000000E+0
4.710400E-1	4.956160E+0	2.062866E-3	0.000000E+0	0.000000	0.000000	0.000000	0.000000	0.000000	0.000000E+0
4.608000E-1	4.833280E+0	2.095815E-3	0.000000E+0	0.000000	0.000000	0.000000	0.000000	0.000000	0.000000E+0
4.659200E-1	4.915200E+0	2.077673E-3	0.000000E+0	0.000000	0.000000	0.000000	0.000000	0.000000	0.000000E+0
4.710400E-1	5.201920E+0	2.091409E-3	0.000000E+0	0.000000	0.000000	0.000000	0.000000	0.000000	0.000000E+0
4.761600E-1	4.915200E+0	2.156364E-3	0.000000E+0	0.000000	0.000000	0.000000	0.000000	0.000000	0.000000E+0
4.812800E-1	4.915200E+0	2.162231E-3	0.000000E+0	0.000000	0.000000	0.000000	0.000000	0.000000	0.000000E+0
4.761600E-1	4.874240E+0	2.152005E-3	0.000000E+0	0.000000	0.000000	0.000000	0.000000	0.000000	0.000000E+0
4.812800E-1	4.956160E+0	2.212050E-3	0.000000E+0	0.000000	0.000000	0.000000	0.000000	0.000000	0.000000E+0
4.966400E-1	5.038080E+0	2.242034E-3	0.000000E+0	0.000000	0.000000	0.000000	0.000000	0.000000	0.000000E+0
4.864000E-1	4.997120E+0	2.225380E-3	0.000000E+0	0.000000	0.000000	0.000000	0.000000	0.000000	0.000000E+0
5.068800E-1	5.160960E+0	2.283047E-3	0.000000E+0	0.000000	0.000000	0.000000	0.000000	0.000000	0.000000E+0