Current	Voltage	PhotoCurrent	EmissionPower	Wavelength	EQE	WPE	Temperature	Time	SecondVoltage
A	V	A	mW	nm	%	%	°C	s	V
4.000000E-4	8.160000E-3	2.307100E-9	0.000000E+0	0.000000	0.000000	0.000000	0.000000	0.000000	0.000000E+0
4.000000E-4	4.608000E-2	-3.258700E-9	0.000000E+0	0.000000	0.000000	0.000000	0.000000	0.000000	0.000000E+0
4.000000E-4	8.704000E-2	-8.750800E-9	0.000000E+0	0.000000	0.000000	0.000000	0.000000	0.000000	0.000000E+0
8.000000E-4	1.420800E-1	-3.779500E-9	0.000000E+0	0.000000	0.000000	0.000000	0.000000	0.000000	0.000000E+0
4.000000E-4	1.920000E-1	-5.515000E-9	0.000000E+0	0.000000	0.000000	0.000000	0.000000	0.000000	0.000000E+0
2.400000E-4	2.457600E-1	-6.194000E-10	0.000000E+0	0.000000	0.000000	0.000000	0.000000	0.000000	0.000000E+0
0.000000E+0	2.944000E-1	-1.106200E-9	0.000000E+0	0.000000	NaN	NaN	0.000000	0.000000	0.000000E+0
1.600000E-4	3.430400E-1	-1.807000E-9	0.000000E+0	0.000000	0.000000	0.000000	0.000000	0.000000	0.000000E+0
1.600000E-4	3.942400E-1	-2.667500E-9	0.000000E+0	0.000000	0.000000	0.000000	0.000000	0.000000	0.000000E+0
4.000000E-4	4.505600E-1	-3.510300E-9	0.000000E+0	0.000000	0.000000	0.000000	0.000000	0.000000	0.000000E+0
2.400000E-4	4.864000E-1	-2.882700E-9	0.000000E+0	0.000000	0.000000	0.000000	0.000000	0.000000	0.000000E+0
3.200000E-4	5.580800E-1	-3.765800E-9	0.000000E+0	0.000000	0.000000	0.000000	0.000000	0.000000	0.000000E+0
8.000000E-5	5.836800E-1	-4.114100E-9	0.000000E+0	0.000000	0.000000	0.000000	0.000000	0.000000	0.000000E+0
5.600000E-4	6.400000E-1	-3.827400E-9	0.000000E+0	0.000000	0.000000	0.000000	0.000000	0.000000	0.000000E+0
8.000000E-5	6.707200E-1	-5.919100E-9	0.000000E+0	0.000000	0.000000	0.000000	0.000000	0.000000	0.000000E+0
9.600000E-4	7.372800E-1	-5.504000E-9	0.000000E+0	0.000000	0.000000	0.000000	0.000000	0.000000	0.000000E+0
3.200000E-4	7.577600E-1	-5.745200E-9	0.000000E+0	0.000000	0.000000	0.000000	0.000000	0.000000	0.000000E+0
8.000000E-5	8.192000E-1	-2.457100E-9	0.000000E+0	0.000000	0.000000	0.000000	0.000000	0.000000	0.000000E+0
3.200000E-4	9.216000E-1	-7.330000E-11	0.000000E+0	0.000000	0.000000	0.000000	0.000000	0.000000	0.000000E+0
8.800000E-4	9.318400E-1	1.018100E-9	0.000000E+0	0.000000	0.000000	0.000000	0.000000	0.000000	0.000000E+0
1.600000E-4	1.013760E+0	-3.220000E-9	0.000000E+0	0.000000	0.000000	0.000000	0.000000	0.000000	0.000000E+0
2.400000E-4	1.064960E+0	9.183000E-10	0.000000E+0	0.000000	0.000000	0.000000	0.000000	0.000000	0.000000E+0
2.400000E-4	1.085440E+0	-3.399000E-10	0.000000E+0	0.000000	0.000000	0.000000	0.000000	0.000000	0.000000E+0
8.000000E-5	1.116160E+0	-1.332600E-9	0.000000E+0	0.000000	0.000000	0.000000	0.000000	0.000000	0.000000E+0
0.000000E+0	1.177600E+0	-2.412300E-9	0.000000E+0	0.000000	NaN	NaN	0.000000	0.000000	0.000000E+0
3.200000E-4	1.290240E+0	-4.527700E-9	0.000000E+0	0.000000	0.000000	0.000000	0.000000	0.000000	0.000000E+0
1.600000E-4	1.331200E+0	-3.038200E-9	0.000000E+0	0.000000	0.000000	0.000000	0.000000	0.000000	0.000000E+0
2.400000E-4	1.372160E+0	-3.116200E-9	0.000000E+0	0.000000	0.000000	0.000000	0.000000	0.000000	0.000000E+0
0.000000E+0	1.433600E+0	-6.877300E-9	0.000000E+0	0.000000	NaN	NaN	0.000000	0.000000	0.000000E+0
8.000000E-5	1.443840E+0	-4.862400E-9	0.000000E+0	0.000000	0.000000	0.000000	0.000000	0.000000	0.000000E+0
0.000000E+0	1.525760E+0	-5.072400E-9	0.000000E+0	0.000000	NaN	NaN	0.000000	0.000000	0.000000E+0
8.000000E-5	1.515520E+0	-2.846300E-9	0.000000E+0	0.000000	0.000000	0.000000	0.000000	0.000000	0.000000E+0
6.400000E-4	1.556480E+0	-3.776000E-9	0.000000E+0	0.000000	0.000000	0.000000	0.000000	0.000000	0.000000E+0
1.600000E-4	1.638400E+0	-3.972700E-9	0.000000E+0	0.000000	0.000000	0.000000	0.000000	0.000000	0.000000E+0
3.200000E-4	1.761280E+0	-3.307900E-9	0.000000E+0	0.000000	0.000000	0.000000	0.000000	0.000000	0.000000E+0
3.200000E-4	1.761280E+0	-3.568600E-9	0.000000E+0	0.000000	0.000000	0.000000	0.000000	0.000000	0.000000E+0
2.400000E-4	1.884160E+0	-1.535100E-9	0.000000E+0	0.000000	0.000000	0.000000	0.000000	0.000000	0.000000E+0
3.200000E-4	1.925120E+0	-1.481800E-9	0.000000E+0	0.000000	0.000000	0.000000	0.000000	0.000000	0.000000E+0
1.600000E-4	1.986560E+0	-2.426500E-9	0.000000E+0	0.000000	0.000000	0.000000	0.000000	0.000000	0.000000E+0
0.000000E+0	2.007040E+0	-1.527900E-9	0.000000E+0	0.000000	NaN	NaN	0.000000	0.000000	0.000000E+0
7.200000E-4	1.966080E+0	-3.623900E-9	0.000000E+0	0.000000	0.000000	0.000000	0.000000	0.000000	0.000000E+0
2.400000E-4	2.048000E+0	-1.437900E-9	0.000000E+0	0.000000	0.000000	0.000000	0.000000	0.000000	0.000000E+0
1.600000E-4	2.088960E+0	-1.109800E-9	0.000000E+0	0.000000	0.000000	0.000000	0.000000	0.000000	0.000000E+0
4.800000E-4	2.170880E+0	-2.798100E-9	0.000000E+0	0.000000	0.000000	0.000000	0.000000	0.000000	0.000000E+0
5.600000E-4	2.191360E+0	-3.019700E-9	0.000000E+0	0.000000	0.000000	0.000000	0.000000	0.000000	0.000000E+0
3.200000E-4	2.375680E+0	-2.062900E-9	0.000000E+0	0.000000	0.000000	0.000000	0.000000	0.000000	0.000000E+0
3.200000E-4	2.293760E+0	-2.124100E-9	0.000000E+0	0.000000	0.000000	0.000000	0.000000	0.000000	0.000000E+0
8.000000E-5	2.375680E+0	3.859800E-9	0.000000E+0	0.000000	0.000000	0.000000	0.000000	0.000000	0.000000E+0
0.000000E+0	2.416640E+0	-4.348700E-9	0.000000E+0	0.000000	NaN	NaN	0.000000	0.000000	0.000000E+0
8.000000E-5	2.498560E+0	-4.863000E-9	0.000000E+0	0.000000	0.000000	0.000000	0.000000	0.000000	0.000000E+0
8.000000E-5	2.478080E+0	-8.919600E-9	0.000000E+0	0.000000	0.000000	0.000000	0.000000	0.000000	0.000000E+0
0.000000E+0	2.539520E+0	-7.872600E-9	0.000000E+0	0.000000	NaN	NaN	0.000000	0.000000	0.000000E+0
2.400000E-4	2.641920E+0	-5.471800E-9	0.000000E+0	0.000000	0.000000	0.000000	0.000000	0.000000	0.000000E+0
4.800000E-4	2.723840E+0	-6.829100E-9	0.000000E+0	0.000000	0.000000	0.000000	0.000000	0.000000	0.000000E+0
2.400000E-4	2.723840E+0	-5.888500E-9	0.000000E+0	0.000000	0.000000	0.000000	0.000000	0.000000	0.000000E+0
2.400000E-4	2.785280E+0	-5.632900E-9	0.000000E+0	0.000000	0.000000	0.000000	0.000000	0.000000	0.000000E+0
1.600000E-4	2.867200E+0	-5.734100E-9	0.000000E+0	0.000000	0.000000	0.000000	0.000000	0.000000	0.000000E+0
1.600000E-4	2.908160E+0	-2.868300E-9	0.000000E+0	0.000000	0.000000	0.000000	0.000000	0.000000	0.000000E+0
4.800000E-4	2.908160E+0	2.274800E-9	0.000000E+0	0.000000	0.000000	0.000000	0.000000	0.000000	0.000000E+0
3.200000E-4	3.010560E+0	1.676320E-8	0.000000E+0	0.000000	0.000000	0.000000	0.000000	0.000000	0.000000E+0
3.200000E-4	3.072000E+0	4.667870E-8	0.000000E+0	0.000000	0.000000	0.000000	0.000000	0.000000	0.000000E+0
3.200000E-4	2.990080E+0	1.006885E-7	0.000000E+0	0.000000	0.000000	0.000000	0.000000	0.000000	0.000000E+0
2.400000E-4	2.990080E+0	1.948462E-7	0.000000E+0	0.000000	0.000000	0.000000	0.000000	0.000000	0.000000E+0
8.000000E-4	3.031040E+0	3.407063E-7	0.000000E+0	0.000000	0.000000	0.000000	0.000000	0.000000	0.000000E+0
1.280000E-3	3.031040E+0	5.556243E-7	0.000000E+0	0.000000	0.000000	0.000000	0.000000	0.000000	0.000000E+0
8.800000E-4	3.194880E+0	8.745423E-7	0.000000E+0	0.000000	0.000000	0.000000	0.000000	0.000000	0.000000E+0
1.360000E-3	3.153920E+0	1.301913E-6	0.000000E+0	0.000000	0.000000	0.000000	0.000000	0.000000	0.000000E+0
1.280000E-3	3.317760E+0	1.894767E-6	0.000000E+0	0.000000	0.000000	0.000000	0.000000	0.000000	0.000000E+0
2.640000E-3	3.317760E+0	2.601268E-6	0.000000E+0	0.000000	0.000000	0.000000	0.000000	0.000000	0.000000E+0
2.720000E-3	3.358720E+0	3.407755E-6	0.000000E+0	0.000000	0.000000	0.000000	0.000000	0.000000	0.000000E+0
2.160000E-3	3.358720E+0	4.388398E-6	0.000000E+0	0.000000	0.000000	0.000000	0.000000	0.000000	0.000000E+0
3.440000E-3	3.440640E+0	5.571873E-6	0.000000E+0	0.000000	0.000000	0.000000	0.000000	0.000000	0.000000E+0
3.840000E-3	3.399680E+0	6.860059E-6	0.000000E+0	0.000000	0.000000	0.000000	0.000000	0.000000	0.000000E+0
4.160000E-3	3.522560E+0	6.593072E-6	0.000000E+0	0.000000	0.000000	0.000000	0.000000	0.000000	0.000000E+0
4.320000E-3	3.645440E+0	7.984465E-6	0.000000E+0	0.000000	0.000000	0.000000	0.000000	0.000000	0.000000E+0
4.640000E-3	3.481600E+0	9.421364E-6	0.000000E+0	0.000000	0.000000	0.000000	0.000000	0.000000	0.000000E+0
5.840000E-3	3.563520E+0	1.115406E-5	0.000000E+0	0.000000	0.000000	0.000000	0.000000	0.000000	0.000000E+0
5.200000E-3	3.522560E+0	1.310841E-5	0.000000E+0	0.000000	0.000000	0.000000	0.000000	0.000000	0.000000E+0
6.080000E-3	3.604480E+0	1.520313E-5	0.000000E+0	0.000000	0.000000	0.000000	0.000000	0.000000	0.000000E+0
7.040000E-3	3.604480E+0	1.735152E-5	0.000000E+0	0.000000	0.000000	0.000000	0.000000	0.000000	0.000000E+0
7.840000E-3	3.563520E+0	1.978434E-5	0.000000E+0	0.000000	0.000000	0.000000	0.000000	0.000000	0.000000E+0
8.160000E-3	3.768320E+0	2.231474E-5	0.000000E+0	0.000000	0.000000	0.000000	0.000000	0.000000	0.000000E+0
8.480000E-3	3.686400E+0	2.496395E-5	0.000000E+0	0.000000	0.000000	0.000000	0.000000	0.000000	0.000000E+0
8.320000E-3	3.686400E+0	2.776185E-5	0.000000E+0	0.000000	0.000000	0.000000	0.000000	0.000000	0.000000E+0
1.016000E-2	3.604480E+0	3.067503E-5	0.000000E+0	0.000000	0.000000	0.000000	0.000000	0.000000	0.000000E+0
1.032000E-2	3.686400E+0	3.376830E-5	0.000000E+0	0.000000	0.000000	0.000000	0.000000	0.000000	0.000000E+0
1.088000E-2	3.604480E+0	3.698391E-5	0.000000E+0	0.000000	0.000000	0.000000	0.000000	0.000000	0.000000E+0
1.136000E-2	3.809280E+0	4.020308E-5	0.000000E+0	0.000000	0.000000	0.000000	0.000000	0.000000	0.000000E+0
1.264000E-2	3.768320E+0	4.372183E-5	0.000000E+0	0.000000	0.000000	0.000000	0.000000	0.000000	0.000000E+0
1.328000E-2	3.727360E+0	4.711913E-5	0.000000E+0	0.000000	0.000000	0.000000	0.000000	0.000000	0.000000E+0
1.408000E-2	3.727360E+0	5.075097E-5	0.000000E+0	0.000000	0.000000	0.000000	0.000000	0.000000	0.000000E+0
1.408000E-2	3.727360E+0	5.472028E-5	0.000000E+0	0.000000	0.000000	0.000000	0.000000	0.000000	0.000000E+0
1.520000E-2	3.850240E+0	5.853712E-5	0.000000E+0	0.000000	0.000000	0.000000	0.000000	0.000000	0.000000E+0
1.536000E-2	3.809280E+0	6.224004E-5	0.000000E+0	0.000000	0.000000	0.000000	0.000000	0.000000	0.000000E+0
1.600000E-2	3.891200E+0	6.626870E-5	0.000000E+0	0.000000	0.000000	0.000000	0.000000	0.000000	0.000000E+0
1.680000E-2	3.850240E+0	7.018681E-5	0.000000E+0	0.000000	0.000000	0.000000	0.000000	0.000000	0.000000E+0
1.744000E-2	4.014080E+0	7.447447E-5	0.000000E+0	0.000000	0.000000	0.000000	0.000000	0.000000	0.000000E+0
1.776000E-2	3.932160E+0	7.872297E-5	0.000000E+0	0.000000	0.000000	0.000000	0.000000	0.000000	0.000000E+0
1.824000E-2	4.055040E+0	8.300096E-5	0.000000E+0	0.000000	0.000000	0.000000	0.000000	0.000000	0.000000E+0
1.904000E-2	3.891200E+0	8.751295E-5	0.000000E+0	0.000000	0.000000	0.000000	0.000000	0.000000	0.000000E+0
2.048000E-2	3.973120E+0	9.193083E-5	0.000000E+0	0.000000	0.000000	0.000000	0.000000	0.000000	0.000000E+0
2.128000E-2	4.014080E+0	9.636338E-5	0.000000E+0	0.000000	0.000000	0.000000	0.000000	0.000000	0.000000E+0
2.112000E-2	3.891200E+0	1.008321E-4	0.000000E+0	0.000000	0.000000	0.000000	0.000000	0.000000	0.000000E+0
2.304000E-2	4.177920E+0	1.195534E-4	0.000000E+0	0.000000	0.000000	0.000000	0.000000	0.000000	0.000000E+0
2.752000E-2	4.055040E+0	1.393789E-4	0.000000E+0	0.000000	0.000000	0.000000	0.000000	0.000000	0.000000E+0
2.816000E-2	4.136960E+0	1.592206E-4	0.000000E+0	0.000000	0.000000	0.000000	0.000000	0.000000	0.000000E+0
3.264000E-2	4.341760E+0	1.803563E-4	0.000000E+0	0.000000	0.000000	0.000000	0.000000	0.000000	0.000000E+0
3.584000E-2	4.177920E+0	2.047188E-4	0.000000E+0	0.000000	0.000000	0.000000	0.000000	0.000000	0.000000E+0
3.840000E-2	4.300800E+0	2.239075E-4	0.000000E+0	0.000000	0.000000	0.000000	0.000000	0.000000	0.000000E+0
4.192000E-2	4.382720E+0	2.454206E-4	0.000000E+0	0.000000	0.000000	0.000000	0.000000	0.000000	0.000000E+0
4.320000E-2	4.546560E+0	2.686651E-4	0.000000E+0	0.000000	0.000000	0.000000	0.000000	0.000000	0.000000E+0
4.768000E-2	4.546560E+0	2.931154E-4	0.000000E+0	0.000000	0.000000	0.000000	0.000000	0.000000	0.000000E+0
5.056000E-2	4.587520E+0	3.168272E-4	0.000000E+0	0.000000	0.000000	0.000000	0.000000	0.000000	0.000000E+0
4.992000E-2	4.587520E+0	3.387251E-4	0.000000E+0	0.000000	0.000000	0.000000	0.000000	0.000000	0.000000E+0
5.568000E-2	4.587520E+0	3.640949E-4	0.000000E+0	0.000000	0.000000	0.000000	0.000000	0.000000	0.000000E+0
5.824000E-2	4.833280E+0	3.864425E-4	0.000000E+0	0.000000	0.000000	0.000000	0.000000	0.000000	0.000000E+0
6.144000E-2	4.751360E+0	4.140199E-4	0.000000E+0	0.000000	0.000000	0.000000	0.000000	0.000000	0.000000E+0
6.272000E-2	4.915200E+0	4.404265E-4	0.000000E+0	0.000000	0.000000	0.000000	0.000000	0.000000	0.000000E+0
6.848000E-2	4.833280E+0	4.693464E-4	0.000000E+0	0.000000	0.000000	0.000000	0.000000	0.000000	0.000000E+0
6.976000E-2	5.079040E+0	4.920974E-4	0.000000E+0	0.000000	0.000000	0.000000	0.000000	0.000000	0.000000E+0
7.616000E-2	5.038080E+0	5.181409E-4	0.000000E+0	0.000000	0.000000	0.000000	0.000000	0.000000	0.000000E+0
7.680000E-2	5.201920E+0	5.497479E-4	0.000000E+0	0.000000	0.000000	0.000000	0.000000	0.000000	0.000000E+0
8.064000E-2	5.120000E+0	5.756727E-4	0.000000E+0	0.000000	0.000000	0.000000	0.000000	0.000000	0.000000E+0
8.640000E-2	5.120000E+0	6.113421E-4	0.000000E+0	0.000000	0.000000	0.000000	0.000000	0.000000	0.000000E+0
8.768000E-2	5.406720E+0	6.287461E-4	0.000000E+0	0.000000	0.000000	0.000000	0.000000	0.000000	0.000000E+0
9.024000E-2	5.283840E+0	6.525926E-4	0.000000E+0	0.000000	0.000000	0.000000	0.000000	0.000000	0.000000E+0
9.472000E-2	5.447680E+0	6.952764E-4	0.000000E+0	0.000000	0.000000	0.000000	0.000000	0.000000	0.000000E+0
9.728000E-2	5.365760E+0	7.084666E-4	0.000000E+0	0.000000	0.000000	0.000000	0.000000	0.000000	0.000000E+0
1.011200E-1	5.406720E+0	7.497268E-4	0.000000E+0	0.000000	0.000000	0.000000	0.000000	0.000000	0.000000E+0
1.024000E-1	5.447680E+0	7.627358E-4	0.000000E+0	0.000000	0.000000	0.000000	0.000000	0.000000	0.000000E+0
1.075200E-1	5.365760E+0	7.913870E-4	0.000000E+0	0.000000	0.000000	0.000000	0.000000	0.000000	0.000000E+0
1.100800E-1	5.406720E+0	8.228364E-4	0.000000E+0	0.000000	0.000000	0.000000	0.000000	0.000000	0.000000E+0
1.152000E-1	5.447680E+0	8.544136E-4	0.000000E+0	0.000000	0.000000	0.000000	0.000000	0.000000	0.000000E+0
1.190400E-1	5.529600E+0	8.783785E-4	0.000000E+0	0.000000	0.000000	0.000000	0.000000	0.000000	0.000000E+0
1.177600E-1	5.570560E+0	9.026384E-4	0.000000E+0	0.000000	0.000000	0.000000	0.000000	0.000000	0.000000E+0
1.216000E-1	5.693440E+0	9.365482E-4	0.000000E+0	0.000000	0.000000	0.000000	0.000000	0.000000	0.000000E+0
1.241600E-1	5.693440E+0	9.657963E-4	0.000000E+0	0.000000	0.000000	0.000000	0.000000	0.000000	0.000000E+0
1.280000E-1	5.734400E+0	9.892122E-4	0.000000E+0	0.000000	0.000000	0.000000	0.000000	0.000000	0.000000E+0
1.292800E-1	5.857280E+0	1.000494E-3	0.000000E+0	0.000000	0.000000	0.000000	0.000000	0.000000	0.000000E+0
1.331200E-1	5.775360E+0	1.030842E-3	0.000000E+0	0.000000	0.000000	0.000000	0.000000	0.000000	0.000000E+0
1.356800E-1	5.734400E+0	1.057902E-3	0.000000E+0	0.000000	0.000000	0.000000	0.000000	0.000000	0.000000E+0
1.369600E-1	5.980160E+0	1.084945E-3	0.000000E+0	0.000000	0.000000	0.000000	0.000000	0.000000	0.000000E+0
1.433600E-1	6.021120E+0	1.121569E-3	0.000000E+0	0.000000	0.000000	0.000000	0.000000	0.000000	0.000000E+0
1.446400E-1	5.980160E+0	1.146654E-3	0.000000E+0	0.000000	0.000000	0.000000	0.000000	0.000000	0.000000E+0
1.484800E-1	6.021120E+0	1.172717E-3	0.000000E+0	0.000000	0.000000	0.000000	0.000000	0.000000	0.000000E+0
1.510400E-1	6.021120E+0	1.202494E-3	0.000000E+0	0.000000	0.000000	0.000000	0.000000	0.000000	0.000000E+0
1.548800E-1	6.103040E+0	1.244969E-3	0.000000E+0	0.000000	0.000000	0.000000	0.000000	0.000000	0.000000E+0
1.600000E-1	6.021120E+0	1.256721E-3	0.000000E+0	0.000000	0.000000	0.000000	0.000000	0.000000	0.000000E+0
1.664000E-1	6.062080E+0	1.285687E-3	0.000000E+0	0.000000	0.000000	0.000000	0.000000	0.000000	0.000000E+0
1.625600E-1	6.225920E+0	1.312060E-3	0.000000E+0	0.000000	0.000000	0.000000	0.000000	0.000000	0.000000E+0
1.702400E-1	6.389760E+0	1.362710E-3	0.000000E+0	0.000000	0.000000	0.000000	0.000000	0.000000	0.000000E+0
1.715200E-1	6.144000E+0	1.393883E-3	0.000000E+0	0.000000	0.000000	0.000000	0.000000	0.000000	0.000000E+0
1.728000E-1	6.553600E+0	1.416782E-3	0.000000E+0	0.000000	0.000000	0.000000	0.000000	0.000000	0.000000E+0
1.792000E-1	6.225920E+0	1.430461E-3	0.000000E+0	0.000000	0.000000	0.000000	0.000000	0.000000	0.000000E+0
1.804800E-1	6.389760E+0	1.451688E-3	0.000000E+0	0.000000	0.000000	0.000000	0.000000	0.000000	0.000000E+0
1.856000E-1	6.799360E+0	1.498301E-3	0.000000E+0	0.000000	0.000000	0.000000	0.000000	0.000000	0.000000E+0
1.894400E-1	6.799360E+0	1.543971E-3	0.000000E+0	0.000000	0.000000	0.000000	0.000000	0.000000	0.000000E+0
1.894400E-1	6.635520E+0	1.544483E-3	0.000000E+0	0.000000	0.000000	0.000000	0.000000	0.000000	0.000000E+0
2.022400E-1	6.635520E+0	1.560362E-3	0.000000E+0	0.000000	0.000000	0.000000	0.000000	0.000000	0.000000E+0
2.022400E-1	6.389760E+0	1.597561E-3	0.000000E+0	0.000000	0.000000	0.000000	0.000000	0.000000	0.000000E+0
2.022400E-1	6.635520E+0	1.622040E-3	0.000000E+0	0.000000	0.000000	0.000000	0.000000	0.000000	0.000000E+0
2.048000E-1	6.717440E+0	1.650711E-3	0.000000E+0	0.000000	0.000000	0.000000	0.000000	0.000000	0.000000E+0
2.099200E-1	6.635520E+0	1.681066E-3	0.000000E+0	0.000000	0.000000	0.000000	0.000000	0.000000	0.000000E+0
2.073600E-1	6.963200E+0	1.743825E-3	0.000000E+0	0.000000	0.000000	0.000000	0.000000	0.000000	0.000000E+0
2.227200E-1	6.471680E+0	1.738803E-3	0.000000E+0	0.000000	0.000000	0.000000	0.000000	0.000000	0.000000E+0
2.252800E-1	6.799360E+0	1.777381E-3	0.000000E+0	0.000000	0.000000	0.000000	0.000000	0.000000	0.000000E+0
2.278400E-1	6.553600E+0	1.799228E-3	0.000000E+0	0.000000	0.000000	0.000000	0.000000	0.000000	0.000000E+0
2.201600E-1	6.799360E+0	1.835772E-3	0.000000E+0	0.000000	0.000000	0.000000	0.000000	0.000000	0.000000E+0
2.304000E-1	7.372800E+0	1.871259E-3	0.000000E+0	0.000000	0.000000	0.000000	0.000000	0.000000	0.000000E+0
2.278400E-1	7.127040E+0	1.900142E-3	0.000000E+0	0.000000	0.000000	0.000000	0.000000	0.000000	0.000000E+0
2.304000E-1	7.290880E+0	1.911153E-3	0.000000E+0	0.000000	0.000000	0.000000	0.000000	0.000000	0.000000E+0
2.432000E-1	6.963200E+0	1.926428E-3	0.000000E+0	0.000000	0.000000	0.000000	0.000000	0.000000	0.000000E+0
2.483200E-1	7.290880E+0	1.958987E-3	0.000000E+0	0.000000	0.000000	0.000000	0.000000	0.000000	0.000000E+0
2.406400E-1	6.881280E+0	1.978135E-3	0.000000E+0	0.000000	0.000000	0.000000	0.000000	0.000000	0.000000E+0
2.560000E-1	7.045120E+0	2.013490E-3	0.000000E+0	0.000000	0.000000	0.000000	0.000000	0.000000	0.000000E+0
2.534400E-1	7.208960E+0	2.037532E-3	0.000000E+0	0.000000	0.000000	0.000000	0.000000	0.000000	0.000000E+0
2.560000E-1	7.372800E+0	2.061946E-3	0.000000E+0	0.000000	0.000000	0.000000	0.000000	0.000000	0.000000E+0
2.585600E-1	7.372800E+0	2.097234E-3	0.000000E+0	0.000000	0.000000	0.000000	0.000000	0.000000	0.000000E+0
2.611200E-1	7.536640E+0	2.133156E-3	0.000000E+0	0.000000	0.000000	0.000000	0.000000	0.000000	0.000000E+0
2.688000E-1	7.372800E+0	2.164048E-3	0.000000E+0	0.000000	0.000000	0.000000	0.000000	0.000000	0.000000E+0
2.662400E-1	6.881280E+0	2.189963E-3	0.000000E+0	0.000000	0.000000	0.000000	0.000000	0.000000	0.000000E+0
2.688000E-1	7.536640E+0	2.203300E-3	0.000000E+0	0.000000	0.000000	0.000000	0.000000	0.000000	0.000000E+0
2.764800E-1	7.045120E+0	2.230648E-3	0.000000E+0	0.000000	0.000000	0.000000	0.000000	0.000000	0.000000E+0
2.790400E-1	7.290880E+0	2.256039E-3	0.000000E+0	0.000000	0.000000	0.000000	0.000000	0.000000	0.000000E+0
2.764800E-1	7.700480E+0	2.281622E-3	0.000000E+0	0.000000	0.000000	0.000000	0.000000	0.000000	0.000000E+0
2.892800E-1	7.618560E+0	2.334820E-3	0.000000E+0	0.000000	0.000000	0.000000	0.000000	0.000000	0.000000E+0
2.892800E-1	7.536640E+0	2.331307E-3	0.000000E+0	0.000000	0.000000	0.000000	0.000000	0.000000	0.000000E+0
2.944000E-1	7.946240E+0	2.361979E-3	0.000000E+0	0.000000	0.000000	0.000000	0.000000	0.000000	0.000000E+0
2.969600E-1	7.864320E+0	2.404467E-3	0.000000E+0	0.000000	0.000000	0.000000	0.000000	0.000000	0.000000E+0
2.995200E-1	7.454720E+0	2.424710E-3	0.000000E+0	0.000000	0.000000	0.000000	0.000000	0.000000	0.000000E+0
3.046400E-1	7.372800E+0	2.441895E-3	0.000000E+0	0.000000	0.000000	0.000000	0.000000	0.000000	0.000000E+0
3.097600E-1	7.700480E+0	2.470111E-3	0.000000E+0	0.000000	0.000000	0.000000	0.000000	0.000000	0.000000E+0
3.148800E-1	7.618560E+0	2.499212E-3	0.000000E+0	0.000000	0.000000	0.000000	0.000000	0.000000	0.000000E+0
3.174400E-1	7.782400E+0	2.513095E-3	0.000000E+0	0.000000	0.000000	0.000000	0.000000	0.000000	0.000000E+0
3.251200E-1	7.700480E+0	2.542955E-3	0.000000E+0	0.000000	0.000000	0.000000	0.000000	0.000000	0.000000E+0
3.200000E-1	7.700480E+0	2.562798E-3	0.000000E+0	0.000000	0.000000	0.000000	0.000000	0.000000	0.000000E+0
3.225600E-1	8.110080E+0	2.587021E-3	0.000000E+0	0.000000	0.000000	0.000000	0.000000	0.000000	0.000000E+0
3.353600E-1	8.028160E+0	2.614060E-3	0.000000E+0	0.000000	0.000000	0.000000	0.000000	0.000000	0.000000E+0
3.302400E-1	7.454720E+0	2.644879E-3	0.000000E+0	0.000000	0.000000	0.000000	0.000000	0.000000	0.000000E+0
3.353600E-1	8.192000E+0	2.663533E-3	0.000000E+0	0.000000	0.000000	0.000000	0.000000	0.000000	0.000000E+0
3.379200E-1	7.864320E+0	2.690869E-3	0.000000E+0	0.000000	0.000000	0.000000	0.000000	0.000000	0.000000E+0
3.379200E-1	7.864320E+0	2.747804E-3	0.000000E+0	0.000000	0.000000	0.000000	0.000000	0.000000	0.000000E+0
3.404800E-1	7.782400E+0	2.737583E-3	0.000000E+0	0.000000	0.000000	0.000000	0.000000	0.000000	0.000000E+0
3.430400E-1	8.355840E+0	2.766477E-3	0.000000E+0	0.000000	0.000000	0.000000	0.000000	0.000000	0.000000E+0
3.532800E-1	7.864320E+0	2.792568E-3	0.000000E+0	0.000000	0.000000	0.000000	0.000000	0.000000	0.000000E+0
3.558400E-1	8.110080E+0	2.822978E-3	0.000000E+0	0.000000	0.000000	0.000000	0.000000	0.000000	0.000000E+0
3.584000E-1	8.028160E+0	2.837062E-3	0.000000E+0	0.000000	0.000000	0.000000	0.000000	0.000000	0.000000E+0
3.584000E-1	8.355840E+0	2.861692E-3	0.000000E+0	0.000000	0.000000	0.000000	0.000000	0.000000	0.000000E+0
3.712000E-1	8.192000E+0	2.882344E-3	0.000000E+0	0.000000	0.000000	0.000000	0.000000	0.000000	0.000000E+0
3.737600E-1	7.946240E+0	2.913666E-3	0.000000E+0	0.000000	0.000000	0.000000	0.000000	0.000000	0.000000E+0
3.763200E-1	8.437760E+0	2.930943E-3	0.000000E+0	0.000000	0.000000	0.000000	0.000000	0.000000	0.000000E+0
3.763200E-1	8.437760E+0	2.975118E-3	0.000000E+0	0.000000	0.000000	0.000000	0.000000	0.000000	0.000000E+0
3.763200E-1	8.355840E+0	2.983387E-3	0.000000E+0	0.000000	0.000000	0.000000	0.000000	0.000000	0.000000E+0
3.814400E-1	8.273920E+0	3.005490E-3	0.000000E+0	0.000000	0.000000	0.000000	0.000000	0.000000	0.000000E+0
3.840000E-1	8.437760E+0	3.025660E-3	0.000000E+0	0.000000	0.000000	0.000000	0.000000	0.000000	0.000000E+0
3.993600E-1	8.110080E+0	3.052345E-3	0.000000E+0	0.000000	0.000000	0.000000	0.000000	0.000000	0.000000E+0
3.942400E-1	8.355840E+0	3.075979E-3	0.000000E+0	0.000000	0.000000	0.000000	0.000000	0.000000	0.000000E+0
3.942400E-1	8.601600E+0	3.098591E-3	0.000000E+0	0.000000	0.000000	0.000000	0.000000	0.000000	0.000000E+0
4.044800E-1	8.192000E+0	3.123956E-3	0.000000E+0	0.000000	0.000000	0.000000	0.000000	0.000000	0.000000E+0
3.993600E-1	8.519680E+0	3.147176E-3	0.000000E+0	0.000000	0.000000	0.000000	0.000000	0.000000	0.000000E+0
4.147200E-1	8.519680E+0	3.170301E-3	0.000000E+0	0.000000	0.000000	0.000000	0.000000	0.000000	0.000000E+0
4.096000E-1	8.601600E+0	3.191794E-3	0.000000E+0	0.000000	0.000000	0.000000	0.000000	0.000000	0.000000E+0
4.198400E-1	8.601600E+0	3.247206E-3	0.000000E+0	0.000000	0.000000	0.000000	0.000000	0.000000	0.000000E+0
4.198400E-1	8.601600E+0	3.235187E-3	0.000000E+0	0.000000	0.000000	0.000000	0.000000	0.000000	0.000000E+0
4.249600E-1	8.519680E+0	3.260849E-3	0.000000E+0	0.000000	0.000000	0.000000	0.000000	0.000000	0.000000E+0
4.249600E-1	8.601600E+0	3.280309E-3	0.000000E+0	0.000000	0.000000	0.000000	0.000000	0.000000	0.000000E+0
4.249600E-1	8.765440E+0	3.301905E-3	0.000000E+0	0.000000	0.000000	0.000000	0.000000	0.000000	0.000000E+0
4.403200E-1	9.011200E+0	3.364346E-3	0.000000E+0	0.000000	0.000000	0.000000	0.000000	0.000000	0.000000E+0
4.608000E-1	8.601600E+0	3.345195E-3	0.000000E+0	0.000000	0.000000	0.000000	0.000000	0.000000	0.000000E+0
4.352000E-1	8.683520E+0	3.365466E-3	0.000000E+0	0.000000	0.000000	0.000000	0.000000	0.000000	0.000000E+0
4.454400E-1	8.847360E+0	3.389810E-3	0.000000E+0	0.000000	0.000000	0.000000	0.000000	0.000000	0.000000E+0
4.454400E-1	8.683520E+0	3.410894E-3	0.000000E+0	0.000000	0.000000	0.000000	0.000000	0.000000	0.000000E+0
4.659200E-1	8.929280E+0	3.433302E-3	0.000000E+0	0.000000	0.000000	0.000000	0.000000	0.000000	0.000000E+0
4.505600E-1	8.601600E+0	3.452964E-3	0.000000E+0	0.000000	0.000000	0.000000	0.000000	0.000000	0.000000E+0
4.505600E-1	8.765440E+0	3.477613E-3	0.000000E+0	0.000000	0.000000	0.000000	0.000000	0.000000	0.000000E+0
4.556800E-1	8.929280E+0	3.499412E-3	0.000000E+0	0.000000	0.000000	0.000000	0.000000	0.000000	0.000000E+0
4.761600E-1	9.175040E+0	3.578965E-3	0.000000E+0	0.000000	0.000000	0.000000	0.000000	0.000000	0.000000E+0
4.761600E-1	9.175040E+0	3.594550E-3	0.000000E+0	0.000000	0.000000	0.000000	0.000000	0.000000	0.000000E+0
4.659200E-1	8.683520E+0	3.563484E-3	0.000000E+0	0.000000	0.000000	0.000000	0.000000	0.000000	0.000000E+0
4.812800E-1	8.929280E+0	3.583446E-3	0.000000E+0	0.000000	0.000000	0.000000	0.000000	0.000000	0.000000E+0
4.864000E-1	8.765440E+0	3.606162E-3	0.000000E+0	0.000000	0.000000	0.000000	0.000000	0.000000	0.000000E+0
4.710400E-1	8.929280E+0	3.626329E-3	0.000000E+0	0.000000	0.000000	0.000000	0.000000	0.000000	0.000000E+0
4.864000E-1	8.847360E+0	3.717393E-3	0.000000E+0	0.000000	0.000000	0.000000	0.000000	0.000000	0.000000E+0
4.915200E-1	8.601600E+0	3.694472E-3	0.000000E+0	0.000000	0.000000	0.000000	0.000000	0.000000	0.000000E+0
5.017600E-1	9.175040E+0	3.739700E-3	0.000000E+0	0.000000	0.000000	0.000000	0.000000	0.000000	0.000000E+0