Current	Voltage	PhotoCurrent	EmissionPower	Wavelength	EQE	WPE	Temperature	Time	SecondVoltage
A	V	A	mW	nm	%	%	°C	s	V
1.600000E-4	2.160000E-3	9.301400E-9	0.000000E+0	0.000000	0.000000	0.000000	0.000000	0.000000	0.000000E+0
8.000000E-4	4.864000E-2	-7.310100E-9	0.000000E+0	0.000000	0.000000	0.000000	0.000000	0.000000	0.000000E+0
2.400000E-4	9.216000E-2	-6.223600E-9	0.000000E+0	0.000000	0.000000	0.000000	0.000000	0.000000	0.000000E+0
8.000000E-5	1.510400E-1	-9.508600E-9	0.000000E+0	0.000000	0.000000	0.000000	0.000000	0.000000	0.000000E+0
0.000000E+0	1.920000E-1	-5.729400E-9	0.000000E+0	0.000000	NaN	NaN	0.000000	0.000000	0.000000E+0
3.200000E-4	2.457600E-1	-7.163800E-9	0.000000E+0	0.000000	0.000000	0.000000	0.000000	0.000000	0.000000E+0
0.000000E+0	2.918400E-1	-6.382100E-9	0.000000E+0	0.000000	NaN	NaN	0.000000	0.000000	0.000000E+0
0.000000E+0	3.532800E-1	-1.096800E-9	0.000000E+0	0.000000	NaN	NaN	0.000000	0.000000	0.000000E+0
4.000000E-4	4.096000E-1	-3.379300E-9	0.000000E+0	0.000000	0.000000	0.000000	0.000000	0.000000	0.000000E+0
3.200000E-4	4.403200E-1	-3.850700E-9	0.000000E+0	0.000000	0.000000	0.000000	0.000000	0.000000	0.000000E+0
2.400000E-4	4.915200E-1	-3.916300E-9	0.000000E+0	0.000000	0.000000	0.000000	0.000000	0.000000	0.000000E+0
8.000000E-5	5.376000E-1	4.557000E-9	0.000000E+0	0.000000	0.000000	0.000000	0.000000	0.000000	0.000000E+0
6.400000E-4	5.836800E-1	-3.069700E-9	0.000000E+0	0.000000	0.000000	0.000000	0.000000	0.000000	0.000000E+0
4.000000E-4	6.502400E-1	4.230000E-11	0.000000E+0	0.000000	0.000000	0.000000	0.000000	0.000000	0.000000E+0
3.200000E-4	6.860800E-1	-4.227000E-10	0.000000E+0	0.000000	0.000000	0.000000	0.000000	0.000000	0.000000E+0
8.000000E-5	7.321600E-1	4.311400E-9	0.000000E+0	0.000000	0.000000	0.000000	0.000000	0.000000	0.000000E+0
8.000000E-5	8.396800E-1	7.557800E-9	0.000000E+0	0.000000	0.000000	0.000000	0.000000	0.000000	0.000000E+0
8.000000E-5	9.113600E-1	-7.810600E-9	0.000000E+0	0.000000	0.000000	0.000000	0.000000	0.000000	0.000000E+0
2.400000E-4	9.420800E-1	-7.347000E-9	0.000000E+0	0.000000	0.000000	0.000000	0.000000	0.000000	0.000000E+0
3.200000E-4	9.625600E-1	-5.711600E-9	0.000000E+0	0.000000	0.000000	0.000000	0.000000	0.000000	0.000000E+0
1.600000E-4	1.013760E+0	-5.594600E-9	0.000000E+0	0.000000	0.000000	0.000000	0.000000	0.000000	0.000000E+0
5.600000E-4	1.075200E+0	1.079400E-9	0.000000E+0	0.000000	0.000000	0.000000	0.000000	0.000000	0.000000E+0
8.000000E-5	1.116160E+0	-4.463000E-10	0.000000E+0	0.000000	0.000000	0.000000	0.000000	0.000000	0.000000E+0
0.000000E+0	1.177600E+0	1.964220E-8	0.000000E+0	0.000000	NaN	NaN	0.000000	0.000000	0.000000E+0
3.200000E-4	1.218560E+0	-6.432300E-9	0.000000E+0	0.000000	0.000000	0.000000	0.000000	0.000000	0.000000E+0
8.000000E-5	1.280000E+0	-3.080000E-9	0.000000E+0	0.000000	0.000000	0.000000	0.000000	0.000000	0.000000E+0
0.000000E+0	1.382400E+0	-5.277700E-9	0.000000E+0	0.000000	NaN	NaN	0.000000	0.000000	0.000000E+0
3.200000E-4	1.361920E+0	-5.752000E-9	0.000000E+0	0.000000	0.000000	0.000000	0.000000	0.000000	0.000000E+0
3.200000E-4	1.423360E+0	1.817900E-9	0.000000E+0	0.000000	0.000000	0.000000	0.000000	0.000000	0.000000E+0
3.200000E-4	1.484800E+0	9.616300E-9	0.000000E+0	0.000000	0.000000	0.000000	0.000000	0.000000	0.000000E+0
8.000000E-5	1.525760E+0	4.497480E-8	0.000000E+0	0.000000	0.000000	0.000000	0.000000	0.000000	0.000000E+0
8.000000E-5	1.617920E+0	2.573366E-7	0.000000E+0	0.000000	0.000000	0.000000	0.000000	0.000000	0.000000E+0
1.600000E-4	1.576960E+0	1.277621E-6	0.000000E+0	0.000000	0.000000	0.000000	0.000000	0.000000	0.000000E+0
8.800000E-4	1.495040E+0	4.569358E-6	0.000000E+0	0.000000	0.000000	0.000000	0.000000	0.000000	0.000000E+0
7.200000E-4	1.576960E+0	1.135786E-5	0.000000E+0	0.000000	0.000000	0.000000	0.000000	0.000000	0.000000E+0
1.280000E-3	1.720320E+0	2.182232E-5	0.000000E+0	0.000000	0.000000	0.000000	0.000000	0.000000	0.000000E+0
2.160000E-3	1.802240E+0	3.526720E-5	0.000000E+0	0.000000	0.000000	0.000000	0.000000	0.000000	0.000000E+0
2.720000E-3	1.740800E+0	5.143871E-5	0.000000E+0	0.000000	0.000000	0.000000	0.000000	0.000000	0.000000E+0
3.760000E-3	1.781760E+0	6.964871E-5	0.000000E+0	0.000000	0.000000	0.000000	0.000000	0.000000	0.000000E+0
4.560000E-3	1.720320E+0	8.901705E-5	0.000000E+0	0.000000	0.000000	0.000000	0.000000	0.000000	0.000000E+0
5.360000E-3	1.781760E+0	1.104777E-4	0.000000E+0	0.000000	0.000000	0.000000	0.000000	0.000000	0.000000E+0
6.320000E-3	1.884160E+0	1.325208E-4	0.000000E+0	0.000000	0.000000	0.000000	0.000000	0.000000	0.000000E+0
7.040000E-3	1.843200E+0	1.570835E-4	0.000000E+0	0.000000	0.000000	0.000000	0.000000	0.000000	0.000000E+0
7.200000E-3	1.863680E+0	1.813678E-4	0.000000E+0	0.000000	0.000000	0.000000	0.000000	0.000000	0.000000E+0
9.040000E-3	1.822720E+0	2.069468E-4	0.000000E+0	0.000000	0.000000	0.000000	0.000000	0.000000	0.000000E+0
8.880000E-3	1.822720E+0	2.331645E-4	0.000000E+0	0.000000	0.000000	0.000000	0.000000	0.000000	0.000000E+0
1.008000E-2	1.843200E+0	2.599549E-4	0.000000E+0	0.000000	0.000000	0.000000	0.000000	0.000000	0.000000E+0
1.040000E-2	1.884160E+0	2.826082E-4	0.000000E+0	0.000000	0.000000	0.000000	0.000000	0.000000	0.000000E+0
1.200000E-2	1.904640E+0	3.153356E-4	0.000000E+0	0.000000	0.000000	0.000000	0.000000	0.000000	0.000000E+0
1.360000E-2	1.884160E+0	3.439903E-4	0.000000E+0	0.000000	0.000000	0.000000	0.000000	0.000000	0.000000E+0
1.376000E-2	1.884160E+0	3.714057E-4	0.000000E+0	0.000000	0.000000	0.000000	0.000000	0.000000	0.000000E+0
1.456000E-2	1.822720E+0	4.018008E-4	0.000000E+0	0.000000	0.000000	0.000000	0.000000	0.000000	0.000000E+0
1.536000E-2	1.904640E+0	4.303877E-4	0.000000E+0	0.000000	0.000000	0.000000	0.000000	0.000000	0.000000E+0
1.552000E-2	1.863680E+0	4.620412E-4	0.000000E+0	0.000000	0.000000	0.000000	0.000000	0.000000	0.000000E+0
1.680000E-2	1.761280E+0	4.934185E-4	0.000000E+0	0.000000	0.000000	0.000000	0.000000	0.000000	0.000000E+0
1.776000E-2	1.863680E+0	5.243677E-4	0.000000E+0	0.000000	0.000000	0.000000	0.000000	0.000000	0.000000E+0
1.888000E-2	1.986560E+0	5.555810E-4	0.000000E+0	0.000000	0.000000	0.000000	0.000000	0.000000	0.000000E+0
1.904000E-2	1.945600E+0	5.862284E-4	0.000000E+0	0.000000	0.000000	0.000000	0.000000	0.000000	0.000000E+0
2.064000E-2	1.884160E+0	6.194099E-4	0.000000E+0	0.000000	0.000000	0.000000	0.000000	0.000000	0.000000E+0
2.144000E-2	1.925120E+0	6.517812E-4	0.000000E+0	0.000000	0.000000	0.000000	0.000000	0.000000	0.000000E+0
2.144000E-2	1.945600E+0	6.842170E-4	0.000000E+0	0.000000	0.000000	0.000000	0.000000	0.000000	0.000000E+0
2.288000E-2	1.925120E+0	7.168870E-4	0.000000E+0	0.000000	0.000000	0.000000	0.000000	0.000000	0.000000E+0
2.400000E-2	1.966080E+0	7.495744E-4	0.000000E+0	0.000000	0.000000	0.000000	0.000000	0.000000	0.000000E+0
2.464000E-2	2.007040E+0	7.833483E-4	0.000000E+0	0.000000	0.000000	0.000000	0.000000	0.000000	0.000000E+0
2.432000E-2	1.986560E+0	8.165171E-4	0.000000E+0	0.000000	0.000000	0.000000	0.000000	0.000000	0.000000E+0
2.720000E-2	2.048000E+0	8.461318E-4	0.000000E+0	0.000000	0.000000	0.000000	0.000000	0.000000	0.000000E+0
2.720000E-2	1.986560E+0	8.843069E-4	0.000000E+0	0.000000	0.000000	0.000000	0.000000	0.000000	0.000000E+0
2.976000E-2	2.027520E+0	9.089640E-4	0.000000E+0	0.000000	0.000000	0.000000	0.000000	0.000000	0.000000E+0
2.976000E-2	2.027520E+0	9.526115E-4	0.000000E+0	0.000000	0.000000	0.000000	0.000000	0.000000	0.000000E+0
3.008000E-2	1.986560E+0	9.868584E-4	0.000000E+0	0.000000	0.000000	0.000000	0.000000	0.000000	0.000000E+0
3.104000E-2	1.986560E+0	1.021759E-3	0.000000E+0	0.000000	0.000000	0.000000	0.000000	0.000000	0.000000E+0
3.136000E-2	1.986560E+0	1.056656E-3	0.000000E+0	0.000000	0.000000	0.000000	0.000000	0.000000	0.000000E+0
3.328000E-2	1.986560E+0	1.089274E-3	0.000000E+0	0.000000	0.000000	0.000000	0.000000	0.000000	0.000000E+0
3.392000E-2	2.007040E+0	1.079033E-3	0.000000E+0	0.000000	0.000000	0.000000	0.000000	0.000000	0.000000E+0
3.296000E-2	2.048000E+0	1.112866E-3	0.000000E+0	0.000000	0.000000	0.000000	0.000000	0.000000	0.000000E+0
3.264000E-2	2.048000E+0	1.147594E-3	0.000000E+0	0.000000	0.000000	0.000000	0.000000	0.000000	0.000000E+0
3.424000E-2	2.068480E+0	1.182222E-3	0.000000E+0	0.000000	0.000000	0.000000	0.000000	0.000000	0.000000E+0
3.616000E-2	2.048000E+0	1.217538E-3	0.000000E+0	0.000000	0.000000	0.000000	0.000000	0.000000	0.000000E+0
3.648000E-2	2.170880E+0	1.253127E-3	0.000000E+0	0.000000	0.000000	0.000000	0.000000	0.000000	0.000000E+0
3.936000E-2	2.129920E+0	1.373507E-3	0.000000E+0	0.000000	0.000000	0.000000	0.000000	0.000000	0.000000E+0
4.544000E-2	2.170880E+0	1.540830E-3	0.000000E+0	0.000000	0.000000	0.000000	0.000000	0.000000	0.000000E+0
4.736000E-2	2.129920E+0	1.687888E-3	0.000000E+0	0.000000	0.000000	0.000000	0.000000	0.000000	0.000000E+0
5.248000E-2	2.191360E+0	1.798648E-3	0.000000E+0	0.000000	0.000000	0.000000	0.000000	0.000000	0.000000E+0
5.376000E-2	2.334720E+0	1.951826E-3	0.000000E+0	0.000000	0.000000	0.000000	0.000000	0.000000	0.000000E+0
5.696000E-2	2.252800E+0	2.137397E-3	0.000000E+0	0.000000	0.000000	0.000000	0.000000	0.000000	0.000000E+0
6.080000E-2	2.293760E+0	2.253998E-3	0.000000E+0	0.000000	0.000000	0.000000	0.000000	0.000000	0.000000E+0
6.336000E-2	2.396160E+0	2.442471E-3	0.000000E+0	0.000000	0.000000	0.000000	0.000000	0.000000	0.000000E+0
6.720000E-2	2.314240E+0	2.543792E-3	0.000000E+0	0.000000	0.000000	0.000000	0.000000	0.000000	0.000000E+0
7.296000E-2	2.355200E+0	2.741023E-3	0.000000E+0	0.000000	0.000000	0.000000	0.000000	0.000000	0.000000E+0
7.296000E-2	2.416640E+0	2.895544E-3	0.000000E+0	0.000000	0.000000	0.000000	0.000000	0.000000	0.000000E+0
8.000000E-2	2.437120E+0	3.059926E-3	0.000000E+0	0.000000	0.000000	0.000000	0.000000	0.000000	0.000000E+0
8.192000E-2	2.519040E+0	3.223216E-3	0.000000E+0	0.000000	0.000000	0.000000	0.000000	0.000000	0.000000E+0
8.512000E-2	2.519040E+0	3.377332E-3	0.000000E+0	0.000000	0.000000	0.000000	0.000000	0.000000	0.000000E+0
8.960000E-2	2.560000E+0	3.535116E-3	0.000000E+0	0.000000	0.000000	0.000000	0.000000	0.000000	0.000000E+0
9.536000E-2	2.519040E+0	3.695341E-3	0.000000E+0	0.000000	0.000000	0.000000	0.000000	0.000000	0.000000E+0
9.472000E-2	2.560000E+0	3.853021E-3	0.000000E+0	0.000000	0.000000	0.000000	0.000000	0.000000	0.000000E+0
1.049600E-1	2.662400E+0	4.010803E-3	0.000000E+0	0.000000	0.000000	0.000000	0.000000	0.000000	0.000000E+0
9.984000E-2	2.682880E+0	4.169808E-3	0.000000E+0	0.000000	0.000000	0.000000	0.000000	0.000000	0.000000E+0
1.036800E-1	2.682880E+0	4.326365E-3	0.000000E+0	0.000000	0.000000	0.000000	0.000000	0.000000	0.000000E+0
1.062400E-1	2.764800E+0	4.458985E-3	0.000000E+0	0.000000	0.000000	0.000000	0.000000	0.000000	0.000000E+0
1.100800E-1	2.764800E+0	4.594971E-3	0.000000E+0	0.000000	0.000000	0.000000	0.000000	0.000000	0.000000E+0
1.164800E-1	2.744320E+0	4.771191E-3	0.000000E+0	0.000000	0.000000	0.000000	0.000000	0.000000	0.000000E+0
1.177600E-1	2.867200E+0	4.939460E-3	0.000000E+0	0.000000	0.000000	0.000000	0.000000	0.000000	0.000000E+0
1.203200E-1	2.846720E+0	5.102742E-3	0.000000E+0	0.000000	0.000000	0.000000	0.000000	0.000000	0.000000E+0
1.267200E-1	2.908160E+0	5.282323E-3	0.000000E+0	0.000000	0.000000	0.000000	0.000000	0.000000	0.000000E+0
1.305600E-1	2.867200E+0	5.445707E-3	0.000000E+0	0.000000	0.000000	0.000000	0.000000	0.000000	0.000000E+0
1.344000E-1	2.969600E+0	5.603082E-3	0.000000E+0	0.000000	0.000000	0.000000	0.000000	0.000000	0.000000E+0
1.356800E-1	2.949120E+0	5.768706E-3	0.000000E+0	0.000000	0.000000	0.000000	0.000000	0.000000	0.000000E+0
1.433600E-1	2.969600E+0	5.934838E-3	0.000000E+0	0.000000	0.000000	0.000000	0.000000	0.000000	0.000000E+0
1.382400E-1	3.051520E+0	6.067565E-3	0.000000E+0	0.000000	0.000000	0.000000	0.000000	0.000000	0.000000E+0
1.510400E-1	3.010560E+0	6.269553E-3	0.000000E+0	0.000000	0.000000	0.000000	0.000000	0.000000	0.000000E+0
1.472000E-1	3.112960E+0	6.397496E-3	0.000000E+0	0.000000	0.000000	0.000000	0.000000	0.000000	0.000000E+0
1.548800E-1	3.072000E+0	6.597034E-3	0.000000E+0	0.000000	0.000000	0.000000	0.000000	0.000000	0.000000E+0
1.600000E-1	3.235840E+0	6.670781E-3	0.000000E+0	0.000000	0.000000	0.000000	0.000000	0.000000	0.000000E+0