Current	Voltage	PhotoCurrent	EmissionPower	Wavelength	EQE	WPE	Temperature	Time	SecondVoltage
A	V	A	mW	nm	%	%	°C	s	V
9.123384E-7	7.969843E-3	5.101700E-10	0.000000E+0	0.000000	0.000000	0.000000	0.000000	0.000000	0.000000E+0
-1.219352E-6	5.582315E-2	5.420800E-10	0.000000E+0	0.000000	-0.000000	-0.000000	0.000000	0.000000	0.000000E+0
1.866005E-6	1.076642E-1	5.643100E-10	0.000000E+0	0.000000	0.000000	0.000000	0.000000	0.000000	0.000000E+0
3.156240E-6	1.555176E-1	5.373800E-10	0.000000E+0	0.000000	0.000000	0.000000	0.000000	0.000000	0.000000E+0
1.753773E-6	2.073586E-1	5.670000E-10	0.000000E+0	0.000000	0.000000	0.000000	0.000000	0.000000	0.000000E+0
1.080608E-6	2.552119E-1	5.419000E-10	0.000000E+0	0.000000	0.000000	0.000000	0.000000	0.000000	0.000000E+0
1.978129E-6	3.070531E-1	5.378200E-10	0.000000E+0	0.000000	0.000000	0.000000	0.000000	0.000000	0.000000E+0
9.683650E-7	3.549064E-1	5.393800E-10	0.000000E+0	0.000000	0.000000	0.000000	0.000000	0.000000	0.000000E+0
-9.745466E-8	4.067475E-1	5.713400E-10	0.000000E+0	0.000000	-0.000000	-0.000000	0.000000	0.000000	0.000000E+0
1.136670E-6	4.506130E-1	5.400600E-10	0.000000E+0	0.000000	0.000000	0.000000	0.000000	0.000000	0.000000E+0
1.192814E-6	5.024540E-1	5.317200E-10	0.000000E+0	0.000000	0.000000	0.000000	0.000000	0.000000	0.000000E+0
2.539080E-6	5.503074E-1	5.537200E-10	0.000000E+0	0.000000	0.000000	0.000000	0.000000	0.000000	0.000000E+0
1.304940E-6	6.021485E-1	5.393400E-10	0.000000E+0	0.000000	0.000000	0.000000	0.000000	0.000000	0.000000E+0
9.684694E-7	6.500018E-1	5.452400E-10	0.000000E+0	0.000000	0.000000	0.000000	0.000000	0.000000	0.000000E+0
4.635645E-7	7.018429E-1	5.486900E-10	0.000000E+0	0.000000	0.000000	0.000000	0.000000	0.000000	0.000000E+0
1.248891E-6	7.496962E-1	5.310500E-10	0.000000E+0	0.000000	0.000000	0.000000	0.000000	0.000000	0.000000E+0
1.192820E-6	8.015373E-1	5.335600E-10	0.000000E+0	0.000000	0.000000	0.000000	0.000000	0.000000	0.000000E+0
2.426936E-6	8.513845E-1	5.327700E-10	0.000000E+0	0.000000	0.000000	0.000000	0.000000	0.000000	0.000000E+0
5.196273E-7	9.032256E-1	5.223100E-10	0.000000E+0	0.000000	0.000000	0.000000	0.000000	0.000000	0.000000E+0
1.024503E-6	9.510789E-1	5.107600E-10	0.000000E+0	0.000000	0.000000	0.000000	0.000000	0.000000	0.000000E+0
9.683840E-7	9.989322E-1	5.028400E-10	0.000000E+0	0.000000	0.000000	0.000000	0.000000	0.000000	0.000000E+0
2.258625E-6	1.050773E+0	5.051800E-10	0.000000E+0	0.000000	0.000000	0.000000	0.000000	0.000000	0.000000E+0
2.595212E-6	1.098627E+0	5.149400E-10	0.000000E+0	0.000000	0.000000	0.000000	0.000000	0.000000	0.000000E+0
2.034236E-6	1.150468E+0	5.024100E-10	0.000000E+0	0.000000	0.000000	0.000000	0.000000	0.000000	0.000000E+0
1.080616E-6	1.200315E+0	4.858200E-10	0.000000E+0	0.000000	0.000000	0.000000	0.000000	0.000000	0.000000E+0
1.305007E-6	1.250162E+0	4.749000E-10	0.000000E+0	0.000000	0.000000	0.000000	0.000000	0.000000	0.000000E+0
1.305003E-6	1.300009E+0	4.244300E-10	0.000000E+0	0.000000	0.000000	0.000000	0.000000	0.000000	0.000000E+0
1.641617E-6	1.351850E+0	4.389700E-10	0.000000E+0	0.000000	0.000000	0.000000	0.000000	0.000000	0.000000E+0
1.641645E-6	1.399704E+0	4.291800E-10	0.000000E+0	0.000000	0.000000	0.000000	0.000000	0.000000	0.000000E+0
7.441264E-7	1.451545E+0	4.059800E-10	0.000000E+0	0.000000	0.000000	0.000000	0.000000	0.000000	0.000000E+0
2.258782E-6	1.499398E+0	4.137000E-10	0.000000E+0	0.000000	0.000000	0.000000	0.000000	0.000000	0.000000E+0
8.563412E-7	1.551239E+0	4.076900E-10	0.000000E+0	0.000000	0.000000	0.000000	0.000000	0.000000	0.000000E+0
2.202678E-6	1.599092E+0	4.336200E-10	0.000000E+0	0.000000	0.000000	0.000000	0.000000	0.000000	0.000000E+0
2.483193E-6	1.650934E+0	4.453600E-10	0.000000E+0	0.000000	0.000000	0.000000	0.000000	0.000000	0.000000E+0
1.922239E-6	1.700781E+0	4.421400E-10	0.000000E+0	0.000000	0.000000	0.000000	0.000000	0.000000	0.000000E+0
9.685510E-7	1.752622E+0	4.230500E-10	0.000000E+0	0.000000	0.000000	0.000000	0.000000	0.000000	0.000000E+0
1.866075E-6	1.800475E+0	4.257400E-10	0.000000E+0	0.000000	0.000000	0.000000	0.000000	0.000000	0.000000E+0
8.002165E-7	1.852316E+0	4.190400E-10	0.000000E+0	0.000000	0.000000	0.000000	0.000000	0.000000	0.000000E+0
1.248996E-6	1.900170E+0	4.178800E-10	0.000000E+0	0.000000	0.000000	0.000000	0.000000	0.000000	0.000000E+0
8.001496E-7	1.952011E+0	4.316600E-10	0.000000E+0	0.000000	0.000000	0.000000	0.000000	0.000000	0.000000E+0
1.585521E-6	1.999864E+0	4.858700E-10	0.000000E+0	0.000000	0.000000	0.000000	0.000000	0.000000	0.000000E+0
2.651337E-6	2.051705E+0	5.084600E-10	0.000000E+0	0.000000	0.000000	0.000000	0.000000	0.000000	0.000000E+0
8.001467E-7	2.101552E+0	5.315500E-10	0.000000E+0	0.000000	0.000000	0.000000	0.000000	0.000000	0.000000E+0
1.753762E-6	2.153394E+0	6.911000E-10	0.000000E+0	0.000000	0.000000	0.000000	0.000000	0.000000	0.000000E+0
3.997650E-6	2.201247E+0	1.541040E-9	0.000000E+0	0.000000	0.000000	0.000000	0.000000	0.000000	0.000000E+0
2.707473E-6	2.249100E+0	6.726700E-9	0.000000E+0	0.000000	0.000000	0.000000	0.000000	0.000000	0.000000E+0
4.783174E-6	2.300941E+0	4.473390E-8	0.000000E+0	0.000000	0.000000	0.000000	0.000000	0.000000	0.000000E+0
8.261211E-6	2.348794E+0	2.716123E-7	0.000000E+0	0.000000	0.000000	0.000000	0.000000	0.000000	0.000000E+0
2.239793E-5	2.400635E+0	1.783605E-6	0.000000E+0	0.000000	0.000000	0.000000	0.000000	0.000000	0.000000E+0
7.254916E-5	2.448489E+0	9.238337E-6	0.000000E+0	0.000000	0.000000	0.000000	0.000000	0.000000	0.000000E+0
2.546978E-4	2.500330E+0	4.142057E-5	0.000000E+0	0.000000	0.000000	0.000000	0.000000	0.000000	0.000000E+0
6.648825E-4	2.550177E+0	1.174109E-4	0.000000E+0	0.000000	0.000000	0.000000	0.000000	0.000000	0.000000E+0
1.411540E-3	2.600024E+0	2.546196E-4	0.000000E+0	0.000000	0.000000	0.000000	0.000000	0.000000	0.000000E+0
2.364243E-3	2.649872E+0	4.247517E-4	0.000000E+0	0.000000	0.000000	0.000000	0.000000	0.000000	0.000000E+0
3.625033E-3	2.701713E+0	6.421443E-4	0.000000E+0	0.000000	0.000000	0.000000	0.000000	0.000000	0.000000E+0
5.014453E-3	2.749566E+0	8.731950E-4	0.000000E+0	0.000000	0.000000	0.000000	0.000000	0.000000	0.000000E+0
6.746181E-3	2.801407E+0	1.148673E-3	0.000000E+0	0.000000	0.000000	0.000000	0.000000	0.000000	0.000000E+0
8.625158E-3	2.849260E+0	1.432465E-3	0.000000E+0	0.000000	0.000000	0.000000	0.000000	0.000000	0.000000E+0
1.093633E-2	2.901101E+0	1.765399E-3	0.000000E+0	0.000000	0.000000	0.000000	0.000000	0.000000	0.000000E+0
1.344725E-2	2.948955E+0	2.107862E-3	0.000000E+0	0.000000	0.000000	0.000000	0.000000	0.000000	0.000000E+0
1.656615E-2	3.000796E+0	2.499884E-3	0.000000E+0	0.000000	0.000000	0.000000	0.000000	0.000000	0.000000E+0
1.995451E-2	3.048649E+0	2.896594E-3	0.000000E+0	0.000000	0.000000	0.000000	0.000000	0.000000	0.000000E+0
2.415941E-2	3.100490E+0	3.347351E-3	0.000000E+0	0.000000	0.000000	0.000000	0.000000	0.000000	0.000000E+0
2.870545E-2	3.150337E+0	3.787634E-3	0.000000E+0	0.000000	0.000000	0.000000	0.000000	0.000000	0.000000E+0
3.418885E-2	3.200185E+0	4.235435E-3	0.000000E+0	0.000000	0.000000	0.000000	0.000000	0.000000	0.000000E+0
3.982817E-2	3.250032E+0	4.558331E-3	0.000000E+0	0.000000	0.000000	0.000000	0.000000	0.000000	0.000000E+0
4.596382E-2	3.301873E+0	4.903242E-3	0.000000E+0	0.000000	0.000000	0.000000	0.000000	0.000000	0.000000E+0
5.160579E-2	3.349726E+0	5.257476E-3	0.000000E+0	0.000000	0.000000	0.000000	0.000000	0.000000	0.000000E+0
5.680995E-2	3.397579E+0	5.575538E-3	0.000000E+0	0.000000	0.000000	0.000000	0.000000	0.000000	0.000000E+0
6.206481E-2	3.449421E+0	5.899212E-3	0.000000E+0	0.000000	0.000000	0.000000	0.000000	0.000000	0.000000E+0
6.675732E-2	3.499268E+0	6.195368E-3	0.000000E+0	0.000000	0.000000	0.000000	0.000000	0.000000	0.000000E+0
7.171750E-2	3.549115E+0	6.506715E-3	0.000000E+0	0.000000	0.000000	0.000000	0.000000	0.000000	0.000000E+0
7.630326E-2	3.598962E+0	6.794725E-3	0.000000E+0	0.000000	0.000000	0.000000	0.000000	0.000000	0.000000E+0
8.126226E-2	3.650803E+0	7.100934E-3	0.000000E+0	0.000000	0.000000	0.000000	0.000000	0.000000	0.000000E+0
8.582573E-2	3.698657E+0	7.385698E-3	0.000000E+0	0.000000	0.000000	0.000000	0.000000	0.000000	0.000000E+0
9.074772E-2	3.750498E+0	7.688191E-3	0.000000E+0	0.000000	0.000000	0.000000	0.000000	0.000000	0.000000E+0
9.527794E-2	3.798351E+0	7.969662E-3	0.000000E+0	0.000000	0.000000	0.000000	0.000000	0.000000	0.000000E+0
1.002055E-1	3.850192E+0	8.264139E-3	0.000000E+0	0.000000	0.000000	0.000000	0.000000	0.000000	0.000000E+0
1.049281E-1	3.898046E+0	8.531373E-3	0.000000E+0	0.000000	0.000000	0.000000	0.000000	0.000000	0.000000E+0
1.101848E-1	3.949887E+0	8.811668E-3	0.000000E+0	0.000000	0.000000	0.000000	0.000000	0.000000	0.000000E+0
1.158867E-1	3.997740E+0	9.058181E-3	0.000000E+0	0.000000	0.000000	0.000000	0.000000	0.000000	0.000000E+0
1.223955E-1	4.049581E+0	9.295270E-3	0.000000E+0	0.000000	0.000000	0.000000	0.000000	0.000000	0.000000E+0
1.289858E-1	4.099428E+0	9.474211E-3	0.000000E+0	0.000000	0.000000	0.000000	0.000000	0.000000	0.000000E+0
1.364032E-1	4.151269E+0	9.554902E-3	0.000000E+0	0.000000	0.000000	0.000000	0.000000	0.000000	0.000000E+0
1.436375E-1	4.199122E+0	9.329471E-3	0.000000E+0	0.000000	0.000000	0.000000	0.000000	0.000000	0.000000E+0
1.515425E-1	4.250964E+0	9.123310E-3	0.000000E+0	0.000000	0.000000	0.000000	0.000000	0.000000	0.000000E+0
1.593011E-1	4.298817E+0	8.940159E-3	0.000000E+0	0.000000	0.000000	0.000000	0.000000	0.000000	0.000000E+0
1.599565E-1	4.294829E+0	8.683172E-3	0.000000E+0	0.000000	0.000000	0.000000	0.000000	0.000000	0.000000E+0