Current	Voltage	PhotoCurrent	EmissionPower	Wavelength	EQE	WPE	Temperature	Time	SecondVoltage
A	V	A	mW	nm	%	%	°C	s	V
4.077010E-7	7.969843E-3	5.145600E-10	0.000000E+0	0.000000	0.000000	0.000000	0.000000	0.000000	0.000000E+0
1.361318E-6	5.582315E-2	4.520200E-10	0.000000E+0	0.000000	0.000000	0.000000	0.000000	0.000000	0.000000E+0
2.875940E-6	1.076642E-1	2.548600E-10	0.000000E+0	0.000000	0.000000	0.000000	0.000000	0.000000	0.000000E+0
5.198446E-7	1.555176E-1	2.850900E-10	0.000000E+0	0.000000	0.000000	0.000000	0.000000	0.000000	0.000000E+0
7.442023E-7	2.073586E-1	1.101800E-10	0.000000E+0	0.000000	0.000000	0.000000	0.000000	0.000000	0.000000E+0
1.866121E-6	2.552119E-1	1.628500E-10	0.000000E+0	0.000000	0.000000	0.000000	0.000000	0.000000	0.000000E+0
1.305138E-6	3.070531E-1	2.541000E-10	0.000000E+0	0.000000	0.000000	0.000000	0.000000	0.000000	0.000000E+0
1.866114E-6	3.549064E-1	5.844400E-10	0.000000E+0	0.000000	0.000000	0.000000	0.000000	0.000000	0.000000E+0
1.753841E-6	4.067475E-1	2.287100E-10	0.000000E+0	0.000000	0.000000	0.000000	0.000000	0.000000	0.000000E+0
8.002056E-7	4.506130E-1	1.424100E-10	0.000000E+0	0.000000	0.000000	0.000000	0.000000	0.000000	0.000000E+0
3.514555E-7	5.024540E-1	-4.264000E-11	0.000000E+0	0.000000	0.000000	0.000000	0.000000	0.000000	0.000000E+0
1.024600E-6	5.503074E-1	1.801100E-10	0.000000E+0	0.000000	0.000000	0.000000	0.000000	0.000000	0.000000E+0
-3.778698E-7	6.021485E-1	1.082000E-11	0.000000E+0	0.000000	-0.000000	-0.000000	0.000000	0.000000	0.000000E+0
1.248986E-6	6.500018E-1	3.243300E-10	0.000000E+0	0.000000	0.000000	0.000000	0.000000	0.000000	0.000000E+0
1.809931E-6	7.018429E-1	8.685000E-10	0.000000E+0	0.000000	0.000000	0.000000	0.000000	0.000000	0.000000E+0
8.001689E-7	7.496962E-1	1.939350E-9	0.000000E+0	0.000000	0.000000	0.000000	0.000000	0.000000	0.000000E+0
3.514290E-7	8.015373E-1	1.856620E-9	0.000000E+0	0.000000	0.000000	0.000000	0.000000	0.000000	0.000000E+0
-4.339353E-7	8.513845E-1	1.884620E-9	0.000000E+0	0.000000	-0.000000	-0.000000	0.000000	0.000000	0.000000E+0
2.258780E-6	9.012317E-1	1.656150E-9	0.000000E+0	0.000000	0.000000	0.000000	0.000000	0.000000	0.000000E+0
1.305118E-6	9.510789E-1	1.238330E-9	0.000000E+0	0.000000	0.000000	0.000000	0.000000	0.000000	0.000000E+0
9.124943E-7	9.989322E-1	8.247500E-10	0.000000E+0	0.000000	0.000000	0.000000	0.000000	0.000000	0.000000E+0
2.595345E-6	1.050773E+0	9.070500E-10	0.000000E+0	0.000000	0.000000	0.000000	0.000000	0.000000	0.000000E+0
1.753891E-6	1.098627E+0	8.357900E-10	0.000000E+0	0.000000	0.000000	0.000000	0.000000	0.000000	0.000000E+0
1.753928E-6	1.150468E+0	7.779500E-10	0.000000E+0	0.000000	0.000000	0.000000	0.000000	0.000000	0.000000E+0
7.100279E-8	1.198321E+0	5.159900E-10	0.000000E+0	0.000000	0.000000	0.000000	0.000000	0.000000	0.000000E+0
1.249054E-6	1.252156E+0	-2.893900E-10	0.000000E+0	0.000000	0.000000	0.000000	0.000000	0.000000	0.000000E+0
2.202734E-6	1.300009E+0	-8.625900E-10	0.000000E+0	0.000000	0.000000	0.000000	0.000000	0.000000	0.000000E+0
1.585581E-6	1.351850E+0	-7.776300E-10	0.000000E+0	0.000000	0.000000	0.000000	0.000000	0.000000	0.000000E+0
9.124147E-7	1.399704E+0	-9.996100E-10	0.000000E+0	0.000000	0.000000	0.000000	0.000000	0.000000	0.000000E+0
2.953405E-7	1.451545E+0	-1.102760E-9	0.000000E+0	0.000000	0.000000	0.000000	0.000000	0.000000	0.000000E+0
6.880746E-7	1.499398E+0	-1.198560E-9	0.000000E+0	0.000000	0.000000	0.000000	0.000000	0.000000	0.000000E+0
9.685591E-7	1.551239E+0	-1.183960E-9	0.000000E+0	0.000000	0.000000	0.000000	0.000000	0.000000	0.000000E+0
1.641696E-6	1.599092E+0	-1.211890E-9	0.000000E+0	0.000000	0.000000	0.000000	0.000000	0.000000	0.000000E+0
4.636397E-7	1.650934E+0	-1.243660E-9	0.000000E+0	0.000000	0.000000	0.000000	0.000000	0.000000	0.000000E+0
1.641655E-6	1.700781E+0	-1.247540E-9	0.000000E+0	0.000000	0.000000	0.000000	0.000000	0.000000	0.000000E+0
4.636458E-7	1.752622E+0	-1.239560E-9	0.000000E+0	0.000000	0.000000	0.000000	0.000000	0.000000	0.000000E+0
2.595345E-6	1.800475E+0	-1.246230E-9	0.000000E+0	0.000000	0.000000	0.000000	0.000000	0.000000	0.000000E+0
1.249055E-6	1.852316E+0	-1.278890E-9	0.000000E+0	0.000000	0.000000	0.000000	0.000000	0.000000	0.000000E+0
9.685291E-7	1.900170E+0	-1.299710E-9	0.000000E+0	0.000000	0.000000	0.000000	0.000000	0.000000	0.000000E+0
1.192919E-6	1.952011E+0	-1.319090E-9	0.000000E+0	0.000000	0.000000	0.000000	0.000000	0.000000	0.000000E+0
8.002734E-7	1.999864E+0	-1.299090E-9	0.000000E+0	0.000000	0.000000	0.000000	0.000000	0.000000	0.000000E+0
1.529527E-6	2.051705E+0	-1.294240E-9	0.000000E+0	0.000000	0.000000	0.000000	0.000000	0.000000	0.000000E+0
2.090489E-6	2.101552E+0	-1.216460E-9	0.000000E+0	0.000000	0.000000	0.000000	0.000000	0.000000	0.000000E+0
1.922149E-6	2.151400E+0	-6.936500E-10	0.000000E+0	0.000000	0.000000	0.000000	0.000000	0.000000	0.000000E+0
2.146526E-6	2.201247E+0	2.514280E-9	0.000000E+0	0.000000	0.000000	0.000000	0.000000	0.000000	0.000000E+0
2.146592E-6	2.249100E+0	2.168079E-8	0.000000E+0	0.000000	0.000000	0.000000	0.000000	0.000000	0.000000E+0
3.773454E-6	2.300941E+0	1.349894E-7	0.000000E+0	0.000000	0.000000	0.000000	0.000000	0.000000	0.000000E+0
6.522235E-6	2.348794E+0	5.926737E-7	0.000000E+0	0.000000	0.000000	0.000000	0.000000	0.000000	0.000000E+0
2.217342E-5	2.400635E+0	2.619417E-6	0.000000E+0	0.000000	0.000000	0.000000	0.000000	0.000000	0.000000E+0
7.714894E-5	2.448489E+0	1.055067E-5	0.000000E+0	0.000000	0.000000	0.000000	0.000000	0.000000	0.000000E+0
2.903195E-4	2.500330E+0	4.201414E-5	0.000000E+0	0.000000	0.000000	0.000000	0.000000	0.000000	0.000000E+0
8.231336E-4	2.548183E+0	1.194515E-4	0.000000E+0	0.000000	0.000000	0.000000	0.000000	0.000000	0.000000E+0
1.961577E-3	2.600024E+0	2.744437E-4	0.000000E+0	0.000000	0.000000	0.000000	0.000000	0.000000	0.000000E+0
3.630248E-3	2.647878E+0	4.851124E-4	0.000000E+0	0.000000	0.000000	0.000000	0.000000	0.000000	0.000000E+0
6.057865E-3	2.701713E+0	7.688019E-4	0.000000E+0	0.000000	0.000000	0.000000	0.000000	0.000000	0.000000E+0
8.896959E-3	2.749566E+0	1.078725E-3	0.000000E+0	0.000000	0.000000	0.000000	0.000000	0.000000	0.000000E+0
1.250688E-2	2.801407E+0	1.446588E-3	0.000000E+0	0.000000	0.000000	0.000000	0.000000	0.000000	0.000000E+0
1.639387E-2	2.849260E+0	1.818484E-3	0.000000E+0	0.000000	0.000000	0.000000	0.000000	0.000000	0.000000E+0
2.103482E-2	2.901101E+0	2.242971E-3	0.000000E+0	0.000000	0.000000	0.000000	0.000000	0.000000	0.000000E+0
2.587020E-2	2.948955E+0	2.653135E-3	0.000000E+0	0.000000	0.000000	0.000000	0.000000	0.000000	0.000000E+0
3.147347E-2	3.000796E+0	3.107999E-3	0.000000E+0	0.000000	0.000000	0.000000	0.000000	0.000000	0.000000E+0
3.717890E-2	3.048649E+0	3.547930E-3	0.000000E+0	0.000000	0.000000	0.000000	0.000000	0.000000	0.000000E+0
4.375285E-2	3.100490E+0	4.026755E-3	0.000000E+0	0.000000	0.000000	0.000000	0.000000	0.000000	0.000000E+0
5.041829E-2	3.150337E+0	4.488385E-3	0.000000E+0	0.000000	0.000000	0.000000	0.000000	0.000000	0.000000E+0
5.803102E-2	3.200185E+0	4.985418E-3	0.000000E+0	0.000000	0.000000	0.000000	0.000000	0.000000	0.000000E+0
6.570568E-2	3.250032E+0	5.458583E-3	0.000000E+0	0.000000	0.000000	0.000000	0.000000	0.000000	0.000000E+0
7.438374E-2	3.301873E+0	5.964902E-3	0.000000E+0	0.000000	0.000000	0.000000	0.000000	0.000000	0.000000E+0
8.314515E-2	3.349726E+0	6.442171E-3	0.000000E+0	0.000000	0.000000	0.000000	0.000000	0.000000	0.000000E+0
9.236870E-2	3.397579E+0	6.914362E-3	0.000000E+0	0.000000	0.000000	0.000000	0.000000	0.000000	0.000000E+0
1.027503E-1	3.449421E+0	7.409130E-3	0.000000E+0	0.000000	0.000000	0.000000	0.000000	0.000000	0.000000E+0
1.130845E-1	3.497274E+0	7.862568E-3	0.000000E+0	0.000000	0.000000	0.000000	0.000000	0.000000	0.000000E+0
1.245203E-1	3.549115E+0	8.326951E-3	0.000000E+0	0.000000	0.000000	0.000000	0.000000	0.000000	0.000000E+0
1.358309E-1	3.598962E+0	8.743034E-3	0.000000E+0	0.000000	0.000000	0.000000	0.000000	0.000000	0.000000E+0
1.483522E-1	3.648809E+0	9.160594E-3	0.000000E+0	0.000000	0.000000	0.000000	0.000000	0.000000	0.000000E+0
1.599595E-1	3.696663E+0	9.466410E-3	0.000000E+0	0.000000	0.000000	0.000000	0.000000	0.000000	0.000000E+0