Current	Voltage	PhotoCurrent	EmissionPower	Wavelength	EQE	WPE	Temperature	Time	SecondVoltage
A	V	A	mW	nm	%	%	°C	s	V
2.651731E-6	5.975955E-3	7.673800E-10	0.000000E+0	0.000000	0.000000	0.000000	0.000000	0.000000	0.000000E+0
9.688593E-7	5.382927E-2	1.033070E-9	0.000000E+0	0.000000	0.000000	0.000000	0.000000	0.000000	0.000000E+0
2.146913E-6	1.056704E-1	9.913900E-10	0.000000E+0	0.000000	0.000000	0.000000	0.000000	0.000000	0.000000E+0
1.810301E-6	1.535237E-1	8.868300E-10	0.000000E+0	0.000000	0.000000	0.000000	0.000000	0.000000	0.000000E+0
1.361523E-6	2.053648E-1	9.194800E-10	0.000000E+0	0.000000	0.000000	0.000000	0.000000	0.000000	0.000000E+0
8.566674E-7	2.552119E-1	8.762400E-10	0.000000E+0	0.000000	0.000000	0.000000	0.000000	0.000000	0.000000E+0
1.249315E-6	3.070531E-1	8.837600E-10	0.000000E+0	0.000000	0.000000	0.000000	0.000000	0.000000	0.000000E+0
2.259043E-6	3.549064E-1	8.393900E-10	0.000000E+0	0.000000	0.000000	0.000000	0.000000	0.000000	0.000000E+0
2.090765E-6	4.067475E-1	8.765900E-10	0.000000E+0	0.000000	0.000000	0.000000	0.000000	0.000000	0.000000E+0
1.024899E-6	4.506130E-1	8.046500E-10	0.000000E+0	0.000000	0.000000	0.000000	0.000000	0.000000	0.000000E+0
2.763968E-6	5.004602E-1	9.379500E-10	0.000000E+0	0.000000	0.000000	0.000000	0.000000	0.000000	0.000000E+0
2.876161E-6	5.503074E-1	1.153330E-9	0.000000E+0	0.000000	0.000000	0.000000	0.000000	0.000000	0.000000E+0
3.212746E-6	6.001546E-1	1.309220E-9	0.000000E+0	0.000000	0.000000	0.000000	0.000000	0.000000	0.000000E+0
3.212771E-6	6.500018E-1	1.333830E-9	0.000000E+0	0.000000	0.000000	0.000000	0.000000	0.000000	0.000000E+0
1.137115E-6	7.018429E-1	1.299100E-9	0.000000E+0	0.000000	0.000000	0.000000	0.000000	0.000000	0.000000E+0
2.820022E-6	7.496962E-1	1.317170E-9	0.000000E+0	0.000000	0.000000	0.000000	0.000000	0.000000	0.000000E+0
3.156604E-6	8.015373E-1	1.198240E-9	0.000000E+0	0.000000	0.000000	0.000000	0.000000	0.000000	0.000000E+0
2.707813E-6	8.493906E-1	1.001950E-9	0.000000E+0	0.000000	0.000000	0.000000	0.000000	0.000000	0.000000E+0
4.110260E-6	9.012317E-1	8.416300E-10	0.000000E+0	0.000000	0.000000	0.000000	0.000000	0.000000	0.000000E+0
2.539464E-6	9.490850E-1	7.160900E-10	0.000000E+0	0.000000	0.000000	0.000000	0.000000	0.000000	0.000000E+0
3.156563E-6	9.969383E-1	6.561600E-10	0.000000E+0	0.000000	0.000000	0.000000	0.000000	0.000000	0.000000E+0
2.371167E-6	1.048779E+0	6.370400E-10	0.000000E+0	0.000000	0.000000	0.000000	0.000000	0.000000	0.000000E+0
3.605344E-6	1.098627E+0	6.269900E-10	0.000000E+0	0.000000	0.000000	0.000000	0.000000	0.000000	0.000000E+0
2.932165E-6	1.150468E+0	6.310000E-10	0.000000E+0	0.000000	0.000000	0.000000	0.000000	0.000000	0.000000E+0
3.549249E-6	1.198321E+0	6.161200E-10	0.000000E+0	0.000000	0.000000	0.000000	0.000000	0.000000	0.000000E+0
2.371197E-6	1.250162E+0	6.638200E-10	0.000000E+0	0.000000	0.000000	0.000000	0.000000	0.000000	0.000000E+0
2.202937E-6	1.298015E+0	6.273000E-10	0.000000E+0	0.000000	0.000000	0.000000	0.000000	0.000000	0.000000E+0
1.024886E-6	1.349856E+0	6.448000E-10	0.000000E+0	0.000000	0.000000	0.000000	0.000000	0.000000	0.000000E+0
2.820013E-6	1.399704E+0	6.127100E-10	0.000000E+0	0.000000	0.000000	0.000000	0.000000	0.000000	0.000000E+0
3.100525E-6	1.449551E+0	6.842100E-10	0.000000E+0	0.000000	0.000000	0.000000	0.000000	0.000000	0.000000E+0
2.146828E-6	1.499398E+0	6.429500E-10	0.000000E+0	0.000000	0.000000	0.000000	0.000000	0.000000	0.000000E+0
2.427291E-6	1.549245E+0	6.538600E-10	0.000000E+0	0.000000	0.000000	0.000000	0.000000	0.000000	0.000000E+0
1.417568E-6	1.599092E+0	6.470600E-10	0.000000E+0	0.000000	0.000000	0.000000	0.000000	0.000000	0.000000E+0
2.876167E-6	1.650934E+0	6.873400E-10	0.000000E+0	0.000000	0.000000	0.000000	0.000000	0.000000	0.000000E+0
2.763886E-6	1.698787E+0	6.635500E-10	0.000000E+0	0.000000	0.000000	0.000000	0.000000	0.000000	0.000000E+0
3.324898E-6	1.750628E+0	6.409900E-10	0.000000E+0	0.000000	0.000000	0.000000	0.000000	0.000000	0.000000E+0
2.146815E-6	1.798481E+0	6.585800E-10	0.000000E+0	0.000000	0.000000	0.000000	0.000000	0.000000	0.000000E+0
2.483398E-6	1.850322E+0	6.828000E-10	0.000000E+0	0.000000	0.000000	0.000000	0.000000	0.000000	0.000000E+0
3.324871E-6	1.900170E+0	7.068500E-10	0.000000E+0	0.000000	0.000000	0.000000	0.000000	0.000000	0.000000E+0
3.549249E-6	1.950017E+0	6.999500E-10	0.000000E+0	0.000000	0.000000	0.000000	0.000000	0.000000	0.000000E+0
3.324911E-6	1.999864E+0	7.316000E-10	0.000000E+0	0.000000	0.000000	0.000000	0.000000	0.000000	0.000000E+0
3.212716E-6	2.051705E+0	7.109400E-10	0.000000E+0	0.000000	0.000000	0.000000	0.000000	0.000000	0.000000E+0
3.324941E-6	2.099558E+0	7.191900E-10	0.000000E+0	0.000000	0.000000	0.000000	0.000000	0.000000	0.000000E+0
2.820020E-6	2.151400E+0	6.910000E-10	0.000000E+0	0.000000	0.000000	0.000000	0.000000	0.000000	0.000000E+0
2.483389E-6	2.199253E+0	7.004100E-10	0.000000E+0	0.000000	0.000000	0.000000	0.000000	0.000000	0.000000E+0
2.651677E-6	2.247106E+0	6.873300E-10	0.000000E+0	0.000000	0.000000	0.000000	0.000000	0.000000	0.000000E+0
3.437037E-6	2.298947E+0	6.975100E-10	0.000000E+0	0.000000	0.000000	0.000000	0.000000	0.000000	0.000000E+0
3.885881E-6	2.348794E+0	7.098400E-10	0.000000E+0	0.000000	0.000000	0.000000	0.000000	0.000000	0.000000E+0
5.961491E-6	2.398642E+0	7.429000E-10	0.000000E+0	0.000000	0.000000	0.000000	0.000000	0.000000	0.000000E+0
6.802943E-6	2.448489E+0	7.149100E-10	0.000000E+0	0.000000	0.000000	0.000000	0.000000	0.000000	0.000000E+0
9.102954E-6	2.500330E+0	7.188300E-10	0.000000E+0	0.000000	0.000000	0.000000	0.000000	0.000000	0.000000E+0
1.314194E-5	2.548183E+0	7.098100E-10	0.000000E+0	0.000000	0.000000	0.000000	0.000000	0.000000	0.000000E+0
2.082732E-5	2.600024E+0	7.346500E-10	0.000000E+0	0.000000	0.000000	0.000000	0.000000	0.000000	0.000000E+0
3.288843E-5	2.647878E+0	9.680800E-10	0.000000E+0	0.000000	0.000000	0.000000	0.000000	0.000000	0.000000E+0
5.762756E-5	2.699719E+0	1.845880E-9	0.000000E+0	0.000000	0.000000	0.000000	0.000000	0.000000	0.000000E+0
9.672770E-5	2.747572E+0	5.145080E-9	0.000000E+0	0.000000	0.000000	0.000000	0.000000	0.000000	0.000000E+0
1.726280E-4	2.799413E+0	1.899128E-8	0.000000E+0	0.000000	0.000000	0.000000	0.000000	0.000000	0.000000E+0
2.897036E-4	2.849260E+0	5.995099E-8	0.000000E+0	0.000000	0.000000	0.000000	0.000000	0.000000	0.000000E+0
4.963675E-4	2.899107E+0	1.787613E-7	0.000000E+0	0.000000	0.000000	0.000000	0.000000	0.000000	0.000000E+0
7.898145E-4	2.948955E+0	4.290795E-7	0.000000E+0	0.000000	0.000000	0.000000	0.000000	0.000000	0.000000E+0
1.249816E-3	3.000796E+0	9.697775E-7	0.000000E+0	0.000000	0.000000	0.000000	0.000000	0.000000	0.000000E+0
1.863638E-3	3.048649E+0	1.893931E-6	0.000000E+0	0.000000	0.000000	0.000000	0.000000	0.000000	0.000000E+0
2.784647E-3	3.100490E+0	3.582080E-6	0.000000E+0	0.000000	0.000000	0.000000	0.000000	0.000000	0.000000E+0
3.969093E-3	3.148344E+0	6.109089E-6	0.000000E+0	0.000000	0.000000	0.000000	0.000000	0.000000	0.000000E+0
5.681417E-3	3.200185E+0	1.029779E-5	0.000000E+0	0.000000	0.000000	0.000000	0.000000	0.000000	0.000000E+0
7.778853E-3	3.248038E+0	1.605153E-5	0.000000E+0	0.000000	0.000000	0.000000	0.000000	0.000000	0.000000E+0
1.064971E-2	3.299879E+0	2.483139E-5	0.000000E+0	0.000000	0.000000	0.000000	0.000000	0.000000	0.000000E+0
1.401940E-2	3.349726E+0	3.577610E-5	0.000000E+0	0.000000	0.000000	0.000000	0.000000	0.000000	0.000000E+0
1.805204E-2	3.397579E+0	4.987581E-5	0.000000E+0	0.000000	0.000000	0.000000	0.000000	0.000000	0.000000E+0
2.315373E-2	3.449421E+0	6.865664E-5	0.000000E+0	0.000000	0.000000	0.000000	0.000000	0.000000	0.000000E+0
2.874395E-2	3.497274E+0	8.990687E-5	0.000000E+0	0.000000	0.000000	0.000000	0.000000	0.000000	0.000000E+0
3.561980E-2	3.549115E+0	1.165737E-4	0.000000E+0	0.000000	0.000000	0.000000	0.000000	0.000000	0.000000E+0
6.788240E-2	3.748504E+0	2.455226E-4	0.000000E+0	0.000000	0.000000	0.000000	0.000000	0.000000	0.000000E+0
1.153426E-1	3.949887E+0	4.073387E-4	0.000000E+0	0.000000	0.000000	0.000000	0.000000	0.000000	0.000000E+0
1.778027E-1	4.149275E+0	5.863094E-4	0.000000E+0	0.000000	0.000000	0.000000	0.000000	0.000000	0.000000E+0
2.550410E-1	4.348664E+0	7.373486E-4	0.000000E+0	0.000000	0.000000	0.000000	0.000000	0.000000	0.000000E+0
3.418463E-1	4.546059E+0	7.838519E-4	0.000000E+0	0.000000	0.000000	0.000000	0.000000	0.000000	0.000000E+0
4.386084E-1	4.745448E+0	6.858196E-4	0.000000E+0	0.000000	0.000000	0.000000	0.000000	0.000000	0.000000E+0
4.999388E-1	4.871063E+0	5.489737E-4	0.000000E+0	0.000000	0.000000	0.000000	0.000000	0.000000	0.000000E+0