Current	Voltage	PhotoCurrent	EmissionPower	Wavelength	EQE	WPE	Temperature	Time	SecondVoltage
A	V	A	mW	nm	%	%	°C	s	V
7.999553E-7	7.969843E-3	9.964900E-10	0.000000E+0	0.000000	0.000000	0.000000	0.000000	0.000000	0.000000E+0
2.034086E-6	5.582315E-2	1.159400E-9	0.000000E+0	0.000000	0.000000	0.000000	0.000000	0.000000	0.000000E+0
1.865784E-6	1.076642E-1	8.576900E-10	0.000000E+0	0.000000	0.000000	0.000000	0.000000	0.000000	0.000000E+0
3.660902E-6	1.555176E-1	2.634300E-10	0.000000E+0	0.000000	0.000000	0.000000	0.000000	0.000000	0.000000E+0
1.248727E-6	2.073586E-1	-2.063600E-10	0.000000E+0	0.000000	0.000000	0.000000	0.000000	0.000000	0.000000E+0
1.865761E-6	2.572058E-1	-4.536700E-10	0.000000E+0	0.000000	0.000000	0.000000	0.000000	0.000000	0.000000E+0
7.998842E-7	3.070531E-1	-5.376200E-10	0.000000E+0	0.000000	0.000000	0.000000	0.000000	0.000000	0.000000E+0
2.090101E-6	3.569002E-1	-6.542400E-10	0.000000E+0	0.000000	0.000000	0.000000	0.000000	0.000000	0.000000E+0
3.212033E-6	4.067475E-1	-7.166600E-10	0.000000E+0	0.000000	0.000000	0.000000	0.000000	0.000000	0.000000E+0
7.437858E-7	4.526069E-1	-5.184400E-10	0.000000E+0	0.000000	0.000000	0.000000	0.000000	0.000000	0.000000E+0
1.248690E-6	5.024540E-1	-2.762900E-10	0.000000E+0	0.000000	0.000000	0.000000	0.000000	0.000000	0.000000E+0
7.438430E-7	5.503074E-1	-4.669000E-11	0.000000E+0	0.000000	0.000000	0.000000	0.000000	0.000000	0.000000E+0
2.258409E-6	6.021485E-1	1.574100E-10	0.000000E+0	0.000000	0.000000	0.000000	0.000000	0.000000	0.000000E+0
7.438332E-7	6.519957E-1	2.543900E-10	0.000000E+0	0.000000	0.000000	0.000000	0.000000	0.000000	0.000000E+0
2.034059E-6	7.038368E-1	1.549300E-10	0.000000E+0	0.000000	0.000000	0.000000	0.000000	0.000000	0.000000E+0
2.651165E-6	7.516901E-1	1.827000E-10	0.000000E+0	0.000000	0.000000	0.000000	0.000000	0.000000	0.000000E+0
1.697573E-6	8.035312E-1	1.956200E-10	0.000000E+0	0.000000	0.000000	0.000000	0.000000	0.000000	0.000000E+0
2.987807E-6	8.513845E-1	3.527700E-10	0.000000E+0	0.000000	0.000000	0.000000	0.000000	0.000000	0.000000E+0
6.317241E-7	9.032256E-1	3.770000E-10	0.000000E+0	0.000000	0.000000	0.000000	0.000000	0.000000	0.000000E+0
3.212162E-6	9.510789E-1	4.435700E-10	0.000000E+0	0.000000	0.000000	0.000000	0.000000	0.000000	0.000000E+0
1.529232E-6	9.989322E-1	5.473100E-10	0.000000E+0	0.000000	0.000000	0.000000	0.000000	0.000000	0.000000E+0
4.053632E-6	1.050773E+0	5.332800E-10	0.000000E+0	0.000000	0.000000	0.000000	0.000000	0.000000	0.000000E+0
2.202381E-6	1.100621E+0	5.601200E-10	0.000000E+0	0.000000	0.000000	0.000000	0.000000	0.000000	0.000000E+0
2.034124E-6	1.152462E+0	5.814000E-10	0.000000E+0	0.000000	0.000000	0.000000	0.000000	0.000000	0.000000E+0
1.641405E-6	1.200315E+0	5.595700E-10	0.000000E+0	0.000000	0.000000	0.000000	0.000000	0.000000	0.000000E+0
2.707266E-6	1.252156E+0	5.779700E-10	0.000000E+0	0.000000	0.000000	0.000000	0.000000	0.000000	0.000000E+0
4.109692E-6	1.300009E+0	5.702100E-10	0.000000E+0	0.000000	0.000000	0.000000	0.000000	0.000000	0.000000E+0
4.221874E-6	1.351850E+0	8.021800E-10	0.000000E+0	0.000000	0.000000	0.000000	0.000000	0.000000	0.000000E+0
8.148712E-6	1.399704E+0	2.404080E-9	0.000000E+0	0.000000	0.000000	0.000000	0.000000	0.000000	0.000000E+0
1.807790E-5	1.451545E+0	1.491246E-8	0.000000E+0	0.000000	0.000000	0.000000	0.000000	0.000000	0.000000E+0
5.285811E-5	1.499398E+0	9.663276E-8	0.000000E+0	0.000000	0.000000	0.000000	0.000000	0.000000	0.000000E+0
1.729622E-4	1.551239E+0	7.293073E-7	0.000000E+0	0.000000	0.000000	0.000000	0.000000	0.000000	0.000000E+0
5.637920E-4	1.601086E+0	4.510481E-6	0.000000E+0	0.000000	0.000000	0.000000	0.000000	0.000000	0.000000E+0
1.911698E-3	1.652928E+0	2.558257E-5	0.000000E+0	0.000000	0.000000	0.000000	0.000000	0.000000	0.000000E+0
4.751337E-3	1.700781E+0	8.649028E-5	0.000000E+0	0.000000	0.000000	0.000000	0.000000	0.000000	0.000000E+0
9.497940E-3	1.752622E+0	2.093306E-4	0.000000E+0	0.000000	0.000000	0.000000	0.000000	0.000000	0.000000E+0
1.503889E-2	1.800475E+0	3.669346E-4	0.000000E+0	0.000000	0.000000	0.000000	0.000000	0.000000	0.000000E+0
2.172602E-2	1.852316E+0	5.644187E-4	0.000000E+0	0.000000	0.000000	0.000000	0.000000	0.000000	0.000000E+0
2.846629E-2	1.900170E+0	7.653519E-4	0.000000E+0	0.000000	0.000000	0.000000	0.000000	0.000000	0.000000E+0
3.603371E-2	1.952011E+0	9.889506E-4	0.000000E+0	0.000000	0.000000	0.000000	0.000000	0.000000	0.000000E+0
4.340180E-2	2.001858E+0	1.199259E-3	0.000000E+0	0.000000	0.000000	0.000000	0.000000	0.000000	0.000000E+0
5.151694E-2	2.051705E+0	1.420903E-3	0.000000E+0	0.000000	0.000000	0.000000	0.000000	0.000000	0.000000E+0
5.925411E-2	2.101552E+0	1.619878E-3	0.000000E+0	0.000000	0.000000	0.000000	0.000000	0.000000	0.000000E+0
6.767963E-2	2.153394E+0	1.821337E-3	0.000000E+0	0.000000	0.000000	0.000000	0.000000	0.000000	0.000000E+0
7.563187E-2	2.201247E+0	1.995182E-3	0.000000E+0	0.000000	0.000000	0.000000	0.000000	0.000000	0.000000E+0
8.364741E-2	2.249100E+0	2.148031E-3	0.000000E+0	0.000000	0.000000	0.000000	0.000000	0.000000	0.000000E+0
9.224620E-2	2.300941E+0	2.300915E-3	0.000000E+0	0.000000	0.000000	0.000000	0.000000	0.000000	0.000000E+0
1.002494E-1	2.348794E+0	2.420790E-3	0.000000E+0	0.000000	0.000000	0.000000	0.000000	0.000000	0.000000E+0
1.087310E-1	2.400635E+0	2.530712E-3	0.000000E+0	0.000000	0.000000	0.000000	0.000000	0.000000	0.000000E+0
1.166070E-1	2.450483E+0	2.610060E-3	0.000000E+0	0.000000	0.000000	0.000000	0.000000	0.000000	0.000000E+0
1.249071E-1	2.500330E+0	2.677145E-3	0.000000E+0	0.000000	0.000000	0.000000	0.000000	0.000000	0.000000E+0
1.325551E-1	2.550177E+0	2.716150E-3	0.000000E+0	0.000000	0.000000	0.000000	0.000000	0.000000	0.000000E+0
1.405674E-1	2.602018E+0	2.743191E-3	0.000000E+0	0.000000	0.000000	0.000000	0.000000	0.000000	0.000000E+0
1.479210E-1	2.649872E+0	2.746016E-3	0.000000E+0	0.000000	0.000000	0.000000	0.000000	0.000000	0.000000E+0
1.555900E-1	2.701713E+0	2.721559E-3	0.000000E+0	0.000000	0.000000	0.000000	0.000000	0.000000	0.000000E+0
1.599554E-1	2.731621E+0	2.666947E-3	0.000000E+0	0.000000	0.000000	0.000000	0.000000	0.000000	0.000000E+0