-57.947754
-58.384766
-57.395996
-58.433594
-58.489746
-58.763184
-57.618164
-58.487305
-56.846680
-57.640137
-57.894043
-60.674805
-56.443848
-58.787598
-58.345703
-57.540039
-58.099121
-57.688965
-58.045410
-56.648926
-57.535156
-58.248047
-57.503418
-57.259277
-57.940430
-58.458008
-58.348145
-58.584961
-58.694824
-58.399414
-57.662109
-56.795410
-58.753418
-58.221191
-58.184570
-58.257812
-57.496094
-58.299316
-57.776855
-58.113770
-55.679687
-57.769531
-58.111328
-57.107910
-56.802734
-59.295410
-58.599609
-57.298340
-57.884277
-57.964844
-58.890137
-57.977051
-57.464355
-57.386230
-57.037109
-58.291992
-57.117676
-58.250488
-57.461914
-58.414062
-58.006348
-57.359375
-57.728027
-57.100586
-58.104004
-58.404297
-57.872070
-56.973633
-58.023437
-56.980957
-57.393555
-58.416504
-59.083008
-58.882812
-58.387207
-57.618164
-58.106445
-59.109863
-57.635254
-57.903809
-58.230957
-58.113770
-57.376465
-56.727051
-57.791504
-57.244629
-58.448242
-58.135742
-56.734375
-57.598633
-58.313965
-57.991699
-57.916016
-57.957520
-57.969727
-58.960937
-58.401855
-58.162598
-55.247559
-57.395996
-56.795410
-56.421875
-57.452148
-57.708496
-58.392090
-56.456055
-58.604492
-58.721680
-58.663086
-58.057617
-57.898926
-57.496094
-57.518066
-56.954102
-56.099609
-57.359375
-57.798828
-57.273926
-57.903809
-57.215332
-57.588867
-58.470215
-58.123535
-58.885254
-56.775879
-57.496094
-57.742676
-58.785156
-57.713379
-57.413086
-56.448730
-56.385254
-58.396973
-58.472656
-57.703613
-56.956543
-58.819336
-58.428711
-58.404297
-54.207520
-57.120117
-56.075195
-58.260254
-57.361816
-57.442383
-57.481445
-58.028320
-58.497070
-58.165039
-56.915039
-57.911133
-58.946289
-58.003906
-57.171387
-59.144043
-57.562012
-55.889648
-58.672852
-57.408203
-56.910156
-58.184570
-58.877930
-57.771973
-56.604980
-53.274902
-57.706055
-57.430176
-57.950195
-56.312012
-58.133301
-58.174805
-57.381348
-55.967773
-56.995605
-58.919434
-58.101562
-59.178223
-57.605957
-58.128418
-57.203125
-57.400879
-57.269043
-56.617187
-57.247070
-57.068848
-58.450684
-58.504395
-58.533691
-56.927246
-57.024902
-58.248047
-57.913574
-55.726074
-54.905762
-58.489746
-57.410645
-55.862793
-53.401855
-56.824707
-58.050293
-58.956055
-57.339844
-57.015137
-56.404785
-54.769043
-59.124512
-56.622070
-55.708984
-56.263184
-55.608887
-58.936523
-57.608398
-57.032227
-56.316895
-55.567383
-58.719238
-56.915039
-59.310059
-56.353516
-58.875488
-55.682129
-56.875977
-56.424316
-59.268555
-57.601074
-57.972168
-56.785645
-58.367676
-55.945801
-58.682617
-56.116699
-57.669434
-57.039551
-57.256836
-58.843750
-59.578613
-58.069824
-57.383789
-58.267578
-57.210449
-56.370605
-55.274414
-56.854004
-58.128418
-57.190918
-58.741211
-53.785156
-57.476562
-56.185059
-58.555664
-59.053711
-59.253906
-57.220215
-58.689941
-58.116211
-54.876465
-58.851074
-58.599609
-58.431152
-58.687500
-52.837891
-56.155762
-57.520508
-58.111328
-56.956543
-56.458496
-58.699707
-58.426270
-56.573242
-57.454590
-54.649414
-57.571777
-57.081055
-56.744141
-58.140625
-56.775879
-57.718262
-54.612793
-58.582520
-59.129395
-59.166016
-56.741699
-57.288574
-54.573730
-57.088379
-57.847656
-57.293457
-56.233887
-58.760742
-57.239746
-57.283691
-56.524414
-56.258301
-58.414062
-59.388184
-59.244141
-55.801758
-58.912109
-55.945801
-55.965332
-57.698730
-58.060059
-55.804199
-56.595215
-55.914062
-57.229980
-59.078125
-56.595215
-59.256348
-59.102539
-58.030762
-56.500000
-54.786133
-58.023437
-59.832520
-58.453125
-55.914062
-56.517090
-57.867187
-57.815918
-56.797852
-56.998047
-57.825684
-58.584961
-58.125977
-58.423828
-57.159180
-58.545898
-57.420410
-57.720703
-59.334473
-58.013672
-57.300781
-56.839355
-55.879883
-58.841309
-59.471191
-58.018555
-57.525391
-59.146484
-59.322266
-58.916992
-57.894043
-54.109863
-58.055176
-58.560547
-56.626953
-59.131836
-56.897949
-56.712402
-56.175293
-57.486328
-56.749023
-57.127441
-58.633789
-58.072266
-56.036133
-58.428711
-58.787598
-58.475098
-57.100586
-58.697266
-56.783203
-57.896484
-58.116211
-58.418945
-58.592285
-56.363281
-59.017090
-57.115234
-59.546875
-59.192871
-56.756348
-58.987793
-56.890625
-57.701172
-55.157227
-58.445801
-57.537598
-57.779297
-56.814941
-58.389648
-58.638672
-57.723145
-58.086914
-57.654785
-58.919434
-58.230957
-57.234863
-57.146973
-59.026855
-58.509277
-57.981934
-57.635254
-56.666016
-59.515137
-58.301758
-58.116211
-56.426758
-58.392090
-58.006348
-58.174805
-57.137207
-59.234375
-56.561035
-58.645996
-57.891602
-56.258301
-57.559570
-58.599609
-58.538574
-55.057129
-57.876953
-58.453125
-58.233398
-58.919434
-57.608398
-58.770508
-58.655762
-57.713379
-59.419922
-56.692871
-59.791016
-58.465332
-59.871582
-56.316895
-58.697266
-57.903809
-59.270996
-58.892578
-57.295898
-58.694824
-58.621582
-58.975586
-57.405762
-58.787598
-59.615234
-58.018555
-57.459473
-55.589355
-58.533691
-58.814453
-59.185547
-56.453613
-58.514160
-58.274902
-58.179687
-58.990234
-57.254395
-58.291992
-58.208984
-58.907227
-57.586426
-57.520508
-57.254395
-58.387207
-58.606934
-58.692383
-56.758789
-58.724121
-58.606934
-57.757324
-57.278809
-58.848633
-58.702148
-58.772949
-59.644531
-59.395508
-58.719238
-58.433594
-57.232422
-58.235840
-57.813477
-59.493164
-58.743652
-59.141602
-58.191895
-58.243164
-58.099121
-59.534668
-58.277344
-58.453125
-58.333496
-57.100586
-57.986816
-57.947754
-59.092773
-57.288574
-57.488770
-56.922363
-58.223633
-59.322266
-59.837402
-58.655762
-58.604492
-58.206543
-58.628906
-56.961426
-57.725586
-59.419922
-59.036621
-59.295410
-58.423828
-57.984375
-59.239258
-58.743652
-59.527344
-57.015137
-58.399414
-58.108887
-59.126953
-57.706055
-57.220215
-58.274902
-59.163574
-57.906250
-58.521484
-58.169922
-59.361328
-58.489746
-59.195312
-58.272461
-58.880371
-59.776367
-58.089355
-57.369141
-57.786621
-59.219727
-58.680176
-58.958496
-57.178711
-58.392090
-59.603027
-59.400391
-57.623047
-57.083496
-58.545898
-59.263672
-58.370117
-57.608398
-58.416504
-59.129395
-59.446777
-58.035645
-58.211426
-58.526367
-59.791016
-57.947754
-55.513672
-56.443848
-58.497070
-59.715332
-57.923340
-58.445801
-58.895020
-59.346680
-57.247070
-56.451172
-58.565430
-59.722656
-59.295410
-57.398437
-57.364258
-58.641113
-58.768066
-57.955078
-57.508301
-58.558105
-58.848633
-58.362793
-55.821289
-58.501953
-59.053711
-58.997559
-57.293457
-57.007812
-56.973633
-59.517578
-59.185547
-57.989258
-56.600098
-59.444336
-58.970703
-58.299316
-59.026855
-59.068359
-59.522461
-57.764648
-57.923340
-56.043457
-58.958496
-59.754395
-58.555664
-57.662109
-58.660645
-58.462891
-59.209961
-56.883301
-57.627930
-59.202637
-59.451660
-56.680664
-58.111328
-59.200195
-59.515137
-58.550781
-56.644043
-59.947266
-59.729980
-58.221191
-57.884277
-56.473145
-58.628906
-59.048828
-58.367676
-56.636719
-59.280762
-59.888672
-60.328125
-57.947754
-58.123535
-59.341797
-59.305176
-58.643555
-56.817383
-58.707031
-59.112305
-59.939941
-56.841797
-53.992676
-57.522949
-60.164551
-58.438477
-58.023437
-57.222656
-59.100098
-58.262695
-56.919922
-59.463867
-58.069824
-58.924316
-58.743652
-57.415527
-59.727539
-60.433105
-58.768066
-56.770996
-55.833496
-58.599609
-59.954590
-57.925781
-54.920410
-58.680176
-59.810547
-57.544922
-56.246094
-57.435059
-60.933594
-59.087891
-57.742676
-55.926270
-57.442383
-58.414062
-60.088867
-55.584473
-57.732910
-57.779297
-59.756836
-56.758789
-58.692383
-58.384766
-58.836426
-57.903809
-59.268555
-56.590332
-59.810547
-58.641113
-58.311523
-59.124512
-57.554687
-59.537109
-58.213867
-59.275879
-56.563477
-60.381836
-59.251465
-57.815918
-55.782227
-56.412109
-58.685059
-59.507812
-58.074707
-58.841309
-59.322266
-60.108398
-58.375000
-57.295898
-58.687500
-59.593262
-57.913574
-54.993652
-55.157227
-59.710449
-60.176758
-57.972168
-55.477051
-58.826660
-59.598145
-59.766602
-57.935547
-57.395996
-58.301758
-59.410156
-58.130859
-56.395020
-58.289551
-59.229492
-58.401855
-57.156738
-58.638672
-58.375000
-59.361328
-58.255371
-57.178711
-58.138184
-58.523926
-59.021973
-56.070312
-57.820801
-58.409180
-58.987793
-58.626465
-59.456543
-58.167480
-58.326172
-59.083008
-55.003418
-57.798828
-59.603027
-59.261230
-59.104980
-49.966797
-58.121094
-60.110840
-60.401367
-56.873535
-58.067383
-59.957031
-58.938965
-58.289551
-55.499023
-58.790039
-58.724121
-58.318848
-57.933105
-56.351074
-60.174316
-58.804687
-56.724609
-58.438477
-59.410156
-60.291504
-59.644531
-54.485840
-55.909180
-58.975586
-60.364746
-59.739746
-55.054687
-57.278809
-60.074219
-59.788574
-58.157715
-57.791504
-59.573730
-58.118652
-56.866211
-56.077637
-57.398437
-58.382324
-59.771484
-57.593750
-55.918945
-56.937012
-59.893555
-60.726074
-55.071777
-57.298340
-59.039062
-59.187988
-59.249023
-54.534668
-56.482910
-59.405273
-59.981445
-55.389160
-58.807129
-58.494629
-59.356445
-57.273926
-54.532227
-59.871582
-60.113281
-59.051270
-57.359375
-59.017090
-59.383301
-60.386719
-56.404785
-58.387207
-59.324707
-60.330566
-59.073242
-59.124512
-56.028809
-58.523926
-59.332031
-59.874023
-56.585449
-53.143066
-57.928223
-59.932617
-58.357910
-58.665527
-57.244629
-59.764160
-59.178223
-57.635254
-58.157715
-57.605957
-58.196777
-59.139160
-55.250000
-57.896484
-58.675293
-59.895996
-58.812012
-59.458984
-58.941406
-59.371094
-57.457031
-57.132324
-59.490723
-58.030762
-59.190430
-58.716797
-58.040527
-55.369629
-58.160156
-58.104004
-56.912598
-59.273437
-60.301270
-59.712891
-57.085937
-55.633301
-59.461426
-59.200195
-60.306152
-56.534180
-57.964844
-58.257812
-59.310059
-58.455566
-56.426758
-58.753418
-59.041504
-59.778809
-56.895508
-55.333008
-58.208984
-60.445312
-59.141602
-55.965332
-59.556641
-58.997559
-59.744629
-57.198242
-56.373047
-57.759766
-59.092773
-57.112793
-58.033203
-57.571777
-59.222168
-59.322266
-59.292969
-56.395020
-59.090332
-60.240234
-59.490723
-58.670410
-57.715820
-60.042480
-56.363281
-58.042969
-58.797363
-58.643555
-58.270020
-58.057617
-56.949219
-55.022949
-58.909668
-59.524902
-58.660645
-57.989258
-57.896484
-59.197754
-58.118652
-59.747070
-52.979492
-57.530273
-59.573730
-60.386719
-57.168945
-57.605957
-59.566406
-60.000977
-58.653320
-59.266113
-57.977051
-59.910645
-57.330078
-58.545898
-55.398926
-57.684082
-59.778809
-58.836426
-56.453613
-55.279297
-58.855957
-59.969238
-59.493164
-55.594238
-57.134766
-54.390625
-58.531250
-58.736328
-59.620117
-58.924316
-58.584961
-57.315430
-60.567383
-56.414551
-55.005859
-58.003906
-59.891113
-58.931641
-57.691406
-54.561523
-61.556152
-61.084961
-54.161133
-53.787598
-56.841797
-61.019043
-60.977539
-56.377930
-51.177734
-56.038574
-59.815430
-57.723145
-54.776367
-58.340820
-57.381348
-57.442383
-57.884277
-56.636719
-57.955078
-54.810547
-61.180176
-58.897461
-58.914551
-55.149902
-53.035645
-58.443359
-58.487305
-58.331055
-57.005371
-57.613281
-57.234863
-59.305176
-58.956055
-61.060547
-57.930664
-58.235840
-57.867187
-58.672852
-55.789551
-58.914551
-58.453125
-60.003418
-58.995117
-59.095215
-59.798340
-57.811035
-58.152832
-54.556641
-55.643066
-59.019531
