-60.977539
-60.777344
-60.923828
-60.833496
-60.953125
-60.423340
-60.801758
-60.848145
-60.901855
-60.823730
-60.772461
-60.884766
-61.297363
-60.635742
-60.877441
-60.826172
-60.684570
-60.584473
-60.806641
-60.689453
-60.845703
-60.572266
-60.430664
-60.794434
-61.231445
-61.067871
-60.650391
-60.555176
-60.901855
-60.682129
-60.872559
-60.728516
-60.826172
-60.955566
-60.630859
-61.233887
-61.014160
-60.804199
-61.043457
-60.701660
-60.591797
-60.716309
-61.260742
-60.660156
-60.806641
-60.716309
-61.084961
-60.589355
-60.921387
-60.987305
-60.818848
-60.899414
-60.811523
-60.430664
-60.860352
-60.894531
-60.723633
-61.094727
-60.699219
-60.777344
-60.972656
-61.094727
-61.072754
-61.136230
-60.770020
-61.272949
-60.794434
-60.645508
-60.630859
-61.021484
-60.665039
-61.033691
-61.055664
-60.428223
-61.111816
-60.789551
-60.970215
-60.848145
-60.894531
-60.806641
-60.997070
-60.828613
-60.791992
-60.577148
-60.811523
-60.945801
-61.077637
-60.884766
-60.821289
-60.757812
-60.899414
-60.777344
-60.804199
-60.779785
-60.999512
-61.246094
-61.084961
-60.782227
-60.896973
-61.084961
-60.611328
-60.796875
-60.584473
-60.621094
-60.765137
-60.931152
-60.826172
-60.926270
-60.765137
-60.828613
-61.048340
-60.904297
-60.689453
-60.745605
-60.860352
-61.006836
-60.843262
-60.745605
-60.655273
-60.298828
-60.845703
-61.043457
-60.694336
-60.528320
-60.591797
-60.713867
-60.745605
-60.691895
-60.545410
-60.877441
-60.667480
-61.077637
-60.811523
-60.831055
-60.625977
-60.977539
-60.982422
-60.413574
-60.904297
-60.704102
-60.936035
-60.333008
-60.799316
-60.684570
-60.918945
-61.485352
-60.735840
-60.945801
-60.723633
-61.102051
-60.538086
-60.984863
-61.023926
-60.713867
-60.520996
-60.672363
-60.828613
-60.982422
-61.153320
-60.894531
-60.674805
-61.019043
-60.799316
-60.738281
-60.694336
-61.128906
-60.560059
-60.782227
-60.652832
-61.009277
-60.784668
-60.760254
-60.743164
-60.413574
-60.848145
-60.855469
-60.591797
-60.818848
-60.694336
-61.001953
-60.862793
-60.799316
-60.672363
-60.613770
-60.875000
-60.335449
-60.750488
-60.845703
-60.828613
-60.877441
-60.791992
-60.696777
-60.445312
-61.055664
-60.772461
-61.048340
-60.665039
-60.623535
-60.611328
-60.960449
-60.933594
-60.950684
-60.196289
-60.789551
-60.547852
-60.916504
-60.860352
-60.791992
-60.516113
-61.102051
-60.911621
-60.879883
-60.796875
-60.813965
-60.589355
-60.728516
-60.394043
-60.623535
-60.989746
-61.221680
-60.818848
-60.757812
-60.838379
-61.050781
-60.828613
-60.816406
-61.094727
-60.899414
-61.092285
-60.711426
-60.862793
-60.989746
-61.089844
-60.916504
-60.730957
-60.914062
-60.762695
-60.848145
-61.019043
-60.933594
-60.618652
-60.784668
-60.762695
-60.926270
-60.721191
-60.838379
-61.055664
-61.011719
-60.948242
-60.826172
-60.811523
-60.711426
-60.784668
-60.750488
-60.440430
-60.960449
-60.655273
-60.865234
-60.953125
-60.972656
-61.097168
-61.182617
-60.713867
-60.691895
-60.926270
-60.545410
-60.943359
-60.755371
-60.755371
-60.457520
-60.481934
-60.708984
-60.691895
-60.992187
-61.021484
-60.740723
-60.967773
-60.857910
-60.582031
-60.821289
-60.860352
-60.962891
-61.036133
-60.540527
-60.879883
-61.094727
-60.672363
-60.735840
-60.735840
-60.918945
-60.904297
-60.428223
-60.831055
-60.833496
-60.552734
-60.765137
-60.552734
-60.547852
-60.760254
-60.857910
-60.806641
-60.779785
-60.657715
-60.975098
-60.921387
-60.713867
-60.887207
-60.701660
-60.953125
-61.436523
-60.752930
-60.467285
-60.958008
-60.831055
-61.089844
-60.962891
-60.906738
-60.787109
-61.031250
-60.899414
-60.552734
-60.738281
-60.791992
-60.845703
-60.552734
-60.677246
-60.604004
-61.065430
-60.789551
-60.799316
-60.716309
-61.048340
-60.967773
-60.745605
-60.804199
-60.809082
-60.833496
-60.757812
-60.914062
-60.752930
-60.774902
-60.945801
-60.665039
-60.704102
-60.647949
-60.782227
-60.865234
-60.887207
-60.855469
-60.525879
-60.931152
-60.633301
-60.823730
-61.067871
-60.755371
-61.126465
-60.799316
-60.813965
-60.647949
-61.006836
-60.994629
-60.623535
-60.770020
-60.647949
-61.033691
-60.984863
-60.728516
-60.877441
-60.882324
-60.672363
-61.026367
-60.828613
-60.799316
-61.070312
-61.163086
-61.021484
-60.960449
-60.926270
-61.207031
-60.967773
-60.770020
-61.209473
-61.075195
-61.021484
-60.655273
-60.894531
-61.094727
-60.901855
-60.879883
-61.375488
-60.765137
-61.126465
-61.207031
-61.028809
-60.823730
-60.735840
-61.243652
-60.823730
-61.006836
-61.111816
-60.791992
-61.004395
-61.045898
-60.669922
-61.153320
-61.116699
-60.777344
-60.840820
-60.779785
-60.796875
-60.958008
-60.979980
-61.087402
-61.094727
-61.238770
-60.723633
-60.838379
-61.287598
-60.989746
-61.260742
-60.828613
-61.185059
-61.346191
-60.848145
-60.987305
-61.202148
-61.192383
-60.906738
-61.116699
-61.248535
-60.987305
-61.099609
-61.287598
-60.953125
-61.072754
-60.997070
-61.172852
-61.224121
-61.170410
-60.977539
-61.075195
-60.975098
-61.167969
-60.706543
-61.001953
-60.989746
-60.975098
-60.953125
-60.936035
-60.757812
-60.811523
-61.128906
-60.840820
-60.752930
-60.982422
-61.055664
-60.884766
-60.787109
-60.853027
-61.216797
-60.901855
-60.940918
-61.072754
-60.965332
-61.141113
-61.363281
-61.226562
-60.633301
-60.911621
-60.958008
-61.131348
-61.102051
-60.987305
-60.984863
-60.896973
-61.268066
-61.109375
-61.238770
-60.933594
-61.314453
-61.275391
-61.365723
-61.214355
-60.979980
-60.879883
-61.453613
-61.221680
-61.238770
-61.141113
-60.926270
-61.019043
-61.102051
-60.965332
-60.889648
-61.309570
-61.287598
-61.167969
-61.045898
-61.053223
-61.128906
-61.072754
-61.172852
-60.992187
-60.975098
-61.075195
-61.526855
-61.163086
-61.165527
-61.016602
-61.109375
-61.131348
-60.843262
-60.950684
-61.031250
-61.189941
-61.351074
-61.277832
-61.033691
-61.321777
-61.443848
-61.194824
-61.106934
-61.094727
-61.426758
-60.911621
-61.055664
-61.143555
-61.155762
-61.189941
-61.238770
-61.158203
-61.221680
-61.197266
-60.992187
-61.207031
-61.136230
-61.243652
-61.163086
-61.136230
-61.116699
-61.314453
-61.329102
-61.131348
-61.011719
-61.155762
-61.517090
-61.180176
-61.160645
-61.199707
-61.395020
-61.287598
-61.387695
-61.258301
-61.292480
-61.448730
-61.380371
-61.290039
-61.204590
-61.370605
-61.531738
-61.314453
-60.918945
-61.060547
-61.609863
-61.170410
-61.124023
-61.226562
-61.468262
-61.314453
-60.972656
-61.233887
-61.290039
-61.470703
-61.182617
-60.994629
-61.172852
-61.294922
-61.478027
-61.048340
-61.416992
-61.170410
-61.602539
-61.370605
-61.192383
-60.877441
-61.160645
-61.414551
-61.199707
-61.297363
-61.167969
-61.265625
-61.077637
-61.463379
-61.158203
-61.299805
-61.314453
-60.989746
-61.263184
-61.192383
-61.341309
-61.192383
-61.075195
-61.089844
-61.453613
-61.392578
-61.187500
-61.180176
-61.160645
-61.360840
-61.307129
-61.287598
-60.970215
-61.236328
-61.385254
-61.111816
-60.984863
-61.214355
-61.714844
-61.246094
-61.292480
-61.338867
-61.001953
-61.141113
-61.175293
-61.028809
-60.884766
-61.482910
-61.160645
-61.255859
-61.124023
-61.370605
-61.331543
-61.233887
-61.109375
-61.409668
-61.534180
-61.575684
-60.857910
-61.106934
-61.023926
-61.414551
-61.082520
-61.172852
-61.033691
-61.175293
-61.011719
-61.145996
-61.233887
-61.480469
-61.145996
-60.655273
-60.914062
-61.353516
-61.233887
-61.258301
-61.148437
-60.916504
-61.565918
-60.965332
-61.275391
-61.307129
-61.331543
-61.329102
-61.319336
-60.967773
-60.955566
-61.399902
-61.597656
-61.192383
-61.092285
-60.933594
-61.290039
-61.275391
-61.270508
-60.838379
-61.463379
-61.380371
-61.041016
-60.811523
-60.999512
-61.478027
-61.045898
-61.321777
-61.197266
-61.209473
-61.546387
-61.236328
-61.141113
-61.312012
-61.358398
-61.316895
-61.031250
-61.021484
-61.448730
-61.307129
-60.879883
-61.099609
-61.272949
-61.529297
-61.087402
-60.770020
-61.099609
-61.309570
-61.419434
-61.004395
-61.121582
-61.272949
-61.382812
-61.082520
-61.072754
-61.182617
-61.358398
-61.495117
-60.938477
-61.048340
-61.236328
-61.377930
-61.348633
-60.835937
-61.250977
-61.419434
-61.248535
-61.121582
-61.167969
-60.936035
-61.075195
-61.058105
-60.816406
-61.202148
-61.485352
-61.346191
-60.997070
-61.175293
-61.236328
-61.446289
-60.875000
-60.918945
-60.984863
-61.177734
-61.395020
-61.080078
-61.243652
-61.185059
-61.307129
-61.248535
-61.026367
-61.119141
-61.163086
-61.402344
-61.097168
-61.207031
-60.975098
-61.375488
-61.351074
-61.197266
-61.067871
-61.275391
-61.390137
-60.931152
-60.833496
-61.158203
-61.331543
-61.517090
-61.089844
-60.921387
-61.202148
-61.397461
-61.409668
-61.329102
-61.072754
-61.412109
-61.331543
-61.131348
-61.089844
-61.163086
-61.368164
-61.258301
-61.070312
-61.421875
-61.287598
-61.409668
-61.087402
-61.089844
-61.331543
-61.382812
-61.519531
-61.189941
-61.312012
-61.353516
-61.204590
-61.229004
-61.180176
-61.263184
-61.075195
-61.453613
-60.887207
-60.901855
-61.470703
-61.397461
-61.177734
-61.155762
-60.896973
-61.631836
-61.270508
-61.302246
-61.480469
-61.377930
-61.438965
-61.106934
-61.280273
-61.004395
-61.246094
-61.341309
-61.106934
-61.556152
-61.702637
-61.634277
-61.360840
-61.456055
-61.187500
-61.224121
-61.307129
-61.343750
-61.209473
-60.879883
-61.604980
-61.346191
-60.882324
-61.321777
-61.204590
-61.531738
-61.124023
-61.145996
-61.470703
-61.373047
-61.158203
-61.138672
-61.111816
-61.202148
-61.397461
-61.360840
-61.062988
-61.346191
-61.458496
-61.380371
-61.119141
-61.082520
-61.226562
-61.448730
-61.468262
-61.243652
-61.265625
-61.387695
-61.390137
-61.275391
-61.343750
-61.106934
-61.612305
-61.431641
-61.119141
-61.602539
-61.480469
-61.719727
-61.187500
-60.945801
-61.409668
-61.539062
-61.355957
-60.953125
-61.094727
-61.160645
-61.216797
-61.478027
-61.509766
-61.260742
-61.673340
-61.778320
-61.370605
-60.979980
-61.441406
-61.448730
-61.580566
-61.558594
-61.380371
-61.104492
-61.790527
-61.290039
-61.436523
-61.292480
-61.626953
-61.658691
-61.607422
-61.436523
-61.312012
-61.822266
-61.573242
-61.553711
-61.263184
-61.451172
-61.639160
-61.260742
-61.729492
-61.067871
-61.519531
-61.260742
-61.409668
-61.375488
-61.585449
-61.456055
-61.543945
-61.470703
-61.993164
-61.753906
-61.641602
-61.485352
-61.668457
-61.441406
-61.558594
-61.309570
-61.316895
-61.539062
-61.485352
-61.111816
-61.033691
-61.800293
-61.863770
-61.351074
-61.895508
-61.092285
-61.189941
-61.880859
-61.807617
-61.617187
-61.287598
-61.941895
-61.397461
-61.546387
-61.746582
-61.419434
-61.727051
-62.012695
-61.480469
-61.463379
-61.390137
-61.871094
-61.993164
-61.478027
-61.236328
-61.336426
-61.448730
-61.705078
-61.541504
-61.270508
-61.336426
-61.951660
-61.624512
-61.438965
-61.819824
-61.480469
-61.810059
-61.597656
-60.943359
-61.028809
-61.404785
-61.763672
-62.259277
-61.109375
-61.563477
-61.939453
-61.211914
-61.941895
-61.702637
-61.268066
-61.326660
-61.592773
-61.539062
-61.758789
-61.844238
-61.126465
-61.470703
-61.524414
-61.541504
-61.666016
-61.670898
-61.724609
-61.609863
-61.407227
-61.565918
-61.265625
-61.629395
-61.893066
-61.780762
-61.792969
-61.719727
-61.268066
-61.131348
-61.663574
-61.832031
-61.634277
-61.446289
