-131.920113	8.388367	51.729248	-63.078857
-130.919137	8.386719	51.738037	-62.931152
-130.162301	8.385437	51.725098	-63.151489
-128.605904	8.386047	51.731201	-63.099609
-127.061715	8.387024	51.733887	-63.202148
-125.407662	8.386597	51.737305	-63.042236
-123.472848	8.388794	51.742187	-63.005615
-121.794381	8.389954	51.738770	-63.224121
-120.189156	8.390564	51.735352	-63.182007
-118.565621	8.393250	51.738281	-63.165527
-116.173043	8.392456	51.729736	-63.202148
-113.756051	8.391663	51.720703	-62.999512
-110.594430	8.392578	51.715088	-63.014771
-106.590523	8.393860	51.723389	-62.958008
-101.951852	8.395447	51.716309	-63.111206
-96.959176	8.395874	51.708740	-62.995239
-92.436471	8.396118	51.718750	-63.041016
-88.756051	8.398926	51.711182	-63.094727
-86.674752	8.397400	51.714111	-63.150879
-86.479439	8.398071	51.713623	-62.948242
-87.828316	8.397217	51.730469	-63.048950
-90.379586	8.399231	51.707031	-63.154541
-93.626656	8.398682	51.707764	-63.037354
-97.374215	8.397583	51.709961	-63.042236
-100.505318	8.397156	51.717285	-63.071533
-103.453316	8.398132	51.720703	-63.074585
-106.456246	8.398376	51.725098	-62.969604
-108.696236	8.396301	51.743652	-63.074585
-110.954537	8.398621	51.739990	-63.029419
-113.341012	8.398621	51.741455	-63.067871
-115.983834	8.398621	51.736816	-63.134399
-118.425240	8.398865	51.736084	-63.151489
-120.604195	8.401489	51.728760	-63.197266
-123.155465	8.403015	51.737305	-63.199097
-124.925484	8.403442	51.744141	-63.197876
-126.890816	8.405823	51.719482	-63.235718
-128.166451	8.406311	51.709473	-63.219238
-129.124703	8.407593	51.694824	-63.178955
-130.241646	8.408630	51.682617	-63.061768
-131.132760	8.408875	51.682373	-63.191772
-131.779732	8.409973	51.669434	-63.184448
-132.536568	8.409302	51.649170	-63.103882
-133.287301	8.410706	51.630371	-63.227783
-134.184518	8.410156	51.617920	-63.099609
-134.666695	8.410217	51.590332	-63.340698
-135.118355	8.409363	51.587646	-63.319946
-135.490670	8.408508	51.564697	-63.065430
-135.985055	8.407898	51.530518	-63.170410
-136.393990	8.408264	51.524902	-63.218628
-136.686959	8.406433	51.518311	-63.089844
-136.937203	8.404663	51.493408	-63.133789
-137.333932	8.405884	51.484131	-62.998901
-137.492623	8.405457	51.482422	-63.063599
-137.700143	8.405396	51.464111	-63.100830
-137.773385	8.404907	51.461182	-63.024536
-138.096871	8.405090	51.452393	-63.027588
-138.054146	8.405945	51.447998	-63.061768
-138.096871	8.405457	51.428467	-63.053223
-138.444771	8.405640	51.436523	-63.112427
-138.591256	8.407227	51.438232	-63.045288
-138.511910	8.407166	51.416260	-63.204590
-138.609566	8.408813	51.403076	-63.102661
-138.835396	8.407959	51.407227	-62.992187
-139.000191	8.409668	51.402832	-63.140503
-139.091744	8.409546	51.393311	-63.011719
-139.280953	8.410217	51.385986	-63.003174
-139.323678	8.410339	51.397705	-63.097168
-139.238229	8.410889	51.404785	-63.001343
-139.580025	8.410400	51.397949	-63.131348
-139.647164	8.412048	51.410889	-63.291870
-139.537301	8.411560	51.415527	-63.149048
-139.628854	8.411499	51.426270	-63.144775
-139.781441	8.412048	51.437012	-63.014160
-139.787545	8.412231	51.452148	-63.075195
-139.805855	8.409668	51.473389	-63.034912
-139.921822	8.410950	51.474854	-63.037964
-140.068307	8.410706	51.489502	-63.050781
-139.970650	8.409058	51.482178	-63.056885
-139.927926	8.409058	51.509521	-63.061768
-140.306344	8.406677	51.517334	-63.101440
-140.184273	8.407166	51.547607	-63.126465
-140.275826	8.406555	51.544189	-63.042847
-140.062203	8.406433	51.556885	-63.100830
-140.269723	8.406006	51.565186	-63.060547
-140.416207	8.405762	51.578857	-63.156982
-140.245309	8.405334	51.578369	-63.091675
-140.361275	8.405090	51.579346	-62.953735
-140.379586	8.406128	51.590088	-62.945190
-140.452828	8.406494	51.591797	-63.102051
-140.416207	8.405701	51.592041	-63.238159
-140.550484	8.406311	51.598389	-63.152100
-140.581002	8.405334	51.585449	-63.089233
-140.593209	8.407166	51.592773	-63.124634
-140.581002	8.407043	51.604004	-63.070923
-140.568795	8.406006	51.612549	-63.100830
-140.556588	8.406555	51.591309	-63.171631
-140.794625	8.408875	51.615967	-63.177734
-140.611520	8.407410	51.608398	-63.110596
-140.605416	8.408081	51.610107	-63.119751
-140.709176	8.407593	51.625000	-63.138672
-140.629830	8.407837	51.632812	-62.998291
-140.696969	8.406799	51.626465	-63.196045
-140.660348	8.406860	51.644775	-63.036133
-140.574898	8.405884	51.650879	-63.066650
-140.562691	8.406433	51.660400	-63.250366
-140.501656	8.405273	51.681885	-63.043457
-140.703072	8.406128	51.677246	-62.954346
-140.751900	8.405151	51.679687	-63.103882
-140.873971	8.403931	51.684326	-63.045898
-140.947213	8.403381	51.704834	-63.080078
-140.965523	8.401855	51.697754	-63.018433
-140.812936	8.402161	51.710205	-63.175293
-140.910592	8.401855	51.710693	-63.156982
-140.996041	8.402588	51.708740	-63.280884
-140.837350	8.402466	51.703613	-63.233276
-140.819039	8.401367	51.717773	-63.119751
-140.892281	8.404053	51.722900	-63.084961
-140.800729	8.403198	51.711182	-63.069702
-140.776314	8.403198	51.716309	-63.023315
-140.873971	8.401794	51.707031	-63.182617
-140.867867	8.402100	51.694580	-63.176514
-140.916695	8.401489	51.712402	-63.030640
-140.855660	8.401978	51.708496	-63.130737
-140.904488	8.400208	51.707520	-63.187500
-140.855660	8.399048	51.712646	-63.117310
-140.910592	8.398560	51.685791	-63.037964
-140.849557	8.396606	51.707764	-63.240601
-141.014352	8.397217	51.708984	-63.098389
-140.935006	8.396362	51.720215	-63.236328
-140.983834	8.394226	51.722656	-63.082520
-141.014352	8.392944	51.737305	-63.106323
-140.916695	8.391479	51.747314	-63.160034
-141.002145	8.390625	51.747070	-63.091675
-140.935006	8.388794	51.739502	-63.105103
-141.008248	8.388184	51.750000	-63.019653
-140.971627	8.386169	51.742920	-63.111206
-141.032662	8.385803	51.744141	-63.108154
-140.916695	8.383972	51.740723	-63.129517
-140.812936	8.382263	51.744873	-63.100830
-140.892281	8.381226	51.740234	-63.175293
-140.916695	8.381348	51.751709	-62.959839
-140.935006	8.380981	51.738037	-63.189941
-140.892281	8.381470	51.735596	-63.355957
-140.825143	8.379333	51.708740	-63.071533
-141.038766	8.377991	51.736816	-63.166138
-141.008248	8.379028	51.725830	-62.945801
-140.941109	8.379150	51.719727	-63.146606
-140.959420	8.379150	51.730469	-63.125244
-140.983834	8.377686	51.721924	-63.113037
-140.996041	8.377258	51.707031	-63.047119
-140.745797	8.377075	51.713135	-63.192993
-140.873971	8.376221	51.697266	-63.130737
-140.758004	8.374939	51.710693	-62.975098
-140.849557	8.375000	51.693359	-63.147217
-140.910592	8.372925	51.714355	-63.083130
-140.776314	8.371033	51.705078	-63.114258
-140.678658	8.370178	51.692871	-63.145386
-140.709176	8.368958	51.701172	-63.053223
-140.843453	8.365417	51.693604	-63.269287
-140.703072	8.365295	51.682617	-63.139282
-140.581002	8.363586	51.687988	-63.082520
-140.678658	8.361938	51.693848	-63.047729
-140.556588	8.359863	51.686279	-63.030640
-140.550484	8.358765	51.693359	-63.189941
-140.568795	8.359131	51.679932	-63.139282
-140.574898	8.356506	51.668457	-63.094727
-140.465035	8.355957	51.673340	-63.049561
-140.416207	8.355896	51.670898	-63.025146
-140.391793	8.355103	51.655273	-63.142944
-140.330758	8.353638	51.654297	-63.111206
-140.336861	8.353149	51.655029	-62.954346
-140.324654	8.353638	51.656982	-63.159424
-140.342965	8.351807	51.656982	-63.001343
-140.245309	8.353271	51.639160	-62.929932
-140.239205	8.351990	51.631836	-63.064819
-140.080514	8.352844	51.640869	-63.143555
-139.927926	8.352478	51.633301	-63.044067
-139.934029	8.351318	51.649658	-63.122192
-139.781441	8.350647	51.641357	-63.040405
-139.671578	8.348938	51.637451	-63.061768
-139.476266	8.348816	51.639893	-63.109985
-139.470162	8.347961	51.637207	-63.155762
-139.238229	8.348022	51.646973	-62.949463
-139.195504	8.346741	51.647705	-63.053223
-139.122262	8.344849	51.649658	-63.248535
-138.896432	8.344421	51.663818	-63.117920
-138.640084	8.342590	51.671875	-63.124023
-138.463082	8.342407	51.670654	-62.970825
-138.048043	8.342468	51.683594	-63.097778
-137.901559	8.339661	51.660645	-62.995850
-137.742867	8.340027	51.669189	-63.108154
-137.376656	8.339600	51.679443	-63.102661
-137.120309	8.338013	51.688965	-62.965942
-136.766305	8.337219	51.677490	-63.109375
-136.455025	8.336792	51.669678	-63.152100
-136.149850	8.336609	51.652100	-63.091064
-135.783639	8.336609	51.668213	-63.077026
-135.191598	8.335876	51.660645	-63.175903
-134.630074	8.335693	51.662598	-62.987915
-133.751168	8.334656	51.652100	-62.936035
-132.969918	8.334961	51.645996	-63.088623
-131.987252	8.334290	51.633545	-63.114258
-130.827584	8.333740	51.644531	-63.125854
-129.545846	8.333252	51.623535	-63.186890
-127.867379	8.331543	51.630859	-63.264404
-125.987496	8.332275	51.626709	-62.964111
-123.515572	8.330322	51.631104	-63.150269
-120.274605	8.328979	51.636719	-63.171631
-116.643014	8.327820	51.646729	-63.110596
-112.401070	8.326538	51.651611	-63.091064
-107.914986	8.324524	51.631836	-63.039795
-103.160348	8.323975	51.643555	-63.163696
-98.149361	8.321838	51.644043	-63.177734
-93.815865	8.321899	51.650146	-63.246094
-89.177193	8.319458	51.644775	-63.272339
-86.210885	8.318909	51.665039	-63.128906
-84.154000	8.317627	51.650635	-63.025757
-83.995309	8.316040	51.647949	-63.146606
-85.258736	8.315979	51.632324	-63.109375
-87.925973	8.314514	51.638184	-63.167969
-91.374459	8.313904	51.626709	-63.110596
-95.347848	8.312744	51.622559	-63.114868
-98.967232	8.313049	51.611816	-63.121582
-102.781930	8.312866	51.625000	-63.086792
-106.633248	8.311890	51.612793	-63.195435
-110.527291	8.312195	51.601807	-63.274780
-113.969674	8.312378	51.599609	-62.928711
-117.387643	8.312561	51.592285	-63.154541
-120.299020	8.312134	51.589844	-63.006836
-122.929635	8.311279	51.582764	-63.165527
-125.230660	8.308960	51.584473	-63.203979
-127.177682	8.309937	51.592773	-63.166138
-128.898873	8.309570	51.583740	-62.952515
-130.278268	8.307861	51.586670	-63.065430
-131.346383	8.308533	51.569336	-63.050171
-132.414498	8.307068	51.582275	-62.975708
-133.030953	8.305420	51.577881	-63.149658
-133.946480	8.305664	51.569336	-63.172241
-134.587350	8.302490	51.572510	-63.056885
-135.063424	8.302124	51.587158	-62.979980
-135.447945	8.302063	51.581299	-63.001343
-135.838570	8.298401	51.580811	-63.209473
-136.302437	8.298584	51.584229	-63.109985
-136.595406	8.296753	51.573486	-63.153320
-137.083687	8.294434	51.572510	-63.066650
-137.156930	8.294556	51.575195	-63.254639
-137.492623	8.293335	51.575684	-63.111206
-137.779488	8.293030	51.548340	-63.131958
-138.035836	8.291992	51.563721	-63.202759
-138.060250	8.292664	51.558594	-63.213745
-138.231148	8.293030	51.547363	-63.227783
-138.432564	8.292236	51.536133	-63.147217
-138.597359	8.292603	51.541016	-63.038574
-138.847604	8.292175	51.524170	-63.113037
-138.981881	8.292908	51.528320	-63.219238
-139.134469	8.292114	51.506836	-63.154541
-139.311471	8.291199	51.513916	-63.242432
-139.226021	8.292297	51.523926	-63.174683
-139.250436	8.292236	51.518311	-63.145386
-139.482369	8.292114	51.521240	-63.207642
-139.647164	8.291748	51.510742	-62.964722
-139.610543	8.290894	51.512207	-62.989746
-139.824166	8.290527	51.513184	-63.122803
-139.757027	8.289185	51.529053	-63.244263
-139.946236	8.289429	51.517090	-63.075195
-139.988961	8.287109	51.520264	-63.077026
-140.007271	8.286865	51.530029	-63.045288
-140.080514	8.287415	51.520020	-63.073364
-140.300240	8.285522	51.509766	-63.037354
-140.172066	8.284668	51.506104	-63.231445
-140.135445	8.283264	51.476318	-63.188110
-140.361275	8.282288	51.468262	-63.126465
-140.355172	8.282043	51.441650	-63.077637
-140.220895	8.282227	51.431152	-63.084351
-140.330758	8.282166	51.419922	-63.137451
-140.361275	8.280579	51.388184	-63.104492
-140.416207	8.280518	51.385986	-63.205811
-140.495553	8.280884	51.366211	-63.135010
-140.440621	8.280640	51.349365	-63.171021
-140.538277	8.280273	51.301025	-63.007446
-140.526070	8.281006	51.279053	-62.956787
-140.550484	8.280212	51.276611	-63.212524
-140.605416	8.279236	51.256836	-63.100830
-140.568795	8.279846	51.223145	-62.980591
-140.483346	8.278748	51.202637	-63.028809
-140.446725	8.279114	51.214600	-63.213745
-140.635934	8.279114	51.193604	-63.324829
-140.635934	8.276672	51.196045	-63.245483
-140.727486	8.276062	51.180420	-63.164307
-140.617623	8.274292	51.169922	-63.174683
-140.587105	8.274658	51.163330	-63.271118
-140.709176	8.273254	51.180176	-63.213745
-140.825143	8.270996	51.186279	-63.203369
-140.751900	8.270630	51.197998	-63.071533
-140.825143	8.269653	51.216309	-63.304687
-140.764107	8.267944	51.223877	-63.116089
-140.861764	8.267334	51.247803	-63.214355
-140.745797	8.267395	51.265137	-63.103882
-140.794625	8.266724	51.283691	-63.139282
-140.666451	8.267212	51.293213	-63.169800
-140.727486	8.267212	51.294922	-63.235718
-140.745797	8.266541	51.313721	-63.100830
-140.916695	8.267822	51.336670	-63.268066
-140.800729	8.267029	51.349121	-63.192993
-140.764107	8.267639	51.371338	-63.186890
-140.831246	8.267517	51.363525	-63.246094
-140.825143	8.268311	51.389160	-63.085571
-140.831246	8.268311	51.368896	-63.221680
-140.703072	8.267517	51.375977	-63.117920
-140.788521	8.268311	51.394043	-63.200317
-140.947213	8.268738	51.408936	-63.211914
-141.081490	8.269836	51.426025	-63.228394
-140.855660	8.267700	51.428711	-63.135010
-140.867867	8.267517	51.446777	-63.150269
-140.947213	8.265320	51.440186	-63.221069
-140.666451	8.266052	51.460449	-63.216797
-140.617623	8.265869	51.480713	-63.155762
-140.788521	8.265747	51.492187	-63.164917
-140.880074	8.263489	51.485596	-63.139282
-140.843453	8.263916	51.485352	-63.211914
-140.733590	8.262817	51.521973	-63.260742
-140.788521	8.263000	51.526611	-63.117920
-140.703072	8.262634	51.511963	-63.158203
-140.727486	8.261963	51.544922	-63.321777
-140.739693	8.260132	51.544189	-63.200317
-140.690865	8.261902	51.543945	-63.249756
-140.721383	8.261414	51.550537	-63.130127
-140.892281	8.262390	51.558350	-63.198486
-140.684762	8.263489	51.567139	-63.129517
-140.715279	8.263672	51.550537	-63.271118
-140.611520	8.264832	51.557861	-63.202759
-140.684762	8.265747	51.568359	-63.224121
-140.666451	8.267151	51.578613	-63.183838
-140.660348	8.266907	51.590088	-63.230835
-140.654244	8.267517	51.601074	-63.094727
-140.593209	8.268616	51.582275	-63.138062
-140.684762	8.269775	51.601807	-63.100220
-140.611520	8.270142	51.614502	-63.134399
-140.556588	8.270203	51.600830	-63.222900
-140.507760	8.271301	51.604980	-63.135010
-140.550484	8.272278	51.606201	-63.188721
-140.605416	8.273010	51.631836	-63.301025
-140.410104	8.272339	51.637207	-63.176514
-140.513863	8.273621	51.644531	-63.156982
-140.587105	8.271912	51.647461	-63.214355
-140.288033	8.272766	51.652100	-63.165527
-140.159859	8.272705	51.658447	-63.291870
-140.355172	8.273376	51.670410	-63.305298
-140.123238	8.273010	51.656250	-63.286377
-140.294137	8.274231	51.679687	-63.155762
-140.233102	8.273865	51.684326	-63.102661
-140.098824	8.274841	51.690918	-63.177734
-140.080514	8.275330	51.671143	-63.237549
-139.921822	8.275635	51.688721	-63.163696
-139.824166	8.277100	51.697266	-63.262573
-139.805855	8.277344	51.693359	-63.244263
-139.708199	8.279663	51.692871	-63.172241
-139.763131	8.281128	51.695557	-63.213135
-139.580025	8.281128	51.703125	-63.191772
-139.537301	8.282166	51.692627	-63.120361
-139.384713	8.282837	51.691650	-63.265625
-139.305367	8.284058	51.690918	-63.150879
-139.067330	8.283691	51.709717	-63.211914
-138.853707	8.285583	51.696777	-63.220459
-138.774361	8.287659	51.715332	-63.247925
-138.658395	8.286011	51.707520	-63.214966
-138.444771	8.288330	51.717529	-63.285767
-138.157906	8.288269	51.723877	-63.127686
-137.944283	8.288635	51.737305	-63.373657
-137.779488	8.287598	51.736572	-63.239990
-137.352242	8.288269	51.725098	-63.239380
-137.040963	8.288879	51.721924	-63.286377
-136.668648	8.289185	51.747314	-63.278442
-136.021676	8.287842	51.756836	-63.284546
-135.710396	8.289368	51.748535	-63.258301
-135.136666	8.289490	51.753418	-63.202148
-134.691109	8.289856	51.761475	-63.271729
-133.934273	8.290894	51.769531	-63.157593
-133.250680	8.291565	51.771973	-63.164917
-132.463326	8.292358	51.769775	-63.188110
-131.456246	8.292480	51.766846	-63.142944
-130.284371	8.293030	51.763672	-63.322388
-128.947701	8.294250	51.779297	-63.207642
-127.159371	8.295105	51.772461	-63.211914
-124.901070	8.295227	51.772217	-63.053223
-122.307076	8.296570	51.787109	-63.261963
-119.584908	8.297302	51.786377	-63.225342
-115.715279	8.299072	51.774658	-63.179565
-111.351266	8.300659	51.770996	-63.174683
-105.595650	8.300537	51.768799	-63.404175
-100.273385	8.300537	51.763428	-63.229614
-93.956246	8.300842	51.750244	-63.120361
-88.859811	8.303467	51.765137	-63.317505
-84.990182	8.302551	51.766846	-63.243652
-82.762398	8.302185	51.758545	-63.269897
-82.371773	8.303223	51.770752	-63.236328
-83.708443	8.302490	51.778076	-63.224731
-86.992135	8.303955	51.779053	-63.148437
-91.514840	8.302551	51.772949	-63.383423
-96.293893	8.302551	51.764160	-63.254028
-101.201119	8.303162	51.762695	-63.301636
-105.967965	8.301636	51.776367	-63.277832
-110.222115	8.301575	51.785889	-63.328491
-114.122262	8.302673	51.791992	-63.406616
-117.235055	8.302795	51.772461	-63.113647
-119.908395	8.304199	51.798340	-63.086182
-122.508492	8.305725	51.784912	-63.276001
-124.803414	8.304810	51.790283	-63.346802
-126.573434	8.304810	51.789551	-63.200317
-128.367867	8.306213	51.770996	-63.236328
-129.783883	8.307495	51.781738	-63.273560
-131.096139	8.308655	51.784668	-63.286987
-131.907906	8.309265	51.785156	-63.072754
-133.043160	8.309204	51.769775	-63.120361
-133.641305	8.310303	51.787109	-63.169800
-134.471383	8.311096	51.775635	-63.276001
-134.941354	8.312500	51.770508	-63.366943
-135.484566	8.312073	51.771973	-63.280884
-136.027779	8.312134	51.773926	-63.317505
-136.552682	8.312561	51.759277	-63.322998
-136.833443	8.313293	51.772217	-63.224731
-137.211861	8.312866	51.770508	-63.318115
-137.547555	8.314026	51.780518	-63.350464
-137.828316	8.313171	51.773437	-63.372437
-138.017525	8.313538	51.775391	-63.255249
-138.420357	8.313843	51.780273	-63.207642
-138.664498	8.312073	51.788818	-63.235107
-138.670602	8.312378	51.779541	-63.368164
-138.841500	8.312988	51.780518	-63.255859
-138.994088	8.312012	51.776123	-63.341919
-139.238229	8.312866	51.780273	-63.311401
-139.384713	8.312866	51.783691	-63.281494
-139.378609	8.312439	51.772461	-63.306519
-139.683785	8.310120	51.776611	-63.257080
-139.665475	8.311890	51.755615	-63.407837
-139.744820	8.311951	51.755615	-63.188110
-139.854684	8.312012	51.754639	-63.171631
-139.854684	8.312317	51.748535	-63.407837
-139.964547	8.312378	51.743408	-63.263184
-140.086617	8.312805	51.750000	-63.217407
-140.129342	8.312805	51.739014	-63.235107
-140.147652	8.313538	51.744385	-63.346802
-140.214791	8.312378	51.732910	-63.305908
-140.349068	8.311279	51.727051	-63.276611
-140.342965	8.311462	51.725342	-63.251587
-140.550484	8.311951	51.729492	-63.356567
-140.458932	8.311462	51.734863	-63.314453
-140.495553	8.310852	51.732178	-63.190552
-140.599312	8.312012	51.717285	-63.350464
-140.532174	8.310120	51.708252	-63.352905
-140.574898	8.309448	51.701660	-63.299194
-140.696969	8.308350	51.710449	-63.366333
-140.812936	8.307495	51.698730	-63.339478
-140.666451	8.307495	51.700928	-63.412109
-140.776314	8.305786	51.663818	-63.296753
-140.843453	8.305420	51.693115	-63.451782
-140.837350	8.303589	51.680176	-63.421265
-140.794625	8.304199	51.676514	-63.531128
-140.886178	8.303284	51.670410	-63.417603
-140.794625	8.302917	51.661133	-63.473755
-140.873971	8.302734	51.674072	-63.320557
-140.825143	8.303528	51.660156	-63.454224
-140.904488	8.302307	51.648682	-63.377930
-140.965523	8.302185	51.647705	-63.463989
-141.075387	8.301453	51.648926	-63.433472
-141.014352	8.301697	51.650635	-63.619019
-140.971627	8.300354	51.655029	-63.521362
-140.989937	8.299561	51.612061	-63.528076
-140.977730	8.300354	51.640381	-63.584839
-140.904488	8.298889	51.636963	-63.546387
-140.758004	8.299744	51.621094	-63.432861
-140.861764	8.298340	51.649902	-63.617798
-140.904488	8.297180	51.634033	-63.732544
-140.880074	8.295959	51.636719	-63.678833
-140.953316	8.294434	51.644531	-63.681274
-140.825143	8.294617	51.652588	-63.766113
-140.983834	8.293823	51.641113	-63.800903
-140.928902	8.293640	51.632324	-63.849731
-141.008248	8.291138	51.624023	-63.897339
-140.892281	8.291748	51.626221	-63.802124
-141.026559	8.289978	51.634033	-63.902832
-140.983834	8.290649	51.636475	-63.918091
-141.112008	8.288879	51.653076	-63.841187
-140.935006	8.286804	51.640381	-63.917480
-141.105904	8.287720	51.634521	-63.835083
-140.928902	8.287048	51.643555	-63.932739
-140.953316	8.285706	51.642090	-63.936401
-141.075387	8.285767	51.648926	-63.984009
-141.044869	8.285706	51.631104	-63.990723
-140.898385	8.285461	51.626221	-63.953491
-140.959420	8.285278	51.634277	-63.962646
-140.922799	8.286194	51.638916	-63.874146
-140.965523	8.284180	51.639648	-63.753906
-140.812936	8.284241	51.630371	-63.852783
-140.831246	8.283752	51.628418	-63.747192
-140.904488	8.283752	51.613037	-63.619019
-140.873971	8.283875	51.617187	-63.681885
-140.959420	8.284302	51.622070	-63.749023
-140.873971	8.283386	51.608154	-63.620850
-140.922799	8.282288	51.635010	-63.657471
-140.788521	8.282654	51.632080	-63.719727
-140.849557	8.282471	51.619873	-63.553101
-140.788521	8.281555	51.624756	-63.587891
-140.776314	8.280090	51.632080	-63.513428
-140.800729	8.279724	51.621338	-63.498169
-140.739693	8.279663	51.622559	-63.500000
-140.593209	8.278015	51.624268	-63.524414
-140.660348	8.277771	51.623779	-63.383423
-140.782418	8.275391	51.626465	-63.563477
-140.660348	8.276062	51.642334	-63.474365
-140.684762	8.276489	51.622803	-63.512207
-140.703072	8.274902	51.618408	-63.498779
-140.562691	8.274780	51.630859	-63.437134
-140.416207	8.274597	51.629883	-63.406006
-140.477242	8.272949	51.633545	-63.207031
-140.428414	8.273315	51.632080	-63.511597
-140.379586	8.271912	51.641113	-63.339478
-140.281930	8.270264	51.627197	-63.426147
-140.288033	8.269592	51.624756	-63.434692
-140.306344	8.269592	51.632812	-63.427368
-140.190377	8.269714	51.642334	-63.537842
-140.233102	8.269043	51.640381	-63.430420
-140.043893	8.266968	51.638672	-63.432861
-140.153756	8.266846	51.656982	-63.461548
-139.921822	8.267090	51.645508	-63.433472
-139.915719	8.264648	51.649658	-63.351685
-139.958443	8.264221	51.656738	-63.425537
-139.738717	8.262085	51.646240	-63.499390
-139.793648	8.261292	51.661377	-63.376099
-139.580025	8.260986	51.659668	-63.363281
-139.549508	8.257751	51.665771	-63.330933
-139.403023	8.257874	51.661865	-63.249756
-139.177193	8.256470	51.670166	-63.429199
-139.018502	8.255615	51.675537	-63.388916
-138.896432	8.253601	51.673584	-63.537231
-138.676705	8.253418	51.688477	-63.324829
-138.572945	8.251465	51.690918	-63.277222
-138.255562	8.249329	51.692627	-63.321167
-138.115182	8.248230	51.684326	-63.351685
-137.834420	8.248474	51.680420	-63.369995
-137.571969	8.246765	51.685791	-63.385254
-137.205758	8.244995	51.699707	-63.421265
-136.790719	8.243530	51.687988	-63.299805
-136.442818	8.239685	51.697266	-63.252197
-135.997262	8.240051	51.686279	-63.439575
-135.643258	8.237793	51.685791	-63.346802
-135.002389	8.238098	51.685791	-63.507935
-134.349312	8.237061	51.678223	-63.307129
-133.629098	8.235718	51.688232	-63.254639
-132.664742	8.234009	51.685303	-63.401123
-131.590523	8.231873	51.672852	-63.360840
-130.235543	8.231384	51.684570	-63.426147
-128.758492	8.230103	51.666016	-63.454224
-126.579537	8.228027	51.681396	-63.402954
-124.003854	8.226868	51.687500	-63.353516
-120.897164	8.225769	51.681641	-63.380981
-117.259469	8.222473	51.696045	-63.543945
-112.578072	8.221069	51.703369	-63.379761
-107.786812	8.218506	51.708984	-63.225952
-102.659859	8.218079	51.692871	-63.431030
-97.612252	8.216003	51.703369	-63.354126
-92.753854	8.215027	51.725098	-63.449341
-88.975777	8.213013	51.694580	-63.261963
-86.570992	8.212158	51.719971	-63.490845
-86.235299	8.211426	51.722656	-63.303467
-87.456002	8.208618	51.730225	-63.336426
-90.281930	8.205261	51.739014	-63.513428
-94.047799	8.204041	51.722656	-63.406006
-98.509469	8.203918	51.737793	-63.491455
-103.093209	8.201904	51.714355	-63.293091
-107.451119	8.199707	51.723633	-63.351685
-111.937203	8.198547	51.727051	-63.390137
-115.758004	8.196777	51.733154	-63.473145
-119.114937	8.197388	51.724609	-63.485352
-121.904244	8.194641	51.726318	-63.352295
-124.699654	8.193848	51.715820	-63.361450
-126.866402	8.191345	51.726074	-63.471313
-128.715768	8.191650	51.725098	-63.455444
-130.253854	8.188843	51.719971	-63.426758
-131.334176	8.187683	51.719482	-63.363892
-132.548775	8.185669	51.731201	-63.254639
-133.391061	8.182983	51.733887	-63.404175
-134.178414	8.183960	51.726562	-63.423706
-134.807076	8.180298	51.749268	-63.459717
-135.496773	8.179016	51.731445	-63.383423
-135.911812	8.177185	51.740723	-63.393188
-136.473336	8.174377	51.734863	-63.438354
-136.833443	8.172791	51.732422	-63.365723
-137.242379	8.171204	51.741699	-63.346191
-137.468209	8.169006	51.732178	-63.191772
-137.871041	8.167175	51.742187	-63.292480
-138.048043	8.166382	51.729492	-63.298584
-138.279977	8.164612	51.750732	-63.369995
-138.621773	8.162720	51.741943	-63.387695
-138.841500	8.160400	51.745850	-63.250977
-138.847604	8.159607	51.740479	-63.385864
-139.061227	8.158081	51.736816	-63.456055
-139.164986	8.156982	51.745117	-63.260742
-139.348092	8.156128	51.734375	-63.384644
-139.457955	8.154053	51.730713	-63.438354
-139.677682	8.153198	51.728516	-63.382202
-139.708199	8.151794	51.726562	-63.393188
-139.927926	8.150940	51.710937	-63.394409
-139.934029	8.148254	51.716797	-63.252808
-140.025582	8.146240	51.720459	-63.187500
-140.111031	8.145691	51.724121	-63.473755
-140.281930	8.143127	51.716064	-63.489014
-140.342965	8.141785	51.725098	-63.446899
-140.416207	8.140869	51.713867	-63.395630
-140.391793	8.139343	51.717041	-63.293091
-140.526070	8.137146	51.713623	-63.348022
-140.519967	8.135498	51.699951	-63.503052
-140.654244	8.132751	51.702148	-63.297363
-140.678658	8.131287	51.702393	-63.334595
-140.696969	8.129700	51.710937	-63.343750
-140.733590	8.128540	51.706055	-63.438965
-140.819039	8.126526	51.697266	-63.332153
-140.800729	8.124756	51.715820	-63.478638
-140.819039	8.124512	51.704834	-63.265015
-141.057076	8.122742	51.691162	-63.479858
-140.965523	8.121277	51.696045	-63.428589
-140.898385	8.120544	51.686768	-63.462769
-140.916695	8.119202	51.687500	-63.325439
-140.947213	8.118103	51.670898	-63.158203
-140.922799	8.117981	51.664307	-63.302246
-141.087594	8.115906	51.693115	-63.355957
-140.977730	8.114868	51.679199	-63.364502
-141.081490	8.113525	51.660156	-63.393799
-141.154732	8.112427	51.657715	-63.531738
-141.203561	8.110657	51.659180	-63.354736
-141.203561	8.110352	51.656250	-63.321167
-141.050973	8.108398	51.641602	-63.451782
-141.282906	8.106689	51.637695	-63.589722
-141.179146	8.107056	51.656006	-63.188721
-141.142525	8.104858	51.633057	-63.396240
-141.319527	8.103455	51.638672	-63.477417
-141.105904	8.102295	51.640625	-63.504272
-141.148629	8.100647	51.629883	-63.510376
-141.185250	8.100525	51.627197	-63.347412
-141.234078	8.099426	51.633545	-63.406616
-141.166939	8.097290	51.633057	-63.406616
-141.234078	8.096558	51.631348	-63.391968
-141.343941	8.095154	51.621338	-63.362061
-141.331734	8.093323	51.612305	-63.409668
-141.289010	8.093079	51.622803	-63.353516
-141.264596	8.090820	51.631836	-63.502441
-141.197457	8.091370	51.624756	-63.429199
-141.203561	8.090393	51.629150	-63.349243
-141.197457	8.089233	51.615234	-63.256470
-141.130318	8.089844	51.604980	-63.495728
-141.270699	8.089600	51.589600	-63.493286
-141.313424	8.088074	51.590332	-63.269897
-141.350045	8.087402	51.605469	-63.259521
-141.215768	8.088684	51.603271	-63.336426
-141.160836	8.086365	51.589355	-63.333984
-141.307320	8.085937	51.584473	-63.545776
-141.227975	8.085022	51.581543	-63.506714
-141.160836	8.084412	51.584717	-63.549438
-141.252389	8.083618	51.591064	-63.505493
-141.191354	8.083252	51.580322	-63.382202
-141.252389	8.081848	51.563965	-63.294312
-141.105904	8.081116	51.579102	-63.352295
-141.081490	8.080566	51.561279	-63.457275
-141.038766	8.079712	51.564941	-63.346191
-140.947213	8.077942	51.586670	-63.312012
-141.166939	8.077026	51.567139	-63.454224
-141.063180	8.077148	51.585693	-63.495728
-141.173043	8.075256	51.570312	-63.408447
-141.112008	8.074829	51.580566	-63.624512
-141.057076	8.074646	51.577637	-63.468872
-141.093697	8.073059	51.562744	-63.565308
-140.910592	8.073669	51.554932	-63.529907
-140.904488	8.071960	51.580566	-63.463989
-140.959420	8.072693	51.563965	-63.514648
-140.873971	8.071106	51.581543	-63.371216
-140.953316	8.068359	51.573730	-63.327881
-140.880074	8.069153	51.574463	-63.513428
-140.910592	8.069092	51.572754	-63.388916
-140.886178	8.066895	51.569580	-63.441406
-140.977730	8.067322	51.564453	-63.503662
-140.825143	8.065369	51.555664	-63.473755
-140.800729	8.065308	51.564453	-63.680054
-140.709176	8.064819	51.561279	-63.431030
-140.672555	8.063660	51.563232	-63.440186
-140.642037	8.062622	51.561279	-63.382202
-140.623727	8.062561	51.545410	-63.393799
-140.660348	8.061646	51.556152	-63.458496
-140.660348	8.060425	51.544922	-63.435913
-140.574898	8.059875	51.572021	-63.411499
-140.397896	8.058350	51.542725	-63.403564
-140.422311	8.058044	51.552490	-63.417603
-140.245309	8.057007	51.566406	-63.463379
-140.196480	8.055298	51.567627	-63.521362
-140.043893	8.055664	51.578125	-63.559814
-139.970650	8.053284	51.564697	-63.404785
-140.104928	8.053528	51.561523	-63.390747
-139.958443	8.052795	51.550293	-63.625732
-139.854684	8.051331	51.563965	-63.487793
-139.708199	8.051147	51.540283	-63.521973
-139.573922	8.049377	51.548584	-63.500610
-139.482369	8.049744	51.554687	-63.663574
-139.299264	8.048157	51.559814	-63.720337
-139.164986	8.047546	51.540283	-63.475586
-138.951363	8.047241	51.531006	-63.648315
-138.780465	8.046021	51.524170	-63.569580
-138.743844	8.045471	51.531494	-63.661743
-138.487496	8.045166	51.525879	-63.688599
-138.139596	8.044250	51.535156	-63.650757
-137.706246	8.044128	51.518311	-63.739868
-137.437691	8.041931	51.517822	-63.742310
-137.053170	8.042419	51.516357	-63.877808
-136.424508	8.041443	51.508301	-63.879639
-136.003365	8.039734	51.500000	-63.823486
-135.386910	8.040588	51.502686	-63.986450
-134.752145	8.040466	51.467285	-64.011475
-134.050240	8.039307	51.471436	-63.908325
-133.091988	8.038574	51.467529	-64.056030
-132.078805	8.037842	51.448730	-63.944946
-130.681100	8.037170	51.433350	-63.955933
-129.100289	8.036499	51.411621	-64.157349
-127.061715	8.035095	51.374756	-64.184204
-124.882760	8.035034	51.362793	-64.115845
-121.800484	8.034851	51.326416	-64.151245
-118.571725	8.034424	51.318115	-64.148193
-114.219918	8.034363	51.278320	-64.209229
-109.910836	8.033630	51.275635	-64.266602
-104.515328	8.033997	51.251221	-64.364868
-100.126900	8.033508	51.225342	-64.346558
-95.683541	8.033752	51.197510	-64.270264
-92.759957	8.033875	51.166260	-64.334961
-90.953316	8.032898	51.165039	-64.314819
-91.087594	8.033569	51.132812	-64.177490
-93.010201	8.033752	51.127686	-64.039551
-96.074166	8.034546	51.110352	-64.005981
-100.602975	8.034180	51.105225	-64.112183
-104.789986	8.032959	51.106934	-64.024902
-109.556832	8.035217	51.116455	-64.162842
-113.780465	8.034424	51.106201	-63.856445
-117.564645	8.034546	51.114258	-63.893677
-120.909371	8.035034	51.113525	-63.890015
-123.832955	8.034485	51.122803	-63.886353
-126.005807	8.035828	51.130615	-63.917480
-128.032174	8.035095	51.149170	-63.753296
-129.588570	8.034912	51.144043	-63.916260
-130.876412	8.036499	51.138916	-63.753296
-132.219186	8.036743	51.125000	-63.751465
-132.914986	8.035767	51.107666	-63.804565
-133.940377	8.036926	51.063477	-63.685547
-134.562936	8.037537	51.024170	-63.794800
-135.203805	8.037659	50.973145	-63.620239
-135.795846	8.037170	50.898682	-63.741699
-136.155953	8.036804	50.815430	-63.645874
-136.674752	8.038696	50.748779	-63.815552
-136.979928	8.037842	50.683350	-63.681885
-137.291207	8.038147	50.629150	-63.691040
-137.559762	8.039490	50.595947	-63.577515
-137.980904	8.040283	50.558594	-63.764282
-138.298287	8.040771	50.520264	-63.688599
-138.383736	8.041626	50.501709	-63.775879
-138.579049	8.041931	50.473389	-63.504272
-138.896432	8.042114	50.471191	-63.506104
-138.975777	8.042908	50.458740	-63.560425
-139.067330	8.043579	50.480957	-63.606812
-139.134469	8.044189	50.517822	-63.616577
-139.354195	8.043762	50.538818	-63.481079
-139.537301	8.045105	50.582764	-63.617798
-139.592232	8.044678	50.618652	-63.558594
-139.824166	8.046570	50.662842	-63.489624
-139.738717	8.045288	50.660156	-63.506104
-139.787545	8.046875	50.666016	-63.585449
-139.952340	8.047180	50.686768	-63.517700
-140.031686	8.046936	50.700439	-63.551270
-139.958443	8.047424	50.683350	-63.507935
-140.080514	8.048279	50.675049	-63.475586
-140.178170	8.049072	50.637939	-63.559814
-140.129342	8.047607	50.624023	-63.481079
-140.153756	8.049805	50.582764	-63.669067
-140.269723	8.049927	50.540039	-63.552490
-140.367379	8.050964	50.474121	-63.523193
-140.422311	8.051880	50.441895	-63.454834
-140.397896	8.050720	50.385498	-63.506104
-140.379586	8.051880	50.340332	-63.601929
-140.489449	8.052185	50.298340	-63.494507
-140.605416	8.052673	50.253662	-63.626953
-140.556588	8.054565	50.230713	-63.503052
-140.635934	8.052673	50.194580	-63.401123
-140.733590	8.054626	50.177734	-63.476807
-140.678658	8.055176	50.161865	-63.473145
-140.861764	8.054321	50.188477	-63.618408
-140.751900	8.054687	50.176758	-63.559814
-140.758004	8.054871	50.242432	-63.597046
-140.770211	8.055298	50.254395	-63.407227
-140.898385	8.055725	50.336182	-63.465820
-141.069283	8.056152	50.389404	-63.556763
-140.916695	8.055603	50.455322	-63.422485
-141.020455	8.056885	50.514404	-63.355957
-140.880074	8.056763	50.584473	-63.706909
-140.825143	8.056580	50.636719	-63.608643
-140.922799	8.054993	50.720703	-63.501831
-140.880074	8.056763	50.753662	-63.521973
-141.026559	8.058472	50.824951	-63.581787
-141.057076	8.056580	50.874756	-63.534790
-140.916695	8.055847	50.906494	-63.621460
-140.898385	8.056641	50.958008	-63.537842
-140.892281	8.057251	51.015137	-63.579956
-141.087594	8.058411	51.033936	-63.597656
-140.910592	8.056702	51.060059	-63.739258
-141.069283	8.058228	51.100342	-63.448730
-141.038766	8.058899	51.137939	-63.608643
-141.014352	8.058777	51.158203	-63.493286
-141.044869	8.058533	51.193359	-63.471313
-141.124215	8.058411	51.203857	-63.592163
-140.947213	8.058594	51.239746	-63.680054
-141.063180	8.058105	51.243896	-63.510986
-140.965523	8.059021	51.272461	-63.706299
-140.989937	8.059326	51.302002	-63.482300
-141.075387	8.059204	51.313477	-63.647095
-141.160836	8.058044	51.330811	-63.634277
-141.020455	8.057678	51.352051	-63.537842
-141.020455	8.058838	51.364258	-63.485352
-141.002145	8.058533	51.371582	-63.691040
-141.166939	8.057678	51.392090	-63.517090
-141.301217	8.057068	51.395752	-63.600098
-141.069283	8.056885	51.388672	-63.640381
-141.063180	8.055908	51.388428	-63.593994
-140.910592	8.056885	51.373291	-63.419434
-141.154732	8.056030	51.388428	-63.561646
-140.983834	8.055542	51.362305	-63.664185
-141.008248	8.055420	51.385742	-63.596436
-141.142525	8.055420	51.360596	-63.658691
-141.038766	8.055847	51.349609	-63.511597
-141.014352	8.053650	51.339844	-63.523804
-140.977730	8.054932	51.321289	-63.538452
-140.989937	8.053406	51.296143	-63.625732
-141.105904	8.054138	51.293701	-63.462769
-141.105904	8.053955	51.273682	-63.513428
-140.989937	8.052246	51.259033	-63.420044
-141.050973	8.053345	51.243652	-63.608032
-140.922799	8.051392	51.226562	-63.610474
-140.873971	8.051514	51.225342	-63.637329
-141.057076	8.051636	51.218750	-63.753296
-141.087594	8.050842	51.212158	-63.658081
-141.008248	8.049866	51.208740	-63.554932
-140.861764	8.048157	51.204102	-63.481079
-140.935006	8.048096	51.198975	-63.580566
-140.916695	8.046753	51.211670	-63.575073
-140.770211	8.046204	51.216553	-63.630005
-140.849557	8.045532	51.228027	-63.626343
-140.837350	8.044922	51.224854	-63.688599
-140.703072	8.044556	51.237549	-63.679443
-140.843453	8.043091	51.242432	-63.602539
-140.684762	8.042603	51.238281	-63.587891
-140.660348	8.041138	51.245605	-63.525024
-140.562691	8.040833	51.274170	-63.708740
-140.581002	8.039795	51.256836	-63.661743
-140.501656	8.039185	51.262207	-63.624512
-140.367379	8.038696	51.270508	-63.609863
-140.465035	8.037048	51.267822	-63.702026
-140.342965	8.035950	51.246094	-63.609253
-140.422311	8.036621	51.261963	-63.658081
-140.257516	8.034668	51.275879	-63.425537
-140.135445	8.033569	51.263672	-63.611084
-140.013375	8.032227	51.268066	-63.800903
-139.854684	8.031982	51.251465	-63.572632
-139.909615	8.031921	51.260498	-63.713013
-139.781441	8.030029	51.247314	-63.567749
-139.647164	8.029114	51.254883	-63.586670
-139.451852	8.028137	51.264893	-63.587280
-139.427437	8.027588	51.263184	-63.533569
-139.323678	8.026245	51.254883	-63.567749
-139.091744	8.025757	51.253418	-63.565308
-138.896432	8.024841	51.268066	-63.553711
-138.518014	8.023071	51.269775	-63.630005
-138.371529	8.022217	51.264404	-63.711792
-138.109078	8.021423	51.275635	-63.573853
-137.748971	8.020569	51.273682	-63.683105
-137.382760	8.020142	51.283203	-63.545166
-137.028756	8.018494	51.281250	-63.579956
-136.613717	8.016174	51.285156	-63.648315
-136.155953	8.014587	51.283936	-63.637939
-135.557809	8.014709	51.286377	-63.570190
-134.990182	8.014099	51.297119	-63.531128
-134.147896	8.012390	51.283936	-63.567139
-133.281197	8.012512	51.304932	-63.637329
-132.158150	8.011414	51.295654	-63.547607
-131.029000	8.010559	51.302246	-63.532959
-129.558053	8.009888	51.308105	-63.589111
-127.635445	8.009766	51.302734	-63.714844
-125.322213	8.007507	51.300293	-63.642212
-122.557320	8.007629	51.302246	-63.719116
-119.237008	8.005493	51.300781	-63.656860
-115.025582	8.005676	51.300293	-63.679443
-110.472359	8.004333	51.295654	-63.586060
-105.113473	8.004578	51.286133	-63.508545
-100.273385	8.003784	51.285645	-63.584839
-95.714059	8.001770	51.297363	-63.577515
-92.222848	8.001343	51.290039	-63.651367
-90.159859	8.000488	51.283447	-63.726440
-89.836373	7.998352	51.280518	-63.630005
-91.411080	7.998962	51.302490	-63.755737
-94.194283	7.997253	51.294189	-63.619019
-98.350777	7.996277	51.284424	-63.559814
-102.440133	7.993347	51.279053	-63.681274
-107.280221	7.992187	51.287598	-63.570190
-111.308541	7.993164	51.280029	-63.566528
-115.410104	7.991638	51.281982	-63.619629
-118.571725	7.989685	51.276123	-63.702026
-121.592965	7.987915	51.271729	-63.645874
-123.930611	7.987305	51.277344	-63.694702
-126.158395	7.985901	51.255615	-63.522583
-127.989449	7.983459	51.278320	-63.648926
-129.564156	7.982361	51.266846	-63.658081
-130.870309	7.981384	51.256592	-63.602539
-131.956734	7.980713	51.261719	-63.585449
-133.195748	7.979553	51.255859	-63.632446
-133.891549	7.978577	51.242920	-63.593994
-134.562936	7.977661	51.238037	-63.518921
-135.093941	7.977112	51.258789	-63.608643
-135.704293	7.975403	51.232910	-63.731323
-136.101021	7.974243	51.225830	-63.512207
-136.619820	7.973083	51.230713	-63.742920
-137.095895	7.970520	51.224365	-63.642212
-137.248482	7.969666	51.207275	-63.564697
-137.633004	7.968811	51.211182	-63.746582
-137.822213	7.967224	51.187012	-63.540283
-138.048043	7.965454	51.183350	-63.691650
-138.438668	7.963684	51.175537	-63.539062
-138.603463	7.963501	51.159180	-63.634277
-138.731637	7.960999	51.124023	-63.760010
-138.987984	7.959961	51.120361	-63.651978
-139.213814	7.958069	51.073730	-63.720337
-139.274850	7.956543	51.061523	-63.688599
-139.311471	7.955139	51.062744	-63.680664
-139.482369	7.954163	51.042969	-63.572632
-139.543404	7.952698	51.040039	-63.589111
-139.665475	7.950500	51.012939	-63.662964
-139.799752	7.948364	51.010742	-63.686768
-139.982857	7.947937	51.006836	-63.734375
-140.025582	7.945801	50.985596	-63.554321
-140.031686	7.945435	50.991455	-63.698364
-140.153756	7.943176	50.988525	-63.529297
-140.239205	7.941589	50.978516	-63.802124
-140.355172	7.939392	50.993408	-63.568359
-140.367379	7.937805	50.996338	-63.572632
-140.288033	7.937622	50.985596	-63.579346
-140.318551	7.935486	50.987061	-63.600098
-140.428414	7.933472	50.996582	-63.642212
-140.501656	7.932373	51.022705	-63.585449
-140.764107	7.931091	51.042969	-63.669678
-140.715279	7.928345	51.044922	-63.542114
-140.648141	7.927246	51.057617	-63.585449
-140.593209	7.924805	51.056396	-63.658691
-140.745797	7.923706	51.065674	-63.688599
-140.623727	7.920776	51.068359	-63.561035
-140.782418	7.918884	51.086182	-63.680054
-140.800729	7.916138	51.091797	-63.609863
-140.764107	7.915955	51.104248	-63.613525
-140.819039	7.913879	51.102783	-63.637939
-140.880074	7.912292	51.112305	-63.656250
-140.910592	7.909058	51.103271	-63.595215
-140.886178	7.908447	51.120850	-63.687988
-141.038766	7.906616	51.106445	-63.620239
-140.800729	7.904358	51.122314	-63.578125
-140.922799	7.903259	51.128906	-63.716064
-140.886178	7.901245	51.136719	-63.613525
-140.996041	7.898804	51.134033	-63.753906
-140.837350	7.896912	51.135498	-63.659912
-141.020455	7.897217	51.139893	-63.649536
-141.020455	7.893677	51.138672	-63.641602
-141.209664	7.893127	51.142334	-63.742310
-140.855660	7.892639	51.154541	-63.528687
-141.173043	7.891174	51.155273	-63.485352
-141.124215	7.888672	51.145508	-63.656250
-141.069283	7.887207	51.145996	-63.766113
-141.026559	7.884521	51.143555	-63.582397
-141.099801	7.882507	51.146729	-63.623901
-141.136422	7.881226	51.149902	-63.722778
-141.099801	7.879089	51.142090	-63.700195
-141.032662	7.878113	51.169678	-63.718506
-141.057076	7.876465	51.158936	-63.460937
-141.075387	7.873352	51.164307	-63.537842
-140.996041	7.872498	51.175049	-63.704468
-141.044869	7.871338	51.154297	-63.749023
-141.209664	7.868164	51.173828	-63.611694
-141.075387	7.867004	51.172852	-63.704468
-140.971627	7.862366	51.188232	-63.681885
-141.112008	7.860535	51.191406	-63.553711
-140.880074	7.858276	51.203857	-63.753906
-141.057076	7.857361	51.193115	-63.589111
-141.185250	7.854980	51.201904	-63.684326
-140.971627	7.855652	51.219727	-63.658081
-140.989937	7.855225	51.216309	-63.686157
-140.996041	7.857178	51.224854	-63.691040
-140.965523	7.859070	51.209229	-63.728271
-141.063180	7.860352	51.204834	-63.714844
-141.209664	7.863037	51.220215	-63.683716
-141.050973	7.867249	51.208740	-63.705078
-141.020455	7.870667	51.195312	-63.744141
-140.971627	7.873718	51.202148	-63.667847
-141.093697	7.878113	51.187012	-63.733765
