-138,467082	1,351624	-18,722242	-62,953613
-138,467082	1,351794	-18,783277	-62,785767
-138,503703	1,351868	-18,783277	-62,642944
-138,393840	1,351697	-18,727125	-62,797974
-138,515910	1,351782	-18,771070	-62,594727
-138,387736	1,352002	-18,749098	-62,733887
-138,302287	1,352026	-18,773512	-62,834595
-138,265666	1,352563	-18,732008	-62,758301
-138,406047	1,352856	-18,710035	-62,791260
-138,375529	1,353076	-18,744215	-62,846802
-138,302287	1,353748	-18,685621	-62,715576
-138,332805	1,353699	-18,710035	-62,826050
-138,174113	1,353748	-18,734449	-62,707642
-138,308391	1,353687	-18,705152	-62,661865
-138,137492	1,353442	-18,714918	-62,724731
-138,192424	1,353052	-18,797926	-62,730835
-138,308391	1,352600	-18,656324	-62,648437
-138,198527	1,352124	-18,661207	-62,664307
-138,149699	1,351782	-18,587965	-62,860229
-138,271770	1,351111	-18,688063	-62,783936
-138,302287	1,350659	-18,629469	-62,841309
-138,247355	1,350244	-18,570875	-62,653320
-138,100871	1,349878	-18,548902	-62,690552
-138,198527	1,349573	-18,546461	-62,733276
-138,106975	1,349353	-18,619703	-62,686279
-138,125285	1,349011	-18,514723	-62,873047
-138,168010	1,349023	-18,497633	-62,857178
-137,832316	1,349353	-18,370680	-62,765625
-138,149699	1,349146	-18,392652	-62,721680
-138,161906	1,349548	-18,360914	-62,647217
-138,094768	1,349426	-18,404859	-62,843750
-137,997111	1,349780	-18,329176	-62,652100
-138,064250	1,350098	-18,321852	-62,681396
-137,875041	1,350012	-18,255934	-62,714966
-137,814006	1,350000	-18,192457	-62,865112
-137,807902	1,350208	-18,148512	-62,887695
-137,752971	1,350232	-18,116773	-62,719849
-137,746867	1,350452	-18,048414	-62,708252
-137,698039	1,350134	-18,048414	-62,679565
-137,588176	1,350012	-18,080152	-62,863281
-137,453898	1,350244	-18,028883	-62,739990
-137,417277	1,350122	-17,997145	-62,773560
-137,313518	1,349939	-17,999586	-62,808350
-137,118205	1,349719	-17,962965	-62,834595
-137,032756	1,349536	-17,938551	-62,633179
-136,996135	1,349255	-17,928785	-62,678955
-136,721477	1,349048	-17,894605	-62,780273
-136,721477	1,348950	-17,928785	-62,830933
-136,538371	1,348303	-17,884840	-62,812012
-136,581096	1,347717	-17,862867	-62,765625
-136,538371	1,347888	-17,823805	-62,837646
-136,355266	1,347681	-17,836012	-62,630737
-136,098918	1,347510	-17,848219	-62,738770
-135,848674	1,347620	-17,862867	-62,907227
-135,696086	1,347583	-17,796949	-62,866943
-135,134562	1,347656	-17,787184	-62,880371
-135,018596	1,347998	-17,755445	-62,837036
-134,579143	1,347913	-17,816480	-62,899902
-134,212932	1,348584	-17,782301	-62,949341
-133,816203	1,348340	-17,804273	-62,653931
-133,254680	1,348535	-17,782301	-62,847412
-132,882365	1,348816	-17,755445	-62,817505
-132,363566	1,348950	-17,718824	-62,925537
-131,716594	1,348962	-17,682203	-63,109253
-130,727824	1,348657	-17,767652	-62,885864
-129,751262	1,348853	-17,767652	-62,951172
-128,329143	1,348352	-17,743238	-62,917603
-127,010783	1,348181	-17,770094	-62,888306
-125,820598	1,347986	-17,728590	-62,938965
-124,526652	1,347693	-17,772535	-62,948730
-123,446330	1,347437	-17,740797	-62,843140
-122,530803	1,347144	-17,711500	-63,010376
-121,914348	1,346899	-17,762770	-62,948120
-121,725139	1,346521	-17,723707	-63,052490
-121,969279	1,346313	-17,689527	-63,119629
-122,634563	1,346033	-17,706617	-62,874878
-123,318156	1,346094	-17,748121	-62,819946
-123,959025	1,345898	-17,696852	-62,833984
-124,386271	1,345569	-17,750563	-62,739990
-124,935588	1,345300	-17,809156	-62,966431
-125,625285	1,344946	-17,760328	-62,924316
-126,302775	1,345129	-17,804273	-62,915771
-127,401408	1,344958	-17,789625	-62,826050
-128,414592	1,345300	-17,757887	-62,995117
-129,916057	1,345312	-17,821363	-62,932861
-130,855998	1,344983	-17,713941	-62,940796
-131,905803	1,345459	-17,745680	-62,844971
-132,650432	1,345227	-17,782301	-62,726562
-133,407268	1,345776	-17,784742	-62,962769
-133,681926	1,345984	-17,801832	-62,996338
-134,194621	1,345984	-17,806715	-62,746704
-134,316691	1,345764	-17,792066	-62,934692
-134,847697	1,345825	-17,811598	-62,865112
-135,073527	1,345752	-17,794508	-62,966431
-135,561809	1,345740	-17,804273	-63,007324
-135,714396	1,345422	-17,940992	-62,906006
-136,080607	1,344983	-17,862867	-62,928589
-136,294230	1,344666	-17,887281	-62,898682
-136,452922	1,344006	-17,867750	-62,743652
-136,733684	1,343860	-17,855543	-62,882202
-136,825236	1,343579	-17,867750	-62,888306
-136,928996	1,343091	-17,882398	-62,995728
-137,105998	1,342993	-17,884840	-63,020142
-137,087687	1,342444	-17,904371	-62,871216
-137,209758	1,342627	-17,916578	-62,904175
-137,325725	1,342188	-17,862867	-62,976196
-137,411174	1,341870	-17,882398	-62,915771
-137,405070	1,341699	-17,870191	-62,854126
-137,386760	1,342029	-17,865309	-62,799805
-137,545451	1,342102	-17,906813	-62,995117
-137,527141	1,341882	-17,853102	-62,942627
-137,704143	1,341931	-17,862867	-62,953613
-137,637004	1,342151	-17,926344	-62,750366
-137,789592	1,342224	-17,916578	-62,869995
-137,832316	1,342004	-17,914137	-63,120239
-137,868937	1,342139	-17,877516	-63,022583
-137,728557	1,342542	-17,901930	-62,932861
-138,058146	1,342444	-17,936109	-62,841309
-137,936076	1,342395	-17,850660	-63,023193
-138,009318	1,342444	-17,999586	-63,000610
-138,033732	1,342444	-18,009352	-62,939575
-138,082561	1,342383	-17,928785	-63,065918
-138,168010	1,342126	-18,002027	-62,943848
-138,143596	1,341895	-17,967848	-62,877930
-138,131389	1,341223	-18,060621	-62,928589
-138,277873	1,340918	-18,085035	-62,946899
-138,186320	1,340637	-18,065504	-62,897461
-138,216838	1,340503	-18,075270	-63,060425
-138,106975	1,340063	-18,075270	-62,927979
-138,235148	1,339526	-18,163160	-63,038452
-138,283977	1,339355	-18,236402	-63,090942
-138,277873	1,339392	-18,246168	-63,014038
-138,369426	1,338904	-18,287672	-63,168457
-138,375529	1,338928	-18,307203	-63,086060
-138,454875	1,339063	-18,309645	-63,096436
-138,613566	1,338818	-18,387770	-63,175781
-138,528117	1,339160	-18,390211	-63,074463
-138,601359	1,339026	-18,421949	-63,219727
-138,442668	1,339087	-18,482984	-62,880981
-138,412150	1,339075	-18,443922	-63,060425
-138,491496	1,339099	-18,565992	-63,284424
-138,515910	1,338940	-18,575758	-63,250854
-138,418254	1,339050	-18,592848	-63,361938
-138,515910	1,339099	-18,597730	-63,086670
-138,387736	1,338977	-18,649000	-63,352173
-138,485393	1,338806	-18,746656	-63,322266
-138,595256	1,338867	-18,707594	-63,351562
-138,570842	1,338599	-18,744215	-63,542603
-138,576945	1,338110	-18,863844	-63,465088
-138,589152	1,337854	-18,863844	-63,506592
-138,625773	1,337415	-18,893141	-63,436401
-138,637980	1,337390	-18,871168	-63,438232
-138,601359	1,336951	-18,898023	-63,470581
-138,570842	1,336414	-18,915113	-63,513306
-138,613566	1,335742	-18,939527	-63,469360
-138,601359	1,335632	-18,915113	-63,321655
-138,601359	1,335242	-18,934645	-63,379028
-138,650187	1,334827	-18,990797	-63,302124
-138,546428	1,334583	-19,020094	-63,669556
-138,650187	1,334119	-18,951734	-63,630493
-138,595256	1,333948	-19,007887	-63,673218
-138,656291	1,334058	-19,003004	-63,449219
-138,583049	1,333643	-18,949293	-63,778198
-138,564738	1,333936	-19,037184	-63,490723
-138,717326	1,333716	-19,029859	-63,454102
-138,540324	1,333484	-18,978590	-63,653687
-138,625773	1,333862	-18,954176	-63,581055
-138,570842	1,333875	-18,968824	-63,520630
-138,601359	1,333398	-18,978590	-63,455322
-138,711223	1,333374	-18,946852	-63,516357
-138,833293	1,333398	-19,020094	-63,482788
-138,814982	1,333289	-18,954176	-63,493164
-138,753947	1,333130	-18,961500	-63,544434
-138,686809	1,332947	-18,898023	-63,580444
-138,674602	1,332520	-19,007887	-63,480347
-138,631877	1,332227	-18,937086	-63,400391
-138,827189	1,331799	-18,893141	-63,543213
-138,650187	1,331641	-18,983473	-63,404663
-138,668498	1,331274	-18,951734	-63,440063
-138,637980	1,330750	-18,915113	-63,369263
-138,662395	1,330371	-18,912672	-63,310059
-138,778361	1,329822	-18,917555	-63,364990
-138,637980	1,329614	-18,978590	-63,222168
-138,625773	1,329211	-18,927320	-63,276489
-138,729533	1,328613	-18,861402	-63,245972
-138,699016	1,328442	-18,868727	-63,222168
-138,650187	1,328137	-18,876051	-63,169678
-138,662395	1,327771	-18,905348	-63,239868
-138,558635	1,327551	-18,893141	-63,169678
-138,827189	1,327417	-18,834547	-63,408325
-138,717326	1,327515	-18,868727	-63,135498
-138,595256	1,327368	-18,856520	-63,227051
-138,729533	1,327478	-18,868727	-63,026245
-138,662395	1,327283	-18,841871	-63,194092
-138,699016	1,327368	-18,841871	-63,222168
-138,644084	1,327405	-18,856520	-63,106201
-138,760051	1,327319	-18,876051	-63,048828
-138,760051	1,327026	-18,849195	-63,031128
-138,699016	1,327051	-18,880934	-63,181274
-138,607463	1,326697	-18,910230	-62,890137
-138,760051	1,326306	-18,951734	-63,178833
-138,717326	1,326123	-18,934645	-63,011597
-138,650187	1,325928	-18,946852	-63,067139
-138,686809	1,325391	-18,905348	-62,956665
-138,717326	1,324988	-18,951734	-62,884033
-138,747844	1,324756	-18,976148	-62,957275
-138,631877	1,324133	-18,932203	-63,114136
-138,595256	1,323865	-18,976148	-63,061035
-138,686809	1,323499	-19,039625	-62,804077
-138,607463	1,323145	-19,024977	-63,089722
-138,656291	1,322888	-19,071363	-62,905396
-138,692912	1,322327	-19,105543	-62,904785
-138,778361	1,322375	-19,117750	-62,954224
-138,747844	1,322046	-19,183668	-63,018921
-138,784465	1,321680	-19,176344	-62,996338
-138,796672	1,321472	-19,225172	-62,844971
-138,790568	1,321228	-19,249586	-62,908447
-138,735637	1,321057	-19,274000	-62,881592
-138,753947	1,321313	-19,271559	-63,109253
-138,766154	1,321045	-19,339918	-63,108643
-138,497600	1,321057	-19,347242	-62,996948
-138,692912	1,321057	-19,393629	-63,032959
-138,711223	1,321021	-19,461988	-62,955444
-138,662395	1,320691	-19,366773	-62,795532
-138,686809	1,320251	-19,501051	-62,959717
-138,552531	1,320337	-19,606031	-62,969482
-138,729533	1,319910	-19,537672	-63,019531
-138,705119	1,319409	-19,671949	-62,989014
-138,680705	1,319055	-19,542555	-62,802246
-138,637980	1,318762	-19,593824	-62,921265
-138,692912	1,318518	-19,674391	-62,972534
-138,625773	1,317749	-19,628004	-63,023804
-138,735637	1,317456	-19,681715	-63,060425
-138,619670	1,316858	-19,703688	-62,915771
-138,692912	1,316516	-19,762281	-62,948730
-138,772258	1,315857	-19,764723	-62,898682
-138,692912	1,315417	-19,803785	-62,767456
-138,601359	1,315198	-19,723219	-62,790039
-138,674602	1,314795	-19,825758	-62,846802
-138,760051	1,314331	-19,823316	-62,922485
-138,601359	1,314282	-19,818434	-63,161743
-138,711223	1,314136	-19,808668	-62,990845
-138,668498	1,313953	-19,879469	-62,815674
-138,808879	1,313940	-19,859938	-62,972534
-138,680705	1,313416	-19,862379	-62,875488
-138,656291	1,313367	-19,847730	-62,877930
-138,546428	1,313123	-19,842848	-62,940796
-138,656291	1,313123	-19,803785	-62,985352
-138,467082	1,312781	-19,889234	-62,901123
-138,454875	1,312537	-19,891676	-63,021973
-138,601359	1,312622	-19,842848	-62,848022
-138,448771	1,312170	-19,845289	-62,948120
-138,644084	1,312109	-19,845289	-62,873657
-138,515910	1,311731	-19,855055	-62,925537
-138,656291	1,311584	-19,974684	-62,993286
-138,546428	1,311084	-19,891676	-62,873657
-138,552531	1,310913	-19,874586	-62,958496
-138,656291	1,310461	-19,837965	-62,830933
-138,503703	1,310144	-19,911207	-62,934692
-138,570842	1,309705	-19,913648	-63,046997
-138,528117	1,309045	-19,938063	-63,061035
-138,583049	1,308264	-20,011305	-63,067139
-138,497600	1,308484	-19,920973	-62,925537
-138,479289	1,307764	-20,013746	-62,953003
-138,644084	1,307666	-19,952711	-62,942017
-138,522014	1,307043	-20,028395	-63,106812
-138,534221	1,306689	-19,999098	-62,888306
-138,564738	1,306372	-19,972242	-62,931641
-138,760051	1,306226	-20,030836	-62,968262
-138,631877	1,306189	-20,065016	-62,888306
-138,576945	1,306030	-20,074781	-62,874878
-138,619670	1,305872	-20,038160	-62,841919
-138,595256	1,305811	-20,101637	-62,882812
-138,576945	1,305664	-20,091871	-62,872437
-138,595256	1,305750	-20,072340	-63,056763
-138,479289	1,305713	-20,086988	-62,845581
-138,613566	1,305383	-20,160230	-62,830933
-138,406047	1,305273	-20,160230	-62,777222
-138,552531	1,305127	-20,172438	-63,095215
-138,546428	1,304895	-20,167555	-62,843140
-138,491496	1,304761	-20,191969	-62,911499
-138,436564	1,304041	-20,243238	-62,855347
-138,399943	1,304028	-20,201734	-62,988403
-138,363322	1,303662	-20,169996	-63,039062
-138,375529	1,303528	-20,245680	-62,975586
-138,430461	1,302942	-20,255445	-62,927979
-138,363322	1,302759	-20,267652	-62,851074
-138,509807	1,302429	-20,233473	-62,882812
-138,534221	1,302246	-20,309156	-62,903564
-138,308391	1,302039	-20,309156	-62,792480
-138,515910	1,301929	-20,304273	-62,839478
-138,540324	1,301343	-20,401930	-62,924316
-138,503703	1,300977	-20,394605	-62,992676
-138,393840	1,300916	-20,443434	-63,091553
-138,399943	1,300769	-20,379957	-62,905396
-138,583049	1,300671	-20,440992	-62,871826
-138,381633	1,300244	-20,372633	-63,079346
-138,375529	1,300330	-20,453199	-63,040894
-138,345012	1,300244	-20,472730	-62,868774
-138,467082	1,300208	-20,533766	-63,048828
-138,473186	1,300049	-20,555738	-63,076904
-138,357219	1,299963	-20,521559	-62,977417
-138,351115	1,299854	-20,499586	-62,976196
-138,399943	1,299951	-20,602125	-62,910278
-138,406047	1,299609	-20,545973	-62,714355
-138,381633	1,299512	-20,604566	-62,968262
-138,454875	1,298999	-20,624098	-62,899902
-138,265666	1,299182	-20,658277	-62,871826
-138,375529	1,298474	-20,680250	-63,194702
-138,345012	1,298340	-20,660719	-62,947510
-138,180217	1,297827	-20,655836	-63,056763
-138,186320	1,297400	-20,741285	-62,924927
-138,406047	1,297278	-20,709547	-63,061035
-138,442668	1,296802	-20,794996	-63,120850
-138,277873	1,296545	-20,799879	-62,911499
-138,235148	1,295874	-20,758375	-62,993286
-138,265666	1,296008	-20,804762	-62,779053
-138,357219	1,295728	-20,824293	-62,744263
-138,363322	1,295239	-20,807203	-63,204468
-138,204631	1,295435	-20,851148	-62,849243
-138,345012	1,294971	-20,887770	-62,792480
-138,082561	1,295239	-20,958570	-63,000610
-138,143596	1,294653	-20,895094	-62,956055
-138,363322	1,294604	-20,934156	-62,961548
-138,143596	1,294373	-20,929273	-63,093384
-138,253459	1,294324	-20,980543	-62,994507
-138,045939	1,294141	-20,992750	-63,058594
-138,106975	1,294043	-21,031813	-62,968872
-138,131389	1,293958	-21,051344	-62,972534
-138,021525	1,293970	-21,061109	-62,941406
-137,972697	1,293933	-21,073316	-62,852295
-138,076457	1,293884	-21,044020	-62,998169
-137,954387	1,293542	-21,114820	-62,868164
-137,875041	1,293359	-21,136793	-62,782715
-137,795695	1,293140	-21,166090	-62,775391
-137,649211	1,292908	-21,129469	-63,021362
-137,679729	1,292786	-21,134352	-62,963989
-137,563762	1,292432	-21,170973	-62,969482
-137,545451	1,292188	-21,170973	-62,864502
-137,252482	1,291833	-21,144117	-63,101318
-137,313518	1,291260	-21,219801	-62,762573
-137,252482	1,290942	-21,283277	-62,868774
-137,142619	1,290454	-21,293043	-62,906006
-136,953410	1,290210	-21,273512	-62,868164
-137,081584	1,289758	-21,324781	-62,874878
-136,874064	1,289587	-21,341871	-62,880981
-136,605510	1,289563	-21,398023	-62,927979
-136,526164	1,289355	-21,329664	-62,953613
-136,251506	1,289233	-21,371168	-63,015259
-136,098918	1,289136	-21,402906	-62,954834
-135,891398	1,289148	-21,395582	-62,936523
-135,537395	1,289136	-21,395582	-62,999390
-135,342082	1,288904	-21,468824	-63,148926
-134,951457	1,288794	-21,432203	-63,005493
-134,505900	1,288953	-21,439527	-63,038452
-134,011516	1,288660	-21,437086	-63,200806
-133,578166	1,288647	-21,510328	-63,072021
-133,010539	1,288647	-21,554273	-62,994507
-132,137736	1,288611	-21,586012	-62,916992
-131,356486	1,288660	-21,634840	-62,958496
-130,331096	1,288367	-21,607984	-63,006714
-129,116496	1,287915	-21,612867	-63,047607
-128,005656	1,287756	-21,654371	-62,908447
-126,675090	1,287634	-21,588453	-63,115356
-125,509318	1,287622	-21,647047	-63,130005
-124,612102	1,287317	-21,669020	-63,108032
-123,983439	1,286938	-21,637281	-63,020752
-123,495158	1,286963	-21,752027	-63,057983
-123,482951	1,286499	-21,778883	-63,017090
-123,739299	1,286304	-21,732496	-62,868164
-124,172648	1,286194	-21,754469	-63,018311
-124,960002	1,285999	-21,771559	-63,092773
-125,832805	1,285535	-21,803297	-62,954834
-127,029094	1,285376	-21,810621	-62,993286
-127,914104	1,285474	-21,900953	-62,922485
-129,049357	1,285291	-21,859449	-62,879150
-130,050334	1,285022	-21,805738	-63,019531
-130,874309	1,284753	-21,900953	-63,015869
-131,820354	1,284656	-21,905836	-63,021362
-132,662639	1,284839	-21,925367	-63,001831
-133,126506	1,284436	-21,937574	-63,239258
-133,797893	1,284302	-21,925367	-62,972534
-134,505900	1,284631	-21,940016	-62,996948
-134,762248	1,284558	-21,944898	-63,101318
-135,018596	1,284155	-22,030348	-63,097046
-135,366496	1,283887	-21,940016	-63,153809
-135,647258	1,283899	-22,020582	-62,948730
-135,940227	1,283557	-22,079176	-62,907227
-136,269816	1,283435	-22,025465	-63,042114
-136,568889	1,282825	-22,101148	-62,943237
-136,764201	1,282544	-22,108473	-63,009155
-136,953410	1,282153	-22,098707	-63,017700
-137,093791	1,282227	-22,147535	-62,828491
-137,154826	1,281970	-22,137770	-62,967651
-137,411174	1,281348	-22,106031	-62,968872
-137,331828	1,281372	-22,196363	-63,251465
-137,557658	1,280957	-22,164625	-63,112915
-137,472209	1,280688	-22,213453	-63,142212
-137,502727	1,280322	-22,176832	-62,979858
-137,569865	1,280273	-22,230543	-63,133667
-137,746867	1,279700	-22,206129	-63,062866
-137,838420	1,279504	-22,218336	-63,087280
-137,887248	1,279541	-22,237867	-63,223999
-137,868937	1,279236	-22,301344	-63,036011
-137,991008	1,278992	-22,250074	-63,077515
-137,972697	1,278906	-22,311109	-63,091553
-138,131389	1,278503	-22,313551	-63,186768
-138,064250	1,278638	-22,340406	-62,952393
-138,070354	1,278394	-22,291578	-63,019531
-138,186320	1,278223	-22,384352	-62,926147
-138,161906	1,277905	-22,357496	-63,126343
-138,174113	1,277954	-22,391676	-63,044556
-138,345012	1,277954	-22,467359	-63,189819
-138,131389	1,277405	-22,543043	-63,213623
-138,113078	1,277490	-22,579664	-62,999390
-138,229045	1,277014	-22,506422	-63,123291
-138,485393	1,276526	-22,601637	-63,173950
-138,332805	1,276257	-22,621168	-63,045166
-138,467082	1,275977	-22,652906	-63,023193
-138,302287	1,275574	-22,635816	-63,073853
-138,399943	1,275244	-22,738355	-63,085449
-138,460979	1,274792	-22,757887	-63,021973
-138,418254	1,274500	-22,814039	-63,190430
-138,473186	1,274219	-22,911695	-63,223999
-138,485393	1,273669	-22,931227	-63,268555
-138,497600	1,273779	-23,089918	-63,084839
-138,522014	1,273328	-23,041090	-63,083618
-138,485393	1,273206	-23,063063	-63,164185
-138,467082	1,272949	-23,170484	-63,120239
-138,473186	1,272864	-23,190016	-63,021362
-138,637980	1,272681	-23,248609	-63,123291
-138,613566	1,272498	-23,265699	-63,059814
-138,686809	1,272302	-23,312086	-63,303955
-138,619670	1,272229	-23,292555	-63,197144
-138,601359	1,272095	-23,368238	-63,147705
-138,564738	1,271680	-23,390211	-63,215454
-138,619670	1,271765	-23,373121	-63,319214
-138,827189	1,271643	-23,385328	-63,289307
-138,631877	1,271265	-23,458570	-63,184937
-138,668498	1,271204	-23,412184	-63,317383
-138,619670	1,270679	-23,478102	-63,485840
-138,589152	1,270422	-23,412184	-63,418701
-138,692912	1,270459	-23,446363	-63,402222
-138,619670	1,270093	-23,475660	-63,381470
-138,735637	1,270117	-23,461012	-63,113525
-138,717326	1,269702	-23,526930	-63,380249
-138,674602	1,269397	-23,482984	-63,307007
-138,741740	1,269360	-23,424391	-63,212402
-138,668498	1,268958	-23,353590	-63,300903
-138,668498	1,268628	-23,441480	-63,379028
-138,650187	1,268457	-23,407301	-63,470581
-138,699016	1,267908	-23,436598	-63,170288
-138,705119	1,267786	-23,373121	-63,319824
-138,808879	1,267529	-23,402418	-63,266724
-138,637980	1,267175	-23,436598	-63,302124
-138,796672	1,267004	-23,378004	-63,223389
-138,674602	1,266968	-23,365797	-63,281372
-138,741740	1,266858	-23,353590	-63,105591
-138,680705	1,266553	-23,397535	-63,252686
-138,534221	1,266504	-23,373121	-63,185547
-138,717326	1,265833	-23,390211	-63,476074
-138,814982	1,265894	-23,324293	-63,250854
-138,656291	1,266064	-23,373121	-63,292358
-138,723430	1,265588	-23,353590	-63,175171
-138,753947	1,265344	-23,338941	-63,245972
-138,747844	1,265222	-23,326734	-63,177612
-138,784465	1,265161	-23,290113	-63,250244
-138,784465	1,264807	-23,331617	-63,217896
-138,827189	1,264636	-23,341383	-63,288696
-138,827189	1,264355	-23,338941	-63,200806
-138,741740	1,264026	-23,365797	-63,138550
-138,937053	1,263696	-23,346266	-63,202637
-138,717326	1,263416	-23,329176	-63,172119
-138,753947	1,263159	-23,299879	-63,266724
-138,821086	1,262744	-23,287672	-63,389404
-138,924846	1,262219	-23,316969	-63,238647
-138,851604	1,262085	-23,321852	-63,352173
-138,894328	1,261768	-23,329176	-63,234375
-138,863811	1,261438	-23,280348	-63,216675
-138,796672	1,261096	-23,321852	-63,287476
-138,869914	1,260950	-23,358473	-63,263672
-138,827189	1,260596	-23,294996	-63,408325
-138,741740	1,260522	-23,414625	-63,278931
-138,802775	1,260315	-23,368238	-63,048828
-138,808879	1,259961	-23,351148	-63,051270
-138,784465	1,259949	-23,429273	-63,249023
-138,851604	1,259583	-23,441480	-63,103760
-138,589152	1,259570	-23,365797	-63,070801
-138,631877	1,259546	-23,346266	-63,267944
-138,839396	1,259387	-23,390211	-63,136108
-138,796672	1,259131	-23,397535	-63,101929
-138,814982	1,259229	-23,363355	-63,093384
-138,814982	1,259253	-23,387770	-63,260620
-138,802775	1,258789	-23,412184	-63,115967
-138,747844	1,258545	-23,421949	-63,110474
-138,900432	1,258215	-23,458570	-63,269775
-138,699016	1,257910	-23,441480	-63,256348
-138,699016	1,257385	-23,434156	-62,992676
-138,711223	1,257239	-23,458570	-63,164185
-138,827189	1,257007	-23,514723	-63,187988
-138,845500	1,256714	-23,441480	-63,376587
-138,674602	1,256348	-23,475660	-63,172729
-138,753947	1,256421	-23,451246	-63,190430
-138,900432	1,256140	-23,526930	-63,144043
-138,869914	1,255920	-23,507398	-63,193481
-138,857707	1,255640	-23,485426	-63,285034
-138,900432	1,255139	-23,482984	-63,057373
-138,900432	1,255444	-23,539137	-63,191040
-138,662395	1,255127	-23,565992	-63,333252
-138,784465	1,254968	-23,517164	-63,083618
-138,723430	1,254724	-23,597730	-63,085449
-138,741740	1,254749	-23,561109	-63,238037
-138,662395	1,254431	-23,529371	-63,093384
-138,637980	1,254578	-23,597730	-63,156250
-138,784465	1,254456	-23,609938	-62,972534
-138,821086	1,254199	-23,634352	-63,071411
-138,796672	1,253967	-23,583082	-63,057373
-138,692912	1,253613	-23,619703	-63,349731
-138,888225	1,253662	-23,685621	-63,355225
-138,766154	1,253540	-23,646559	-63,225830
-138,747844	1,253418	-23,668531	-63,092163
-138,796672	1,253284	-23,710035	-63,461426
-138,692912	1,253296	-23,673414	-63,146484
-138,650187	1,253259	-23,722242	-63,407715
-138,900432	1,252893	-23,663648	-63,122681
-138,766154	1,252808	-23,697828	-63,034180
-138,802775	1,252588	-23,785719	-63,106812
-138,699016	1,252209	-23,790602	-63,270386
-138,656291	1,252405	-23,817457	-63,169067
-138,778361	1,251807	-23,829664	-63,332642
-138,741740	1,251733	-23,817457	-63,051270
-138,839396	1,251648	-23,768629	-63,172729
-138,656291	1,251721	-23,817457	-63,174561
-138,576945	1,251318	-23,827223	-63,182495
-138,668498	1,251196	-23,929762	-63,222778
-138,570842	1,251025	-23,907789	-63,112305
-138,637980	1,251062	-23,876051	-63,289917
-138,741740	1,250562	-23,883375	-63,313110
-138,778361	1,250684	-23,893141	-63,178223
-138,692912	1,250562	-23,927320	-63,133057
-138,564738	1,250317	-23,956617	-63,088501
-138,760051	1,250269	-23,971266	-63,334473
-138,747844	1,250476	-23,971266	-63,106812
-138,589152	1,250073	-23,998121	-63,209351
-138,692912	1,250085	-23,993238	-63,134277
-138,747844	1,249951	-24,027418	-63,408936
-138,674602	1,249670	-24,010328	-63,125122
-138,699016	1,249512	-24,049391	-63,194702
-138,534221	1,249500	-24,010328	-63,188599
-138,564738	1,249341	-24,020094	-63,312500
-138,564738	1,249084	-24,029859	-63,218506
-138,680705	1,248865	-24,059156	-63,315552
-138,503703	1,248682	-24,127516	-63,280762
-138,644084	1,248535	-24,122633	-63,242310
-138,717326	1,248145	-24,169020	-63,084839
-138,668498	1,248193	-24,164137	-63,297852
-138,723430	1,247937	-24,115309	-63,219116
-138,692912	1,247668	-24,205641	-63,299072
-138,656291	1,247400	-24,169020	-63,275879
-138,418254	1,247278	-24,120191	-63,119629
-138,619670	1,247144	-24,208082	-63,262451
-138,503703	1,246997	-24,288648	-63,096436
-138,473186	1,246704	-24,271559	-63,165405
-138,412150	1,246655	-24,242262	-63,093994
-138,454875	1,246497	-24,317945	-63,124512
-138,467082	1,246338	-24,252027	-63,112915
-138,412150	1,246497	-24,349684	-63,089722
-138,613566	1,246387	-24,222730	-63,247192
-138,534221	1,246082	-24,317945	-63,173950
-138,570842	1,246436	-24,369215	-63,404663
-138,534221	1,246033	-24,378980	-63,097656
-138,601359	1,245691	-24,347242	-63,158691
-138,479289	1,245667	-24,398512	-63,269165
-138,424357	1,245569	-24,393629	-63,145264
-138,534221	1,245215	-24,420484	-63,213013
-138,430461	1,245203	-24,420484	-63,081177
-138,302287	1,245117	-24,457105	-63,245972
-138,430461	1,244958	-24,527906	-63,166016
-138,503703	1,244690	-24,493727	-63,136719
-138,460979	1,244263	-24,479078	-63,117187
-138,576945	1,244385	-24,508375	-63,405884
-138,625773	1,244226	-24,574293	-63,281372
-138,393840	1,243665	-24,532789	-63,243530
-138,479289	1,243774	-24,513258	-63,222168
-138,522014	1,243616	-24,552320	-63,264282
-138,357219	1,243176	-24,608473	-63,152588
-138,399943	1,243140	-24,537672	-63,108643
-138,302287	1,242908	-24,581617	-63,012207
-138,320598	1,242932	-24,628004	-63,064697
-138,351115	1,242773	-24,647535	-63,449219
-138,424357	1,242688	-24,659742	-63,242310
-138,351115	1,242542	-24,669508	-63,234985
-138,406047	1,242358	-24,723219	-63,257568
-138,290080	1,242261	-24,691480	-63,396729
-138,357219	1,242249	-24,684156	-63,153809
-138,283977	1,241858	-24,750074	-63,263672
-138,369426	1,241736	-24,676832	-63,329590
-138,283977	1,241589	-24,728102	-63,271606
-138,308391	1,241614	-24,745191	-63,181274
-138,302287	1,241528	-24,774488	-63,150757
-138,168010	1,241492	-24,818434	-63,262451
-138,271770	1,241321	-24,808668	-63,263062
-138,186320	1,240930	-24,842848	-63,222778
-138,168010	1,240820	-24,840406	-63,273437
-138,271770	1,241040	-24,894117	-63,297852
-138,155803	1,240613	-24,886793	-63,177612
-138,277873	1,240076	-24,957594	-63,119629
-137,991008	1,240186	-25,013746	-63,240479
-138,100871	1,239893	-24,933180	-63,228271
-138,192424	1,239868	-24,996656	-63,242920
-138,064250	1,239551	-25,040602	-63,250244
-137,929973	1,239404	-25,001539	-63,184937
-138,003215	1,238965	-25,035719	-63,020142
-137,936076	1,238916	-25,033277	-63,307007
-137,887248	1,238611	-25,062574	-63,234985
-138,222941	1,238367	-25,086988	-63,237427
-138,021525	1,238220	-25,104078	-63,150757
-137,807902	1,237744	-25,148023	-63,303955
-137,752971	1,237927	-25,111402	-63,047607
-137,746867	1,237646	-25,152906	-63,443726
-137,710246	1,237402	-25,184645	-63,218506
-137,679729	1,237231	-25,218824	-63,274048
-137,472209	1,237207	-25,209059	-63,270386
-137,453898	1,236938	-25,233473	-63,548706
-137,270793	1,236816	-25,191969	-63,388184
-137,221965	1,236548	-25,231031	-63,122681
-137,093791	1,236243	-25,299391	-63,328979
-136,922893	1,235864	-25,306715	-63,229492
-136,837443	1,235730	-25,289625	-63,169067
-136,562785	1,235632	-25,323805	-63,124512
-136,306437	1,235059	-25,365309	-63,235596
-136,172160	1,234839	-25,394605	-63,269775
-135,891398	1,234607	-25,397047	-63,183716
-135,641154	1,234424	-25,453199	-63,387573
-135,372600	1,234021	-25,426344	-63,365601
-134,933146	1,233813	-25,360426	-63,232544
-134,512004	1,233582	-25,497145	-63,264282
-134,194621	1,233252	-25,482496	-63,266724
-133,706340	1,232996	-25,484938	-63,150757
-133,126506	1,232947	-25,506910	-63,135498
-132,662639	1,232544	-25,545973	-63,169067
-131,869182	1,232324	-25,506910	-63,119629
-131,045207	1,231897	-25,582594	-63,474243
-130,038127	1,231604	-25,636305	-63,357666
-129,024943	1,231384	-25,592359	-63,373535
-128,158244	1,231042	-25,665602	-63,229492
-127,047404	1,230811	-25,697340	-63,214233
-126,076945	1,230750	-25,699781	-63,487671
-125,344523	1,230103	-25,628980	-63,205078
-124,953898	1,229944	-25,748609	-63,298462
-124,850139	1,229871	-25,765699	-63,217285
-124,911174	1,229211	-25,755934	-63,382690
-125,338420	1,229602	-25,748609	-63,383301
-126,022014	1,228992	-25,760816	-63,324097
-126,803264	1,228796	-25,821852	-63,307617
-127,718791	1,228247	-25,794996	-63,375366
-128,646525	1,228296	-25,819410	-63,319824
-129,732951	1,228027	-25,792555	-63,462036
-130,654582	1,227515	-25,809645	-63,248413
-131,460246	1,227087	-25,843824	-63,142822
-132,314738	1,226904	-25,890211	-63,229492
-133,175334	1,226599	-25,880445	-63,394897
-133,724650	1,226270	-25,897535	-63,357056
-134,200725	1,225952	-25,970777	-63,322876
-134,731730	1,225842	-25,995191	-63,379639
-135,097941	1,225159	-26,007398	-63,276489
-135,409221	1,224731	-25,978102	-63,368652
-135,726604	1,224390	-26,092848	-63,524902
-136,068400	1,224207	-26,039137	-63,110474
-136,190471	1,223816	-26,090406	-63,393677
-136,404094	1,223877	-26,078199	-63,150757
-136,434611	1,223401	-26,090406	-63,363770
-136,672648	1,222986	-26,080641	-63,413208
-136,819133	1,222888	-26,173414	-63,251465
-137,038859	1,222498	-26,134352	-63,226440
-137,191447	1,222412	-26,134352	-62,984131
-137,283000	1,222156	-26,168531	-63,357666
-137,331828	1,221912	-26,183180	-63,316772
-137,417277	1,221411	-26,190504	-63,206909
-137,582072	1,221362	-26,227125	-63,352783
-137,527141	1,220972	-26,339430	-63,252686
-137,643107	1,220837	-26,297926	-63,256348
-137,722453	1,220557	-26,285719	-63,332642
-137,765178	1,220142	-26,285719	-63,252075
-137,795695	1,219983	-26,322340	-63,416260
-137,838420	1,219568	-26,302809	-63,354004
-137,887248	1,219263	-26,402906	-63,311279
-138,045939	1,218811	-26,405348	-63,327148
-138,039836	1,218445	-26,383375	-63,447388
-138,143596	1,218176	-26,427320	-63,270386
-137,954387	1,217700	-26,412672	-63,387573
-138,082561	1,217480	-26,395582	-63,346680
-138,168010	1,217212	-26,417555	-63,216675
-138,125285	1,216895	-26,454176	-63,480957
-138,332805	1,216443	-26,429762	-63,339355
-138,168010	1,215979	-26,468824	-63,479736
-138,338908	1,215576	-26,481031	-63,149536
-138,357219	1,215723	-26,493238	-63,340576
-138,216838	1,215222	-26,590895	-63,205688
-138,412150	1,215088	-26,581129	-63,346680
-138,314494	1,214526	-26,573805	-63,538940
-138,314494	1,214124	-26,554273	-63,362549
-138,448771	1,214075	-26,559156	-63,386963
-138,302287	1,213879	-26,600660	-63,269165
-138,473186	1,213660	-26,576246	-63,263062
-138,375529	1,213342	-26,607984	-63,308838
-138,363322	1,212903	-26,659254	-63,531006
-138,393840	1,212427	-26,620191	-63,336304
-138,485393	1,212305	-26,683668	-63,451660
-138,448771	1,211853	-26,659254	-63,157471
-138,662395	1,211340	-26,732496	-63,437622
-138,491496	1,211353	-26,725172	-63,162964
-138,393840	1,210999	-26,690992	-63,242310
-138,473186	1,210657	-26,705641	-63,350952
-138,522014	1,210144	-26,705641	-63,503540
-138,570842	1,209851	-26,754469	-63,402832
-138,485393	1,209473	-26,795973	-63,458374
-138,534221	1,209204	-26,803297	-63,181885
-138,528117	1,208789	-26,800855	-63,328369
-138,528117	1,208228	-26,847242	-63,461426
-138,522014	1,207556	-26,827711	-63,316162
-138,479289	1,207654	-26,905836	-63,330811
-138,637980	1,206897	-26,886305	-63,310669
-138,613566	1,206702	-26,878980	-63,446777
-138,558635	1,206567	-26,891188	-63,407715
-138,509807	1,206177	-26,900953	-63,509033
-138,430461	1,205811	-26,913160	-63,605469
-138,418254	1,205420	-26,949781	-63,475464
-138,503703	1,205237	-26,961988	-63,570068
-138,760051	1,204578	-26,910719	-63,301514
-138,460979	1,204358	-26,935133	-63,435791
-138,546428	1,204077	-26,998609	-63,233154
-138,619670	1,203906	-26,966871	-63,438843
-138,729533	1,203528	-27,001051	-63,413818
-138,656291	1,203455	-26,949781	-63,557251
-138,686809	1,202954	-27,003492	-63,432739
-138,668498	1,202515	-27,030348	-63,458374
-138,833293	1,202319	-27,037672	-63,446167
-138,631877	1,201990	-27,069410	-63,351562
-138,564738	1,201367	-27,057203	-63,424805
-138,625773	1,201404	-27,079176	-63,308838
-138,613566	1,200830	-27,135328	-63,374146
-138,735637	1,200610	-27,137770	-63,339966
-138,674602	1,200159	-27,115797	-63,416870
-138,753947	1,199634	-27,171949	-63,324707
-138,668498	1,199329	-27,235426	-63,435791
-138,723430	1,198950	-27,281813	-63,481567
-138,772258	1,198730	-27,240309	-63,536499
-138,741740	1,198279	-27,328199	-63,521851
-138,705119	1,197852	-27,399000	-63,375977
-138,790568	1,197815	-27,350172	-63,455933
-138,705119	1,197327	-27,411207	-63,426636
-138,625773	1,197095	-27,433180	-63,316162
-138,851604	1,196631	-27,506422	-63,454102
-138,747844	1,196448	-27,589430	-63,526123
-138,699016	1,195996	-27,545484	-63,285645
-138,808879	1,196069	-27,599195	-63,502930
-138,686809	1,195349	-27,652906	-63,491943
-138,778361	1,195508	-27,691969	-63,361328
-138,717326	1,194897	-27,750563	-63,490112
-138,772258	1,194727	-27,745680	-63,509033
-138,729533	1,194312	-27,777418	-63,440063
-138,808879	1,193958	-27,806715	-63,476074
-138,851604	1,193738	-27,860426	-63,504150
-138,760051	1,193347	-27,975172	-63,502319
-138,851604	1,193054	-27,928785	-63,300903
-138,808879	1,192615	-27,977613	-63,379639
-138,705119	1,192480	-28,009352	-63,438232
-138,674602	1,192297	-28,002027	-63,456543
-138,699016	1,191589	-28,080152	-63,416870
-138,723430	1,191113	-28,094801	-63,430908
-138,790568	1,190942	-28,119215	-63,510254
-138,784465	1,190369	-28,133863	-63,256348
-138,656291	1,190100	-28,194898	-63,515137
-138,784465	1,190063	-28,175367	-63,383911
-138,882121	1,189502	-28,180250	-63,466919
-138,729533	1,189282	-28,209547	-63,372925
-138,808879	1,189136	-28,248609	-63,445557
-138,802775	1,188806	-28,214430	-63,580444
-138,869914	1,188196	-28,226637	-63,472412
-138,680705	1,187842	-28,236402	-63,492554
-138,888225	1,187634	-28,224195	-63,447998
-138,760051	1,187317	-28,221754	-63,479126
-138,607463	1,187109	-28,165602	-63,723877
-138,711223	1,186682	-28,236402	-63,461426
-138,747844	1,186194	-28,138746	-63,655518
-138,747844	1,185925	-28,165602	-63,499268
-138,692912	1,185742	-28,121656	-63,473633
-138,625773	1,185669	-28,094801	-63,588379
-138,790568	1,185132	-28,055738	-63,544434
-138,644084	1,184863	-28,063063	-63,427856
-138,802775	1,184009	-28,021559	-63,465698
-138,668498	1,183948	-27,962965	-63,454712
-138,802775	1,183508	-27,992262	-63,518799
-138,802775	1,183386	-28,016676	-63,602417
-138,729533	1,182617	-28,024000	-63,567017
-138,747844	1,182141	-27,984938	-63,455322
-138,705119	1,182019	-28,002027	-63,657349
-138,753947	1,181628	-27,950758	-63,419312
-138,790568	1,181104	-27,926344	-63,466309
-138,814982	1,180688	-27,933668	-63,477905
-138,644084	1,180078	-27,926344	-63,636597
-138,760051	1,179846	-27,899488	-63,692139
-138,784465	1,179687	-27,904371	-63,722046
-138,619670	1,179248	-27,906813	-63,589600
-138,668498	1,179077	-27,870191	-63,566406
-138,692912	1,178467	-27,899488	-63,515747
-138,735637	1,178186	-27,948316	-63,524902
-138,729533	1,177917	-27,916578	-63,626221
-138,766154	1,177783	-27,943434	-63,673828
-138,723430	1,177576	-27,967848	-63,690918
-138,717326	1,176929	-27,875074	-63,770874
-138,589152	1,176660	-27,884840	-63,619507
-138,760051	1,176257	-27,955641	-63,814209
-138,711223	1,175671	-27,928785	-63,676880
-138,656291	1,175403	-27,916578	-63,697021
-138,644084	1,175000	-27,948316	-63,590820
-138,570842	1,174573	-27,909254	-63,776367
-138,680705	1,174072	-27,933668	-63,958252
-138,735637	1,173950	-27,916578	-63,729370
-138,595256	1,173315	-27,989820	-63,864868
-138,827189	1,173181	-28,002027	-63,830078
-138,540324	1,172510	-27,948316	-63,662231
-138,564738	1,172327	-27,987379	-63,847778
-138,735637	1,171875	-28,033766	-63,854492
-138,753947	1,171228	-27,987379	-63,986328
-138,558635	1,170959	-28,006910	-63,963135
-138,613566	1,170496	-28,060621	-64,020508
-138,546428	1,170410	-27,989820	-63,985718
-138,692912	1,169812	-28,104566	-63,809326
-138,564738	1,169458	-28,043531	-63,964966
-138,570842	1,169263	-28,048414	-64,001587
-138,540324	1,168848	-28,055738	-64,058960
-138,650187	1,168433	-28,111891	-64,030273
-138,601359	1,167981	-28,121656	-63,993042
-138,442668	1,167944	-28,160719	-63,925293
-138,625773	1,167151	-28,202223	-64,300659
-138,515910	1,166980	-28,209547	-63,837402
-138,723430	1,166406	-28,221754	-63,966187
-138,662395	1,166296	-28,246168	-63,872192
-138,631877	1,165918	-28,241285	-63,991821
-138,448771	1,165466	-28,238844	-63,961914
-138,436564	1,165283	-28,255934	-63,901489
-138,619670	1,164954	-28,338941	-63,899658
-138,546428	1,164624	-28,336500	-63,841675
-138,827189	1,164099	-28,338941	-63,947266
-138,522014	1,163635	-28,351148	-63,993652
-138,570842	1,163440	-28,356031	-63,911865
-138,503703	1,162659	-28,421949	-63,930786
-138,528117	1,162524	-28,331617	-63,958862
-138,515910	1,161890	-28,392652	-63,811157
-138,534221	1,161646	-28,399977	-63,935059
-138,497600	1,161060	-28,448805	-63,848999
-138,491496	1,160657	-28,441480	-63,792847
-138,613566	1,160339	-28,434156	-63,767212
-138,589152	1,159741	-28,492750	-63,731201
-138,570842	1,159302	-28,534254	-63,799561
-138,430461	1,159021	-28,502516	-63,723267
-138,393840	1,158325	-28,553785	-63,807495
-138,460979	1,158276	-28,509840	-63,547485
-138,576945	1,157617	-28,578199	-63,704956
-138,448771	1,157239	-28,546461	-63,783691
-138,442668	1,156909	-28,563551	-63,814209
-138,326701	1,156274	-28,570875	-63,750732
-138,406047	1,155688	-28,587965	-63,718994
-138,406047	1,155383	-28,649000	-63,632935
-138,363322	1,155273	-28,692945	-63,765381
-138,509807	1,154797	-28,697828	-63,736694
-138,460979	1,154236	-28,695387	-63,675659
-138,558635	1,153882	-28,666090	-63,809326
-138,534221	1,153320	-28,688063	-63,763550
-138,473186	1,153284	-28,775953	-63,647583
-138,448771	1,152502	-28,680738	-63,822144
-138,454875	1,152161	-28,739332	-63,665894
-138,503703	1,151819	-28,751539	-63,527954
-138,546428	1,151160	-28,768629	-63,679321
-138,491496	1,150684	-28,851637	-63,659180
-138,552531	1,150488	-28,749098	-63,798340
-138,607463	1,149988	-28,810133	-63,720825
-138,650187	1,149524	-28,832105	-63,727539
-138,601359	1,148926	-28,873609	-63,662231
-138,564738	1,148547	-28,844313	-63,669556
-138,479289	1,147888	-28,893141	-63,729980
-138,473186	1,147363	-28,827223	-63,604248
-138,393840	1,147327	-28,858961	-63,644531
-138,448771	1,146643	-28,944410	-63,433960
-138,491496	1,146301	-28,932203	-63,548096
-138,399943	1,145557	-28,978590	-63,847168
-138,332805	1,145496	-28,915113	-63,686646
-138,418254	1,144873	-28,941969	-63,538330
-138,424357	1,144458	-28,976148	-63,584717
-138,369426	1,143896	-29,012770	-63,660400
-138,259562	1,143481	-28,998121	-63,673218
-138,198527	1,143164	-28,971266	-63,574951
-138,283977	1,142468	-28,993238	-63,658569
-138,186320	1,142139	-29,032301	-63,710449
-138,216838	1,141577	-29,022535	-63,670166
-138,149699	1,140979	-29,012770	-63,712280
-138,192424	1,140601	-29,066480	-63,739136
-138,259562	1,140271	-29,054273	-63,624390
-138,058146	1,139600	-29,139723	-63,671997
-138,210734	1,138977	-29,098219	-63,745239
-138,070354	1,138782	-29,129957	-63,795898
-138,015422	1,138232	-29,161695	-63,699463
-138,039836	1,137915	-29,178785	-63,681763
-137,997111	1,137463	-29,120191	-63,703735
-137,856730	1,136670	-29,181227	-63,654907
-137,923869	1,136206	-29,173902	-63,800171
-137,820109	1,136096	-29,244703	-63,744629
-137,838420	1,135474	-29,264234	-63,818481
-137,868937	1,134583	-29,222730	-63,655518
-137,667521	1,134363	-29,286207	-63,761719
-137,667521	1,133789	-29,230055	-63,737305
-137,557658	1,133691	-29,325270	-63,841064
-137,405070	1,132983	-29,352125	-63,800781
-137,453898	1,132666	-29,354566	-63,668335
-137,325725	1,132324	-29,320387	-63,802612
-137,167033	1,131641	-29,391188	-63,817261
-137,038859	1,131384	-29,437574	-63,867310
-136,819133	1,130884	-29,432691	-63,828247
-136,825236	1,130310	-29,469313	-63,802612
-136,623820	1,129858	-29,493727	-63,921631
-136,422404	1,129272	-29,483961	-63,788574
-136,336955	1,128455	-29,476637	-63,864258
-136,056193	1,128247	-29,510816	-63,960083
-135,635051	1,127759	-29,584059	-64,099854
-135,512980	1,127563	-29,505934	-63,899048
-135,128459	1,126917	-29,569410	-63,999146
-134,731730	1,126355	-29,608473	-63,914307
-134,402141	1,125757	-29,554762	-63,853271
-133,694133	1,125342	-29,588941	-63,935669
-133,230266	1,124854	-29,701246	-64,026001
-132,577189	1,124316	-29,649977	-64,009521
-131,771525	1,123901	-29,686598	-64,008301
-130,935344	1,123242	-29,662184	-63,964966
-130,050334	1,122913	-29,698805	-64,004028
-129,085979	1,122534	-29,696363	-63,869141
-128,115520	1,122058	-29,752516	-64,044922
-127,303752	1,121753	-29,750074	-63,968628
-126,595744	1,121399	-29,779371	-63,775757
-126,144084	1,120496	-29,830641	-63,763550
-125,747355	1,120239	-29,842848	-64,124268
-125,912150	1,119897	-29,801344	-64,072998
-126,015910	1,119226	-29,864820	-63,836182
-126,534709	1,118872	-29,852613	-63,894775
-127,151164	1,118274	-29,872145	-63,957642
-127,956828	1,118079	-29,903883	-63,895386
-128,768596	1,117615	-29,928297	-63,973511
-129,757365	1,116907	-29,945387	-63,979614
-130,587443	1,116479	-29,938063	-63,867920
-131,435832	1,115906	-29,955152	-63,775146
-132,223186	1,115784	-29,989332	-63,760498
-132,790812	1,114941	-30,050367	-63,863037
-133,578166	1,114563	-30,069898	-63,976562
-134,029826	1,114087	-30,055250	-63,758057
-134,432658	1,113574	-30,094313	-63,788574
-134,945354	1,113269	-30,067457	-63,736084
-134,994182	1,112524	-30,052809	-63,791626
-135,647258	1,112061	-30,106520	-63,731812
-135,995158	1,111719	-30,179762	-63,885620
-136,092814	1,111621	-30,150465	-63,718384
-136,306437	1,110962	-30,233473	-63,699463
-136,483439	1,110437	-30,231031	-63,636597
-136,758098	1,109863	-30,221266	-63,870361
-136,715373	1,109302	-30,231031	-63,760498
-137,051066	1,108862	-30,262770	-63,639648
-137,020549	1,108606	-30,248121	-63,713501
-137,093791	1,108069	-30,218824	-63,798950
-137,313518	1,107605	-30,350660	-63,864258
-137,368449	1,107092	-30,333570	-63,812378
-137,539348	1,106726	-30,299391	-63,856323
-137,722453	1,106287	-30,355543	-63,746460
-137,661418	1,105872	-30,382398	-63,729370
-137,661418	1,105334	-30,406813	-63,955200
-137,814006	1,104932	-30,484938	-63,880737
-137,868937	1,104492	-30,524000	-63,773315
-137,911662	1,104285	-30,633863	-63,708618
-138,015422	1,103699	-30,616773	-63,703125
-138,137492	1,103247	-30,680250	-63,820923
-138,100871	1,103076	-30,794996	-63,777588
-138,131389	1,102380	-30,863355	-63,760498
-137,881145	1,101978	-30,968336	-63,664673
-138,009318	1,101379	-31,053785	-63,723267
-138,180217	1,101123	-31,134352	-63,810547
-138,308391	1,100671	-31,278395	-63,770264
-138,271770	1,100195	-31,378492	-63,839844
-138,174113	1,099902	-31,466383	-63,765991
-138,241252	1,099548	-31,510328	-63,668335
-138,351115	1,098999	-31,593336	-63,563354
-138,320598	1,098608	-31,795973	-63,635376
-138,222941	1,098120	-31,878980	-63,521851
-138,290080	1,097632	-32,005934	-63,745239
-138,345012	1,097144	-32,088941	-63,615234
-138,424357	1,096899	-32,252516	-63,669556
-138,375529	1,096423	-32,420973	-63,830078
-138,369426	1,096082	-32,540602	-63,727539
-138,381633	1,095471	-32,645582	-63,579834
-138,192424	1,094946	-32,799391	-63,739136
-138,418254	1,094800	-32,894605	-63,851440
-138,393840	1,094458	-33,048414	-63,772095
