-138.143596	15.178467	-68.399977	-62.852905
-137.948283	15.227295	-68.368238	-62.900513
-137.948283	15.349365	-68.382887	-62.905396
-138.027629	15.520264	-68.353590	-63.016479
-138.021525	15.630127	-68.375563	-62.940186
-137.942180	15.746094	-68.390211	-63.054932
-138.021525	15.916992	-68.414625	-62.956665
-137.838420	16.246582	-68.338941	-62.902954
-138.021525	16.362549	-68.402418	-62.915161
-138.003215	16.618896	-68.380445	-63.104370
-137.997111	16.710449	-68.356031	-63.045166
-138.003215	16.753174	-68.407301	-63.122070
-138.100871	16.954590	-68.446363	-63.024414
-137.997111	16.991211	-68.356031	-62.989014
-137.887248	17.064453	-68.375563	-63.249634
-137.948283	17.241455	-68.390211	-63.037842
-137.984904	17.265869	-68.380445	-63.090332
-137.936076	17.265869	-68.426832	-62.923096
-138.045939	17.320801	-68.348707	-63.095825
-138.064250	17.253662	-68.419508	-63.030518
-137.960490	17.168213	-68.365797	-62.897461
-138.149699	17.082764	-68.456129	-63.003662
-138.119182	16.997314	-68.456129	-63.033569
-138.003215	16.917969	-68.441480	-62.921875
-137.942180	16.704346	-68.399977	-62.877930
-138.027629	16.704346	-68.429273	-62.958496
-138.015422	16.539551	-68.351148	-63.021973
-137.820109	16.606689	-68.524488	-62.965820
-137.942180	16.515137	-68.402418	-62.931030
-137.997111	16.667725	-68.419508	-62.971313
-137.875041	16.698242	-68.458570	-62.990845
-138.119182	16.863037	-68.448805	-62.970703
-138.052043	17.180420	-68.412184	-63.049438
-137.936076	17.333008	-68.390211	-62.987793
-137.960490	17.644287	-68.431715	-63.147705
-137.936076	17.735840	-68.365797	-62.968872
-138.094768	17.876221	-68.453688	-62.901123
-138.033732	18.211914	-68.456129	-62.737549
-138.033732	18.236328	-68.434156	-62.989014
-138.180217	18.358398	-68.436598	-63.082397
-138.131389	18.425537	-68.380445	-62.871826
-138.174113	18.321777	-68.419508	-63.064697
-138.137492	18.315674	-68.417066	-63.064697
-137.905559	18.260742	-68.407301	-63.161133
-138.155803	18.126465	-68.404859	-63.077515
-138.033732	17.961670	-68.395094	-62.856567
-138.076457	17.821289	-68.446363	-63.242310
-137.978801	17.564941	-68.402418	-63.023804
-137.923869	17.412354	-68.441480	-63.015259
-138.039836	17.436768	-68.439039	-62.967651
-137.984904	17.271973	-68.458570	-62.962769
-138.070354	17.174316	-68.429273	-62.932861
-138.027629	16.924072	-68.443922	-63.028687
-137.972697	16.960693	-68.446363	-63.088501
-138.039836	16.881348	-68.448805	-63.104370
-138.021525	17.009521	-68.419508	-62.959106
-138.168010	16.783691	-68.407301	-63.166626
-138.009318	16.881348	-68.448805	-63.050659
-138.082561	16.887451	-68.407301	-63.297852
-138.222941	17.058350	-68.448805	-62.987793
-138.088664	17.119385	-68.473219	-63.036621
-138.100871	17.198730	-68.461012	-63.104980
-137.984904	17.339111	-68.446363	-62.999390
-137.984904	17.546631	-68.448805	-63.099487
-138.070354	17.809082	-68.490309	-63.123901
-138.082561	17.906738	-68.448805	-63.017700
-138.131389	18.016602	-68.373121	-63.236816
-137.984904	18.095947	-68.439039	-63.105591
-137.991008	18.010498	-68.453688	-63.203247
-138.015422	17.925049	-68.465895	-63.179443
-137.984904	17.839600	-68.463453	-63.238037
-137.972697	17.705322	-68.504957	-63.145874
-137.984904	17.491699	-68.431715	-62.981079
-138.027629	17.290283	-68.436598	-63.067139
-138.045939	17.064453	-68.390211	-63.185547
-137.942180	16.893555	-68.451246	-63.147095
-137.991008	16.789795	-68.453688	-63.142822
-137.875041	16.618896	-68.407301	-63.180054
-138.015422	16.380859	-68.419508	-63.079956
-137.881145	16.252686	-68.475660	-63.131226
-137.875041	16.222168	-68.443922	-63.263672
-138.039836	16.173340	-68.419508	-63.115967
-137.905559	16.039062	-68.402418	-63.125122
-137.875041	16.179443	-68.492750	-63.116577
-137.807902	16.167236	-68.448805	-63.115356
-137.771281	16.258789	-68.392652	-62.973145
-137.807902	16.234375	-68.446363	-63.225830
-137.936076	16.338135	-68.390211	-63.293579
-137.820109	16.344238	-68.461012	-63.111694
-137.722453	16.423584	-68.451246	-63.134888
-137.832316	16.563965	-68.451246	-63.121460
-137.716350	16.588379	-68.548902	-63.097046
-137.624797	16.673828	-68.429273	-63.252686
-137.667521	16.673828	-68.478102	-63.310059
-137.527141	16.795898	-68.485426	-63.190430
-137.423381	16.844727	-68.468336	-63.266113
-137.392863	16.753174	-68.461012	-63.361328
-137.295207	16.844727	-68.448805	-63.182495
-137.301311	16.759277	-68.434156	-63.353394
-137.234172	16.631104	-68.514723	-63.102539
-137.160930	16.515137	-68.492750	-63.426636
-137.160930	16.332031	-68.417066	-63.231934
-136.959514	16.020752	-68.519605	-63.471191
-136.758098	15.788818	-68.458570	-63.342407
-136.672648	15.678955	-68.463453	-63.409546
-136.446818	15.422607	-68.446363	-63.477905
-136.147746	15.294434	-68.451246	-63.472412
-136.172160	15.404297	-68.487867	-63.612183
-135.824260	15.282227	-68.529371	-63.523071
-135.494670	15.282227	-68.456129	-63.743408
-135.189494	15.257812	-68.529371	-63.623779
-134.878215	15.343262	-68.463453	-63.551758
-134.499797	15.440918	-68.495191	-63.740356
-134.017619	15.556885	-68.490309	-63.648804
-133.633098	15.556885	-68.517164	-63.610962
-133.102092	15.672852	-68.458570	-63.899658
-132.278117	15.758301	-68.522047	-63.873413
-131.600627	15.923096	-68.458570	-63.915527
-130.959758	16.081787	-68.424391	-63.913086
-130.306682	15.965820	-68.487867	-64.185303
-130.019816	15.831543	-68.514723	-64.126099
-129.940471	15.953613	-68.548902	-64.185303
-129.891643	15.752197	-68.439039	-64.007690
-130.318889	15.489746	-68.461012	-64.270142
-130.923137	15.538574	-68.487867	-64.140137
-131.576213	15.337158	-68.487867	-64.408691
-132.217082	15.428711	-68.509840	-64.172485
-132.864055	15.031982	-68.526930	-64.425781
-133.468303	14.934326	-68.480543	-64.251831
-133.974895	14.830566	-68.539137	-64.289062
-134.475383	14.537598	-68.563551	-64.528931
-134.969768	14.336182	-68.522047	-64.519775
-135.146770	14.128662	-68.502516	-64.527100
-135.610637	13.927246	-68.529371	-64.492920
-135.848674	13.933350	-68.522047	-64.494751
-136.086711	13.890625	-68.605055	-64.557007
-136.367473	13.744141	-68.514723	-64.496582
-136.428508	13.799072	-68.487867	-64.494751
-136.758098	13.866211	-68.517164	-64.484375
-136.721477	13.902832	-68.514723	-64.600342
-136.874064	13.902832	-68.553785	-64.434937
-136.770305	14.153076	-68.583082	-64.621704
-137.142619	14.171387	-68.629469	-64.359253
-137.252482	14.214111	-68.602613	-64.384277
-137.240275	14.232422	-68.544020	-64.527100
-137.301311	14.415527	-68.556227	-64.417847
-137.429484	14.513184	-68.587965	-64.233521
-137.362346	14.482666	-68.592848	-64.303711
-137.466105	14.446045	-68.524488	-64.299438
-137.551555	14.391113	-68.636793	-64.217041
-137.594279	14.244629	-68.524488	-64.080933
-137.740764	14.342285	-68.600172	-64.027832
-137.588176	14.073730	-68.609938	-64.112061
-137.734660	13.933350	-68.587965	-64.032104
-137.575969	13.683105	-68.583082	-63.963135
-137.594279	13.670898	-68.570875	-64.145020
-137.643107	13.451172	-68.597730	-63.894775
-137.557658	13.298584	-68.580641	-63.797729
-137.752971	13.292480	-68.575758	-63.840454
-137.612590	13.164307	-68.609938	-63.797729
-137.630900	13.072754	-68.546461	-63.738525
-137.752971	13.109375	-68.585523	-63.593262
-137.673625	13.011719	-68.600172	-63.698242
-137.722453	13.011719	-68.631910	-63.792847
-137.594279	13.121582	-68.631910	-63.730591
-137.893352	13.072754	-68.558668	-63.681152
-137.911662	13.261963	-68.575758	-63.529175
-137.856730	13.298584	-68.544020	-63.556030
-137.978801	13.524414	-68.631910	-63.775757
-137.966594	13.542725	-68.624586	-63.614624
-137.978801	13.677002	-68.575758	-63.601807
-137.868937	13.762451	-68.573316	-63.458374
-137.820109	13.994385	-68.685621	-63.647583
-137.765178	13.976074	-68.617262	-63.436401
-137.814006	14.006592	-68.658766	-63.422974
-137.789592	14.061523	-68.688063	-63.408936
-137.838420	14.256836	-68.639234	-63.471191
-137.911662	14.134766	-68.656324	-63.437012
-137.966594	14.000488	-68.702711	-63.325928
-137.905559	13.933350	-68.644117	-63.387573
-137.740764	13.890625	-68.656324	-63.537720
-137.893352	13.811279	-68.641676	-63.447388
-138.052043	13.805176	-68.741773	-63.553589
-137.923869	13.609863	-68.690504	-63.421753
-137.966594	13.695312	-68.732008	-63.493774
-137.838420	13.634277	-68.705152	-63.399780
-137.875041	13.634277	-68.705152	-63.205688
-137.777385	13.554932	-68.695387	-63.252075
-137.899455	13.670898	-68.683180	-63.300903
-137.942180	13.695312	-68.680738	-63.445557
-137.881145	13.719727	-68.690504	-63.441284
-137.948283	13.701416	-68.658766	-63.320435
-137.844523	13.774658	-68.736891	-63.386963
-137.862834	13.884521	-68.673414	-63.388184
-137.807902	13.835693	-68.705152	-63.296631
-137.991008	13.939453	-68.668531	-63.347290
-138.039836	14.256836	-68.690504	-63.250244
-137.899455	14.330078	-68.666090	-63.456543
-137.917766	14.476562	-68.683180	-63.288086
-137.862834	14.488770	-68.702711	-63.242920
-137.789592	14.494873	-68.697828	-63.208740
-137.899455	14.635254	-68.673414	-63.204468
-137.887248	14.720703	-68.629469	-63.173950
-137.893352	14.604736	-68.629469	-63.337524
-137.942180	14.513184	-68.634352	-63.285034
-137.752971	14.616943	-68.619703	-63.324097
-137.838420	14.348389	-68.641676	-63.296631
-137.899455	14.159180	-68.661207	-63.266724
-137.868937	14.232422	-68.653883	-63.104370
-137.832316	13.988281	-68.597730	-63.139160
-137.795695	13.866211	-68.690504	-63.264893
-137.759074	13.811279	-68.690504	-63.257568
-137.856730	13.646484	-68.646559	-63.158691
-137.899455	13.640381	-68.678297	-63.108032
-137.832316	13.573242	-68.675855	-63.266724
-137.862834	13.561035	-68.661207	-63.300903
-137.832316	13.579346	-68.690504	-63.187378
-137.868937	13.524414	-68.751539	-63.208130
-137.893352	13.677002	-68.646559	-63.147095
-137.929973	13.713623	-68.666090	-63.403442
-137.832316	13.933350	-68.695387	-63.177002
-137.771281	13.945557	-68.680738	-63.172119
-137.777385	14.098145	-68.675855	-63.342407
-138.082561	14.305664	-68.685621	-63.223389
-137.826213	14.336182	-68.744215	-63.335083
-137.899455	14.439941	-68.700270	-63.122681
-137.862834	14.446045	-68.724684	-63.076294
-137.917766	14.488770	-68.690504	-63.262451
-137.875041	14.415527	-68.695387	-63.340576
-138.033732	14.470459	-68.771070	-63.067139
-137.838420	14.470459	-68.690504	-63.359497
-137.966594	14.342285	-68.734449	-63.119019
-137.954387	14.171387	-68.719801	-63.094604
-137.923869	14.037109	-68.680738	-63.305786
-137.984904	13.896729	-68.724684	-63.119019
-137.807902	13.835693	-68.714918	-63.440063
-138.015422	13.634277	-68.666090	-63.279541
-137.942180	13.554932	-68.680738	-63.186768
-138.070354	13.506104	-68.663648	-63.134277
-137.966594	13.298584	-68.641676	-62.916992
-138.039836	13.341309	-68.607496	-63.297241
-138.113078	13.194824	-68.605055	-63.338135
-137.929973	13.261963	-68.612379	-63.149536
-138.058146	13.274170	-68.636793	-63.161743
-138.088664	13.182617	-68.624586	-63.120850
-138.216838	13.274170	-68.605055	-62.978638
-138.106975	13.329102	-68.609938	-63.260010
-138.076457	13.359619	-68.629469	-63.214233
-138.070354	13.414551	-68.590406	-63.140991
-138.039836	13.493896	-68.539137	-63.365601
-138.125285	13.469482	-68.526930	-63.233154
-138.039836	13.646484	-68.568434	-63.266113
-138.076457	13.731934	-68.519605	-63.220337
-137.991008	13.713623	-68.529371	-63.332642
-137.948283	13.750244	-68.561109	-63.153809
-138.070354	13.792969	-68.580641	-63.288086
-138.021525	13.670898	-68.458570	-62.995117
-137.966594	13.603760	-68.536695	-63.136719
-137.936076	13.573242	-68.504957	-63.146484
-138.058146	13.530518	-68.478102	-63.150757
-138.064250	13.451172	-68.512281	-63.167236
-137.978801	13.292480	-68.475660	-63.294189
-138.174113	13.078857	-68.529371	-63.272217
-138.106975	12.968994	-68.519605	-63.155640
-138.082561	12.932373	-68.482984	-63.153809
-138.149699	12.712646	-68.517164	-63.303345
-138.180217	12.608887	-68.487867	-63.209961
-138.082561	12.572266	-68.475660	-63.125122
-138.168010	12.560059	-68.448805	-63.217896
-138.119182	12.621094	-68.461012	-63.277710
-138.119182	12.541748	-68.495191	-63.361938
-138.015422	12.437988	-68.458570	-63.339966
-138.076457	12.431885	-68.531813	-63.241089
-138.070354	12.505127	-68.514723	-63.268555
-138.082561	12.535645	-68.470777	-63.228882
-138.119182	12.578369	-68.534254	-63.238037
-138.094768	12.541748	-68.490309	-63.085449
-138.021525	12.596680	-68.426832	-63.279541
-137.929973	12.572266	-68.465895	-63.200806
-138.088664	12.511230	-68.497633	-63.377808
-138.033732	12.523437	-68.465895	-63.003662
-138.100871	12.395264	-68.417066	-63.031128
-138.143596	12.212158	-68.529371	-62.993286
-137.991008	12.181641	-68.475660	-63.200195
-138.131389	12.077881	-68.480543	-63.175171
-138.045939	11.894775	-68.478102	-63.125732
-138.253459	11.766602	-68.509840	-63.113525
-138.106975	11.498047	-68.465895	-63.200195
-138.119182	11.382080	-68.470777	-63.093384
-138.253459	11.168457	-68.480543	-63.097046
-138.076457	11.034180	-68.495191	-63.074463
-138.137492	10.875488	-68.480543	-63.447388
-138.210734	10.802246	-68.443922	-63.172119
-138.125285	10.606934	-68.461012	-63.247803
-138.064250	10.429932	-68.439039	-63.145264
-138.027629	10.283447	-68.417066	-63.249023
-138.113078	10.118652	-68.507398	-63.088501
-138.155803	10.124756	-68.395094	-63.082397
-138.229045	10.075928	-68.453688	-63.151367
-138.149699	10.063721	-68.468336	-63.401611
-138.222941	9.959961	-68.424391	-63.050659
-137.929973	9.978271	-68.456129	-63.231323
-138.131389	10.002686	-68.424391	-63.087280
-138.027629	10.033203	-68.468336	-63.024414
-138.100871	9.959961	-68.436598	-63.285034
-138.216838	9.886719	-68.524488	-63.221558
-138.082561	9.905029	-68.470777	-63.183716
-138.088664	9.874512	-68.446363	-63.310059
-138.186320	9.605957	-68.529371	-63.090942
-138.186320	9.624268	-68.507398	-63.283813
-137.887248	9.349609	-68.480543	-63.296631
-137.997111	9.325195	-68.482984	-63.304565
-138.137492	9.197021	-68.495191	-63.265503
-137.984904	8.904053	-68.439039	-63.215454
-137.948283	8.739258	-68.461012	-63.384521
-138.100871	8.531738	-68.509840	-63.238037
-137.978801	8.208252	-68.558668	-63.154419
-138.009318	8.098389	-68.478102	-63.197754
-137.923869	8.006836	-68.485426	-63.113525
-138.265666	7.915283	-68.475660	-63.151367
-138.094768	7.817627	-68.431715	-63.114746
-138.015422	7.518555	-68.487867	-63.203857
-138.161906	7.433105	-68.517164	-63.294189
-138.003215	7.408691	-68.495191	-63.270386
-138.058146	7.372070	-68.500074	-63.354614
-138.003215	7.207275	-68.426832	-63.316772
-138.003215	7.213379	-68.497633	-63.108643
-138.076457	7.170654	-68.458570	-63.291138
-138.052043	7.097412	-68.419508	-63.019531
-137.887248	7.079102	-68.473219	-63.411377
-137.984904	7.018066	-68.380445	-63.218506
-138.003215	7.030273	-68.443922	-63.145264
-138.003215	7.085205	-68.424391	-63.208740
-137.911662	7.103516	-68.470777	-63.180054
-138.009318	6.987549	-68.448805	-63.348511
-137.960490	6.938721	-68.436598	-63.446777
-137.899455	6.914307	-68.446363	-63.374146
-137.887248	6.773926	-68.399977	-63.270996
-137.740764	6.798340	-68.453688	-63.397339
-137.765178	6.651855	-68.485426	-63.316162
-137.746867	6.407715	-68.419508	-63.308838
-137.820109	6.303955	-68.448805	-63.351562
-137.533244	6.120850	-68.436598	-63.416870
-137.618693	5.992676	-68.473219	-63.267334
-137.484416	5.681396	-68.465895	-63.348511
-137.466105	5.571533	-68.465895	-63.173340
-137.313518	5.486084	-68.419508	-63.275879
-137.295207	5.370117	-68.529371	-63.192871
-137.258586	5.302979	-68.424391	-63.278320
-137.063273	5.168701	-68.495191	-63.213013
-137.008342	5.205322	-68.412184	-63.097046
-136.953410	5.064941	-68.465895	-63.260010
-136.904582	5.138184	-68.451246	-63.198364
-136.629924	5.119873	-68.385328	-63.085449
-136.367473	5.052734	-68.399977	-63.419922
-136.312541	5.058838	-68.426832	-63.252075
-136.153850	4.979492	-68.373121	-63.194702
-135.787639	5.010010	-68.485426	-63.302124
-135.372600	4.973389	-68.431715	-63.241699
-135.152873	4.985596	-68.441480	-63.327759
-134.768352	4.771973	-68.429273	-63.313110
-134.286174	4.540039	-68.426832	-63.125732
-133.669719	4.546143	-68.414625	-63.037231
-132.918986	4.570557	-68.419508	-63.123901
-132.210979	4.430176	-68.451246	-63.429687
-131.435832	4.295898	-68.426832	-63.292358
-130.746135	4.247070	-68.414625	-63.352783
-130.312785	4.106689	-68.480543	-63.225220
-130.074748	4.076172	-68.431715	-63.335693
-130.166301	3.868652	-68.456129	-63.213013
-130.471477	3.783203	-68.407301	-63.249023
-130.935344	3.673340	-68.478102	-63.370483
-131.387004	3.563477	-68.458570	-63.267334
-132.003459	3.301025	-68.453688	-63.209961
-132.656535	3.185059	-68.485426	-63.106812
-133.010539	3.111816	-68.487867	-63.357666
-133.657512	3.087402	-68.507398	-63.317383
-134.249553	2.953125	-68.446363	-63.217285
-134.762248	3.032471	-68.485426	-63.057983
-135.097941	3.008057	-68.500074	-63.348511
-135.708293	2.953125	-68.487867	-63.277100
-135.781535	2.983643	-68.463453	-63.319824
-136.184367	3.075195	-68.434156	-63.321655
-136.489543	3.038574	-68.443922	-63.499268
-136.465129	3.081299	-68.485426	-63.284424
-136.574992	3.093506	-68.451246	-63.254517
-136.739787	3.050781	-68.475660	-63.310669
-136.990031	2.971436	-68.465895	-63.133057
-136.861857	2.910400	-68.429273	-63.197754
-137.112102	2.782227	-68.470777	-63.305176
-137.240275	2.763916	-68.424391	-63.235596
-137.221965	2.623535	-68.421949	-63.383301
-137.252482	2.507568	-68.502516	-63.179443
-137.313518	2.519775	-68.463453	-63.062866
-137.325725	2.416016	-68.478102	-63.330200
-137.466105	2.245117	-68.424391	-63.291748
-137.557658	2.275635	-68.536695	-63.300293
-137.392863	2.220703	-68.458570	-63.182495
-137.582072	2.086426	-68.468336	-63.227051
-137.624797	2.000977	-68.492750	-63.545654
-137.667521	1.927734	-68.500074	-63.207520
-137.655314	1.848389	-68.490309	-63.192871
-137.630900	1.769043	-68.478102	-63.285645
-137.704143	1.817871	-68.512281	-63.285645
-137.661418	1.775146	-68.573316	-63.365601
-137.820109	1.720215	-68.487867	-63.292969
-137.826213	1.756836	-68.512281	-63.388184
-137.795695	1.811768	-68.490309	-63.303955
-137.887248	1.793457	-68.465895	-63.134888
-137.765178	1.799561	-68.480543	-63.104980
-137.948283	1.842285	-68.509840	-63.303955
-137.862834	1.866699	-68.536695	-63.164795
-137.844523	1.964355	-68.504957	-63.281372
-137.929973	1.885010	-68.534254	-63.271606
-137.917766	1.909424	-68.490309	-63.292969
-137.887248	2.000977	-68.551344	-63.276489
-137.917766	2.116943	-68.539137	-63.172119
-137.807902	1.994873	-68.529371	-63.360718
-137.887248	1.891113	-68.600172	-63.234375
-138.009318	1.933838	-68.558668	-63.286255
-137.911662	1.927734	-68.563551	-63.278931
-137.893352	1.909424	-68.509840	-63.461426
-137.820109	1.762939	-68.529371	-63.270996
-137.838420	1.610352	-68.548902	-63.187988
-137.997111	1.482178	-68.556227	-63.238647
-137.991008	1.451660	-68.590406	-63.085449
-137.899455	1.476074	-68.563551	-63.360107
-137.917766	1.347900	-68.524488	-63.199585
-137.936076	1.360107	-68.495191	-63.344849
-137.929973	1.360107	-68.568434	-63.311279
-137.954387	1.311279	-68.627027	-63.450439
-137.984904	1.347900	-68.480543	-63.393066
-137.997111	1.286865	-68.558668	-63.330200
-138.027629	1.329590	-68.514723	-63.275269
-138.039836	1.329590	-68.578199	-63.260620
-138.113078	1.274658	-68.565992	-63.330200
-137.923869	1.384521	-68.631910	-63.382690
-138.015422	1.469971	-68.614820	-63.465088
-137.972697	1.177002	-68.646559	-63.335083
-138.082561	1.201416	-68.587965	-63.401001
-138.119182	1.231934	-68.585523	-63.246582
-138.143596	1.256348	-68.585523	-63.393677
-138.186320	1.195312	-68.614820	-63.218506
-138.253459	1.115967	-68.585523	-63.183105
-138.216838	1.146484	-68.661207	-63.255127
-138.125285	1.024414	-68.575758	-63.183716
-138.155803	0.945068	-68.605055	-63.377808
-138.259562	0.908447	-68.627027	-63.401611
-138.113078	0.780273	-68.612379	-63.347900
-138.216838	0.621582	-68.551344	-63.321655
-138.088664	0.578857	-68.595289	-63.342407
-138.137492	0.401855	-68.622145	-63.183716
-138.045939	0.334717	-68.631910	-63.319824
-138.229045	0.212646	-68.641676	-63.277100
-138.155803	0.023437	-68.646559	-63.242920
-138.186320	-0.055908	-68.602613	-63.213623
-138.094768	-0.043701	-68.666090	-63.466309
-138.192424	-0.214600	-68.629469	-63.322876
-138.168010	-0.214600	-68.636793	-63.223999
-138.039836	-0.300049	-68.609938	-63.218506
-138.265666	-0.251221	-68.609938	-63.394897
-138.265666	-0.141357	-68.600172	-63.303345
-138.265666	-0.226807	-68.612379	-63.260010
-138.131389	-0.251221	-68.590406	-63.476074
-138.357219	-0.257324	-68.597730	-63.333252
-138.155803	-0.251221	-68.627027	-63.352173
-138.253459	-0.293945	-68.619703	-63.320435
-138.174113	-0.269531	-68.661207	-63.300293
-138.161906	-0.550293	-68.644117	-63.376587
-138.168010	-0.574707	-68.631910	-63.311279
-138.174113	-0.611328	-68.631910	-63.144653
-138.229045	-0.678467	-68.561109	-63.188599
-138.283977	-0.867676	-68.565992	-63.540161
-138.094768	-1.081299	-68.673414	-63.357666
-138.381633	-1.124023	-68.666090	-63.391846
-138.308391	-1.221680	-68.585523	-63.322876
-138.210734	-1.264404	-68.609938	-63.277710
-138.204631	-1.331543	-68.631910	-63.394287
-138.168010	-1.392578	-68.636793	-63.284424
-138.277873	-1.380371	-68.649000	-63.429687
-138.186320	-1.520752	-68.663648	-63.418701
-138.155803	-1.557373	-68.624586	-63.260010
-138.180217	-1.661133	-68.666090	-63.332031
-138.186320	-1.838135	-68.587965	-63.496826
-138.192424	-2.021240	-68.636793	-63.480957
-138.100871	-2.112793	-68.629469	-63.308838
-138.113078	-2.100586	-68.592848	-63.330200
-138.192424	-2.192139	-68.634352	-63.286255
-138.180217	-2.234863	-68.680738	-63.225830
-138.155803	-2.198242	-68.607496	-63.206909
-138.204631	-2.198242	-68.675855	-63.388794
-138.155803	-2.234863	-68.734449	-63.493164
-138.045939	-2.234863	-68.612379	-63.371094
-138.100871	-2.167725	-68.668531	-63.388794
-138.204631	-2.314209	-68.680738	-63.390015
-138.143596	-2.302002	-68.719801	-63.327759
-138.149699	-2.308105	-68.631910	-63.152588
-138.235148	-2.399658	-68.563551	-63.279541
-138.265666	-2.472900	-68.661207	-63.348511
-138.235148	-2.656006	-68.641676	-63.347900
-138.204631	-2.656006	-68.653883	-63.042114
-138.241252	-2.820801	-68.663648	-63.272827
-138.143596	-2.924561	-68.614820	-63.372925
-138.094768	-3.156494	-68.678297	-63.401611
-138.106975	-3.260254	-68.666090	-63.261230
-138.094768	-3.284668	-68.710035	-63.442505
-138.058146	-3.351807	-68.680738	-63.348511
-138.247355	-3.339600	-68.680738	-63.406494
-138.070354	-3.553223	-68.670973	-63.136108
-138.100871	-3.595947	-68.663648	-63.160522
-138.277873	-3.711914	-68.732008	-63.385132
-138.137492	-3.724121	-68.717359	-63.327759
-138.070354	-3.821777	-68.690504	-63.338745
-137.997111	-3.870605	-68.653883	-63.484619
-138.100871	-4.041504	-68.641676	-63.458984
-138.033732	-4.004883	-68.685621	-63.252075
-138.045939	-4.224609	-68.727125	-63.408936
-137.991008	-4.224609	-68.714918	-63.490112
-138.143596	-4.340576	-68.727125	-63.464478
-137.984904	-4.236816	-68.697828	-63.512085
-138.045939	-4.383301	-68.702711	-63.347290
-138.082561	-4.462646	-68.724684	-63.387573
-138.094768	-4.529785	-68.675855	-63.281372
-138.082561	-4.444336	-68.651441	-63.405884
-137.911662	-4.548096	-68.685621	-63.481567
-138.021525	-4.505371	-68.627027	-63.196533
-138.088664	-4.767822	-68.661207	-63.370483
-138.015422	-4.822754	-68.710035	-63.324707
-138.143596	-4.920410	-68.719801	-63.309448
-138.045939	-5.109619	-68.724684	-63.294189
-137.984904	-5.182861	-68.705152	-63.458984
-138.180217	-5.439209	-68.695387	-63.379028
-138.003215	-5.414795	-68.673414	-63.305176
-138.064250	-5.652832	-68.678297	-63.285034
-138.015422	-5.793213	-68.722242	-63.542603
-138.283977	-5.842041	-68.727125	-63.500488
-138.113078	-5.896973	-68.695387	-63.409546
-138.064250	-6.061768	-68.658766	-63.294189
-137.991008	-5.982422	-68.702711	-63.508423
-137.984904	-6.043457	-68.678297	-63.324097
-138.021525	-6.171631	-68.714918	-63.313110
-138.100871	-6.086182	-68.692945	-63.259399
-137.954387	-6.226562	-68.766188	-63.336914
-137.984904	-6.128906	-68.692945	-63.415039
-138.113078	-6.086182	-68.695387	-63.271606
-138.045939	-6.232666	-68.712477	-63.316772
-138.168010	-6.244873	-68.695387	-63.458984
-138.186320	-6.336426	-68.675855	-63.579224
-138.045939	-6.373047	-68.771070	-63.436401
-137.991008	-6.434082	-68.710035	-63.302734
-138.058146	-6.617187	-68.783277	-63.471802
-138.045939	-6.739258	-68.710035	-63.358276
-138.052043	-6.635498	-68.797926	-63.478516
-137.972697	-6.702637	-68.717359	-63.476074
-137.929973	-6.684326	-68.678297	-63.310059
-137.844523	-6.824707	-68.707594	-63.365601
-138.015422	-6.965088	-68.719801	-63.361938
-137.911662	-6.977295	-68.707594	-63.317993
-137.917766	-6.995605	-68.739332	-63.444336
-137.887248	-7.184814	-68.727125	-63.604858
-137.911662	-7.160400	-68.688063	-63.422363
-137.881145	-7.197021	-68.685621	-63.391846
-137.722453	-7.288574	-68.719801	-63.405273
-137.881145	-7.374023	-68.688063	-63.437622
-137.801799	-7.538818	-68.727125	-63.396118
-137.716350	-7.465576	-68.685621	-63.194092
-137.746867	-7.526611	-68.736891	-63.365601
-137.673625	-7.563232	-68.702711	-63.547485
-137.746867	-7.581543	-68.746656	-63.273437
-137.832316	-7.514404	-68.741773	-63.336914
-137.728557	-7.416748	-68.702711	-63.507812
-137.740764	-7.526611	-68.712477	-63.440063
-137.722453	-7.392334	-68.710035	-63.404663
-137.765178	-7.459473	-68.734449	-63.531006
-137.466105	-7.404541	-68.688063	-63.493774
-137.606486	-7.337402	-68.749098	-63.447998
-137.514934	-7.282471	-68.763746	-63.378418
-137.484416	-7.404541	-68.734449	-63.454102
-137.514934	-7.551025	-68.763746	-63.357666
-137.466105	-7.496094	-68.707594	-63.458374
-137.350139	-7.422852	-68.763746	-63.377197
-137.386760	-7.551025	-68.710035	-63.559082
-137.252482	-7.581543	-68.785719	-63.381470
-137.246379	-7.636475	-68.768629	-63.383301
-136.983928	-7.801270	-68.802809	-63.387573
-137.087687	-7.813477	-68.768629	-63.621338
-136.800822	-7.782959	-68.783277	-63.369263
-136.660441	-7.862305	-68.732008	-63.352783
-136.593303	-7.825684	-68.753980	-63.653076
-136.483439	-7.819580	-68.797926	-63.429687
-136.282023	-7.831787	-68.797926	-63.514526
-135.848674	-8.027100	-68.783277	-63.418701
-135.781535	-7.929443	-68.707594	-63.319214
-135.512980	-7.996582	-68.736891	-63.601196
-135.146770	-7.966064	-68.800367	-63.333252
-134.847697	-8.082031	-68.773512	-63.283813
-134.414348	-8.057617	-68.771070	-63.493164
-133.797893	-7.972168	-68.739332	-63.355835
-133.199748	-8.063721	-68.780836	-63.643311
-132.339152	-7.868408	-68.773512	-63.249023
-131.643352	-7.905029	-68.756422	-63.411987
-130.965861	-8.063721	-68.775953	-63.422363
-130.648479	-8.039307	-68.751539	-63.323486
-130.428752	-7.953857	-68.790602	-63.344238
-130.599650	-7.972168	-68.775953	-63.269165
-130.917033	-8.069824	-68.775953	-63.515137
-131.429729	-8.130859	-68.805250	-63.424194
-131.948527	-8.039307	-68.795484	-63.299072
-132.461223	-8.130859	-68.732008	-63.438232
-133.175334	-8.326172	-68.780836	-63.622559
-133.828410	-8.411621	-68.839430	-63.532837
-134.359416	-8.454346	-68.780836	-63.313721
-134.841594	-8.490967	-68.775953	-63.441895
-135.226115	-8.613037	-68.797926	-63.560913
-135.506877	-8.716797	-68.751539	-63.551758
-135.897502	-8.741211	-68.788160	-63.333252
-136.196574	-8.771729	-68.812574	-63.516357
-136.489543	-8.820557	-68.739332	-63.535278
-136.520061	-8.820557	-68.749098	-63.232544
-136.605510	-8.765625	-68.763746	-63.430908
-136.959514	-8.844971	-68.707594	-63.401001
-136.935100	-8.899902	-68.797926	-63.352173
-137.173137	-8.808350	-68.771070	-63.260010
-137.252482	-8.790039	-68.800367	-63.255737
-137.295207	-8.857178	-68.763746	-63.310669
-137.344035	-8.912109	-68.795484	-63.366211
-137.362346	-8.979248	-68.822340	-63.488281
-137.344035	-8.967041	-68.753980	-63.441284
-137.527141	-9.058594	-68.751539	-63.557251
-137.575969	-9.198975	-68.849195	-63.476074
-137.612590	-9.174561	-68.741773	-63.630493
-137.563762	-9.192871	-68.817457	-63.383911
-137.643107	-9.321045	-68.797926	-63.610352
-137.649211	-9.266113	-68.756422	-63.515137
-137.710246	-9.424805	-68.768629	-63.445557
-137.771281	-9.449219	-68.832105	-63.250244
-137.850627	-9.589600	-68.815016	-63.560303
-137.826213	-9.607910	-68.793043	-63.603638
-137.862834	-9.607910	-68.778395	-63.739746
-137.929973	-9.650635	-68.797926	-63.317383
-137.868937	-9.827637	-68.849195	-63.688477
-137.954387	-9.839844	-68.817457	-63.584106
-137.868937	-10.041260	-68.812574	-63.578003
-137.887248	-9.955811	-68.773512	-63.523071
-137.826213	-10.108398	-68.746656	-63.468140
-137.929973	-10.248779	-68.807691	-63.650024
-137.954387	-10.358643	-68.812574	-63.676880
-137.972697	-10.230469	-68.839430	-63.603638
-138.015422	-10.322021	-68.836988	-63.620117
-138.015422	-10.334229	-68.829664	-63.574951
-137.893352	-10.212158	-68.836988	-63.513306
-137.905559	-10.309814	-68.836988	-63.357056
-138.058146	-10.413574	-68.839430	-63.330200
-137.972697	-10.364746	-68.807691	-63.434570
-137.923869	-10.517334	-68.834547	-63.455322
-137.826213	-10.553955	-68.744215	-63.536499
-137.991008	-10.639404	-68.797926	-63.676270
-137.899455	-10.724854	-68.780836	-63.528564
-138.015422	-10.737061	-68.795484	-63.534058
-138.039836	-10.901855	-68.812574	-63.565186
-137.923869	-10.889648	-68.788160	-63.620728
-137.844523	-10.968994	-68.800367	-63.400391
-137.954387	-11.170410	-68.807691	-63.529175
-137.899455	-11.194824	-68.797926	-63.603027
-138.058146	-11.127686	-68.858961	-63.419312
-138.070354	-11.377930	-68.827223	-63.368042
-138.052043	-11.524414	-68.783277	-63.534058
-138.064250	-11.634277	-68.732008	-63.502319
-138.186320	-11.683105	-68.783277	-63.620728
-138.039836	-11.799072	-68.805250	-63.668945
-138.064250	-11.841797	-68.810133	-63.508423
-138.094768	-12.049316	-68.797926	-63.498657
-138.039836	-12.134766	-68.846754	-63.472412
-138.088664	-12.317871	-68.839430	-63.519409
-138.180217	-12.433838	-68.788160	-63.505371
-138.076457	-12.555908	-68.783277	-63.734253
-138.082561	-12.671875	-68.802809	-63.592651
-138.119182	-12.671875	-68.824781	-63.502930
-138.210734	-12.732910	-68.827223	-63.321655
-138.058146	-12.751221	-68.876051	-63.543823
-138.253459	-12.848877	-68.758863	-63.455933
-138.131389	-12.909912	-68.815016	-63.492554
-138.039836	-13.001465	-68.810133	-63.548706
-138.198527	-13.184570	-68.795484	-63.403442
-138.253459	-13.202881	-68.756422	-63.463867
-138.204631	-13.440918	-68.819898	-63.619507
-138.088664	-13.520264	-68.832105	-63.634155
-138.271770	-13.562988	-68.805250	-63.535278
-138.100871	-13.843750	-68.895582	-63.621948
-138.198527	-14.081787	-68.895582	-63.586548
-138.424357	-14.167236	-68.898023	-63.451660
-138.253459	-14.203857	-68.851637	-63.727539
-138.247355	-14.496826	-68.858961	-63.661621
-138.149699	-14.667725	-68.839430	-63.654297
-138.192424	-14.728760	-68.817457	-63.527344
-138.229045	-14.893555	-68.841871	-63.673828
-138.155803	-15.107178	-68.878492	-63.480957
-138.204631	-15.210937	-68.871168	-63.610352
-138.088664	-15.278076	-68.805250	-63.458374
-138.241252	-15.442871	-68.910230	-63.446167
-138.229045	-15.540527	-68.873609	-63.723877
-138.247355	-15.619873	-68.932203	-63.501099
-138.259562	-15.656494	-68.883375	-63.621338
-138.314494	-15.864014	-68.878492	-63.513306
-138.143596	-15.961670	-68.912672	-63.603027
-138.283977	-16.169189	-68.888258	-63.530396
-138.412150	-16.156982	-68.866285	-63.683594
-138.351115	-16.272949	-68.829664	-63.501709
-138.186320	-16.358398	-68.829664	-63.673828
-138.302287	-16.529297	-68.834547	-63.580444
-138.186320	-16.694092	-68.893141	-63.469971
-138.259562	-16.828369	-68.898023	-63.579224
-138.186320	-16.962646	-68.917555	-63.712891
-138.259562	-17.090820	-68.900465	-63.458374
-138.216838	-17.194580	-68.834547	-63.523071
-138.210734	-17.328857	-68.902906	-63.701294
-138.253459	-17.420410	-68.880934	-63.530396
-138.155803	-17.615723	-68.900465	-63.582275
-138.271770	-17.725586	-68.885816	-63.601196
-138.235148	-17.865967	-68.873609	-63.745850
-138.253459	-18.085693	-68.885816	-63.595703
-138.174113	-18.238281	-68.934645	-63.592041
-138.161906	-18.372559	-68.946852	-63.525513
-138.320598	-18.567871	-68.919996	-63.490723
-138.253459	-18.458008	-68.917555	-63.698853
-138.113078	-18.592285	-68.939527	-63.697632
-138.210734	-18.812012	-68.885816	-63.541992
-138.253459	-18.854736	-68.932203	-63.657349
-138.131389	-18.927979	-68.878492	-63.504761
-138.351115	-18.958496	-68.858961	-63.601807
-138.222941	-19.098877	-68.922438	-63.510254
-138.271770	-19.239258	-68.915113	-63.499878
-138.216838	-19.166016	-68.910230	-63.696411
-138.015422	-19.208740	-68.871168	-63.656738
-138.192424	-19.489502	-68.885816	-63.512695
-138.290080	-19.556641	-68.844313	-63.618286
-138.155803	-19.672607	-68.861402	-63.758667
-138.253459	-19.825195	-68.917555	-63.775757
-138.259562	-19.935059	-68.900465	-63.449219
-138.210734	-19.959473	-68.915113	-63.668335
-138.265666	-20.087646	-68.866285	-63.546265
-138.204631	-20.362305	-68.890699	-63.684204
-138.302287	-20.368408	-68.819898	-63.492554
-138.235148	-20.545410	-68.880934	-63.653687
-138.186320	-20.459961	-68.871168	-63.822754
-138.265666	-20.643066	-68.854078	-63.808716
-138.235148	-20.826172	-68.910230	-63.559082
-138.326701	-20.911621	-68.854078	-63.648193
-138.308391	-20.948242	-68.888258	-63.724487
-138.259562	-21.027588	-68.876051	-63.530396
-138.192424	-21.204590	-68.912672	-63.679932
-138.198527	-21.320557	-68.858961	-63.570068
-138.125285	-21.418213	-68.917555	-63.715942
-138.180217	-21.521973	-68.832105	-63.722656
-138.265666	-21.656250	-68.873609	-63.702515
-138.296184	-21.790527	-68.868727	-63.601196
-138.283977	-21.845459	-68.876051	-63.806885
-138.290080	-21.961426	-68.895582	-63.736694
-138.290080	-22.101807	-68.846754	-63.700073
-138.143596	-22.181152	-68.880934	-63.698242
-138.180217	-22.358154	-68.922438	-63.671387
-138.064250	-22.394775	-68.851637	-63.595093
-138.357219	-22.431396	-68.856520	-63.908813
-138.100871	-22.559570	-68.910230	-63.827637
-138.143596	-22.675537	-68.846754	-63.770874
-138.131389	-22.748779	-68.873609	-63.708618
-138.241252	-22.901367	-68.885816	-63.653076
-138.229045	-23.096680	-68.927320	-63.537109
-138.070354	-23.285889	-68.873609	-63.690308
-138.021525	-23.298096	-68.902906	-63.679932
-138.106975	-23.401855	-68.919996	-63.874634
-138.143596	-23.688721	-68.890699	-63.675049
-138.174113	-23.658203	-68.905348	-63.661621
-138.009318	-23.926758	-68.841871	-63.623169
-138.076457	-24.018311	-68.898023	-63.880737
-138.137492	-24.018311	-68.944410	-63.740356
-138.314494	-24.177002	-68.839430	-63.704956
-138.094768	-24.286865	-68.858961	-63.726929
-138.113078	-24.305176	-68.858961	-63.610352
-138.180217	-24.463867	-68.919996	-63.627441
-138.198527	-24.610352	-68.937086	-63.656738
-138.210734	-24.653076	-68.959059	-63.888062
-138.149699	-24.756836	-68.939527	-63.738525
-138.021525	-24.793457	-68.932203	-63.756226
-138.076457	-25.086426	-68.939527	-63.652466
-138.155803	-25.171875	-68.917555	-63.694580
-138.045939	-25.269531	-68.849195	-63.740356
-138.100871	-25.312256	-68.910230	-63.659790
-138.326701	-25.373291	-68.907789	-63.831299
-138.106975	-25.434326	-68.866285	-63.892334
-137.923869	-25.666260	-68.866285	-63.753784
-137.972697	-25.763916	-68.978590	-63.784302
-138.015422	-25.940918	-68.900465	-63.764771
-138.143596	-26.069092	-68.880934	-63.739746
-138.070354	-26.117920	-68.905348	-63.861206
-137.893352	-26.233887	-68.922438	-63.707397
-137.972697	-26.294922	-69.024977	-63.792847
-138.015422	-26.349854	-68.966383	-63.757446
-137.942180	-26.575684	-68.900465	-63.838013
-137.997111	-26.703857	-68.927320	-63.704956
-138.027629	-26.770996	-68.954176	-63.877075
-137.795695	-26.917480	-68.939527	-63.951538
-137.850627	-27.094482	-68.939527	-63.831909
-137.820109	-27.289795	-68.971266	-64.083984
-137.917766	-27.417969	-68.915113	-63.892944
-137.826213	-27.393555	-68.959059	-63.878906
-137.862834	-27.485107	-68.949293	-63.979614
-137.911662	-27.631592	-68.919996	-63.935059
-137.752971	-27.662109	-68.876051	-64.026001
-137.630900	-27.723145	-68.912672	-63.989990
-137.630900	-27.814697	-68.919996	-63.957642
-137.740764	-27.900146	-68.929762	-64.081543
-137.490520	-27.985596	-68.954176	-64.068115
-137.606486	-28.077148	-68.939527	-64.197510
-137.466105	-28.321289	-68.949293	-64.067505
-137.502727	-28.345703	-68.954176	-64.328735
-137.575969	-28.418945	-68.978590	-64.330566
-137.386760	-28.626465	-68.978590	-64.193237
-137.197551	-28.687500	-68.883375	-64.201782
-137.154826	-28.901123	-68.978590	-64.333008
-137.032756	-29.084229	-68.983473	-64.085205
-136.849650	-29.151367	-68.946852	-64.399536
-136.819133	-29.316162	-68.912672	-64.102905
-136.849650	-29.474854	-68.941969	-64.360474
-136.568889	-29.535889	-69.007887	-64.374512
-136.404094	-29.578613	-68.944410	-64.300049
-136.068400	-29.786133	-68.998121	-64.489258
-135.708293	-29.834961	-68.985914	-64.309814
-135.427531	-30.054687	-68.951734	-64.477051
-135.158977	-30.292725	-68.959059	-64.466064
-134.896525	-30.445312	-68.941969	-64.327515
-134.292277	-30.481934	-68.998121	-64.441040
-133.706340	-30.701660	-68.978590	-64.362305
-133.193645	-30.768799	-68.927320	-64.483154
-132.577189	-31.049561	-68.951734	-64.495361
-131.948527	-31.080078	-68.946852	-64.396484
-131.405314	-31.354736	-68.934645	-64.387329
-131.124553	-31.348633	-68.990797	-64.475830
-130.984172	-31.666016	-68.978590	-64.474609
-130.996379	-31.708740	-68.932203	-64.468506
-131.307658	-31.745361	-68.919996	-64.489868
-131.918010	-32.135986	-68.988355	-64.126709
-132.381877	-32.148193	-68.951734	-64.292725
-132.894572	-32.239746	-68.924879	-64.275024
-133.504924	-32.581543	-68.961500	-64.121826
-133.987102	-32.551025	-68.934645	-64.210327
-134.573039	-32.728027	-68.927320	-64.164551
-134.835490	-32.905029	-68.941969	-64.034546
-135.360393	-33.118652	-68.966383	-64.104126
-135.628947	-33.344482	-68.951734	-64.058350
-136.043986	-33.521484	-68.956617	-64.057739
-136.294230	-33.588623	-68.966383	-64.082764
-136.617717	-34.034180	-68.949293	-63.964355
-136.751994	-33.973145	-68.983473	-63.898437
-136.806926	-34.290527	-68.981031	-63.645752
-136.977824	-34.382080	-68.922438	-64.002197
-137.112102	-34.455322	-68.995680	-63.901489
-137.283000	-34.614014	-68.934645	-63.994263
-137.283000	-34.864258	-68.934645	-63.918579
-137.331828	-34.894775	-68.917555	-64.022949
-137.215861	-35.108398	-68.954176	-64.082764
-137.441691	-35.297607	-68.956617	-63.797119
-137.496623	-35.419678	-68.949293	-63.724487
-137.466105	-35.596680	-68.971266	-63.771484
-137.533244	-35.828613	-68.961500	-64.000366
-137.600383	-35.956787	-68.961500	-63.792236
-137.606486	-36.188721	-68.985914	-63.783691
-137.832316	-36.384033	-68.983473	-63.897827
-137.679729	-36.500000	-68.880934	-63.887451
-137.685832	-36.713623	-68.937086	-63.767822
-137.710246	-36.896729	-68.946852	-63.659790
-137.752971	-36.994385	-68.949293	-63.907593
-137.777385	-37.153076	-69.012770	-63.910645
-137.691936	-37.208008	-68.971266	-63.670166
-137.673625	-37.531494	-68.924879	-63.540771
-137.575969	-37.684082	-68.937086	-63.737915
-137.789592	-37.940430	-68.966383	-63.807495
-137.844523	-37.989258	-68.959059	-63.724487
-137.789592	-38.294434	-68.934645	-63.726318
-137.868937	-38.361572	-68.981031	-63.702515
-137.905559	-38.575195	-68.998121	-63.961304
-137.893352	-38.733887	-69.007887	-63.658569
-137.893352	-39.002441	-68.941969	-63.939331
-137.887248	-39.234375	-68.985914	-63.910034
-137.929973	-39.325928	-68.937086	-63.709229
-137.923869	-39.527344	-68.983473	-63.795898
-137.795695	-39.643311	-68.983473	-63.671387
-137.997111	-39.765381	-68.868727	-63.747681
-137.832316	-39.905762	-68.929762	-63.807495
-137.899455	-39.985107	-68.966383	-63.520630
-137.942180	-40.125488	-68.956617	-63.717773
-138.052043	-40.308594	-68.949293	-63.663452
-137.972697	-40.552734	-68.990797	-63.855103
-138.186320	-40.760254	-69.034742	-63.764771
-138.125285	-40.876221	-68.993238	-63.820923
-138.027629	-40.986084	-68.951734	-63.840454
-138.131389	-41.242432	-68.929762	-63.740967
-137.936076	-41.395020	-68.968824	-63.874634
-138.033732	-41.565918	-68.990797	-63.759888
-137.905559	-41.755127	-69.003004	-63.711670
-138.131389	-41.962646	-69.007887	-63.817871
-137.972697	-42.200684	-68.990797	-63.695801
-137.929973	-42.286133	-68.934645	-63.701904
-137.820109	-42.420410	-69.003004	-63.870361
-137.868937	-42.658447	-68.981031	-63.759277
-137.917766	-42.768311	-68.951734	-63.709839
-138.003215	-42.975830	-68.963941	-63.813599
-138.021525	-43.195557	-68.973707	-63.763550
-138.015422	-43.299316	-69.027418	-63.833130
-138.021525	-43.445801	-68.951734	-63.931396
-138.161906	-43.659424	-68.985914	-63.756226
-138.168010	-43.775391	-68.937086	-63.584106
-138.100871	-44.092773	-68.927320	-63.877075
-138.058146	-44.153809	-69.042066	-63.778809
-137.929973	-44.281982	-69.024977	-63.870972
-137.972697	-44.581055	-68.983473	-63.690308
-137.917766	-44.794678	-68.963941	-63.723877
-137.972697	-44.837402	-69.007887	-63.614624
-138.070354	-45.093750	-68.983473	-63.704956
-138.143596	-45.142578	-68.971266	-63.670166
-138.155803	-45.490479	-68.954176	-63.900269
-137.978801	-45.649170	-68.946852	-63.748291
-137.991008	-45.746826	-68.961500	-63.683594
-138.021525	-45.856689	-68.934645	-63.745239
-138.015422	-45.997070	-68.941969	-63.754395
-138.003215	-46.137451	-68.919996	-63.765991
-138.155803	-46.308350	-69.010328	-63.721436
-138.088664	-46.540283	-68.983473	-63.957642
-138.064250	-46.772217	-68.983473	-63.759888
-138.045939	-46.833252	-68.895582	-63.961914
-138.131389	-47.150635	-69.015211	-63.885620
-138.082561	-47.413086	-68.966383	-63.697021
-138.149699	-47.449707	-69.032301	-63.594482
-137.978801	-47.626709	-69.034742	-63.731812
-138.100871	-47.754883	-69.027418	-63.762329
-137.929973	-48.035645	-69.037184	-63.814819
-138.137492	-48.005127	-68.976148	-63.805664
-138.033732	-48.218750	-68.963941	-63.817261
-138.119182	-48.481201	-69.000563	-63.707397
-137.991008	-48.633789	-68.990797	-63.771484
-138.027629	-48.688721	-69.115309	-63.679321
-138.064250	-48.847412	-68.990797	-63.712891
-138.082561	-49.067139	-69.027418	-63.711670
-138.076457	-49.256348	-69.034742	-63.718994
-138.082561	-49.317383	-69.098219	-63.718994
-138.106975	-49.390625	-69.007887	-63.728760
-138.045939	-49.543213	-69.003004	-63.862427
-138.076457	-49.805664	-69.027418	-63.806274
-138.088664	-49.860596	-69.020094	-63.805054
-137.899455	-50.232910	-69.003004	-63.717163
-137.991008	-50.165771	-69.061598	-63.676880
-138.094768	-50.245117	-69.024977	-63.684814
-138.082561	-50.452637	-69.024977	-63.638428
-138.100871	-50.593018	-69.012770	-63.706177
-138.039836	-50.751709	-69.032301	-63.800781
-138.094768	-50.879883	-69.024977	-63.687256
-138.106975	-51.014160	-69.061598	-63.833740
-138.070354	-51.252197	-69.071363	-63.604248
-138.070354	-51.319336	-69.017652	-63.900879
-137.984904	-51.429199	-69.015211	-63.556030
-138.027629	-51.612305	-69.015211	-63.878296
-138.088664	-51.789307	-69.059156	-63.781860
-137.850627	-51.832031	-69.051832	-63.794678
-137.868937	-52.045654	-69.071363	-63.788574
-138.027629	-52.076172	-69.071363	-63.645752
-137.881145	-52.222656	-69.064039	-63.938721
-138.070354	-52.363037	-69.064039	-63.876465
-138.064250	-52.540039	-69.020094	-63.924072
-137.942180	-52.692627	-69.032301	-63.775146
-138.021525	-52.881836	-69.098219	-63.855713
-137.997111	-52.808594	-69.132398	-63.716553
-138.009318	-52.979492	-69.049391	-63.733643
-138.045939	-53.132080	-69.007887	-63.747681
-138.027629	-53.217529	-69.090895	-63.988770
-138.070354	-53.412842	-69.051832	-63.895996
-137.997111	-53.364014	-69.068922	-63.919800
-138.052043	-53.565430	-69.122633	-63.802002
-138.033732	-53.693604	-69.107984	-63.941772
-137.954387	-53.675293	-69.086012	-63.648193
-138.088664	-53.748535	-69.064039	-63.791626
-138.216838	-53.943848	-69.073805	-63.759888
-138.052043	-54.023193	-69.078688	-63.620728
-137.997111	-54.328369	-69.061598	-63.773315
-138.045939	-54.584717	-69.029859	-63.899048
-138.058146	-54.847168	-69.076246	-63.679932
-138.009318	-55.134033	-69.090895	-63.624390
-138.070354	-55.445312	-69.122633	-63.809326
-137.997111	-55.555176	-69.029859	-63.763550
-138.021525	-55.616211	-69.068922	-63.836182
-138.015422	-55.445312	-69.115309	-63.881348
-138.137492	-55.304932	-69.122633	-63.745850
-138.131389	-54.932617	-69.024977	-63.690918
-138.003215	-54.627441	-69.115309	-63.933838
-138.106975	-54.163574	-69.083570	-63.864868
-137.972697	-53.730225	-69.076246	-63.730591
-138.021525	-53.327393	-69.049391	-63.737305
-138.003215	-52.894043	-69.120191	-63.842285
-138.332805	-52.570557	-69.073805	-63.708618
-138.045939	-52.033447	-69.093336	-63.601196
-138.088664	-51.691650	-69.068922	-63.902100
