-138,143596	0,842310	-66,930250	-63,135498
-138,247355	0,842297	-66,898512	-63,056763
-138,235148	0,842175	-66,915602	-63,214233
-138,253459	0,842175	-66,874098	-63,057373
-138,113078	0,842419	-66,861891	-63,177612
-138,180217	0,842480	-66,920484	-63,053711
-138,131389	0,842358	-66,947340	-63,042725
-138,247355	0,842590	-66,903395	-63,029297
-138,076457	0,842981	-66,869215	-62,948120
-138,100871	0,842944	-66,878980	-62,923706
-138,265666	0,842981	-66,944898	-63,049438
-138,161906	0,843176	-66,922926	-62,916382
-138,100871	0,842957	-66,961988	-63,067139
-138,229045	0,842944	-66,883863	-63,032349
-138,119182	0,843188	-66,910719	-63,119629
-137,984904	0,843542	-66,886305	-62,981689
-138,119182	0,843127	-66,903395	-62,982300
-138,155803	0,843311	-66,852125	-63,095215
-138,119182	0,843115	-66,910719	-63,274048
-138,058146	0,843018	-66,942457	-63,045776
-138,186320	0,842749	-66,922926	-62,993286
-138,088664	0,842932	-66,918043	-62,920044
-138,192424	0,842700	-66,930250	-63,278931
-138,253459	0,842310	-66,869215	-63,077515
-138,113078	0,842175	-66,815504	-63,059204
-138,259562	0,841943	-66,930250	-63,054321
-138,198527	0,841687	-66,881422	-63,028076
-138,125285	0,841455	-66,888746	-63,076904
-138,052043	0,841443	-66,944898	-62,979248
-138,174113	0,841614	-66,935133	-63,168457
-138,125285	0,841455	-66,905836	-63,093994
-138,137492	0,841797	-66,905836	-63,146484
-138,253459	0,841809	-66,966871	-62,882202
-138,216838	0,841785	-66,944898	-63,113525
-138,088664	0,841870	-66,915602	-63,020752
-138,027629	0,842224	-66,857008	-62,951782
-138,137492	0,842493	-66,903395	-63,083008
-138,100871	0,842603	-66,930250	-63,192871
-138,015422	0,842542	-66,898512	-63,042725
-137,991008	0,842676	-66,915602	-63,219116
-138,137492	0,842480	-66,888746	-63,039062
-137,948283	0,842700	-66,835035	-63,057983
-137,954387	0,842639	-66,910719	-62,999390
-137,923869	0,842383	-66,859449	-63,018921
-137,984904	0,842310	-66,940016	-63,226440
-137,972697	0,842236	-66,927809	-63,133667
-137,899455	0,842053	-66,969313	-63,143433
-137,814006	0,841821	-66,852125	-63,322876
-137,777385	0,841614	-66,913160	-63,011597
-137,801799	0,841077	-66,878980	-63,122070
-137,673625	0,841052	-66,893629	-63,185547
-137,710246	0,840967	-66,839918	-63,083008
-137,643107	0,840857	-66,910719	-63,142212
-137,698039	0,840588	-66,930250	-63,081177
-137,722453	0,840540	-66,944898	-63,191040
-137,667521	0,840491	-66,864332	-63,115967
-137,600383	0,840247	-66,969313	-63,020142
-137,411174	0,840125	-66,949781	-63,087280
-137,533244	0,840332	-66,935133	-63,072632
-137,539348	0,840198	-66,937574	-63,239868
-137,423381	0,840149	-66,966871	-63,185547
-137,350139	0,840527	-66,866773	-63,211182
-137,160930	0,840588	-66,888746	-63,075073
-136,971721	0,840625	-66,942457	-63,166626
-136,837443	0,840991	-66,976637	-63,035400
-136,916789	0,841016	-66,952223	-63,086670
-136,800822	0,841211	-66,981520	-63,141602
-136,581096	0,841370	-66,922926	-63,031128
-136,275920	0,841211	-66,930250	-63,133057
-136,190471	0,841003	-66,903395	-63,175781
-135,805949	0,840955	-66,954664	-63,120239
-135,586223	0,840796	-66,922926	-62,996338
-135,165080	0,840601	-66,966871	-63,100708
-134,554729	0,840356	-66,979078	-63,021362
-133,938273	0,839880	-66,913160	-63,032959
-133,108195	0,839929	-66,969313	-63,225830
-132,534465	0,839587	-66,954664	-63,150757
-131,838664	0,839136	-66,974195	-63,206299
-130,782756	0,839368	-66,986402	-63,255127
-130,160197	0,839063	-66,918043	-63,016479
-129,488811	0,838721	-66,976637	-63,039673
-128,512248	0,838647	-66,927809	-63,157471
-127,950725	0,838745	-66,898512	-63,230103
-127,413615	0,838623	-66,976637	-63,106812
-127,383098	0,838696	-67,008375	-63,015259
-127,199992	0,838843	-66,930250	-62,997559
-127,236613	0,838611	-66,952223	-63,039673
-127,529582	0,838977	-66,966871	-63,140991
-128,109416	0,838672	-67,020582	-63,047607
-128,585490	0,839221	-66,952223	-63,100708
-129,409465	0,838940	-66,991285	-63,177612
-130,202922	0,839233	-66,949781	-63,181274
-131,307658	0,838892	-66,959547	-63,147095
-132,076701	0,839404	-66,927809	-63,218506
-133,089885	0,839099	-67,035230	-63,061035
-133,663615	0,839368	-66,957105	-63,075073
-134,261760	0,839160	-67,025465	-63,272827
-134,640178	0,839087	-66,942457	-63,117187
-134,908732	0,838831	-67,040113	-63,021362
-135,488566	0,838733	-66,983961	-63,092163
-135,592326	0,838757	-66,964430	-63,243530
-135,909709	0,838281	-66,991285	-62,968872
-136,379680	0,838123	-67,001051	-63,066528
-136,459025	0,838000	-66,959547	-63,214844
-136,721477	0,837988	-66,954664	-63,063477
-136,794719	0,837585	-66,979078	-63,078125
-136,947307	0,837341	-66,991285	-63,115967
-136,983928	0,837170	-66,944898	-63,259399
-137,167033	0,837390	-66,927809	-63,156860
-137,392863	0,836963	-66,908277	-63,055542
-137,508830	0,837231	-66,935133	-63,017700
-137,405070	0,837085	-66,979078	-63,148926
-137,496623	0,837109	-66,940016	-63,068970
-137,356242	0,837085	-66,913160	-63,182495
-137,429484	0,837280	-66,971754	-63,197754
-137,521037	0,837622	-66,957105	-63,194702
-137,527141	0,837488	-66,947340	-63,324707
-137,698039	0,837756	-66,947340	-63,032959
-137,881145	0,837646	-66,961988	-63,152588
-137,838420	0,837488	-66,944898	-63,072021
-137,899455	0,837988	-66,871656	-62,957275
-138,033732	0,837585	-66,949781	-62,993286
-137,960490	0,837561	-66,940016	-63,180664
-138,033732	0,837354	-66,974195	-63,059814
-138,045939	0,836926	-66,986402	-63,166626
-138,094768	0,837073	-66,976637	-63,228882
-138,003215	0,836890	-66,954664	-63,186157
-138,113078	0,836389	-66,920484	-63,271606
-138,088664	0,836279	-66,896070	-63,108643
-138,082561	0,836243	-66,932691	-63,058594
-138,143596	0,835999	-66,869215	-63,050659
-138,082561	0,835413	-66,937574	-63,144043
-138,119182	0,835510	-66,944898	-63,131226
-138,021525	0,835083	-66,971754	-63,281982
-138,216838	0,834875	-66,949781	-63,120850
-138,161906	0,834851	-66,949781	-63,097046
-138,338908	0,834570	-66,976637	-63,189819
-138,351115	0,834863	-66,986402	-63,054321
-138,332805	0,834521	-66,979078	-63,292969
-138,235148	0,834595	-66,971754	-63,059814
-138,277873	0,834692	-66,920484	-63,122681
-138,222941	0,834644	-66,893629	-63,267944
-138,241252	0,834741	-66,922926	-63,156860
-138,161906	0,834814	-66,920484	-63,098877
-138,332805	0,834937	-66,957105	-63,239868
-138,314494	0,834753	-66,871656	-63,161743
-138,345012	0,834924	-66,913160	-63,115967
-138,192424	0,834778	-66,947340	-63,117798
-138,351115	0,835010	-66,913160	-63,219116
-138,308391	0,834912	-66,930250	-63,146484
-138,277873	0,834534	-66,874098	-63,191040
-138,375529	0,834387	-66,910719	-63,139771
-138,351115	0,834253	-66,918043	-63,095215
-138,265666	0,834167	-66,993727	-63,162964
-138,369426	0,834106	-66,930250	-63,005493
-138,283977	0,833398	-66,898512	-63,280762
-138,454875	0,833350	-66,957105	-63,212402
-138,265666	0,833057	-66,930250	-63,100098
-138,418254	0,833020	-66,937574	-63,164795
-138,308391	0,832715	-66,913160	-63,309448
-138,338908	0,832275	-66,932691	-63,192261
-138,296184	0,832080	-66,920484	-63,109253
-138,253459	0,831873	-66,920484	-63,314941
-138,332805	0,831958	-66,925367	-63,040894
-138,247355	0,831995	-66,954664	-63,034790
-138,393840	0,832092	-66,969313	-63,061035
-138,296184	0,832312	-66,952223	-63,172729
-138,204631	0,832361	-66,979078	-63,189209
-138,241252	0,832080	-66,981520	-63,277100
-138,320598	0,832117	-66,954664	-63,202637
-138,119182	0,832141	-66,959547	-63,158081
-138,259562	0,832080	-66,988844	-63,225830
-138,216838	0,832520	-66,998609	-63,072021
-138,345012	0,832544	-66,940016	-63,131226
-138,259562	0,832593	-66,949781	-63,214233
-138,180217	0,832495	-66,964430	-63,278320
-138,198527	0,832324	-66,940016	-63,126953
-138,247355	0,832288	-66,971754	-63,187378
-138,259562	0,832458	-66,922926	-63,284424
-138,290080	0,831995	-66,957105	-63,166626
-138,168010	0,831787	-66,920484	-63,169678
-138,302287	0,831775	-66,935133	-63,166016
-138,119182	0,831445	-66,932691	-63,194092
-138,229045	0,831372	-66,964430	-63,188599
-138,198527	0,831116	-67,020582	-63,316772
-138,216838	0,831018	-66,983961	-63,238037
-138,009318	0,830872	-66,974195	-63,216064
-138,070354	0,831030	-66,954664	-63,297241
-138,094768	0,830737	-66,913160	-63,206909
-138,296184	0,830640	-66,947340	-63,158081
-138,088664	0,830737	-66,915602	-63,177612
-138,174113	0,830664	-66,935133	-62,979858
-138,345012	0,830640	-67,003492	-63,238647
-138,283977	0,830835	-66,893629	-63,140381
-138,229045	0,830737	-66,993727	-63,393066
-138,161906	0,831067	-66,969313	-63,310669
-138,290080	0,830969	-66,991285	-63,358887
-138,180217	0,830945	-66,983961	-63,296021
-138,192424	0,831323	-67,003492	-63,285034
-138,393840	0,830981	-67,013258	-63,265503
-138,314494	0,831091	-66,944898	-63,266724
-138,229045	0,831104	-67,003492	-63,225220
-138,332805	0,830859	-67,030348	-63,108032
-138,406047	0,831091	-66,949781	-63,169678
-138,076457	0,830957	-66,937574	-63,231934
-138,369426	0,830981	-66,983961	-63,300293
-138,369426	0,830737	-66,993727	-63,119019
-138,277873	0,830469	-66,976637	-63,152588
-138,149699	0,830286	-67,008375	-63,127563
-138,253459	0,830127	-66,949781	-63,172119
-138,277873	0,829822	-66,944898	-62,982300
-138,265666	0,829724	-66,959547	-63,142822
-138,277873	0,829700	-66,969313	-63,222168
-138,265666	0,829614	-67,040113	-63,252686
-138,271770	0,829602	-67,030348	-63,242310
-138,198527	0,829529	-67,015699	-63,281982
-138,198527	0,829236	-67,020582	-63,200195
-138,363322	0,829138	-66,927809	-63,159912
-138,204631	0,829260	-67,054762	-63,382690
-138,198527	0,829199	-66,998609	-62,995117
-138,100871	0,829553	-66,988844	-63,291748
-138,174113	0,829407	-66,979078	-63,261841
-138,088664	0,829541	-66,937574	-63,230713
-138,253459	0,829663	-67,005934	-63,245361
-138,161906	0,829956	-67,005934	-63,221558
-138,259562	0,829529	-66,988844	-63,162964
-138,235148	0,829810	-67,084059	-63,141602
-138,180217	0,829871	-66,996168	-63,280762
-138,302287	0,829858	-66,983961	-63,335693
-138,070354	0,829834	-66,922926	-63,258789
-138,125285	0,830212	-67,010816	-63,388794
-138,338908	0,829773	-67,008375	-63,349121
-138,229045	0,829773	-67,027906	-63,282593
-138,149699	0,829871	-66,986402	-63,213013
-138,241252	0,829419	-67,015699	-63,000610
-138,070354	0,829358	-67,023023	-63,119629
-138,357219	0,829272	-66,966871	-63,125732
-138,174113	0,828699	-67,013258	-63,144043
-138,168010	0,828882	-66,981520	-63,264893
-138,186320	0,828687	-67,008375	-63,253296
-138,308391	0,828418	-67,020582	-63,374756
-138,192424	0,828516	-66,974195	-63,234985
-138,149699	0,828381	-67,049879	-63,075073
-138,155803	0,828577	-66,998609	-63,171509
-138,113078	0,828528	-67,015699	-63,295410
-138,155803	0,828369	-67,035230	-63,218506
-138,259562	0,828772	-67,062086	-63,043335
-138,100871	0,828870	-67,025465	-63,299683
-138,161906	0,828992	-67,005934	-63,227661
-138,137492	0,828967	-67,047438	-63,222778
-138,076457	0,829126	-67,044996	-63,074463
-138,058146	0,829321	-66,976637	-63,211792
-138,113078	0,829395	-66,991285	-63,306396
-138,070354	0,829712	-66,983961	-63,371704
-138,064250	0,829480	-67,010816	-63,390015
-138,161906	0,829504	-67,047438	-63,274048
-138,088664	0,829749	-67,052320	-63,252075
-137,978801	0,829517	-67,052320	-63,303955
-138,076457	0,829846	-67,015699	-63,270386
-138,015422	0,829468	-67,015699	-63,166626
-138,216838	0,829626	-67,023023	-63,211182
-138,088664	0,829370	-67,074293	-63,255737
-138,271770	0,829297	-67,054762	-63,238647
-138,088664	0,829321	-67,023023	-63,332642
-138,137492	0,829248	-67,001051	-63,369263
-138,119182	0,829199	-67,035230	-63,339355
-138,149699	0,828796	-67,081617	-63,274658
-137,929973	0,829187	-67,059645	-63,299683
-138,186320	0,829004	-67,018141	-63,114136
-138,113078	0,829126	-67,062086	-63,347900
-138,149699	0,828857	-67,093824	-63,322876
-138,180217	0,828931	-67,118238	-63,277100
-138,058146	0,829236	-67,086500	-63,245361
-138,058146	0,829211	-67,030348	-63,233154
-138,076457	0,829382	-67,037672	-63,205078
-138,058146	0,829480	-67,088941	-63,270996
-138,064250	0,829578	-67,101148	-63,369263
-138,088664	0,829541	-67,027906	-63,191040
-138,021525	0,829712	-67,128004	-63,272827
-138,192424	0,829810	-67,079176	-63,260620
-138,082561	0,829614	-67,069410	-63,195312
-138,064250	0,829749	-67,091383	-63,141602
-138,058146	0,829651	-67,103590	-63,191040
-138,039836	0,829517	-67,091383	-63,333252
-138,131389	0,829553	-67,084059	-63,411377
-138,033732	0,829565	-67,159742	-63,367432
-138,070354	0,829248	-67,091383	-63,200195
-138,070354	0,829016	-67,137770	-63,307007
-138,192424	0,829102	-67,108473	-63,379028
-137,991008	0,828857	-67,079176	-63,266113
-138,106975	0,828748	-67,135328	-63,232544
-138,021525	0,828772	-67,091383	-63,200195
-138,076457	0,828394	-67,108473	-63,401001
-138,302287	0,828516	-67,103590	-63,407715
-138,100871	0,828162	-67,049879	-63,166626
-138,064250	0,828088	-67,120680	-63,301514
-138,241252	0,828186	-67,108473	-63,303955
-138,015422	0,828345	-67,123121	-63,210571
-138,039836	0,828137	-67,103590	-63,260010
-138,277873	0,828040	-67,132887	-63,249023
-138,070354	0,828320	-67,096266	-63,119629
-138,155803	0,828271	-67,049879	-63,334473
-138,015422	0,828418	-67,091383	-63,239258
-138,003215	0,828101	-67,110914	-63,264282
-138,143596	0,828345	-67,115797	-63,507812
-137,984904	0,828503	-67,118238	-63,236816
-137,978801	0,828442	-67,106031	-63,303345
-138,027629	0,828442	-67,120680	-63,292969
-138,210734	0,828455	-67,088941	-63,286255
-138,094768	0,828735	-67,118238	-63,263062
-138,155803	0,828271	-67,106031	-63,255737
-137,997111	0,828223	-67,125563	-63,223389
-138,009318	0,827759	-67,108473	-63,294189
-138,009318	0,827856	-67,149977	-63,424805
-138,015422	0,827686	-67,164625	-63,405273
-137,923869	0,827563	-67,103590	-63,338745
-137,868937	0,827124	-67,162184	-63,105591
-137,881145	0,827087	-67,103590	-63,164795
-137,868937	0,826794	-67,132887	-63,353394
-137,838420	0,826819	-67,120680	-63,440063
-137,875041	0,826721	-67,120680	-63,303345
-137,771281	0,826514	-67,164625	-63,189819
-137,630900	0,826331	-67,169508	-63,192871
-137,582072	0,826648	-67,110914	-63,369873
-137,936076	0,826355	-67,201246	-63,416260
-137,612590	0,826282	-67,196363	-63,351562
-137,752971	0,826257	-67,125563	-63,308228
-137,466105	0,826404	-67,162184	-63,491333
-137,441691	0,826245	-67,128004	-63,278320
-137,325725	0,826257	-67,076734	-63,308228
-137,325725	0,826160	-67,130445	-63,261841
-137,203654	0,826331	-67,164625	-63,267944
-137,038859	0,826270	-67,174391	-63,377808
-136,843547	0,826184	-67,132887	-63,480957
-136,721477	0,826135	-67,201246	-63,217896
-136,642131	0,826099	-67,135328	-63,373535
-136,501750	0,826038	-67,135328	-63,326538
-136,141643	0,826184	-67,213453	-63,383911
-136,001262	0,826147	-67,167066	-63,302734
-135,506877	0,826074	-67,169508	-63,321045
-135,226115	0,825842	-67,206129	-63,263062
-134,768352	0,825806	-67,159742	-63,374146
-134,225139	0,825549	-67,154859	-63,418091
-133,846721	0,825549	-67,220777	-63,238647
-132,992229	0,824915	-67,152418	-63,571289
-132,314738	0,825085	-67,184156	-63,382080
-131,441936	0,824683	-67,198805	-63,337524
-130,575236	0,824719	-67,167066	-63,444336
-129,641398	0,824585	-67,169508	-63,162354
-128,927287	0,824231	-67,252516	-63,273437
-128,158244	0,824500	-67,254957	-63,307617
-127,816447	0,824426	-67,149977	-63,411987
-127,669963	0,824414	-67,196363	-63,443115
-127,627238	0,824219	-67,247633	-63,338745
-128,146037	0,824500	-67,203688	-63,271606
-128,658732	0,824133	-67,164625	-63,329590
-129,336223	0,824084	-67,250074	-63,447998
-130,019816	0,824121	-67,211012	-63,398560
-130,782756	0,823999	-67,223219	-63,405884
-131,570109	0,823767	-67,162184	-63,415039
-132,369670	0,823840	-67,247633	-63,523071
-133,205852	0,823694	-67,235426	-63,313110
-134,029826	0,823474	-67,213453	-63,409546
-134,481486	0,823584	-67,223219	-63,383911
-135,043010	0,822986	-67,267164	-63,416260
-135,488566	0,823108	-67,220777	-63,328979
-135,757121	0,823096	-67,211012	-63,505981
-136,111125	0,822900	-67,223219	-63,489502
-136,385783	0,822742	-67,289137	-63,496216
-136,788615	0,822485	-67,289137	-63,328369
-136,727580	0,822253	-67,259840	-63,371094
-136,910686	0,822107	-67,289137	-63,314331
-137,093791	0,821985	-67,281813	-63,451050
-137,295207	0,821729	-67,247633	-63,498047
-137,429484	0,821619	-67,291578	-63,379639
-137,508830	0,821423	-67,237867	-63,457764
-137,673625	0,821350	-67,254957	-63,379639
-137,643107	0,821106	-67,240309	-63,541992
-137,746867	0,820911	-67,294020	-63,236206
-137,826213	0,821045	-67,318434	-63,327148
-137,875041	0,821021	-67,311109	-63,446777
-137,966594	0,821008	-67,306227	-63,484619
-138,045939	0,820984	-67,335523	-63,405884
-137,936076	0,820801	-67,242750	-63,477295
-138,125285	0,820752	-67,347730	-63,504761
-138,137492	0,820374	-67,320875	-63,339966
-138,143596	0,820300	-67,301344	-63,404053
-138,259562	0,820544	-67,323316	-63,457764
-138,265666	0,820422	-67,318434	-63,424194
-138,204631	0,820288	-67,289137	-63,551147
-138,125285	0,820044	-67,291578	-63,404663
-138,235148	0,820166	-67,315992	-63,432129
-138,149699	0,819580	-67,306227	-63,466309
-138,351115	0,819653	-67,367262	-63,383911
-138,393840	0,819421	-67,335523	-63,402222
-138,363322	0,818933	-67,213453	-63,249023
-138,479289	0,819165	-67,342848	-63,349121
-138,302287	0,818799	-67,315992	-63,563354
-138,180217	0,818713	-67,369703	-63,423584
-138,442668	0,818542	-67,318434	-63,496826
-138,381633	0,818298	-67,359938	-63,441895
-138,406047	0,818372	-67,289137	-63,378418
-138,290080	0,818066	-67,357496	-63,554199
-138,393840	0,818054	-67,391676	-63,418091
-138,424357	0,817932	-67,384352	-63,512695
-138,314494	0,817676	-67,318434	-63,534668
-138,363322	0,817725	-67,308668	-63,471191
-138,351115	0,817871	-67,286695	-63,376587
-138,375529	0,817676	-67,325758	-63,335083
-138,399943	0,817627	-67,315992	-63,501099
-138,345012	0,817712	-67,340406	-63,508423
-138,473186	0,817493	-67,284254	-63,535889
-138,314494	0,817822	-67,379469	-63,444336
-138,332805	0,817554	-67,286695	-63,368652
-138,473186	0,817529	-67,303785	-63,537720
-138,326701	0,817358	-67,303785	-63,506592
-138,473186	0,816968	-67,315992	-63,494385
-138,399943	0,817151	-67,289137	-63,512085
-138,393840	0,817261	-67,342848	-63,572510
-138,369426	0,817212	-67,298902	-63,545044
-138,460979	0,816748	-67,328199	-63,371094
-138,375529	0,816907	-67,279371	-63,269775
-138,467082	0,816394	-67,325758	-63,388184
-138,424357	0,816211	-67,308668	-63,416260
-138,564738	0,816016	-67,369703	-63,426636
-138,454875	0,815820	-67,367262	-63,717773
-138,558635	0,815894	-67,374586	-63,501709
-138,491496	0,815527	-67,381910	-63,550537
-138,497600	0,815747	-67,357496	-63,434570
-138,454875	0,815527	-67,352613	-63,526733
-138,369426	0,815417	-67,335523	-63,494385
-138,412150	0,815002	-67,359938	-63,501099
-138,375529	0,814868	-67,333082	-63,450439
-138,430461	0,815063	-67,381910	-63,612793
-138,369426	0,815344	-67,345289	-63,429687
-138,491496	0,815002	-67,396559	-63,515747
-138,479289	0,815137	-67,294020	-63,552979
-138,467082	0,814893	-67,318434	-63,543213
-138,522014	0,814880	-67,357496	-63,474243
-138,418254	0,814819	-67,306227	-63,513306
-138,345012	0,814832	-67,357496	-63,455933
-138,381633	0,814636	-67,301344	-63,479736
-138,424357	0,814380	-67,369703	-63,575562
-138,467082	0,814746	-67,389234	-63,446777
-138,363322	0,814270	-67,350172	-63,481567
-138,363322	0,814185	-67,384352	-63,494995
-138,412150	0,814209	-67,381910	-63,545654
-138,271770	0,813538	-67,345289	-63,520630
-138,363322	0,813733	-67,328199	-63,490112
-138,277873	0,813586	-67,362379	-63,427856
-138,399943	0,813379	-67,350172	-63,444946
-138,302287	0,813147	-67,274488	-63,524902
-138,369426	0,812830	-67,340406	-63,524902
-138,302287	0,812732	-67,342848	-63,413818
-138,143596	0,812744	-67,337965	-63,448608
-138,204631	0,812512	-67,352613	-63,444336
-138,320598	0,812476	-67,367262	-63,531006
-138,192424	0,812427	-67,340406	-63,551758
-138,302287	0,812219	-67,355055	-63,463257
-138,387736	0,812207	-67,325758	-63,535278
-138,351115	0,812231	-67,320875	-63,444946
-138,222941	0,811877	-67,289137	-63,495605
-138,155803	0,811938	-67,384352	-63,485229
-138,229045	0,812000	-67,350172	-63,557251
-138,216838	0,811804	-67,330641	-63,595093
-138,106975	0,811511	-67,364820	-63,380859
-138,393840	0,811511	-67,350172	-63,479126
-138,320598	0,811682	-67,306227	-63,384521
-138,290080	0,811597	-67,394117	-63,338745
-138,094768	0,811536	-67,347730	-63,440674
-138,192424	0,811145	-67,313551	-63,459595
-138,235148	0,810803	-67,337965	-63,468140
-138,259562	0,810950	-67,406324	-63,597534
-138,247355	0,810742	-67,374586	-63,561523
-138,332805	0,810535	-67,325758	-63,573730
-138,271770	0,810242	-67,347730	-63,684204
-138,271770	0,810071	-67,377027	-63,648193
-138,180217	0,810059	-67,325758	-63,580444
-138,436564	0,809546	-67,384352	-63,527344
-138,137492	0,809814	-67,367262	-63,527954
-138,229045	0,809277	-67,394117	-63,510254
-138,168010	0,809326	-67,337965	-63,563965
-138,155803	0,809094	-67,347730	-63,575562
-138,058146	0,808911	-67,389234	-63,604858
-137,997111	0,809058	-67,323316	-63,512085
-138,082561	0,808740	-67,303785	-63,534668
-138,241252	0,808643	-67,372145	-63,708008
-138,302287	0,808386	-67,318434	-63,644531
-138,155803	0,808606	-67,447828	-63,650635
-138,259562	0,808105	-67,352613	-63,612793
-138,143596	0,808191	-67,352613	-63,734863
-138,198527	0,807996	-67,411207	-63,532227
-138,088664	0,808142	-67,325758	-63,780640
-138,064250	0,808057	-67,377027	-63,615845
-138,210734	0,808167	-67,381910	-63,703125
-138,277873	0,807837	-67,401441	-63,697632
-138,180217	0,807813	-67,386793	-63,847778
-138,210734	0,807861	-67,455152	-63,861206
-138,161906	0,807849	-67,362379	-63,900879
-138,180217	0,807605	-67,399000	-63,817871
-137,978801	0,807178	-67,440504	-63,886841
-138,241252	0,806909	-67,389234	-63,895386
-138,137492	0,806921	-67,403883	-64,052856
-137,972697	0,806665	-67,401441	-64,067505
-138,143596	0,806494	-67,364820	-64,070557
-138,137492	0,806519	-67,401441	-64,042480
-138,003215	0,806104	-67,411207	-64,012573
-138,076457	0,805603	-67,401441	-64,093140
-137,991008	0,805786	-67,416090	-64,178589
-138,052043	0,805566	-67,462477	-64,193237
-138,100871	0,805225	-67,416090	-64,228638
-138,137492	0,805359	-67,464918	-64,270752
-138,155803	0,804993	-67,462477	-64,064453
-138,235148	0,804907	-67,406324	-64,216431
-138,137492	0,804785	-67,420973	-64,123657
-138,106975	0,804639	-67,413648	-64,224976
-137,917766	0,804541	-67,377027	-64,109009
-138,125285	0,804578	-67,428297	-64,264648
-138,033732	0,804199	-67,423414	-64,229248
-138,106975	0,804248	-67,442945	-64,152954
-138,265666	0,803943	-67,352613	-64,254883
-138,113078	0,803625	-67,425855	-64,342163
-138,247355	0,803491	-67,445387	-64,224365
-138,247355	0,803271	-67,440504	-64,281738
-138,064250	0,803284	-67,399000	-64,135864
-138,125285	0,802991	-67,440504	-64,056519
-138,210734	0,803125	-67,379469	-64,038818
-138,039836	0,802661	-67,381910	-64,162720
-138,204631	0,802405	-67,347730	-64,068726
-138,070354	0,802246	-67,423414	-64,022339
-138,143596	0,801978	-67,391676	-64,036377
-138,137492	0,801917	-67,391676	-64,188965
-138,259562	0,801270	-67,394117	-64,094360
-138,241252	0,801379	-67,369703	-63,943604
-138,161906	0,801355	-67,347730	-63,939941
-138,216838	0,800745	-67,381910	-63,988770
-138,222941	0,800464	-67,323316	-63,967407
-138,180217	0,800195	-67,379469	-63,956421
-138,033732	0,800171	-67,411207	-63,692139
-138,039836	0,799976	-67,425855	-63,863647
-138,320598	0,799829	-67,399000	-63,768433
-138,064250	0,799683	-67,374586	-63,807495
-138,155803	0,799438	-67,359938	-63,691528
-138,137492	0,799121	-67,381910	-63,701904
-138,265666	0,798889	-67,433180	-63,724487
-138,204631	0,798938	-67,377027	-63,811768
-138,113078	0,798926	-67,379469	-63,704346
-138,015422	0,798596	-67,420973	-63,883789
-138,216838	0,798511	-67,386793	-63,730591
-138,149699	0,798206	-67,423414	-63,643921
-138,058146	0,798035	-67,350172	-63,703735
-138,100871	0,797668	-67,362379	-63,734253
-138,253459	0,797815	-67,416090	-63,703735
-138,155803	0,797449	-67,352613	-63,520630
-138,241252	0,797375	-67,423414	-63,526733
-138,064250	0,796838	-67,367262	-63,706177
-138,161906	0,796509	-67,408766	-63,635376
-138,070354	0,796436	-67,374586	-63,632935
-138,302287	0,796045	-67,379469	-63,519409
-138,106975	0,795776	-67,359938	-63,538940
-138,106975	0,795422	-67,359938	-63,618896
-138,161906	0,795386	-67,359938	-63,651855
-138,094768	0,795386	-67,399000	-63,655518
-138,003215	0,794922	-67,374586	-63,573120
-138,033732	0,794495	-67,423414	-63,510864
-138,149699	0,794409	-67,340406	-63,595093
-138,131389	0,794092	-67,408766	-63,616455
-137,960490	0,794019	-67,399000	-63,745850
-138,082561	0,793640	-67,420973	-63,623169
-138,039836	0,793494	-67,428297	-63,598755
-138,039836	0,793604	-67,408766	-63,641479
-137,954387	0,793188	-67,389234	-63,527344
-137,911662	0,793237	-67,425855	-63,644531
-137,887248	0,793030	-67,386793	-63,619507
-137,801799	0,792834	-67,389234	-63,571289
-137,881145	0,792566	-67,416090	-63,444946
-137,759074	0,792285	-67,394117	-63,684814
-137,740764	0,792578	-67,425855	-63,574951
-137,679729	0,791956	-67,433180	-63,617676
-137,649211	0,791895	-67,401441	-63,670776
-137,606486	0,791626	-67,406324	-63,720215
-137,643107	0,791345	-67,457594	-63,640259
-137,423381	0,791077	-67,420973	-63,509644
-137,447795	0,790991	-67,420973	-63,582886
-137,460002	0,790710	-67,320875	-63,501709
-137,356242	0,790356	-67,411207	-63,651855
-137,325725	0,790039	-67,406324	-63,573120
-137,160930	0,789966	-67,403883	-63,553589
-137,124309	0,789636	-67,394117	-63,617676
-136,898479	0,789209	-67,379469	-63,631104
-136,904582	0,789319	-67,403883	-63,646973
-136,715373	0,789050	-67,359938	-63,536499
-136,446818	0,788818	-67,416090	-63,501709
-136,172160	0,788782	-67,389234	-63,659180
-136,123332	0,788367	-67,399000	-63,717773
-135,769328	0,788049	-67,455152	-63,662231
-135,659465	0,787927	-67,342848	-63,568237
-135,335979	0,787708	-67,379469	-63,726929
-134,847697	0,787549	-67,435621	-63,635986
-134,280070	0,787402	-67,369703	-63,429077
-133,681926	0,787012	-67,357496	-63,579224
-133,169230	0,786951	-67,389234	-63,623169
-132,381877	0,786853	-67,342848	-63,554199
-131,356486	0,786365	-67,342848	-63,587769
-130,648479	0,786316	-67,367262	-63,454712
-129,763469	0,786047	-67,369703	-63,591431
-129,226359	0,785925	-67,352613	-63,545044
-128,646525	0,785779	-67,357496	-63,539551
-128,420695	0,785413	-67,347730	-63,508423
-128,390178	0,785107	-67,391676	-63,490723
-128,829631	0,784814	-67,411207	-63,458984
-129,220256	0,784546	-67,333082	-63,543213
-129,739055	0,784338	-67,413648	-63,722656
-130,453166	0,784180	-67,342848	-63,473022
-131,222209	0,783777	-67,399000	-63,526733
-131,881389	0,783801	-67,394117	-63,626221
-132,699260	0,783228	-67,347730	-63,523071
-133,315715	0,783032	-67,401441	-63,671387
-133,980998	0,782935	-67,416090	-63,572510
-134,499797	0,782617	-67,408766	-63,528564
-135,018596	0,782727	-67,420973	-63,535889
-135,262736	0,782275	-67,379469	-63,488281
-135,873088	0,782312	-67,340406	-63,474854
-135,915812	0,782056	-67,403883	-63,780029
-136,050090	0,781836	-67,418531	-63,440063
-136,495646	0,781726	-67,386793	-63,512085
-136,770305	0,781775	-67,396559	-63,543823
-136,745891	0,781677	-67,391676	-63,517578
-136,965617	0,781372	-67,455152	-63,555420
-137,008342	0,780908	-67,418531	-63,645142
-137,295207	0,780933	-67,384352	-63,701904
-137,301311	0,780859	-67,379469	-63,447388
-137,386760	0,780334	-67,428297	-63,668945
-137,478312	0,780505	-67,379469	-63,708008
-137,569865	0,780371	-67,372145	-63,492554
-137,569865	0,779810	-67,406324	-63,516968
-137,624797	0,779834	-67,379469	-63,678101
-137,685832	0,779529	-67,386793	-63,652466
-137,691936	0,779358	-67,379469	-63,720215
-137,929973	0,779236	-67,428297	-63,652466
-138,039836	0,779041	-67,372145	-63,806885
-137,814006	0,778870	-67,391676	-63,565186
-137,923869	0,778516	-67,408766	-63,539551
-137,997111	0,778406	-67,428297	-63,690918
-138,168010	0,778284	-67,423414	-63,582886
-137,893352	0,778247	-67,396559	-63,723877
-138,021525	0,777979	-67,381910	-63,626221
-138,125285	0,777942	-67,413648	-63,559082
-138,143596	0,777637	-67,430738	-63,732422
-138,070354	0,777686	-67,391676	-63,574951
-138,241252	0,777673	-67,442945	-63,675659
-138,271770	0,777173	-67,403883	-63,631104
-138,241252	0,777527	-67,381910	-63,552368
-138,210734	0,777246	-67,416090	-63,526123
-138,320598	0,776941	-67,391676	-63,674438
-138,186320	0,776953	-67,472242	-63,477905
-138,271770	0,776965	-67,455152	-63,520630
-138,314494	0,776477	-67,442945	-63,602417
-138,174113	0,776721	-67,425855	-63,588379
-138,149699	0,776318	-67,401441	-63,697021
-138,210734	0,775879	-67,428297	-63,593262
-138,247355	0,775952	-67,430738	-63,528564
-138,180217	0,775818	-67,418531	-63,651245
-138,253459	0,775415	-67,425855	-63,515137
-138,131389	0,775427	-67,496656	-63,740967
-138,168010	0,775146	-67,455152	-63,569458
-138,253459	0,775085	-67,440504	-63,610962
-138,003215	0,774817	-67,433180	-63,760498
-138,229045	0,774585	-67,467359	-63,398560
-138,222941	0,774573	-67,430738	-63,573730
-138,241252	0,774268	-67,469801	-63,599365
-138,198527	0,773889	-67,452711	-63,453491
-138,277873	0,773975	-67,399000	-63,659180
-138,296184	0,774072	-67,416090	-63,476685
-138,406047	0,773730	-67,413648	-63,554810
-138,326701	0,773840	-67,403883	-63,526733
-138,308391	0,773413	-67,442945	-63,669556
-138,290080	0,773181	-67,428297	-63,603638
-138,125285	0,773181	-67,420973	-63,679932
-138,253459	0,773218	-67,379469	-63,581055
-138,174113	0,773010	-67,430738	-63,486450
-138,283977	0,772754	-67,401441	-63,689087
-138,241252	0,772803	-67,430738	-63,771484
-138,387736	0,772583	-67,484449	-63,589600
-138,271770	0,772668	-67,482008	-63,675659
-138,338908	0,772388	-67,516188	-63,559692
-138,247355	0,772400	-67,428297	-63,636597
-138,515910	0,772192	-67,452711	-63,709229
-138,381633	0,771777	-67,435621	-63,578613
-138,345012	0,771667	-67,445387	-63,716553
-138,436564	0,771472	-67,479566	-63,657349
-138,399943	0,771472	-67,418531	-63,743408
-138,314494	0,771021	-67,486891	-63,698853
-138,326701	0,770813	-67,496656	-63,629883
-138,308391	0,770740	-67,494215	-63,740967
-138,460979	0,770447	-67,445387	-63,826416
-138,454875	0,770068	-67,496656	-63,577393
-138,418254	0,769800	-67,486891	-63,816650
-138,424357	0,769934	-67,423414	-63,783081
-138,381633	0,769666	-67,464918	-63,726318
-138,351115	0,769458	-67,420973	-63,569458
-138,442668	0,769592	-67,452711	-63,588379
-138,479289	0,769312	-67,557691	-63,774536
-138,613566	0,769385	-67,469801	-63,669556
-138,418254	0,768958	-67,416090	-63,642700
-138,534221	0,768823	-67,494215	-63,736084
-138,631877	0,768555	-67,494215	-63,769653
-138,430461	0,768481	-67,477125	-63,640259
-138,509807	0,768188	-67,469801	-63,734863
-138,393840	0,768201	-67,484449	-63,609131
-138,546428	0,767981	-67,467359	-63,702515
-138,497600	0,767847	-67,435621	-63,682373
-138,540324	0,767505	-67,494215	-63,678101
-138,430461	0,767480	-67,452711	-63,848999
-138,601359	0,767297	-67,420973	-63,708618
-138,546428	0,767419	-67,469801	-63,661011
-138,454875	0,767139	-67,547926	-63,696411
-138,485393	0,766833	-67,455152	-63,702515
-138,381633	0,766736	-67,442945	-63,644531
-138,381633	0,766382	-67,494215	-63,773315
-138,454875	0,766321	-67,474684	-63,530396
-138,442668	0,766162	-67,460035	-63,798950
-138,363322	0,765747	-67,474684	-63,875244
-138,491496	0,765088	-67,479566	-63,796509
-138,558635	0,765186	-67,450270	-63,565186
-138,460979	0,765454	-67,501539	-63,747681
-138,399943	0,765271	-67,457594	-63,804443
-138,473186	0,764978	-67,484449	-63,838013
-138,540324	0,764893	-67,496656	-63,504761
-138,406047	0,764648	-67,513746	-63,469360
-138,479289	0,764600	-67,496656	-63,666504
-138,412150	0,764258	-67,513746	-63,702515
-138,387736	0,764294	-67,599195	-63,711670
-138,387736	0,764001	-67,494215	-63,683594
-138,522014	0,764221	-67,513746	-63,557251
-138,448771	0,763611	-67,518629	-63,787964
-138,442668	0,763611	-67,494215	-63,611572
-138,375529	0,763477	-67,508863	-63,680542
-138,399943	0,763281	-67,523512	-63,751953
-138,393840	0,763013	-67,540602	-63,894775
-138,448771	0,762720	-67,577223	-63,762939
-138,467082	0,762622	-67,494215	-63,802002
-138,454875	0,762341	-67,543043	-63,725098
-138,540324	0,762183	-67,562574	-63,803833
-138,430461	0,761853	-67,567457	-63,690308
-138,509807	0,761487	-67,552809	-63,594482
-138,497600	0,761719	-67,506422	-63,678711
-138,424357	0,761426	-67,523512	-63,779419
-138,546428	0,761145	-67,543043	-63,935669
-138,436564	0,760486	-67,557691	-63,657959
-138,460979	0,760767	-67,557691	-63,714722
-138,399943	0,760608	-67,601637	-63,588379
-138,497600	0,760242	-67,579664	-63,803833
-138,442668	0,760083	-67,557691	-63,983276
-138,467082	0,759937	-67,633375	-63,805054
-138,351115	0,759802	-67,567457	-63,751953
-138,412150	0,759863	-67,582105	-64,010132
-138,369426	0,759546	-67,579664	-63,929565
-138,387736	0,759290	-67,555250	-63,853271
-138,479289	0,758997	-67,655348	-63,883789
-138,326701	0,758752	-67,655348	-63,845947
-138,399943	0,758618	-67,586988	-63,889893
-138,296184	0,758411	-67,604078	-64,110229
-138,387736	0,758142	-67,626051	-64,055908
-138,302287	0,757959	-67,606520	-63,964966
-138,314494	0,757849	-67,638258	-63,950317
-138,271770	0,757495	-67,623609	-63,959473
-138,326701	0,757361	-67,638258	-64,104126
-138,210734	0,757031	-67,633375	-63,875244
-138,357219	0,756848	-67,662672	-64,052246
-138,265666	0,756433	-67,682203	-63,897827
-138,314494	0,756384	-67,596754	-63,963745
-138,283977	0,756030	-67,638258	-63,954590
-138,308391	0,755725	-67,616285	-63,891724
-138,235148	0,755518	-67,567457	-64,110229
-138,338908	0,755200	-67,596754	-63,855103
-138,241252	0,754675	-67,628492	-63,833130
-138,302287	0,754578	-67,643141	-63,797729
-138,345012	0,754663	-67,591871	-63,951538
-138,296184	0,754492	-67,594313	-64,044312
-138,277873	0,754089	-67,621168	-63,990601
-138,326701	0,754053	-67,645582	-63,831299
-138,308391	0,753735	-67,613844	-63,883789
-138,222941	0,753345	-67,618727	-63,806885
-138,106975	0,753259	-67,579664	-63,749512
-138,149699	0,753406	-67,594313	-63,852661
-138,369426	0,753052	-67,635816	-63,970459
-138,412150	0,752795	-67,640699	-64,015015
-138,326701	0,752576	-67,665113	-63,792847
-138,265666	0,752283	-67,633375	-63,933838
-138,393840	0,752319	-67,621168	-63,926514
-138,332805	0,752063	-67,628492	-63,752563
-138,387736	0,751575	-67,643141	-63,633545
-138,259562	0,751733	-67,672438	-63,946045
-138,125285	0,751294	-67,626051	-63,865479
-138,100871	0,751086	-67,633375	-63,814819
-138,052043	0,750757	-67,628492	-63,802612
-138,186320	0,750659	-67,616285	-63,801392
-138,143596	0,750452	-67,655348	-63,872192
-138,229045	0,750012	-67,660230	-63,834351
-138,241252	0,750134	-67,648023	-63,784302
-138,125285	0,749695	-67,623609	-63,817261
-138,168010	0,749548	-67,630934	-63,825806
-138,192424	0,749402	-67,662672	-63,855713
-138,088664	0,749255	-67,621168	-63,681763
-138,357219	0,748889	-67,643141	-63,766602
-138,088664	0,748840	-67,604078	-63,717163
-138,345012	0,748730	-67,633375	-63,750122
-137,997111	0,748682	-67,604078	-63,952759
-138,033732	0,748108	-67,657789	-64,006470
-138,070354	0,747998	-67,606520	-63,797729
-137,984904	0,747900	-67,616285	-63,772095
-137,936076	0,747986	-67,662672	-63,853271
-137,868937	0,747827	-67,682203	-63,732422
-137,917766	0,747559	-67,621168	-63,857544
-138,033732	0,747058	-67,623609	-63,828857
-138,027629	0,747095	-67,687086	-63,682983
-137,905559	0,747083	-67,650465	-63,900879
-137,868937	0,746594	-67,657789	-63,667114
-137,948283	0,746545	-67,711500	-63,872192
-137,984904	0,746484	-67,640699	-63,840454
-138,009318	0,746191	-67,687086	-63,781250
-137,820109	0,746301	-67,701734	-63,746460
-137,789592	0,745935	-67,674879	-63,810547
-137,984904	0,745764	-67,616285	-63,813599
-137,881145	0,745605	-67,606520	-63,806274
-137,875041	0,745422	-67,628492	-63,806885
-137,801799	0,745325	-67,662672	-63,870972
-137,862834	0,745203	-67,596754	-63,697021
-137,746867	0,745117	-67,618727	-63,928345
-137,826213	0,744849	-67,640699	-63,890503
-137,893352	0,744629	-67,669996	-63,734863
-137,795695	0,744360	-67,633375	-63,734863
-137,734660	0,744507	-67,638258	-63,906372
-137,716350	0,744299	-67,630934	-63,969238
-137,569865	0,744299	-67,648023	-63,805054
-137,685832	0,744104	-67,584547	-63,735474
-137,637004	0,744250	-67,635816	-63,822144
-137,795695	0,743872	-67,613844	-63,797119
-137,673625	0,743860	-67,611402	-63,886841
-137,545451	0,743481	-67,623609	-63,891113
-137,643107	0,743176	-67,674879	-63,939331
-137,441691	0,743457	-67,618727	-63,789795
-137,344035	0,743298	-67,699293	-63,808716
-137,319621	0,743237	-67,684645	-63,896606
-137,246379	0,743079	-67,674879	-63,814819
-137,289104	0,742761	-67,611402	-63,801392
-137,026652	0,742810	-67,623609	-63,725098
-137,002238	0,742566	-67,694410	-63,828857
-137,032756	0,742786	-67,613844	-63,796509
-136,831340	0,742371	-67,672438	-63,768433
-136,666545	0,742126	-67,667555	-63,704346
-136,587199	0,741968	-67,579664	-63,615234
-136,349162	0,742078	-67,657789	-63,860596
-136,111125	0,741504	-67,613844	-63,744019
-135,775432	0,741626	-67,650465	-63,810547
-135,531291	0,741528	-67,679762	-63,756836
-135,128459	0,741541	-67,648023	-63,939941
-134,798869	0,741211	-67,669996	-63,800171
-134,273967	0,741260	-67,618727	-63,640869
-133,773479	0,740955	-67,674879	-63,763550
-133,303508	0,741113	-67,674879	-63,759888
-132,809123	0,740698	-67,735914	-64,054687
-132,192668	0,740955	-67,662672	-63,812378
-131,618937	0,740784	-67,594313	-63,766602
-131,325969	0,740662	-67,694410	-63,678101
-130,984172	0,740540	-67,706617	-63,834961
-130,709514	0,740405	-67,662672	-64,011963
-130,617961	0,740564	-67,638258	-63,901489
-130,990275	0,740405	-67,684645	-63,813599
-131,094035	0,740393	-67,701734	-63,848999
-131,313762	0,740283	-67,665113	-63,845947
-131,588420	0,740002	-67,701734	-63,816040
-132,113322	0,739941	-67,674879	-63,612793
-132,320842	0,739819	-67,674879	-63,920410
-132,467326	0,739685	-67,767652	-63,894165
-132,815227	0,739587	-67,706617	-63,906982
-133,138713	0,739319	-67,731031	-63,913086
-133,376750	0,739282	-67,694410	-63,852051
-133,730754	0,739392	-67,667555	-63,889282
-133,901652	0,739172	-67,689527	-63,764771
-134,249553	0,739038	-67,689527	-63,839233
-134,658488	0,739185	-67,691969	-63,853882
-134,560832	0,738794	-67,648023	-63,750732
-135,055217	0,738745	-67,713941	-63,814819
-135,311564	0,738660	-67,694410	-63,875244
-135,665568	0,738477	-67,674879	-63,969238
-135,738811	0,738696	-67,696852	-63,871582
-136,105021	0,738257	-67,660230	-63,745850
-136,367473	0,738220	-67,648023	-63,726929
-136,471232	0,738623	-67,652906	-63,901489
-136,715373	0,738281	-67,669996	-63,957642
-136,861857	0,738501	-67,657789	-63,884399
-137,038859	0,738367	-67,621168	-64,003418
-137,160930	0,738123	-67,679762	-64,006470
-137,228068	0,738281	-67,650465	-63,822754
-137,478312	0,738281	-67,687086	-63,930176
-137,441691	0,737817	-67,650465	-63,977173
-137,423381	0,737866	-67,652906	-63,864868
-137,667521	0,737805	-67,704176	-64,032104
-137,661418	0,737878	-67,648023	-63,881958
-137,832316	0,737622	-67,650465	-63,821533
-137,679729	0,737109	-67,623609	-63,790405
-137,997111	0,737549	-67,657789	-63,969849
-137,862834	0,737415	-67,601637	-63,801392
-137,942180	0,737134	-67,633375	-63,726318
-138,009318	0,736975	-67,684645	-63,914917
-138,204631	0,736829	-67,691969	-63,736694
-138,045939	0,736914	-67,684645	-63,766602
-138,216838	0,736902	-67,753004	-63,959473
-138,125285	0,736719	-67,648023	-63,925903
-138,125285	0,736572	-67,669996	-63,879517
-138,161906	0,736389	-67,691969	-63,866089
-137,997111	0,736194	-67,616285	-63,880127
-138,125285	0,736377	-67,630934	-63,982666
-138,155803	0,736255	-67,645582	-63,880737
-138,235148	0,735999	-67,682203	-63,950317
-138,088664	0,736194	-67,684645	-63,847778
-138,271770	0,735718	-67,748121	-63,892944
-138,290080	0,735754	-67,628492	-63,806885
-138,277873	0,735754	-67,672438	-63,834351
-138,222941	0,735486	-67,691969	-63,698853
-138,143596	0,735510	-67,660230	-63,811157
-138,229045	0,735559	-67,630934	-63,829468
-138,131389	0,735303	-67,635816	-63,836792
-138,320598	0,735327	-67,630934	-63,944824
-138,186320	0,735339	-67,740797	-63,893555
-138,387736	0,734985	-67,648023	-63,986328
-138,363322	0,734802	-67,731031	-63,780640
-138,320598	0,734729	-67,669996	-63,742798
-138,345012	0,735059	-67,696852	-63,816650
-138,479289	0,734595	-67,652906	-63,843506
-138,283977	0,734338	-67,643141	-64,022339
-138,332805	0,734241	-67,691969	-63,830078
-138,363322	0,734167	-67,682203	-63,893555
-138,283977	0,734021	-67,718824	-63,970459
-138,290080	0,733569	-67,635816	-63,800171
-138,326701	0,733740	-67,613844	-63,766602
-138,320598	0,733472	-67,716383	-64,031494
-138,180217	0,733435	-67,684645	-63,949707
-138,326701	0,733057	-67,601637	-63,872192
-138,308391	0,733032	-67,660230	-63,960083
-138,198527	0,732910	-67,606520	-63,982666
-138,351115	0,732739	-67,623609	-64,059570
-138,412150	0,732825	-67,601637	-63,887451
-138,314494	0,732544	-67,662672	-63,998535
-138,418254	0,732617	-67,699293	-63,906982
-138,363322	0,732300	-67,652906	-63,953369
-138,198527	0,732104	-67,677320	-63,942383
-138,399943	0,732056	-67,638258	-63,905151
-138,381633	0,731824	-67,667555	-63,942383
-138,387736	0,731592	-67,706617	-64,018066
-138,345012	0,731396	-67,672438	-63,947266
-138,375529	0,731042	-67,655348	-63,874023
-138,265666	0,731128	-67,650465	-63,834351
-138,222941	0,731152	-67,684645	-63,783081
-138,473186	0,730737	-67,660230	-63,989380
-138,399943	0,730200	-67,735914	-64,024170
-138,338908	0,730481	-67,682203	-64,082153
-138,290080	0,730090	-67,711500	-63,928955
-138,308391	0,729810	-67,696852	-63,944214
-138,277873	0,729517	-67,713941	-63,920410
-138,290080	0,729944	-67,709059	-63,977173
-138,412150	0,729443	-67,762770	-64,005249
-138,412150	0,729272	-67,728590	-63,960083
-138,320598	0,729150	-67,745680	-63,939331
-138,418254	0,728918	-67,723707	-63,843506
-138,406047	0,728967	-67,760328	-63,987549
-138,296184	0,728674	-67,674879	-63,863647
-138,424357	0,728296	-67,687086	-63,928955
-138,369426	0,728235	-67,687086	-64,024170
-138,241252	0,727832	-67,733473	-64,029663
-138,314494	0,727881	-67,762770	-63,877075
-138,430461	0,727588	-67,704176	-63,924072
-138,265666	0,727417	-67,706617	-64,073608
-138,168010	0,727576	-67,750563	-64,026001
-138,314494	0,727222	-67,716383	-64,044922
-138,351115	0,727222	-67,711500	-63,869751
-138,265666	0,727197	-67,772535	-63,943604
-138,345012	0,727686	-67,694410	-63,963135
-138,302287	0,728601	-67,723707	-63,952759
-138,259562	0,728784	-67,753004	-63,834351
-138,143596	0,729492	-67,738355	-63,880127
-138,253459	0,729663	-67,740797	-64,069946
-138,088664	0,730103	-67,753004	-64,024780
-138,155803	0,730420	-67,674879	-63,867310
-138,320598	0,730750	-67,674879	-63,953369
-138,247355	0,730920	-67,691969	-63,880737
-138,247355	0,731201	-67,701734	-63,899048
-138,363322	0,731812	-67,694410	-63,844116
-138,314494	0,732458	-67,757887	-63,890503
-138,271770	0,733228	-67,689527	-64,071777
-138,381633	0,734058	-67,687086	-63,784912
-138,259562	0,734644	-67,760328	-63,778809
-138,131389	0,735559	-67,735914	-63,811157
-138,332805	0,736487	-67,728590	-64,007080
-138,149699	0,737292	-67,770094	-63,935669
-138,265666	0,738257	-67,718824	-63,756226
-138,192424	0,738733	-67,723707	-63,929565
-138,338908	0,739392	-67,755445	-63,949707
