Wavelength	Intensity	Ocean Optics Flame
nm	counts
187.89	1.214E+2
188.27	3.884E+1
188.64	4.126E+1
189.02	1.942E+1
189.40	-7.039E+1
189.78	-2.184E+1
190.15	-1.942E+1
190.53	-1.117E+2
190.91	1.311E+2
191.29	-8.010E+1
191.66	1.942E+1
192.04	2.427E+1
192.42	-7.039E+1
192.80	-3.641E+1
193.17	7.282E+0
193.55	2.913E+1
193.93	1.214E+1
194.30	3.641E+1
194.68	6.554E+1
195.06	9.709E+1
195.44	-3.884E+1
195.81	-5.340E+1
196.19	4.612E+1
196.57	-7.524E+1
196.94	-3.398E+1
197.32	-5.340E+1
197.70	-4.126E+1
198.07	-8.738E+1
198.45	4.854E+1
198.83	-3.641E+1
199.20	-7.282E+0
199.58	8.010E+1
199.96	4.369E+1
200.33	3.884E+1
200.71	-1.942E+1
201.09	-1.214E+1
201.46	6.554E+1
201.84	-3.155E+1
202.22	5.340E+1
202.59	-4.369E+1
202.97	3.641E+1
203.34	-1.699E+1
203.72	8.495E+1
204.10	-1.214E+1
204.47	7.282E+0
204.85	3.155E+1
205.23	2.913E+1
205.60	1.432E+2
205.98	6.311E+1
206.35	4.369E+1
206.73	6.311E+1
207.11	6.311E+1
207.48	-4.126E+1
207.86	7.039E+1
208.23	4.126E+1
208.61	-2.427E+0
208.98	1.189E+2
209.36	2.670E+1
209.74	8.981E+1
210.11	-5.097E+1
210.49	-5.097E+1
210.86	1.699E+1
211.24	-9.709E+1
211.61	3.155E+1
211.99	4.612E+1
212.36	-8.253E+1
212.74	5.825E+1
213.11	-1.456E+1
213.49	-1.214E+1
213.87	1.456E+1
214.24	-2.427E+0
214.62	-1.456E+1
214.99	-2.184E+1
215.37	1.942E+1
215.74	8.010E+1
216.12	1.214E+1
216.49	1.044E+2
216.87	5.825E+1
217.24	-9.709E+0
217.62	6.311E+1
217.99	5.825E+1
218.37	9.709E+0
218.74	2.913E+1
219.11	-6.311E+1
219.49	8.495E+1
219.86	-2.427E+1
220.24	3.884E+1
220.61	2.427E+1
220.99	5.583E+1
221.36	7.039E+1
221.74	7.282E+0
222.11	4.854E+0
222.49	4.126E+1
222.86	-2.670E+1
223.23	8.495E+1
223.61	-4.126E+1
223.98	-1.214E+1
224.36	8.738E+1
224.73	8.495E+1
225.11	-7.282E+0
225.48	1.214E+1
225.85	-5.583E+1
226.23	1.942E+1
226.60	-6.796E+1
226.98	1.456E+1
227.35	1.456E+1
227.72	7.039E+1
228.10	-4.369E+1
228.47	5.340E+1
228.84	1.432E+2
229.22	8.010E+1
229.59	7.039E+1
229.97	1.529E+2
230.34	7.039E+1
230.71	-2.427E+1
231.09	9.709E+0
231.46	9.952E+1
231.83	4.369E+1
232.21	6.796E+1
232.58	1.214E+1
232.95	8.253E+1
233.33	-4.369E+1
233.70	1.044E+2
234.07	1.117E+2
234.45	3.641E+1
234.82	-7.039E+1
235.19	-9.952E+1
235.57	8.253E+1
235.94	7.282E+0
236.31	-2.913E+1
236.69	0.000E+0
237.06	9.223E+1
237.43	-1.092E+2
237.80	7.524E+1
238.18	-6.796E+1
238.55	0.000E+0
238.92	8.010E+1
239.30	-4.612E+1
239.67	9.709E+0
240.04	5.825E+1
240.41	1.068E+2
240.79	1.456E+1
241.16	4.854E+1
241.53	7.282E+1
241.90	1.456E+1
242.28	0.000E+0
242.65	5.097E+1
243.02	-9.709E+0
243.39	5.097E+1
243.77	-7.282E+0
244.14	4.369E+1
244.51	7.282E+0
244.88	4.369E+1
245.25	-5.583E+1
245.63	6.554E+1
246.00	1.214E+1
246.37	6.311E+1
246.74	-9.952E+1
247.11	5.825E+1
247.49	-7.282E+0
247.86	-5.825E+1
248.23	-2.184E+1
248.60	2.184E+1
248.97	6.311E+1
249.35	-7.767E+1
249.72	4.369E+1
250.09	-1.942E+1
250.46	-9.709E+0
250.83	3.155E+1
251.20	-1.456E+1
251.58	4.612E+1
251.95	2.913E+1
252.32	5.340E+1
252.69	4.369E+1
253.06	8.010E+1
253.43	-2.670E+1
253.80	1.456E+1
254.17	7.039E+1
254.55	8.495E+1
254.92	8.738E+1
255.29	1.335E+2
255.66	7.282E+0
256.03	8.495E+1
256.40	5.097E+1
256.77	3.884E+1
257.14	-4.369E+1
257.51	3.641E+1
257.88	1.189E+2
258.26	1.019E+2
258.63	-6.796E+1
259.00	-7.282E+0
259.37	-2.427E+1
259.74	4.612E+1
260.11	-7.282E+0
260.48	-2.913E+1
260.85	1.481E+2
261.22	3.155E+1
261.59	-7.282E+0
261.96	7.767E+1
262.33	1.456E+1
262.70	9.709E+0
263.07	-1.456E+1
263.44	1.456E+1
263.81	-6.796E+1
264.18	2.670E+1
264.55	9.709E+0
264.92	1.699E+1
265.29	1.141E+2
265.66	4.854E+1
266.03	-2.670E+1
266.40	7.767E+1
266.77	7.524E+1
267.14	6.796E+1
267.51	-9.709E+0
267.88	1.141E+2
268.25	-2.427E+1
268.62	4.369E+1
268.99	3.398E+1
269.36	-1.068E+2
269.73	-2.184E+1
270.10	-1.214E+1
270.47	8.981E+1
270.84	4.612E+1
271.21	3.398E+1
271.58	-2.913E+1
271.95	-9.709E+1
272.32	5.583E+1
272.69	-2.427E+1
273.06	7.282E+0
273.43	-4.854E+0
273.80	-1.942E+1
274.17	3.884E+1
274.53	-2.670E+1
274.90	3.155E+1
275.27	-2.670E+1
275.64	1.165E+2
276.01	-4.854E+0
276.38	6.311E+1
276.75	1.117E+2
277.12	3.155E+1
277.49	2.427E+1
277.86	5.097E+1
278.22	-5.583E+1
278.59	-2.670E+1
278.96	-2.913E+1
279.33	-2.670E+1
279.70	-5.097E+1
280.07	3.155E+1
280.44	-3.641E+1
280.80	6.311E+1
281.17	3.155E+1
281.54	7.524E+1
281.91	-2.427E+1
282.28	3.155E+1
282.65	2.184E+1
283.02	9.952E+1
283.38	4.612E+1
283.75	1.214E+1
284.12	-7.282E+0
284.49	-6.554E+1
284.86	1.019E+2
285.22	8.010E+1
285.59	5.825E+1
285.96	8.010E+1
286.33	-3.398E+1
286.70	-7.282E+0
287.06	2.427E+0
287.43	6.796E+1
287.80	7.767E+1
288.17	-4.612E+1
288.53	-2.913E+1
288.90	5.097E+1
289.27	-2.427E+1
289.64	9.709E+0
290.01	-5.825E+1
290.37	2.913E+1
290.74	4.854E+1
291.11	7.039E+1
291.48	5.825E+1
291.84	3.398E+1
292.21	2.427E+1
292.58	4.369E+1
292.94	-1.699E+1
293.31	8.738E+1
293.68	-1.044E+2
294.05	-1.699E+1
294.41	5.097E+1
294.78	-7.524E+1
295.15	6.311E+1
295.51	3.398E+1
295.88	6.554E+1
296.25	5.340E+1
296.61	0.000E+0
296.98	9.466E+1
297.35	-4.612E+1
297.72	-3.884E+1
298.08	2.670E+1
298.45	8.253E+1
298.82	5.825E+1
299.18	-1.481E+2
299.55	-2.913E+1
299.91	4.854E+0
300.28	5.097E+1
300.65	2.427E+1
301.01	2.427E+0
301.38	-1.214E+2
301.75	1.626E+2
302.11	4.854E+1
302.48	9.952E+1
302.85	9.709E+0
303.21	3.155E+1
303.58	-1.699E+1
303.94	0.000E+0
304.31	5.825E+1
304.68	2.427E+1
305.04	-5.825E+1
305.41	7.039E+1
305.77	-1.942E+1
306.14	8.738E+1
306.51	8.010E+1
306.87	-1.942E+1
307.24	2.427E+1
307.60	-4.854E+0
307.97	7.282E+1
308.33	4.854E+0
308.70	-2.427E+1
309.07	1.699E+1
309.43	1.092E+2
309.80	3.641E+1
310.16	-7.282E+0
310.53	-7.282E+0
310.89	-6.068E+1
311.26	1.578E+2
311.62	1.456E+1
311.99	4.854E+1
312.35	-1.699E+1
312.72	-1.699E+1
313.08	2.913E+1
313.45	-2.670E+1
313.81	-3.398E+1
314.18	2.913E+1
314.54	9.709E+1
314.91	-9.709E+0
315.27	3.398E+1
315.64	5.583E+1
316.00	3.398E+1
316.37	-6.796E+1
316.73	-1.942E+1
317.10	5.097E+1
317.46	7.282E+0
317.83	-4.612E+1
318.19	-4.854E+0
318.56	-1.942E+1
318.92	-3.398E+1
319.28	-1.942E+1
319.65	4.126E+1
320.01	1.214E+1
320.38	1.068E+2
320.74	2.427E+0
321.11	-3.884E+1
321.47	9.709E+1
321.83	7.524E+1
322.20	-3.884E+1
322.56	-5.583E+1
322.93	-4.854E+0
323.29	-2.427E+1
323.66	1.141E+2
324.02	1.214E+2
324.38	-2.427E+1
324.75	5.583E+1
325.11	9.952E+1
325.47	2.184E+1
325.84	4.126E+1
326.20	7.524E+1
326.57	1.626E+2
326.93	4.126E+1
327.29	4.854E+0
327.66	-2.670E+1
328.02	2.184E+1
328.38	1.942E+1
328.75	7.282E+1
329.11	1.214E+1
329.47	2.913E+1
329.84	9.709E+0
330.20	2.913E+1
330.56	-7.282E+0
330.93	2.184E+1
331.29	4.854E+0
331.65	-4.854E+0
332.02	2.913E+1
332.38	2.913E+1
332.74	-1.262E+2
333.10	-4.612E+1
333.47	8.495E+1
333.83	-9.709E+0
334.19	-9.709E+1
334.56	-1.942E+1
334.92	8.253E+1
335.28	4.126E+1
335.64	2.913E+1
336.01	6.796E+1
336.37	2.427E+1
336.73	1.286E+2
337.09	9.223E+1
337.46	7.767E+1
337.82	9.223E+1
338.18	9.466E+1
338.54	7.039E+1
338.91	9.466E+1
339.27	-9.223E+1
339.63	8.495E+1
339.99	3.641E+1
340.36	1.456E+1
340.72	-2.427E+1
341.08	5.583E+1
341.44	-4.612E+1
341.80	1.942E+1
342.17	7.524E+1
342.53	-2.670E+1
342.89	-4.854E+0
343.25	-5.097E+1
343.61	-5.825E+1
343.98	-2.427E+1
344.34	1.044E+2
344.70	2.670E+1
345.06	-6.311E+1
345.42	1.456E+1
345.78	-3.155E+1
346.14	-5.097E+1
346.51	2.427E+0
346.87	-3.641E+1
347.23	1.699E+1
347.59	8.253E+1
347.95	-2.913E+1
348.31	4.854E+1
348.67	1.092E+2
349.04	7.767E+1
349.40	-1.699E+1
349.76	-9.223E+1
350.12	9.709E+0
350.48	-5.825E+1
350.84	-4.369E+1
351.20	1.942E+1
351.56	2.427E+0
351.92	-2.913E+1
352.28	5.340E+1
352.65	1.529E+2
353.01	6.796E+1
353.37	3.155E+1
353.73	2.427E+1
354.09	-3.155E+1
354.45	1.044E+2
354.81	-3.398E+1
355.17	7.767E+1
355.53	-1.214E+1
355.89	7.039E+1
356.25	2.670E+1
356.61	-3.155E+1
356.97	1.068E+2
357.33	2.184E+1
357.69	1.214E+1
358.05	1.553E+2
358.41	-3.641E+1
358.77	1.165E+2
359.13	1.068E+2
359.49	2.427E+0
359.85	7.282E+1
360.21	6.311E+1
360.57	9.709E+0
360.93	2.913E+1
361.29	8.981E+1
361.65	1.699E+1
362.01	2.670E+1
362.37	8.253E+1
362.73	-6.796E+1
363.09	1.044E+2
363.45	4.854E+1
363.81	1.044E+2
364.17	-2.427E+0
364.53	-4.854E+1
364.89	-1.699E+1
365.25	8.738E+1
365.61	9.709E+0
365.97	1.068E+2
366.33	9.709E+0
366.69	3.155E+1
367.05	3.884E+1
367.40	1.019E+2
367.76	1.456E+1
368.12	-2.427E+1
368.48	7.282E+0
368.84	-8.253E+1
369.20	2.427E+0
369.56	1.384E+2
369.92	-7.282E+0
370.28	-4.126E+1
370.63	-4.612E+1
370.99	5.825E+1
371.35	3.398E+1
371.71	9.952E+1
372.07	4.369E+1
372.43	4.854E+1
372.79	-6.311E+1
373.15	6.068E+1
373.50	1.165E+2
373.86	2.427E+0
374.22	2.913E+1
374.58	-3.155E+1
374.94	-5.825E+1
375.30	-4.369E+1
375.65	5.583E+1
376.01	8.253E+1
376.37	1.699E+1
376.73	1.942E+1
377.09	5.097E+1
377.44	4.369E+1
377.80	2.184E+1
378.16	9.709E+0
378.52	-4.854E+1
378.88	-6.554E+1
379.23	2.184E+1
379.59	5.825E+1
379.95	1.456E+1
380.31	-4.854E+0
380.66	6.554E+1
381.02	9.952E+1
381.38	-9.709E+0
381.74	2.670E+1
382.09	-1.214E+1
382.45	1.092E+2
382.81	1.214E+1
383.17	-3.398E+1
383.52	1.117E+2
383.88	8.253E+1
384.24	2.670E+1
384.60	-7.282E+0
384.95	9.952E+1
385.31	6.068E+1
385.67	1.699E+1
386.02	2.670E+1
386.38	2.427E+1
386.74	-4.854E+0
387.10	-5.097E+1
387.45	-3.884E+1
387.81	3.155E+1
388.17	9.466E+1
388.52	6.554E+1
388.88	-5.583E+1
389.24	-5.340E+1
389.59	-4.854E+0
389.95	3.398E+1
390.31	7.282E+0
390.66	2.427E+1
391.02	8.010E+1
391.38	2.427E+0
391.73	8.981E+1
392.09	3.155E+1
392.44	8.010E+1
392.80	1.214E+1
393.16	9.709E+0
393.51	8.738E+1
393.87	8.253E+1
394.23	5.583E+1
394.58	7.282E+0
394.94	4.854E+1
395.29	1.019E+2
395.65	-3.641E+1
396.01	4.369E+1
396.36	-2.184E+1
396.72	9.709E+0
397.07	8.495E+1
397.43	7.282E+0
397.78	-6.068E+1
398.14	1.432E+2
398.50	9.709E+0
398.85	1.699E+1
399.21	1.602E+2
399.56	4.612E+1
399.92	4.369E+1
400.27	1.117E+2
400.63	6.311E+1
400.98	7.524E+1
401.34	1.044E+2
401.69	-8.010E+1
402.05	1.092E+2
402.40	-2.670E+1
402.76	9.223E+1
403.11	8.010E+1
403.47	1.262E+2
403.82	9.223E+1
404.18	8.981E+1
404.53	5.097E+1
404.89	6.554E+1
405.24	-5.340E+1
405.60	1.335E+2
405.95	4.369E+1
406.31	6.068E+1
406.66	9.223E+1
407.02	2.184E+1
407.37	9.952E+1
407.73	7.282E+0
408.08	5.825E+1
408.44	5.583E+1
408.79	3.641E+1
409.14	4.612E+1
409.50	3.641E+1
409.85	7.767E+1
410.21	1.942E+1
410.56	-5.583E+1
410.92	1.311E+2
411.27	-6.068E+1
411.62	1.942E+1
411.98	-1.456E+1
412.33	8.495E+1
412.69	6.554E+1
413.04	8.981E+1
413.39	1.942E+1
413.75	5.583E+1
414.10	8.981E+1
414.45	1.432E+2
414.81	1.189E+2
415.16	1.311E+2
415.52	6.554E+1
415.87	8.495E+1
416.22	9.223E+1
416.58	1.165E+2
416.93	1.286E+2
417.28	5.340E+1
417.64	1.286E+2
417.99	6.068E+1
418.34	9.709E+1
418.70	4.369E+1
419.05	2.160E+2
419.40	1.238E+2
419.76	-9.709E+0
420.11	1.845E+2
420.46	2.063E+2
420.81	2.549E+2
421.17	1.869E+2
421.52	1.262E+2
421.87	2.330E+2
422.23	1.578E+2
422.58	2.184E+2
422.93	2.451E+2
423.28	2.330E+2
423.64	2.087E+2
423.99	3.107E+2
424.34	3.277E+2
424.69	2.573E+2
425.05	2.621E+2
425.40	3.131E+2
425.75	3.107E+2
426.10	4.806E+2
426.46	4.151E+2
426.81	4.612E+2
427.16	5.073E+2
427.51	3.738E+2
427.87	5.461E+2
428.22	5.922E+2
428.57	4.879E+2
428.92	7.015E+2
429.27	6.918E+2
429.63	7.403E+2
429.98	7.136E+2
430.33	7.913E+2
430.68	9.539E+2
431.03	9.442E+2
431.38	1.058E+3
431.74	1.104E+3
432.09	1.114E+3
432.44	1.126E+3
432.79	1.282E+3
433.14	1.296E+3
433.49	1.442E+3
433.85	1.451E+3
434.20	1.665E+3
434.55	1.617E+3
434.90	1.755E+3
435.25	1.818E+3
435.60	1.818E+3
435.95	1.959E+3
436.30	2.260E+3
436.66	2.243E+3
437.01	2.376E+3
437.36	2.534E+3
437.71	2.721E+3
438.06	2.755E+3
438.41	2.845E+3
438.76	3.051E+3
439.11	3.189E+3
439.46	3.544E+3
439.81	3.602E+3
440.16	3.845E+3
440.52	4.163E+3
440.87	4.352E+3
441.22	4.529E+3
441.57	4.869E+3
441.92	5.243E+3
442.27	5.398E+3
442.62	5.677E+3
442.97	5.978E+3
443.32	6.420E+3
443.67	6.549E+3
444.02	7.078E+3
444.37	7.274E+3
444.72	7.864E+3
445.07	8.202E+3
445.42	8.624E+3
445.77	9.102E+3
446.12	9.398E+3
446.47	1.034E+4
446.82	1.078E+4
447.17	1.111E+4
447.52	1.200E+4
447.87	1.236E+4
448.22	1.318E+4
448.57	1.385E+4
448.92	1.465E+4
449.27	1.542E+4
449.62	1.624E+4
449.97	1.691E+4
450.32	1.764E+4
450.66	1.824E+4
451.01	1.948E+4
451.36	2.047E+4
451.71	2.149E+4
452.06	2.223E+4
452.41	2.408E+4
452.76	2.493E+4
453.11	2.604E+4
453.46	2.723E+4
453.81	2.852E+4
454.16	2.933E+4
454.51	3.091E+4
454.85	3.226E+4
455.20	3.376E+4
455.55	3.539E+4
455.90	3.617E+4
456.25	3.795E+4
456.60	3.921E+4
456.95	4.084E+4
457.30	4.185E+4
457.64	4.397E+4
457.99	4.473E+4
458.34	4.544E+4
458.69	4.570E+4
459.04	4.773E+4
459.39	4.818E+4
459.73	4.969E+4
460.08	4.988E+4
460.43	5.006E+4
460.78	5.077E+4
461.13	5.223E+4
461.48	5.089E+4
461.82	5.203E+4
462.17	5.216E+4
462.52	5.227E+4
462.87	5.187E+4
463.21	5.198E+4
463.56	5.168E+4
463.91	5.147E+4
464.26	5.097E+4
464.61	5.071E+4
464.95	4.988E+4
465.30	4.959E+4
465.65	4.930E+4
466.00	4.747E+4
466.34	4.692E+4
466.69	4.590E+4
467.04	4.512E+4
467.39	4.420E+4
467.73	4.316E+4
468.08	4.106E+4
468.43	4.154E+4
468.77	4.092E+4
469.12	3.965E+4
469.47	3.887E+4
469.82	3.836E+4
470.16	3.707E+4
470.51	3.640E+4
470.86	3.594E+4
471.20	3.519E+4
471.55	3.427E+4
471.90	3.430E+4
472.24	3.369E+4
472.59	3.292E+4
472.94	3.260E+4
473.28	3.168E+4
473.63	3.148E+4
473.98	3.037E+4
474.32	3.020E+4
474.67	2.961E+4
475.02	2.933E+4
475.36	2.905E+4
475.71	2.840E+4
476.06	2.788E+4
476.40	2.787E+4
476.75	2.714E+4
477.09	2.701E+4
477.44	2.717E+4
477.79	2.606E+4
478.13	2.556E+4
478.48	2.516E+4
478.82	2.487E+4
479.17	2.436E+4
479.52	2.381E+4
479.86	2.345E+4
480.21	2.266E+4
480.55	2.254E+4
480.90	2.214E+4
481.24	2.147E+4
481.59	2.084E+4
481.94	2.021E+4
482.28	2.000E+4
482.63	1.948E+4
482.97	1.871E+4
483.32	1.809E+4
483.66	1.778E+4
484.01	1.729E+4
484.35	1.699E+4
484.70	1.608E+4
485.04	1.565E+4
485.39	1.540E+4
485.73	1.473E+4
486.08	1.457E+4
486.42	1.407E+4
486.77	1.372E+4
487.11	1.309E+4
487.46	1.267E+4
487.80	1.233E+4
488.15	1.184E+4
488.49	1.158E+4
488.84	1.109E+4
489.18	1.079E+4
489.53	1.070E+4
489.87	1.023E+4
490.21	9.651E+3
490.56	9.714E+3
490.90	9.248E+3
491.25	9.248E+3
491.59	8.626E+3
491.94	8.505E+3
492.28	8.153E+3
492.62	7.944E+3
492.97	7.784E+3
493.31	7.507E+3
493.66	7.398E+3
494.00	7.056E+3
494.34	6.903E+3
494.69	6.704E+3
495.03	6.439E+3
495.38	6.471E+3
495.72	6.010E+3
496.06	5.864E+3
496.41	5.770E+3
496.75	5.704E+3
497.09	5.303E+3
497.44	5.301E+3
497.78	5.068E+3
498.13	4.918E+3
498.47	4.672E+3
498.81	4.597E+3
499.16	4.476E+3
499.50	4.393E+3
499.84	4.134E+3
500.19	3.930E+3
500.53	3.852E+3
500.87	3.757E+3
501.21	3.755E+3
501.56	3.621E+3
501.90	3.391E+3
502.24	3.345E+3
502.59	3.107E+3
502.93	2.976E+3
503.27	2.927E+3
503.61	2.925E+3
503.96	2.823E+3
504.30	2.607E+3
504.64	2.449E+3
504.99	2.600E+3
505.33	2.539E+3
505.67	2.435E+3
506.01	2.337E+3
506.36	2.131E+3
506.70	2.131E+3
507.04	2.032E+3
507.38	2.066E+3
507.72	1.915E+3
508.07	1.901E+3
508.41	1.711E+3
508.75	1.694E+3
509.09	1.677E+3
509.44	1.668E+3
509.78	1.701E+3
510.12	1.456E+3
510.46	1.483E+3
510.80	1.495E+3
511.14	1.454E+3
511.49	1.371E+3
511.83	1.146E+3
512.17	1.388E+3
512.51	1.286E+3
512.85	1.223E+3
513.19	1.238E+3
513.54	1.257E+3
513.88	1.155E+3
514.22	1.104E+3
514.56	1.141E+3
514.90	9.733E+2
515.24	1.119E+3
515.58	8.592E+2
515.93	9.563E+2
516.27	9.636E+2
516.61	9.369E+2
516.95	8.398E+2
517.29	7.888E+2
517.63	8.083E+2
517.97	8.981E+2
518.31	7.694E+2
518.65	6.238E+2
518.99	6.699E+2
519.33	6.893E+2
519.67	6.287E+2
520.02	6.432E+2
520.36	6.214E+2
520.70	6.553E+2
521.04	5.728E+2
521.38	5.340E+2
521.72	5.558E+2
522.06	5.437E+2
522.40	5.073E+2
522.74	4.854E+2
523.08	5.146E+2
523.42	5.219E+2
523.76	4.466E+2
524.10	5.049E+2
524.44	3.592E+2
524.78	3.204E+2
525.12	5.170E+2
525.46	3.981E+2
525.80	4.612E+2
526.14	3.107E+2
526.48	3.932E+2
526.82	3.422E+2
527.16	3.884E+2
527.50	2.694E+2
527.84	3.592E+2
528.18	2.840E+2
528.52	2.354E+2
528.86	3.592E+2
529.20	3.471E+2
529.54	3.301E+2
529.87	2.840E+2
530.21	3.083E+2
530.55	2.524E+2
530.89	3.155E+2
531.23	2.718E+2
531.57	3.204E+2
531.91	2.015E+2
532.25	2.427E+2
532.59	1.626E+2
532.93	2.427E+2
533.27	2.184E+2
533.60	1.772E+2
533.94	1.796E+2
534.28	3.228E+2
534.62	2.718E+2
534.96	1.286E+2
535.30	1.869E+2
535.64	1.044E+2
535.98	1.748E+2
536.31	7.767E+1
536.65	2.087E+2
536.99	1.238E+2
537.33	1.384E+2
537.67	1.990E+2
538.01	7.767E+1
538.34	8.495E+1
538.68	1.578E+2
539.02	2.039E+2
539.36	6.068E+1
539.70	1.359E+2
540.03	1.384E+2
540.37	1.481E+2
540.71	7.282E+1
541.05	4.854E+1
541.39	1.117E+2
541.72	7.039E+1
542.06	6.554E+1
542.40	2.063E+2
542.74	1.796E+2
543.07	1.772E+2
543.41	1.699E+1
543.75	9.952E+1
544.09	4.126E+1
544.42	8.981E+1
544.76	7.039E+1
545.10	3.884E+1
545.44	1.141E+2
545.77	1.408E+2
546.11	3.155E+1
546.45	1.359E+2
546.78	1.311E+2
547.12	8.495E+1
547.46	1.286E+2
547.80	7.282E+1
548.13	2.427E+1
548.47	1.529E+2
548.81	1.141E+2
549.14	1.092E+2
549.48	8.010E+1
549.82	8.495E+1
550.15	5.097E+1
550.49	-4.854E+1
550.83	-1.456E+1
551.16	1.675E+2
551.50	4.369E+1
551.84	3.398E+1
552.17	4.854E+0
552.51	8.495E+1
552.84	-5.825E+1
553.18	1.699E+1
553.52	7.282E+0
553.85	1.723E+2
554.19	4.854E+1
554.53	2.427E+1
554.86	4.126E+1
555.20	-1.942E+1
555.53	6.068E+1
555.87	2.913E+1
556.20	9.466E+1
556.54	2.670E+1
556.88	3.884E+1
557.21	1.165E+2
557.55	1.068E+2
557.88	1.238E+2
558.22	1.092E+2
558.55	5.825E+1
558.89	1.019E+2
559.23	5.825E+1
559.56	3.155E+1
559.90	3.641E+1
560.23	3.398E+1
560.57	8.495E+1
560.90	1.262E+2
561.24	-6.554E+1
561.57	3.641E+1
561.91	-3.641E+1
562.24	7.767E+1
562.58	2.913E+1
562.91	5.583E+1
563.25	4.612E+1
563.58	2.427E+0
563.92	-4.854E+0
564.25	8.738E+1
564.59	6.554E+1
564.92	1.335E+2
565.25	5.097E+1
565.59	-3.641E+1
565.92	0.000E+0
566.26	7.039E+1
566.59	5.097E+1
566.93	-7.282E+0
567.26	8.981E+1
567.60	3.398E+1
567.93	5.340E+1
568.26	-4.126E+1
568.60	1.214E+1
568.93	4.369E+1
569.27	7.039E+1
569.60	3.641E+1
569.93	-8.495E+1
570.27	3.884E+1
570.60	5.097E+1
570.94	7.282E+0
571.27	4.126E+1
571.60	4.612E+1
571.94	0.000E+0
572.27	2.427E+0
572.60	1.286E+2
572.94	1.942E+1
573.27	-3.155E+1
573.60	5.340E+1
573.94	9.709E+0
574.27	4.126E+1
574.60	4.854E+1
574.94	1.189E+2
575.27	-3.155E+1
575.60	4.854E+0
575.94	-7.282E+0
576.27	3.884E+1
576.60	-5.825E+1
576.94	-4.854E+0
577.27	1.286E+2
577.60	5.583E+1
577.94	3.884E+1
578.27	1.942E+1
578.60	3.641E+1
578.93	-3.884E+1
579.27	-7.524E+1
579.60	6.796E+1
579.93	9.709E+0
580.26	1.068E+2
580.60	-8.253E+1
580.93	3.155E+1
581.26	-4.854E+1
581.59	5.825E+1
581.93	2.427E+1
582.26	-3.641E+1
582.59	1.019E+2
582.92	4.854E+0
583.25	-1.456E+1
583.59	2.427E+0
583.92	6.311E+1
584.25	2.670E+1
584.58	1.141E+2
584.91	-7.282E+0
585.25	4.369E+1
585.58	2.670E+1
585.91	6.311E+1
586.24	-6.796E+1
586.57	-4.126E+1
586.90	5.583E+1
587.24	9.709E+0
587.57	2.184E+1
587.90	5.340E+1
588.23	1.335E+2
588.56	-2.913E+1
588.89	-2.427E+1
589.22	1.092E+2
589.56	1.044E+2
589.89	2.427E+1
590.22	-2.913E+1
590.55	3.155E+1
590.88	5.583E+1
591.21	0.000E+0
591.54	7.524E+1
591.87	2.913E+1
592.20	5.097E+1
592.53	1.141E+2
592.87	6.796E+1
593.20	-7.282E+0
593.53	-4.369E+1
593.86	-1.456E+1
594.19	2.670E+1
594.52	3.884E+1
594.85	2.913E+1
595.18	6.068E+1
595.51	-8.010E+1
595.84	-2.184E+1
596.17	3.884E+1
596.50	-3.398E+1
596.83	2.427E+0
597.16	4.854E+1
597.49	7.282E+0
597.82	-1.456E+1
598.15	5.583E+1
598.48	5.825E+1
598.81	-9.709E+0
599.14	-3.641E+1
599.47	3.641E+1
599.80	-5.825E+1
600.13	5.825E+1
600.46	8.738E+1
600.79	1.699E+1
601.12	-6.311E+1
601.45	-4.854E+0
601.78	4.369E+1
602.11	4.369E+1
602.44	-2.913E+1
602.77	9.466E+1
603.10	-7.282E+0
603.42	2.670E+1
603.75	-2.670E+1
604.08	1.456E+1
604.41	-9.709E+1
604.74	8.981E+1
605.07	-3.155E+1
605.40	-2.184E+1
605.73	-2.427E+0
606.06	7.282E+1
606.39	3.398E+1
606.71	-2.184E+1
607.04	-1.165E+2
607.37	-2.427E+0
607.70	1.044E+2
608.03	-1.214E+1
608.36	-1.456E+1
608.69	3.398E+1
609.02	-1.214E+1
609.34	7.767E+1
609.67	2.427E+1
610.00	-4.126E+1
610.33	7.282E+0
610.66	1.214E+1
610.98	-2.427E+1
611.31	-2.427E+0
611.64	-3.641E+1
611.97	-2.427E+1
612.30	-7.524E+1
612.63	-8.495E+1
612.95	1.019E+2
613.28	3.641E+1
613.61	-2.670E+1
613.94	-2.427E+1
614.26	-6.311E+1
614.59	1.675E+2
614.92	2.913E+1
615.25	2.184E+1
615.57	7.039E+1
615.90	1.214E+1
616.23	4.854E+0
616.56	-2.427E+1
616.88	5.825E+1
617.21	2.913E+1
617.54	-7.282E+0
617.87	3.155E+1
618.19	-3.641E+1
618.52	-9.709E+0
618.85	-2.913E+1
619.17	4.854E+1
619.50	-5.825E+1
619.83	-1.456E+1
620.15	4.854E+1
620.48	-2.913E+1
620.81	-5.340E+1
621.14	-6.796E+1
621.46	4.126E+1
621.79	1.456E+1
622.11	8.253E+1
622.44	2.670E+1
622.77	-6.796E+1
623.09	1.189E+2
623.42	-7.282E+0
623.75	2.427E+0
624.07	2.670E+1
624.40	9.223E+1
624.73	1.189E+2
625.05	-5.097E+1
625.38	8.010E+1
625.70	4.126E+1
626.03	-1.699E+1
626.36	7.524E+1
626.68	-6.796E+1
627.01	-3.398E+1
627.33	1.845E+2
627.66	1.165E+2
627.99	-2.913E+1
628.31	-1.942E+1
628.64	-4.126E+1
628.96	3.884E+1
629.29	2.427E+1
629.61	4.854E+1
629.94	5.340E+1
630.26	4.126E+1
630.59	-1.068E+2
630.91	2.184E+1
631.24	-4.854E+1
631.57	1.092E+2
631.89	0.000E+0
632.22	-2.427E+1
632.54	-1.723E+2
632.87	8.253E+1
633.19	-9.709E+0
633.52	9.709E+1
633.84	8.495E+1
634.16	8.010E+1
634.49	3.641E+1
634.81	1.359E+2
635.14	-2.427E+1
635.46	1.262E+2
635.79	-1.092E+2
636.11	-3.884E+1
636.44	1.456E+1
636.76	1.214E+1
637.09	3.398E+1
637.41	3.641E+1
637.73	-3.884E+1
638.06	9.952E+1
638.38	-6.068E+1
638.71	2.670E+1
639.03	7.039E+1
639.36	-4.369E+1
639.68	7.282E+1
640.00	-6.311E+1
640.33	-2.427E+1
640.65	7.282E+0
640.97	-2.427E+0
641.30	-1.214E+1
641.62	-2.670E+1
641.95	7.039E+1
642.27	6.068E+1
642.59	-3.155E+1
642.92	-7.282E+0
643.24	-2.427E+1
643.56	4.369E+1
643.89	-1.942E+1
644.21	-8.253E+1
644.53	-2.670E+1
644.86	-7.282E+0
645.18	-1.699E+1
645.50	5.340E+1
645.83	2.670E+1
646.15	3.398E+1
646.47	3.155E+1
646.80	-2.184E+1
647.12	-7.282E+0
647.44	-1.942E+1
647.76	-2.427E+0
648.09	4.612E+1
648.41	1.214E+1
648.73	-1.019E+2
649.05	-4.369E+1
649.38	2.427E+1
649.70	1.942E+1
650.02	4.369E+1
650.34	-7.282E+0
650.67	-2.670E+1
650.99	6.554E+1
651.31	-2.913E+1
651.63	-3.155E+1
651.96	-2.184E+1
652.28	-8.495E+1
652.60	1.092E+2
652.92	1.456E+1
653.24	-3.641E+1
653.57	-4.612E+1
653.89	5.340E+1
654.21	5.097E+1
654.53	8.981E+1
654.85	5.340E+1
655.18	7.767E+1
655.50	-2.670E+1
655.82	-7.282E+0
656.14	-6.554E+1
656.46	-3.155E+1
656.78	1.214E+2
657.10	4.854E+1
657.43	-2.427E+0
657.75	-3.155E+1
658.07	-4.126E+1
658.39	2.184E+1
658.71	8.738E+1
659.03	3.884E+1
659.35	2.184E+1
659.67	3.884E+1
659.99	3.155E+1
660.32	0.000E+0
660.64	5.340E+1
660.96	1.068E+2
661.28	-1.019E+2
661.60	2.427E+1
661.92	-7.767E+1
662.24	2.670E+1
662.56	-2.427E+1
662.88	1.214E+1
663.20	1.699E+1
663.52	-4.369E+1
663.84	-1.141E+2
664.16	-7.039E+1
664.48	5.340E+1
664.80	5.583E+1
665.12	2.184E+1
665.44	1.214E+2
665.76	1.092E+2
666.08	5.583E+1
666.40	1.019E+2
666.72	4.854E+1
667.04	-1.699E+1
667.36	8.010E+1
667.68	6.311E+1
668.00	4.612E+1
668.32	7.282E+1
668.64	-6.796E+1
668.96	3.884E+1
669.28	-3.155E+1
669.60	-3.884E+1
669.92	7.039E+1
670.24	4.854E+1
670.56	3.884E+1
670.88	-9.709E+0
671.20	-2.913E+1
671.52	0.000E+0
671.84	-9.709E+0
672.16	-4.854E+0
672.47	-1.942E+1
672.79	3.398E+1
673.11	1.165E+2
673.43	0.000E+0
673.75	5.097E+1
674.07	-9.709E+0
674.39	5.097E+1
674.71	-4.854E+0
675.03	0.000E+0
675.34	-2.670E+1
675.66	-6.311E+1
675.98	-8.495E+1
676.30	-3.155E+1
676.62	2.913E+1
676.94	-2.427E+0
677.25	4.612E+1
677.57	3.884E+1
677.89	1.189E+2
678.21	-2.913E+1
678.53	5.825E+1
678.85	7.767E+1
679.16	-6.311E+1
679.48	5.825E+1
679.80	4.369E+1
680.12	4.369E+1
680.44	-5.825E+1
680.75	5.583E+1
681.07	2.913E+1
681.39	1.141E+2
681.71	5.583E+1
682.02	-4.854E+1
682.34	1.165E+2
682.66	-3.884E+1
682.98	-4.126E+1
683.29	4.854E+1
683.61	-4.369E+1
683.93	5.825E+1
684.25	-2.427E+1
684.56	-2.913E+1
684.88	5.825E+1
685.20	6.554E+1
685.51	0.000E+0
685.83	3.641E+1
686.15	7.282E+1
686.47	-5.825E+1
686.78	4.369E+1
687.10	1.262E+2
687.42	1.068E+2
687.73	-2.427E+0
688.05	-4.854E+0
688.37	-5.097E+1
688.68	-8.738E+1
689.00	4.854E+1
689.32	-3.155E+1
689.63	2.670E+1
689.95	7.282E+0
690.26	-4.854E+1
690.58	6.311E+1
690.90	-5.583E+1
691.21	1.117E+2
691.53	5.340E+1
691.85	3.884E+1
692.16	1.432E+2
692.48	9.709E+0
692.79	1.214E+1
693.11	6.068E+1
693.42	-3.884E+1
693.74	-3.641E+1
694.06	2.427E+1
694.37	4.854E+1
694.69	-2.670E+1
695.00	-5.340E+1
695.32	-5.097E+1
695.63	-4.126E+1
695.95	1.456E+1
696.26	1.942E+1
696.58	4.612E+1
696.90	-3.155E+1
697.21	8.981E+1
697.53	6.068E+1
697.84	9.709E+0
698.16	6.311E+1
698.47	1.942E+1
698.79	2.427E+0
699.10	3.155E+1
699.42	4.854E+0
699.73	-7.282E+0
700.05	0.000E+0
700.36	1.942E+1
700.68	-3.398E+1
700.99	-5.583E+1
701.30	-1.068E+2
701.62	-3.398E+1
701.93	-2.913E+1
702.25	6.554E+1
702.56	1.214E+2
702.88	8.738E+1
703.19	5.583E+1
703.50	4.369E+1
703.82	-7.039E+1
704.13	-7.282E+0
704.45	5.340E+1
704.76	2.427E+0
705.08	-6.554E+1
705.39	4.612E+1
705.70	1.238E+2
706.02	1.214E+1
706.33	9.223E+1
706.64	5.825E+1
706.96	-2.427E+0
707.27	-3.398E+1
707.59	5.097E+1
707.90	-2.184E+1
708.21	-1.942E+1
708.53	2.913E+1
708.84	5.583E+1
709.15	7.039E+1
709.47	1.165E+2
709.78	4.854E+1
710.09	-9.709E+0
710.41	-7.767E+1
710.72	1.214E+1
711.03	1.942E+1
711.34	5.825E+1
711.66	4.854E+0
711.97	-1.456E+1
712.28	1.214E+1
712.60	-3.884E+1
712.91	-4.854E+0
713.22	-4.612E+1
713.53	8.495E+1
713.85	-1.019E+2
714.16	8.738E+1
714.47	-1.699E+1
714.78	1.942E+1
715.10	-2.427E+1
715.41	3.155E+1
715.72	1.942E+1
716.03	-1.699E+1
716.35	0.000E+0
716.66	5.583E+1
716.97	3.155E+1
717.28	8.738E+1
717.59	-4.612E+1
717.91	9.709E+1
718.22	0.000E+0
718.53	-6.068E+1
718.84	2.427E+1
719.15	-5.097E+1
719.46	-2.427E+1
719.78	-1.942E+1
720.09	7.767E+1
720.40	-1.699E+1
720.71	5.825E+1
721.02	-2.670E+1
721.33	-1.456E+1
721.65	-2.427E+1
721.96	7.282E+1
722.27	9.709E+0
722.58	-4.854E+1
722.89	5.583E+1
723.20	-2.184E+1
723.51	-8.981E+1
723.82	2.913E+1
724.13	4.854E+1
724.45	3.398E+1
724.76	-6.068E+1
725.07	-2.913E+1
725.38	-1.456E+1
725.69	-1.456E+1
726.00	-5.097E+1
726.31	-5.097E+1
726.62	-6.311E+1
726.93	2.670E+1
727.24	7.039E+1
727.55	3.884E+1
727.86	-7.282E+0
728.17	4.612E+1
728.48	6.311E+1
728.79	1.238E+2
729.10	1.456E+1
729.41	3.398E+1
729.72	1.214E+1
730.03	2.670E+1
730.34	3.641E+1
730.65	-1.214E+1
730.96	1.214E+1
731.27	-5.583E+1
731.58	-5.097E+1
731.89	-9.709E+0
732.20	-3.884E+1
732.51	-3.155E+1
732.82	-3.155E+1
733.13	2.427E+0
733.44	0.000E+0
733.75	-1.942E+1
734.06	-1.165E+2
734.37	3.398E+1
734.68	-3.884E+1
734.98	9.709E+1
735.29	1.456E+1
735.60	-4.369E+1
735.91	-7.282E+0
736.22	9.709E+0
736.53	5.825E+1
736.84	2.427E+0
737.15	-9.466E+1
737.46	3.398E+1
737.77	9.709E+0
738.07	-2.427E+1
738.38	4.854E+0
738.69	1.044E+2
739.00	5.097E+1
739.31	-1.456E+1
739.62	-4.612E+1
739.92	1.214E+1
740.23	-2.670E+1
740.54	-2.427E+0
740.85	-1.214E+1
741.16	-3.398E+1
741.47	0.000E+0
741.77	0.000E+0
742.08	3.884E+1
742.39	-3.398E+1
742.70	-1.214E+1
743.01	-3.398E+1
743.31	1.456E+1
743.62	1.262E+2
743.93	-2.427E+0
744.24	4.854E+0
744.54	-7.039E+1
744.85	-8.981E+1
745.16	-9.709E+1
745.47	3.155E+1
745.77	2.670E+1
746.08	-9.709E+0
746.39	4.854E+0
746.70	1.456E+1
747.00	-7.282E+0
747.31	9.709E+0
747.62	9.709E+0
747.92	-6.068E+1
748.23	-6.554E+1
748.54	-1.214E+1
748.84	2.427E+1
749.15	-2.427E+1
749.46	1.699E+1
749.76	6.311E+1
750.07	3.884E+1
750.38	-2.184E+1
750.68	1.044E+2
750.99	-3.884E+1
751.30	6.554E+1
751.60	-4.854E+0
751.91	4.854E+0
752.22	4.854E+0
752.52	3.884E+1
752.83	5.825E+1
753.14	-1.214E+1
753.44	1.699E+1
753.75	-2.670E+1
754.05	1.456E+1
754.36	-4.854E+0
754.67	5.825E+1
754.97	4.612E+1
755.28	1.214E+1
755.58	9.466E+1
755.89	-1.214E+1
756.19	5.825E+1
756.50	3.884E+1
756.81	1.456E+1
757.11	5.825E+1
757.42	-2.670E+1
757.72	-8.738E+1
758.03	-1.359E+2
758.33	-3.155E+1
758.64	1.456E+1
758.94	-7.524E+1
759.25	2.427E+1
759.55	-3.398E+1
759.86	5.097E+1
760.16	-8.010E+1
760.47	-9.952E+1
760.77	-2.184E+1
761.08	6.068E+1
761.38	5.583E+1
761.69	-5.097E+1
761.99	-3.155E+1
762.30	6.068E+1
762.60	4.369E+1
762.91	-1.141E+2
763.21	-1.699E+1
763.51	-2.670E+1
763.82	-7.767E+1
764.12	-2.427E+0
764.43	-3.398E+1
764.73	0.000E+0
765.04	-1.165E+2
765.34	-1.019E+2
765.64	1.189E+2
765.95	-2.427E+0
766.25	9.709E+1
766.56	4.854E+1
766.86	-1.092E+2
767.16	-2.184E+1
767.47	0.000E+0
767.77	-5.340E+1
768.07	-8.738E+1
768.38	8.738E+1
768.68	-6.311E+1
768.98	-3.398E+1
769.29	-8.010E+1
769.59	-6.311E+1
769.89	2.913E+1
770.20	-7.282E+0
770.50	2.427E+0
770.80	4.854E+0
771.11	-2.427E+0
771.41	-9.709E+0
771.71	-1.141E+2
772.02	-9.709E+0
772.32	6.068E+1
772.62	1.214E+1
772.93	-7.282E+1
773.23	-1.699E+1
773.53	-2.913E+1
773.83	2.184E+1
774.14	3.884E+1
774.44	-4.612E+1
774.74	-4.126E+1
775.04	2.913E+1
775.35	2.913E+1
775.65	-1.456E+1
775.95	-5.097E+1
776.25	-3.884E+1
776.55	-1.456E+1
776.86	4.854E+0
777.16	5.583E+1
777.46	-4.854E+0
777.76	3.884E+1
778.06	7.039E+1
778.37	-2.427E+0
778.67	-1.214E+1
778.97	6.068E+1
779.27	1.456E+1
779.57	-5.340E+1
779.88	-7.767E+1
780.18	4.126E+1
780.48	2.184E+1
780.78	-2.427E+0
781.08	-2.670E+1
781.38	4.854E+1
781.68	2.913E+1
781.98	1.214E+1
782.29	2.184E+1
782.59	-4.612E+1
782.89	9.709E+0
783.19	1.359E+2
783.49	8.010E+1
783.79	5.583E+1
784.09	0.000E+0
784.39	-3.398E+1
784.69	-2.427E+1
784.99	2.427E+0
785.30	-4.612E+1
785.60	-7.282E+1
785.90	2.670E+1
786.20	-4.126E+1
786.50	-7.282E+0
786.80	7.039E+1
787.10	1.214E+1
787.40	7.282E+0
787.70	-3.398E+1
788.00	5.583E+1
788.30	-8.981E+1
788.60	-4.854E+1
788.90	-2.184E+1
789.20	1.214E+1
789.50	-7.282E+0
789.80	2.184E+1
790.10	-7.282E+1
790.40	-1.214E+1
790.70	2.913E+1
791.00	-4.612E+1
791.30	-5.583E+1
791.60	-4.612E+1
791.90	-2.670E+1
792.20	-1.942E+1
792.50	0.000E+0
792.79	2.427E+1
793.09	-9.466E+1
793.39	5.825E+1
793.69	5.825E+1
793.99	2.913E+1
794.29	2.184E+1
794.59	2.427E+1
794.89	1.942E+1
795.19	-8.253E+1
795.49	3.884E+1
795.79	8.253E+1
796.08	-1.699E+1
796.38	9.709E+0
796.68	8.981E+1
796.98	-1.942E+1
797.28	8.010E+1
797.58	2.184E+1
797.88	-4.854E+0
798.17	1.286E+2
798.47	-2.913E+1
798.77	4.612E+1
799.07	2.670E+1
799.37	5.583E+1
799.67	-4.126E+1
799.96	1.068E+2
800.26	7.282E+1
800.56	-2.184E+1
800.86	-1.214E+1
801.16	-3.398E+1
801.45	-2.913E+1
801.75	-1.044E+2
802.05	3.398E+1
802.35	-2.427E+1
802.64	3.155E+1
802.94	1.165E+2
803.24	-8.981E+1
803.54	-4.126E+1
803.83	3.641E+1
804.13	3.884E+1
804.43	6.311E+1
804.73	0.000E+0
805.02	-1.699E+1
805.32	6.068E+1
805.62	0.000E+0
805.91	-8.010E+1
806.21	9.709E+0
806.51	-1.214E+1
806.81	-6.068E+1
807.10	3.884E+1
807.40	-2.427E+0
807.70	-5.825E+1
807.99	2.184E+1
808.29	-3.398E+1
808.59	0.000E+0
808.88	6.311E+1
809.18	9.223E+1
809.47	6.311E+1
809.77	7.039E+1
810.07	-6.311E+1
810.36	3.155E+1
810.66	3.641E+1
810.96	8.495E+1
811.25	-4.126E+1
811.55	-4.612E+1
811.84	-7.282E+0
812.14	1.359E+2
812.44	-1.942E+1
812.73	2.427E+0
813.03	-2.670E+1
813.32	6.311E+1
813.62	0.000E+0
813.91	5.340E+1
814.21	-6.068E+1
814.51	2.184E+1
814.80	6.068E+1
815.10	7.767E+1
815.39	2.184E+1
815.69	-9.709E+0
815.98	-3.398E+1
816.28	-7.524E+1
816.57	-1.942E+1
816.87	-7.524E+1
817.16	1.214E+2
817.46	2.427E+0
817.75	2.913E+1
818.05	4.854E+0
818.34	-2.913E+1
818.64	1.214E+1
818.93	-2.427E+0
819.23	-1.019E+2
819.52	-5.097E+1
819.82	-5.340E+1
820.11	-1.044E+2
820.40	-2.670E+1
820.70	-4.126E+1
820.99	-3.641E+1
821.29	-4.612E+1
821.58	-5.583E+1
821.88	-4.854E+0
822.17	5.583E+1
822.46	3.398E+1
822.76	-4.854E+0
823.05	3.884E+1
823.35	-5.097E+1
823.64	1.699E+1
823.93	8.495E+1
824.23	1.699E+1
824.52	-3.884E+1
824.81	3.641E+1
825.11	1.699E+1
825.40	-1.699E+1
825.69	-5.340E+1
825.99	5.825E+1
826.28	-7.282E+0
826.58	-2.670E+1
826.87	2.427E+1
827.16	8.010E+1
827.45	4.369E+1
827.75	-1.942E+1
828.04	1.456E+1
828.33	-3.641E+1
828.63	-6.311E+1
828.92	3.155E+1
829.21	9.709E+1
829.51	-1.214E+1
829.80	-2.427E+0
830.09	2.670E+1
830.38	-1.214E+1
830.68	-4.369E+1
830.97	-4.126E+1
831.26	9.709E+0
831.55	4.854E+0
831.85	-3.641E+1
832.14	-1.044E+2
832.43	-7.282E+0
832.72	5.825E+1
833.01	-2.184E+1
833.31	1.456E+1
833.60	-3.884E+1
833.89	-1.699E+1
834.18	-5.340E+1
834.47	-1.214E+1
834.77	4.126E+1
835.06	-3.398E+1
835.35	-4.126E+1
835.64	4.126E+1
835.93	8.981E+1
836.22	-4.854E+0
836.52	8.495E+1
836.81	4.854E+1
837.10	8.495E+1
837.39	8.253E+1
837.68	2.670E+1
837.97	-4.854E+1
838.26	6.311E+1
838.55	1.214E+1
838.85	4.126E+1
839.14	1.092E+2
839.43	3.398E+1
839.72	-1.699E+1
840.01	3.884E+1
840.30	5.825E+1
840.59	7.767E+1
840.88	2.670E+1
841.17	-1.456E+1
841.46	-3.884E+1
841.75	6.311E+1
842.04	-7.282E+1
842.33	-7.039E+1
842.62	3.155E+1
842.91	-4.369E+1
843.21	4.126E+1
843.50	-4.612E+1
843.79	7.282E+0
844.08	-1.214E+1
844.37	6.554E+1
844.66	6.796E+1
844.95	2.427E+1
845.24	5.097E+1
845.53	-9.952E+1
845.81	-1.214E+1
846.10	3.884E+1
846.39	-7.282E+0
846.68	4.854E+0
846.97	-8.981E+1
847.26	-2.427E+0
847.55	-2.427E+1
847.84	-1.165E+2
848.13	7.282E+0
848.42	-5.825E+1
848.71	1.699E+1
849.00	-3.641E+1
849.29	-5.825E+1
849.58	-6.311E+1
849.87	4.854E+0
850.15	4.126E+1
850.44	4.854E+0
850.73	1.456E+1
851.02	3.155E+1
851.31	-6.554E+1
851.60	3.398E+1
851.89	-6.554E+1
852.18	4.126E+1
852.46	2.427E+0
852.75	-4.369E+1
853.04	6.554E+1
853.33	-2.427E+0
853.62	-5.340E+1
853.91	-2.913E+1
854.19	8.010E+1
854.48	-4.854E+0
854.77	9.223E+1
855.06	1.214E+1
855.35	1.942E+1
855.63	-1.942E+1
855.92	-8.495E+1
856.21	-7.524E+1
856.50	-1.214E+1
856.79	-6.796E+1
857.07	6.796E+1
857.36	-3.398E+1
857.65	-1.214E+1
857.94	-1.942E+1
858.22	6.796E+1
858.51	-5.825E+1
858.80	-6.068E+1
859.08	-5.097E+1
859.37	8.738E+1
859.66	9.709E+1
859.95	-1.942E+1
860.23	-1.699E+1
860.52	-2.913E+1
860.81	7.767E+1
861.09	2.427E+1
861.38	6.311E+1
861.67	-4.369E+1
861.95	1.019E+2
862.24	9.223E+1
862.53	-2.184E+1
862.81	2.184E+1
863.10	1.286E+2
863.39	-2.427E+0
863.67	-2.184E+1
863.96	-1.214E+1
864.25	-7.767E+1
864.53	1.505E+2
864.82	1.699E+1
865.10	3.641E+1
865.39	-8.981E+1
865.68	9.709E+0
865.96	1.214E+1
866.25	-1.092E+2
866.53	-1.092E+2
866.82	-1.092E+2