Wavelength	Intensity	Ocean Optics Flame
nm	counts
187.89	-5.097E+1
188.27	-1.214E+1
188.64	1.044E+2
189.02	-1.019E+2
189.40	6.796E+1
189.78	-8.981E+1
190.15	4.612E+1
190.53	-6.311E+1
190.91	1.044E+2
191.29	4.854E+1
191.66	1.214E+1
192.04	-4.854E+0
192.42	-1.699E+1
192.80	-1.699E+1
193.17	-9.709E+0
193.55	4.369E+1
193.93	-6.068E+1
194.30	-5.825E+1
194.68	3.155E+1
195.06	-3.884E+1
195.44	3.641E+1
195.81	3.155E+1
196.19	1.165E+2
196.57	7.039E+1
196.94	3.884E+1
197.32	1.044E+2
197.70	-4.126E+1
198.07	3.398E+1
198.45	-8.981E+1
198.83	-2.427E+1
199.20	4.854E+1
199.58	1.214E+1
199.96	-2.427E+0
200.33	7.282E+0
200.71	6.554E+1
201.09	6.311E+1
201.46	-1.505E+2
201.84	-3.155E+1
202.22	-9.709E+0
202.59	1.942E+1
202.97	6.554E+1
203.34	-3.155E+1
203.72	4.612E+1
204.10	5.825E+1
204.47	9.709E+0
204.85	-3.884E+1
205.23	7.282E+0
205.60	4.126E+1
205.98	-6.796E+1
206.35	1.456E+1
206.73	-2.427E+1
207.11	-5.583E+1
207.48	8.253E+1
207.86	-5.340E+1
208.23	8.010E+1
208.61	4.612E+1
208.98	7.767E+1
209.36	-8.981E+1
209.74	8.981E+1
210.11	4.369E+1
210.49	-1.456E+1
210.86	5.340E+1
211.24	4.369E+1
211.61	6.068E+1
211.99	-4.612E+1
212.36	-1.214E+1
212.74	-7.282E+0
213.11	8.010E+1
213.49	1.432E+2
213.87	3.641E+1
214.24	7.767E+1
214.62	5.097E+1
214.99	1.189E+2
215.37	7.282E+0
215.74	-6.796E+1
216.12	-1.942E+1
216.49	4.854E+1
216.87	-1.214E+1
217.24	-5.340E+1
217.62	-9.709E+0
217.99	-1.117E+2
218.37	5.340E+1
218.74	8.981E+1
219.11	2.427E+0
219.49	3.884E+1
219.86	-6.068E+1
220.24	9.952E+1
220.61	9.466E+1
220.99	8.738E+1
221.36	9.709E+1
221.74	-4.854E+0
222.11	3.398E+1
222.49	2.184E+1
222.86	4.369E+1
223.23	1.408E+2
223.61	6.554E+1
223.98	1.699E+1
224.36	-3.155E+1
224.73	4.612E+1
225.11	7.039E+1
225.48	4.369E+1
225.85	1.359E+2
226.23	6.068E+1
226.60	-2.913E+1
226.98	-3.155E+1
227.35	6.554E+1
227.72	3.398E+1
228.10	3.398E+1
228.47	-3.884E+1
228.84	5.583E+1
229.22	-5.097E+1
229.59	-3.641E+1
229.97	3.641E+1
230.34	1.456E+1
230.71	-4.612E+1
231.09	8.738E+1
231.46	9.709E+0
231.83	4.854E+0
232.21	2.427E+0
232.58	1.189E+2
232.95	1.942E+1
233.33	1.117E+2
233.70	8.010E+1
234.07	-7.282E+0
234.45	5.340E+1
234.82	7.282E+1
235.19	1.214E+1
235.57	-8.253E+1
235.94	2.427E+1
236.31	7.039E+1
236.69	-1.214E+1
237.06	1.214E+1
237.43	8.981E+1
237.80	6.068E+1
238.18	-5.340E+1
238.55	-5.583E+1
238.92	3.398E+1
239.30	8.010E+1
239.67	1.456E+1
240.04	1.699E+1
240.41	4.612E+1
240.79	-7.282E+0
241.16	2.427E+1
241.53	3.641E+1
241.90	9.709E+0
242.28	8.010E+1
242.65	5.825E+1
243.02	3.155E+1
243.39	-7.282E+1
243.77	8.738E+1
244.14	4.854E+1
244.51	5.340E+1
244.88	6.068E+1
245.25	-3.641E+1
245.63	-2.427E+1
246.00	-2.427E+1
246.37	2.427E+0
246.74	9.709E+1
247.11	6.068E+1
247.49	1.214E+1
247.86	-5.097E+1
248.23	1.141E+2
248.60	3.398E+1
248.97	7.282E+0
249.35	1.286E+2
249.72	7.282E+1
250.09	-3.641E+1
250.46	8.495E+1
250.83	8.010E+1
251.20	9.952E+1
251.58	8.981E+1
251.95	-9.709E+0
252.32	3.155E+1
252.69	-6.796E+1
253.06	-2.184E+1
253.43	-1.699E+1
253.80	5.825E+1
254.17	-1.214E+1
254.55	0.000E+0
254.92	-1.214E+2
255.29	7.524E+1
255.66	6.796E+1
256.03	5.583E+1
256.40	1.942E+1
256.77	-1.214E+1
257.14	2.427E+1
257.51	-1.942E+1
257.88	6.796E+1
258.26	7.282E+1
258.63	9.709E+0
259.00	-2.670E+1
259.37	-1.456E+1
259.74	-2.913E+1
260.11	-8.495E+1
260.48	8.738E+1
260.85	7.039E+1
261.22	-8.981E+1
261.59	1.068E+2
261.96	7.767E+1
262.33	1.019E+2
262.70	2.184E+1
263.07	4.369E+1
263.44	-5.340E+1
263.81	-9.709E+0
264.18	9.466E+1
264.55	-3.641E+1
264.92	1.699E+1
265.29	2.670E+1
265.66	9.709E+0
266.03	2.427E+0
266.40	2.913E+1
266.77	4.854E+1
267.14	7.524E+1
267.51	5.825E+1
267.88	1.068E+2
268.25	-3.398E+1
268.62	5.340E+1
268.99	2.670E+1
269.36	-2.913E+1
269.73	-5.825E+1
270.10	6.068E+1
270.47	9.466E+1
270.84	8.981E+1
271.21	8.253E+1
271.58	5.825E+1
271.95	1.092E+2
272.32	3.641E+1
272.69	6.068E+1
273.06	-5.097E+1
273.43	5.825E+1
273.80	9.952E+1
274.17	-2.913E+1
274.53	-2.670E+1
274.90	6.796E+1
275.27	5.340E+1
275.64	5.825E+1
276.01	-1.942E+1
276.38	-4.126E+1
276.75	1.019E+2
277.12	-1.092E+2
277.49	3.398E+1
277.86	5.340E+1
278.22	7.767E+1
278.59	2.184E+1
278.96	1.189E+2
279.33	2.427E+0
279.70	3.641E+1
280.07	7.767E+1
280.44	6.554E+1
280.80	5.097E+1
281.17	-2.427E+1
281.54	-4.126E+1
281.91	1.456E+1
282.28	4.126E+1
282.65	8.981E+1
283.02	-7.282E+0
283.38	-2.427E+1
283.75	-1.699E+1
284.12	-4.854E+1
284.49	9.952E+1
284.86	4.369E+1
285.22	7.524E+1
285.59	6.068E+1
285.96	4.854E+1
286.33	-1.699E+1
286.70	5.583E+1
287.06	3.155E+1
287.43	7.282E+0
287.80	1.068E+2
288.17	8.981E+1
288.53	-4.369E+1
288.90	0.000E+0
289.27	1.456E+1
289.64	1.505E+2
290.01	2.427E+0
290.37	5.583E+1
290.74	3.398E+1
291.11	3.155E+1
291.48	5.097E+1
291.84	9.709E+1
292.21	-7.282E+0
292.58	6.068E+1
292.94	-5.097E+1
293.31	8.495E+1
293.68	1.262E+2
294.05	2.427E+1
294.41	4.854E+1
294.78	1.699E+2
295.15	2.670E+1
295.51	5.340E+1
295.88	7.039E+1
296.25	-3.398E+1
296.61	4.126E+1
296.98	1.068E+2
297.35	-2.184E+1
297.72	7.767E+1
298.08	6.554E+1
298.45	1.384E+2
298.82	0.000E+0
299.18	1.456E+1
299.55	5.825E+1
299.91	-5.340E+1
300.28	-1.456E+1
300.65	5.340E+1
301.01	-6.068E+1
301.38	6.311E+1
301.75	4.126E+1
302.11	-7.039E+1
302.48	8.010E+1
302.85	1.456E+1
303.21	-7.039E+1
303.58	7.282E+1
303.94	1.238E+2
304.31	6.554E+1
304.68	5.583E+1
305.04	-4.612E+1
305.41	5.583E+1
305.77	7.282E+0
306.14	-2.184E+1
306.51	-2.913E+1
306.87	0.000E+0
307.24	7.524E+1
307.60	-3.155E+1
307.97	2.427E+1
308.33	8.738E+1
308.70	5.340E+1
309.07	8.981E+1
309.43	-6.796E+1
309.80	-1.044E+2
310.16	4.854E+0
310.53	1.699E+1
310.89	-4.126E+1
311.26	5.825E+1
311.62	7.039E+1
311.99	1.214E+1
312.35	8.738E+1
312.72	2.670E+1
313.08	4.369E+1
313.45	-4.854E+1
313.81	-1.456E+1
314.18	-9.709E+0
314.54	-7.524E+1
314.91	-2.184E+1
315.27	1.311E+2
315.64	-1.699E+1
316.00	-3.398E+1
316.37	5.583E+1
316.73	-1.699E+1
317.10	8.981E+1
317.46	8.738E+1
317.83	-2.184E+1
318.19	1.092E+2
318.56	-7.282E+0
318.92	9.709E+1
319.28	8.253E+1
319.65	1.942E+1
320.01	-4.369E+1
320.38	-1.942E+1
320.74	8.253E+1
321.11	-2.184E+1
321.47	5.825E+1
321.83	9.466E+1
322.20	8.253E+1
322.56	1.214E+1
322.93	-7.039E+1
323.29	-2.427E+1
323.66	7.282E+1
324.02	9.466E+1
324.38	6.554E+1
324.75	1.505E+2
325.11	1.578E+2
325.47	-7.282E+0
325.84	6.311E+1
326.20	1.068E+2
326.57	7.524E+1
326.93	-7.282E+0
327.29	9.952E+1
327.66	7.524E+1
328.02	7.282E+1
328.38	6.311E+1
328.75	7.282E+1
329.11	-1.699E+1
329.47	9.709E+0
329.84	1.214E+1
330.20	4.612E+1
330.56	2.427E+0
330.93	-8.738E+1
331.29	0.000E+0
331.65	-4.612E+1
332.02	-5.825E+1
332.38	9.952E+1
332.74	-9.709E+0
333.10	9.223E+1
333.47	3.398E+1
333.83	7.767E+1
334.19	4.126E+1
334.56	4.369E+1
334.92	6.554E+1
335.28	7.039E+1
335.64	2.913E+1
336.01	-1.699E+1
336.37	3.155E+1
336.73	7.282E+0
337.09	1.214E+1
337.46	-2.427E+1
337.82	5.097E+1
338.18	3.884E+1
338.54	4.126E+1
338.91	-4.612E+1
339.27	3.155E+1
339.63	1.456E+1
339.99	8.738E+1
340.36	9.466E+1
340.72	9.952E+1
341.08	4.369E+1
341.44	3.641E+1
341.80	7.767E+1
342.17	1.044E+2
342.53	9.709E+0
342.89	9.952E+1
343.25	8.738E+1
343.61	1.456E+1
343.98	1.942E+1
344.34	7.282E+1
344.70	-6.068E+1
345.06	5.825E+1
345.42	4.126E+1
345.78	4.369E+1
346.14	7.524E+1
346.51	9.952E+1
346.87	4.854E+0
347.23	3.641E+1
347.59	-1.699E+1
347.95	2.184E+1
348.31	5.340E+1
348.67	-1.699E+1
349.04	8.253E+1
349.40	1.456E+1
349.76	9.466E+1
350.12	8.981E+1
350.48	4.612E+1
350.84	4.612E+1
351.20	-2.427E+0
351.56	4.369E+1
351.92	-3.155E+1
352.28	-4.369E+1
352.65	3.155E+1
353.01	-3.884E+1
353.37	7.039E+1
353.73	4.126E+1
354.09	5.583E+1
354.45	8.253E+1
354.81	9.709E+0
355.17	-4.854E+0
355.53	-5.825E+1
355.89	1.772E+2
356.25	-1.699E+1
356.61	4.854E+0
356.97	1.044E+2
357.33	3.884E+1
357.69	6.311E+1
358.05	4.612E+1
358.41	4.612E+1
358.77	5.340E+1
359.13	3.398E+1
359.49	1.189E+2
359.85	2.913E+1
360.21	2.670E+1
360.57	8.495E+1
360.93	8.981E+1
361.29	7.039E+1
361.65	1.068E+2
362.01	7.039E+1
362.37	-1.699E+1
362.73	7.282E+0
363.09	3.641E+1
363.45	-1.456E+1
363.81	1.699E+1
364.17	1.772E+2
364.53	1.456E+1
364.89	1.942E+1
365.25	4.612E+1
365.61	-6.796E+1
365.97	-3.884E+1
366.33	6.068E+1
366.69	0.000E+0
367.05	8.981E+1
367.40	-9.709E+0
367.76	-3.398E+1
368.12	9.952E+1
368.48	1.165E+2
368.84	2.427E+0
369.20	-9.709E+0
369.56	7.524E+1
369.92	-5.825E+1
370.28	-3.884E+1
370.63	1.699E+1
370.99	3.398E+1
371.35	-1.699E+1
371.71	0.000E+0
372.07	2.913E+1
372.43	3.884E+1
372.79	5.097E+1
373.15	-1.456E+1
373.50	9.223E+1
373.86	-3.884E+1
374.22	9.709E+1
374.58	-2.913E+1
374.94	-2.670E+1
375.30	-1.214E+1
375.65	1.117E+2
376.01	5.340E+1
376.37	9.709E+1
376.73	-2.670E+1
377.09	8.495E+1
377.44	6.068E+1
377.80	5.097E+1
378.16	3.884E+1
378.52	-5.340E+1
378.88	-1.456E+1
379.23	-1.699E+1
379.59	-2.427E+0
379.95	5.340E+1
380.31	-2.670E+1
380.66	1.092E+2
381.02	4.369E+1
381.38	-4.854E+0
381.74	3.641E+1
382.09	-1.456E+1
382.45	9.223E+1
382.81	8.495E+1
383.17	2.427E+0
383.52	-9.223E+1
383.88	2.184E+1
384.24	3.641E+1
384.60	1.335E+2
384.95	-3.155E+1
385.31	1.286E+2
385.67	7.282E+1
386.02	5.097E+1
386.38	3.155E+1
386.74	9.466E+1
387.10	9.466E+1
387.45	1.044E+2
387.81	1.942E+1
388.17	9.709E+1
388.52	1.942E+1
388.88	5.825E+1
389.24	5.583E+1
389.59	5.825E+1
389.95	7.767E+1
390.31	1.262E+2
390.66	7.282E+1
391.02	9.952E+1
391.38	2.913E+1
391.73	1.019E+2
392.09	5.825E+1
392.44	1.286E+2
392.80	1.117E+2
393.16	2.913E+1
393.51	1.723E+2
393.87	4.854E+0
394.23	-2.427E+1
394.58	1.432E+2
394.94	7.767E+1
395.29	4.369E+1
395.65	1.286E+2
396.01	4.612E+1
396.36	3.155E+1
396.72	0.000E+0
397.07	6.554E+1
397.43	1.068E+2
397.78	1.553E+2
398.14	1.044E+2
398.50	1.019E+2
398.85	1.384E+2
399.21	7.767E+1
399.56	5.825E+1
399.92	1.238E+2
400.27	1.481E+2
400.63	2.136E+2
400.98	1.359E+2
401.34	1.942E+1
401.69	1.165E+2
402.05	7.282E+1
402.40	1.019E+2
402.76	1.990E+2
403.11	1.262E+2
403.47	1.214E+2
403.82	1.578E+2
404.18	7.524E+1
404.53	2.306E+2
404.89	1.311E+2
405.24	1.869E+2
405.60	1.748E+2
405.95	3.884E+1
406.31	3.350E+2
406.66	2.646E+2
407.02	2.791E+2
407.37	1.893E+2
407.73	1.942E+2
408.08	2.257E+2
408.44	2.913E+2
408.79	2.597E+2
409.14	3.180E+2
409.50	1.553E+2
409.85	3.058E+2
410.21	4.126E+2
410.56	2.379E+2
410.92	3.641E+2
411.27	4.078E+2
411.62	3.519E+2
411.98	4.490E+2
412.33	4.490E+2
412.69	5.364E+2
413.04	4.709E+2
413.39	4.587E+2
413.75	4.320E+2
414.10	5.995E+2
414.45	5.995E+2
414.81	6.675E+2
415.16	6.020E+2
415.52	7.549E+2
415.87	6.651E+2
416.22	8.495E+2
416.58	8.374E+2
416.93	8.350E+2
417.28	9.223E+2
417.64	8.762E+2
417.99	1.012E+3
418.34	1.005E+3
418.70	1.087E+3
419.05	1.053E+3
419.40	1.158E+3
419.76	1.167E+3
420.11	1.318E+3
420.46	1.437E+3
420.81	1.415E+3
421.17	1.481E+3
421.52	1.566E+3
421.87	1.711E+3
422.23	1.874E+3
422.58	1.803E+3
422.93	1.925E+3
423.28	2.039E+3
423.64	2.138E+3
423.99	2.218E+3
424.34	2.398E+3
424.69	2.393E+3
425.05	2.451E+3
425.40	2.539E+3
425.75	2.765E+3
426.10	2.976E+3
426.46	2.978E+3
426.81	3.090E+3
427.16	3.197E+3
427.51	3.347E+3
427.87	3.551E+3
428.22	3.750E+3
428.57	3.893E+3
428.92	4.182E+3
429.27	4.265E+3
429.63	4.408E+3
429.98	4.578E+3
430.33	5.010E+3
430.68	4.898E+3
431.03	5.282E+3
431.38	5.602E+3
431.74	5.634E+3
432.09	5.748E+3
432.44	6.129E+3
432.79	6.534E+3
433.14	6.655E+3
433.49	7.143E+3
433.85	7.476E+3
434.20	7.745E+3
434.55	7.937E+3
434.90	8.134E+3
435.25	8.505E+3
435.60	8.884E+3
435.95	9.122E+3
436.30	9.711E+3
436.66	9.932E+3
437.01	1.037E+4
437.36	1.098E+4
437.71	1.128E+4
438.06	1.130E+4
438.41	1.166E+4
438.76	1.239E+4
439.11	1.274E+4
439.46	1.324E+4
439.81	1.329E+4
440.16	1.395E+4
440.52	1.460E+4
440.87	1.478E+4
441.22	1.525E+4
441.57	1.569E+4
441.92	1.611E+4
442.27	1.623E+4
442.62	1.703E+4
442.97	1.721E+4
443.32	1.793E+4
443.67	1.794E+4
444.02	1.883E+4
444.37	1.901E+4
444.72	1.946E+4
445.07	1.975E+4
445.42	2.037E+4
445.77	2.091E+4
446.12	2.132E+4
446.47	2.217E+4
446.82	2.272E+4
447.17	2.280E+4
447.52	2.388E+4
447.87	2.399E+4
448.22	2.503E+4
448.57	2.535E+4
448.92	2.588E+4
449.27	2.621E+4
449.62	2.721E+4
449.97	2.781E+4
450.32	2.810E+4
450.66	2.812E+4
451.01	2.965E+4
451.36	3.008E+4
451.71	3.149E+4
452.06	3.111E+4
452.41	3.258E+4
452.76	3.310E+4
453.11	3.313E+4
453.46	3.423E+4
453.81	3.488E+4
454.16	3.513E+4
454.51	3.584E+4
454.85	3.635E+4
455.20	3.677E+4
455.55	3.811E+4
455.90	3.818E+4
456.25	3.934E+4
456.60	3.932E+4
456.95	4.013E+4
457.30	4.076E+4
457.64	4.191E+4
457.99	4.253E+4
458.34	4.246E+4
458.69	4.258E+4
459.04	4.416E+4
459.39	4.386E+4
459.73	4.474E+4
460.08	4.469E+4
460.43	4.542E+4
460.78	4.618E+4
461.13	4.727E+4
461.48	4.592E+4
461.82	4.713E+4
462.17	4.763E+4
462.52	4.780E+4
462.87	4.817E+4
463.21	4.828E+4
463.56	4.849E+4
463.91	4.838E+4
464.26	4.906E+4
464.61	4.889E+4
464.95	4.935E+4
465.30	4.970E+4
465.65	5.015E+4
466.00	4.868E+4
466.34	4.934E+4
466.69	4.840E+4
467.04	4.914E+4
467.39	4.918E+4
467.73	4.850E+4
468.08	4.759E+4
468.43	4.782E+4
468.77	4.778E+4
469.12	4.855E+4
469.47	4.784E+4
469.82	4.695E+4
470.16	4.710E+4
470.51	4.671E+4
470.86	4.641E+4
471.20	4.643E+4
471.55	4.557E+4
471.90	4.534E+4
472.24	4.544E+4
472.59	4.444E+4
472.94	4.433E+4
473.28	4.372E+4
473.63	4.356E+4
473.98	4.236E+4
474.32	4.236E+4
474.67	4.185E+4
475.02	4.194E+4
475.36	4.131E+4
475.71	3.998E+4
476.06	3.963E+4
476.40	3.980E+4
476.75	3.886E+4
477.09	3.936E+4
477.44	3.861E+4
477.79	3.803E+4
478.13	3.734E+4
478.48	3.674E+4
478.82	3.717E+4
479.17	3.638E+4
479.52	3.541E+4
479.86	3.486E+4
480.21	3.429E+4
480.55	3.491E+4
480.90	3.358E+4
481.24	3.312E+4
481.59	3.300E+4
481.94	3.219E+4
482.28	3.146E+4
482.63	3.071E+4
482.97	3.055E+4
483.32	2.956E+4
483.66	2.923E+4
484.01	2.824E+4
484.35	2.836E+4
484.70	2.754E+4
485.04	2.680E+4
485.39	2.618E+4
485.73	2.557E+4
486.08	2.566E+4
486.42	2.434E+4
486.77	2.368E+4
487.11	2.333E+4
487.46	2.276E+4
487.80	2.226E+4
488.15	2.148E+4
488.49	2.114E+4
488.84	2.049E+4
489.18	2.044E+4
489.53	1.936E+4
489.87	1.895E+4
490.21	1.872E+4
490.56	1.825E+4
490.90	1.773E+4
491.25	1.716E+4
491.59	1.700E+4
491.94	1.618E+4
492.28	1.575E+4
492.62	1.551E+4
492.97	1.498E+4
493.31	1.476E+4
493.66	1.429E+4
494.00	1.377E+4
494.34	1.365E+4
494.69	1.296E+4
495.03	1.275E+4
495.38	1.241E+4
495.72	1.209E+4
496.06	1.176E+4
496.41	1.132E+4
496.75	1.093E+4
497.09	1.076E+4
497.44	1.055E+4
497.78	1.036E+4
498.13	9.893E+3
498.47	9.532E+3
498.81	9.578E+3
499.16	9.197E+3
499.50	8.855E+3
499.84	8.636E+3
500.19	8.199E+3
500.53	8.192E+3
500.87	7.709E+3
501.21	7.388E+3
501.56	7.444E+3
501.90	7.410E+3
502.24	7.044E+3
502.59	6.830E+3
502.93	6.704E+3
503.27	6.405E+3
503.61	6.272E+3
503.96	5.925E+3
504.30	5.736E+3
504.64	5.862E+3
504.99	5.619E+3
505.33	5.335E+3
505.67	5.255E+3
506.01	5.070E+3
506.36	5.022E+3
506.70	4.823E+3
507.04	4.687E+3
507.38	4.553E+3
507.72	4.527E+3
508.07	4.386E+3
508.41	4.219E+3
508.75	4.053E+3
509.09	3.811E+3
509.44	3.833E+3
509.78	3.714E+3
510.12	3.532E+3
510.46	3.454E+3
510.80	3.391E+3
511.14	3.238E+3
511.49	3.250E+3
511.83	3.185E+3
512.17	3.032E+3
512.51	2.893E+3
512.85	2.896E+3
513.19	2.665E+3
513.54	2.738E+3
513.88	2.745E+3
514.22	2.495E+3
514.56	2.481E+3
514.90	2.328E+3
515.24	2.325E+3
515.58	2.311E+3
515.93	2.364E+3
516.27	2.075E+3
516.61	2.124E+3
516.95	2.027E+3
517.29	1.951E+3
517.63	1.852E+3
517.97	1.918E+3
518.31	1.876E+3
518.65	1.886E+3
518.99	1.704E+3
519.33	1.643E+3
519.67	1.648E+3
520.02	1.536E+3
520.36	1.449E+3
520.70	1.512E+3
521.04	1.592E+3
521.38	1.388E+3
521.72	1.442E+3
522.06	1.403E+3
522.40	1.384E+3
522.74	1.296E+3
523.08	1.325E+3
523.42	1.401E+3
523.76	1.167E+3
524.10	1.143E+3
524.44	1.119E+3
524.78	1.032E+3
525.12	1.087E+3
525.46	1.104E+3
525.80	9.782E+2
526.14	9.029E+2
526.48	1.039E+3
526.82	9.855E+2
527.16	8.884E+2
527.50	8.083E+2
527.84	8.350E+2
528.18	7.767E+2
528.52	8.762E+2
528.86	6.966E+2
529.20	8.325E+2
529.54	6.553E+2
529.87	7.330E+2
530.21	7.379E+2
530.55	7.379E+2
530.89	6.335E+2
531.23	7.112E+2
531.57	7.694E+2
531.91	5.243E+2
532.25	6.456E+2
532.59	6.772E+2
532.93	5.631E+2
533.27	6.068E+2
533.60	5.631E+2
533.94	6.481E+2
534.28	5.510E+2
534.62	4.709E+2
534.96	5.073E+2
535.30	5.583E+2
535.64	4.806E+2
535.98	4.320E+2
536.31	4.927E+2
536.65	2.985E+2
536.99	3.811E+2
537.33	4.879E+2
537.67	4.248E+2
538.01	3.252E+2
538.34	3.083E+2
538.68	3.811E+2
539.02	2.694E+2
539.36	4.199E+2
539.70	4.005E+2
540.03	3.544E+2
540.37	4.078E+2
540.71	3.204E+2
541.05	3.422E+2
541.39	3.131E+2
541.72	3.714E+2
542.06	2.184E+2
542.40	2.573E+2
542.74	3.374E+2
543.07	2.621E+2
543.41	2.257E+2
543.75	2.694E+2
544.09	2.160E+2
544.42	2.451E+2
544.76	2.476E+2
545.10	2.816E+2
545.44	2.209E+2
545.77	1.796E+2
546.11	2.379E+2
546.45	1.869E+2
546.78	1.796E+2
547.12	2.087E+2
547.46	1.772E+2
547.80	2.209E+2
548.13	3.374E+2
548.47	2.597E+2
548.81	2.015E+2
549.14	1.335E+2
549.48	1.918E+2
549.82	1.918E+2
550.15	2.039E+2
550.49	3.252E+2
550.83	1.335E+2
551.16	2.330E+2
551.50	3.641E+1
551.84	2.524E+2
552.17	7.039E+1
552.51	2.160E+2
552.84	1.553E+2
553.18	1.845E+2
553.52	1.117E+2
553.85	7.282E+1
554.19	1.942E+2
554.53	1.553E+2
554.86	2.039E+2
555.20	2.160E+2
555.53	5.583E+1
555.87	1.602E+2
556.20	2.767E+2
556.54	1.359E+2
556.88	2.136E+2
557.21	1.796E+2
557.55	1.481E+2
557.88	1.335E+2
558.22	9.709E+1
558.55	2.039E+2
558.89	1.044E+2
559.23	1.626E+2
559.56	6.068E+1
559.90	6.796E+1
560.23	1.942E+2
560.57	5.097E+1
560.90	1.529E+2
561.24	3.398E+1
561.57	5.825E+1
561.91	3.398E+1
562.24	3.398E+1
562.58	7.039E+1
562.91	1.214E+1
563.25	7.282E+1
563.58	8.981E+1
563.92	1.432E+2
564.25	1.602E+2
564.59	1.262E+2
564.92	1.384E+2
565.25	1.141E+2
565.59	9.223E+1
565.92	-1.214E+1
566.26	6.796E+1
566.59	7.524E+1
566.93	1.432E+2
567.26	7.039E+1
567.60	9.952E+1
567.93	1.942E+2
568.26	8.981E+1
568.60	1.117E+2
568.93	8.981E+1
569.27	2.670E+1
569.60	3.884E+1
569.93	1.189E+2
570.27	1.214E+1
570.60	8.738E+1
570.94	1.019E+2
571.27	1.553E+2
571.60	5.825E+1
571.94	1.772E+2
572.27	8.253E+1
572.60	7.039E+1
572.94	3.398E+1
573.27	6.796E+1
573.60	8.495E+1
573.94	3.641E+1
574.27	4.854E+0
574.60	8.010E+1
574.94	8.738E+1
575.27	8.495E+1
575.60	9.709E+1
575.94	3.641E+1
576.27	2.427E+0
576.60	1.796E+2
576.94	4.369E+1
577.27	1.165E+2
577.60	9.223E+1
577.94	7.767E+1
578.27	6.068E+1
578.60	2.670E+1
578.93	-4.854E+1
579.27	-4.612E+1
579.60	1.893E+2
579.93	1.189E+2
580.26	8.010E+1
580.60	6.311E+1
580.93	8.253E+1
581.26	1.238E+2
581.59	4.854E+0
581.93	-2.913E+1
582.26	8.981E+1
582.59	-2.427E+0
582.92	8.010E+1
583.25	-7.282E+0
583.59	4.854E+1
583.92	7.282E+1
584.25	-1.214E+1
584.58	2.427E+0
584.91	5.825E+1
585.25	-4.854E+0
585.58	-5.583E+1
585.91	1.189E+2
586.24	8.738E+1
586.57	1.699E+2
586.90	5.583E+1
587.24	2.427E+0
587.57	5.825E+1
587.90	5.825E+1
588.23	8.495E+1
588.56	3.398E+1
588.89	1.165E+2
589.22	3.398E+1
589.56	3.398E+1
589.89	1.092E+2
590.22	7.282E+0
590.55	3.884E+1
590.88	5.097E+1
591.21	-1.214E+1
591.54	1.602E+2
591.87	4.612E+1
592.20	4.369E+1
592.53	-3.641E+1
592.87	5.340E+1
593.20	8.010E+1
593.53	1.408E+2
593.86	1.214E+1
594.19	7.767E+1
594.52	4.612E+1
594.85	1.408E+2
595.18	6.554E+1
595.51	4.854E+0
595.84	3.398E+1
596.17	7.767E+1
596.50	4.612E+1
596.83	4.854E+1
597.16	3.641E+1
597.49	6.554E+1
597.82	7.282E+1
598.15	3.398E+1
598.48	2.427E+1
598.81	1.311E+2
599.14	9.223E+1
599.47	1.189E+2
599.80	8.495E+1
600.13	1.238E+2
600.46	1.699E+1
600.79	-2.670E+1
601.12	1.286E+2
601.45	7.282E+0
601.78	-1.214E+1
602.11	2.184E+1
602.44	-7.282E+0
602.77	7.039E+1
603.10	2.913E+1
603.42	6.068E+1
603.75	8.010E+1
604.08	4.369E+1
604.41	4.126E+1
604.74	5.825E+1
605.07	7.282E+1
605.40	1.335E+2
605.73	-2.184E+1
606.06	4.854E+1
606.39	-9.709E+0
606.71	8.010E+1
607.04	4.126E+1
607.37	-3.641E+1
607.70	1.068E+2
608.03	0.000E+0
608.36	-3.884E+1
608.69	5.340E+1
609.02	7.767E+1
609.34	-1.942E+1
609.67	6.796E+1
610.00	6.796E+1
610.33	-1.214E+1
610.66	0.000E+0
610.98	4.854E+1
611.31	2.427E+1
611.64	3.884E+1
611.97	7.039E+1
612.30	-1.942E+1
612.63	1.408E+2
612.95	4.612E+1
613.28	3.398E+1
613.61	-7.282E+0
613.94	1.214E+2
614.26	-3.641E+1
614.59	3.641E+1
614.92	1.723E+2
615.25	7.282E+0
615.57	1.699E+1
615.90	8.253E+1
616.23	5.825E+1
616.56	9.709E+1
616.88	1.456E+1
617.21	0.000E+0
617.54	-6.068E+1
617.87	2.913E+1
618.19	-5.825E+1
618.52	5.583E+1
618.85	0.000E+0
619.17	3.155E+1
619.50	1.456E+1
619.83	-2.427E+1
620.15	-1.942E+1
620.48	6.311E+1
620.81	4.612E+1
621.14	1.481E+2
621.46	4.612E+1
621.79	-4.854E+0
622.11	1.675E+2
622.44	5.825E+1
622.77	-9.709E+0
623.09	2.427E+0
623.42	6.554E+1
623.75	-3.641E+1
624.07	0.000E+0
624.40	3.884E+1
624.73	3.155E+1
625.05	2.427E+1
625.38	3.884E+1
625.70	-2.427E+1
626.03	1.942E+1
626.36	-3.155E+1
626.68	1.699E+1
627.01	-4.369E+1
627.33	-1.214E+1
627.66	3.884E+1
627.99	-1.699E+1
628.31	-5.097E+1
628.64	5.097E+1
628.96	6.068E+1
629.29	-1.456E+1
629.61	6.068E+1
629.94	7.282E+1
630.26	-1.942E+1
630.59	-2.670E+1
630.91	5.097E+1
631.24	1.189E+2
631.57	-2.427E+0
631.89	1.019E+2
632.22	-4.854E+0
632.54	9.709E+1
632.87	-1.699E+1
633.19	3.398E+1
633.52	-7.282E+0
633.84	2.670E+1
634.16	6.311E+1
634.49	-4.854E+1
634.81	-3.641E+1
635.14	4.612E+1
635.46	4.369E+1
635.79	-8.981E+1
636.11	9.709E+1
636.44	-5.097E+1
636.76	-2.427E+1
637.09	1.699E+1
637.41	-9.223E+1
637.73	1.117E+2
638.06	-5.097E+1
638.38	6.068E+1
638.71	4.854E+1
639.03	-3.641E+1
639.36	8.981E+1
639.68	2.427E+0
640.00	6.068E+1
640.33	9.709E+0
640.65	4.612E+1
640.97	6.796E+1
641.30	1.942E+1
641.62	3.155E+1
641.95	4.369E+1
642.27	1.044E+2
642.59	1.019E+2
642.92	3.398E+1
643.24	2.670E+1
643.56	5.583E+1
643.89	5.583E+1
644.21	-2.184E+1
644.53	2.670E+1
644.86	2.913E+1
645.18	1.019E+2
645.50	2.184E+1
645.83	2.427E+1
646.15	3.884E+1
646.47	-5.340E+1
646.80	1.699E+1
647.12	-1.942E+1
647.44	-2.427E+0
647.76	-1.456E+1
648.09	5.583E+1
648.41	7.767E+1
648.73	1.942E+1
649.05	-1.214E+2
649.38	8.981E+1
649.70	2.427E+0
650.02	2.913E+1
650.34	-1.456E+1
650.67	-2.427E+0
650.99	7.039E+1
651.31	-4.854E+1
651.63	1.942E+1
651.96	4.612E+1
652.28	-8.010E+1
652.60	0.000E+0
652.92	-3.398E+1
653.24	-5.340E+1
653.57	-7.524E+1
653.89	1.214E+1
654.21	7.767E+1
654.53	1.699E+1
654.85	-7.282E+0
655.18	-1.214E+1
655.50	-5.097E+1
655.82	-4.854E+0
656.14	-5.097E+1
656.46	5.097E+1
656.78	2.670E+1
657.10	3.398E+1
657.43	-4.612E+1
657.75	8.253E+1
658.07	-1.699E+1
658.39	-6.311E+1
658.71	-9.952E+1
659.03	1.456E+1
659.35	1.699E+1
659.67	1.942E+1
659.99	1.286E+2
660.32	5.097E+1
660.64	7.282E+0
660.96	1.699E+1
661.28	-4.369E+1
661.60	1.165E+2
661.92	9.709E+0
662.24	3.155E+1
662.56	-4.854E+0
662.88	-2.670E+1
663.20	-3.398E+1
663.52	1.456E+1
663.84	-2.427E+0
664.16	3.641E+1
664.48	1.456E+1
664.80	2.427E+0
665.12	-5.583E+1
665.44	-7.282E+0
665.76	9.952E+1
666.08	1.699E+1
666.40	-4.126E+1
666.72	4.126E+1
667.04	1.699E+1
667.36	-1.456E+1
667.68	-7.282E+0
668.00	3.884E+1
668.32	-7.282E+0
668.64	1.092E+2
668.96	1.699E+1
669.28	4.126E+1
669.60	1.456E+1
669.92	1.092E+2
670.24	6.068E+1
670.56	-6.796E+1
670.88	3.398E+1
671.20	3.641E+1
671.52	0.000E+0
671.84	-3.884E+1
672.16	0.000E+0
672.47	3.155E+1
672.79	-4.854E+0
673.11	2.913E+1
673.43	3.398E+1
673.75	-4.854E+0
674.07	4.854E+1
674.39	1.214E+1
674.71	3.884E+1
675.03	1.214E+1
675.34	1.699E+1
675.66	-6.796E+1
675.98	-2.670E+1
676.30	7.282E+1
676.62	-5.097E+1
676.94	0.000E+0
677.25	4.854E+1
677.57	-1.456E+1
677.89	7.524E+1
678.21	-6.796E+1
678.53	-7.767E+1
678.85	1.456E+1
679.16	7.039E+1
679.48	-2.184E+1
679.80	3.398E+1
680.12	9.709E+0
680.44	9.466E+1
680.75	4.854E+1
681.07	1.942E+1
681.39	4.612E+1
681.71	4.854E+0
682.02	-4.612E+1
682.34	-5.340E+1
682.66	-1.262E+2
682.98	1.456E+1
683.29	1.699E+1
683.61	-4.126E+1
683.93	4.612E+1
684.25	6.311E+1
684.56	1.699E+1
684.88	2.184E+1
685.20	9.709E+0
685.51	-4.854E+0
685.83	-2.427E+0
686.15	6.554E+1
686.47	-3.155E+1
686.78	0.000E+0
687.10	6.068E+1
687.42	-5.340E+1
687.73	3.398E+1
688.05	1.068E+2
688.37	9.223E+1
688.68	1.311E+2
689.00	3.641E+1
689.32	6.068E+1
689.63	2.427E+1
689.95	4.126E+1
690.26	8.981E+1
690.58	4.612E+1
690.90	3.641E+1
691.21	4.612E+1
691.53	4.369E+1
691.85	4.854E+0
692.16	2.427E+1
692.48	4.612E+1
692.79	-4.854E+0
693.11	-9.466E+1
693.42	-5.097E+1
693.74	-7.282E+0
694.06	5.825E+1
694.37	7.524E+1
694.69	3.398E+1
695.00	-1.214E+1
695.32	9.709E+1
695.63	-9.709E+0
695.95	5.097E+1
696.26	1.481E+2
696.58	9.709E+1
696.90	-3.398E+1
697.21	5.340E+1
697.53	1.626E+2
697.84	1.796E+2
698.16	8.738E+1
698.47	1.238E+2
698.79	-7.282E+0
699.10	6.068E+1
699.42	-4.126E+1
699.73	6.796E+1
700.05	-4.126E+1
700.36	1.456E+1
700.68	7.282E+0
700.99	-8.010E+1
701.30	-2.913E+1
701.62	8.010E+1
701.93	8.010E+1
702.25	-6.068E+1
702.56	-4.854E+0
702.88	-2.427E+1
703.19	6.068E+1
703.50	5.825E+1
703.82	-5.097E+1
704.13	2.184E+1
704.45	7.524E+1
704.76	-6.796E+1
705.08	-1.311E+2
705.39	-9.709E+0
705.70	7.282E+0
706.02	2.670E+1
706.33	9.709E+0
706.64	-1.699E+1
706.96	5.825E+1
707.27	3.641E+1
707.59	-4.126E+1
707.90	6.311E+1
708.21	1.456E+1
708.53	-2.913E+1
708.84	-1.942E+1
709.15	-2.427E+0
709.47	-5.097E+1
709.78	2.670E+1
710.09	-2.427E+1
710.41	-5.340E+1
710.72	-3.641E+1
711.03	-3.398E+1
711.34	-1.699E+1
711.66	7.282E+0
711.97	-2.184E+1
712.28	-3.155E+1
712.60	2.670E+1
712.91	3.155E+1
713.22	-2.913E+1
713.53	4.854E+0
713.85	-4.612E+1
714.16	4.612E+1
714.47	4.369E+1
714.78	1.019E+2
715.10	2.670E+1
715.41	-7.282E+0
715.72	-1.456E+1
716.03	7.282E+0
716.35	2.427E+0
716.66	-1.699E+1
716.97	-7.524E+1
717.28	-8.010E+1
717.59	1.942E+1
717.91	-4.854E+1
718.22	3.155E+1
718.53	3.398E+1
718.84	4.612E+1
719.15	0.000E+0
719.46	4.369E+1
719.78	-2.913E+1
720.09	4.612E+1
720.40	-3.641E+1
720.71	-2.427E+1
721.02	4.612E+1
721.33	4.854E+1
721.65	-1.214E+1
721.96	8.253E+1
722.27	-1.214E+1
722.58	-9.709E+0
722.89	3.398E+1
723.20	-4.369E+1
723.51	-3.155E+1
723.82	-9.709E+0
724.13	-1.117E+2
724.45	-2.427E+0
724.76	-3.155E+1
725.07	3.398E+1
725.38	1.456E+1
725.69	-2.670E+1
726.00	-2.427E+0
726.31	0.000E+0
726.62	4.126E+1
726.93	-7.282E+0
727.24	8.981E+1
727.55	1.117E+2
727.86	-1.456E+1
728.17	8.981E+1
728.48	6.554E+1
728.79	1.699E+1
729.10	7.282E+0
729.41	-1.286E+2
729.72	-2.913E+1
730.03	4.612E+1
730.34	3.641E+1
730.65	-8.253E+1
730.96	-1.942E+1
731.27	-6.311E+1
731.58	-1.699E+1
731.89	3.884E+1
732.20	-7.039E+1
732.51	5.340E+1
732.82	2.427E+0
733.13	2.427E+1
733.44	-3.884E+1
733.75	-8.253E+1
734.06	2.670E+1
734.37	-8.010E+1
734.68	-1.141E+2
734.98	-4.369E+1
735.29	2.184E+1
735.60	-6.068E+1
735.91	0.000E+0
736.22	-4.854E+0
736.53	1.238E+2
736.84	-4.854E+0
737.15	5.825E+1
737.46	-2.427E+1
737.77	-3.641E+1
738.07	6.554E+1
738.38	-1.214E+1
738.69	9.709E+1
739.00	-2.427E+0
739.31	7.282E+0
739.62	1.189E+2
739.92	3.155E+1
740.23	-7.282E+1
740.54	-2.427E+0
740.85	2.427E+0
741.16	-2.184E+1
741.47	8.495E+1
741.77	-2.427E+0
742.08	9.709E+1
742.39	-4.854E+1
742.70	9.223E+1
743.01	2.427E+0
743.31	4.369E+1
743.62	-4.369E+1
743.93	-4.369E+1
744.24	-1.141E+2
744.54	2.427E+0
744.85	2.670E+1
745.16	-3.641E+1
745.47	-2.427E+0
745.77	-1.942E+1
746.08	9.709E+0
746.39	7.282E+0
746.70	6.796E+1
747.00	1.214E+1
747.31	1.456E+1
747.62	-2.427E+1
747.92	8.010E+1
748.23	1.456E+1
748.54	4.854E+1
748.84	3.155E+1
749.15	-5.583E+1
749.46	2.427E+0
749.76	-3.155E+1
750.07	3.398E+1
750.38	0.000E+0
750.68	1.214E+1
750.99	3.155E+1
751.30	1.141E+2
751.60	3.641E+1
751.91	7.767E+1
752.22	-1.117E+2
752.52	-7.039E+1
752.83	8.981E+1
753.14	5.825E+1
753.44	-4.854E+1
753.75	-1.699E+1
754.05	3.155E+1
754.36	6.311E+1
754.67	4.854E+0
754.97	7.767E+1
755.28	8.253E+1
755.58	8.253E+1
755.89	9.952E+1
756.19	-2.427E+0
756.50	-7.282E+1
756.81	-1.384E+2
757.11	4.126E+1
757.42	-7.282E+1
757.72	1.238E+2
758.03	9.466E+1
758.33	-8.738E+1
758.64	2.427E+0
758.94	1.214E+1
759.25	-1.456E+1
759.55	-7.282E+0
759.86	4.854E+0
760.16	6.068E+1
760.47	6.796E+1
760.77	3.155E+1
761.08	-1.214E+2
761.38	3.155E+1
761.69	5.583E+1
761.99	9.709E+0
762.30	-3.884E+1
762.60	5.583E+1
762.91	2.427E+0
763.21	-1.942E+1
763.51	-5.825E+1
763.82	9.709E+0
764.12	-8.738E+1
764.43	-9.709E+0
764.73	-1.942E+1
765.04	-1.699E+2
765.34	-1.456E+1
765.64	-3.398E+1
765.95	-3.398E+1
766.25	-1.456E+1
766.56	5.583E+1
766.86	-1.699E+1
767.16	3.155E+1
767.47	4.612E+1
767.77	7.039E+1
768.07	6.068E+1
768.38	6.796E+1
768.68	4.369E+1
768.98	1.675E+2
769.29	5.825E+1
769.59	-1.626E+2
769.89	-7.767E+1
770.20	2.427E+0
770.50	4.612E+1
770.80	6.796E+1
771.11	0.000E+0
771.41	-4.854E+1
771.71	-4.854E+0
772.02	-1.214E+2
772.32	1.456E+1
772.62	6.796E+1
772.93	5.825E+1
773.23	9.952E+1
773.53	-5.097E+1
773.83	5.097E+1
774.14	-1.942E+1
774.44	-9.709E+0
774.74	-1.456E+1
775.04	3.155E+1
775.35	4.126E+1
775.65	0.000E+0
775.95	0.000E+0
776.25	6.068E+1
776.55	1.699E+1
776.86	-2.670E+1
777.16	-6.796E+1
777.46	-9.709E+0
777.76	4.612E+1
778.06	2.670E+1
778.37	-4.854E+0
778.67	7.282E+1
778.97	4.854E+0
779.27	3.398E+1
779.57	-2.427E+1
779.88	-3.641E+1
780.18	-2.670E+1
780.48	4.612E+1
780.78	1.214E+1
781.08	6.554E+1
781.38	2.184E+1
781.68	-1.626E+2
781.98	6.068E+1
782.29	5.340E+1
782.59	-2.427E+0
782.89	9.709E+0
783.19	7.282E+0
783.49	-8.010E+1
783.79	2.670E+1
784.09	-2.427E+0
784.39	1.068E+2
784.69	5.097E+1
784.99	3.398E+1
785.30	5.583E+1
785.60	-1.214E+1
785.90	1.942E+1
786.20	-4.854E+1
786.50	8.981E+1
786.80	8.495E+1
787.10	7.282E+0
787.40	5.340E+1
787.70	1.942E+1
788.00	-1.456E+1
788.30	5.340E+1
788.60	-5.825E+1
788.90	5.097E+1
789.20	-4.854E+1
789.50	-7.282E+0
789.80	-2.427E+0
790.10	-4.854E+0
790.40	1.699E+1
790.70	-1.942E+1
791.00	-3.641E+1
791.30	-2.427E+1
791.60	-7.282E+0
791.90	-8.495E+1
792.20	-1.456E+1
792.50	-3.398E+1
792.79	2.670E+1
793.09	-4.854E+0
793.39	-2.184E+1
793.69	1.238E+2
793.99	9.952E+1
794.29	-3.641E+1
794.59	-7.282E+0
794.89	-1.165E+2
795.19	-1.942E+1
795.49	-5.097E+1
795.79	4.369E+1
796.08	-1.214E+1
796.38	-4.854E+0
796.68	4.369E+1
796.98	-9.709E+0
797.28	4.612E+1
797.58	7.039E+1
797.88	-3.641E+1
798.17	-1.699E+1
798.47	-1.505E+2
798.77	2.913E+1
799.07	-4.126E+1
799.37	8.738E+1
799.67	-9.709E+0
799.96	-3.641E+1
800.26	1.019E+2
800.56	-1.214E+1
800.86	9.709E+0
801.16	-1.456E+1
801.45	-3.641E+1
801.75	9.952E+1
802.05	-2.427E+1
802.35	2.427E+1
802.64	1.699E+1
802.94	2.184E+1
803.24	7.767E+1
803.54	4.126E+1
803.83	-1.699E+1
804.13	2.670E+1
804.43	7.282E+0
804.73	7.767E+1
805.02	-5.583E+1
805.32	-1.699E+1
805.62	-4.854E+0
805.91	9.223E+1
806.21	9.709E+1
806.51	7.767E+1
806.81	8.253E+1
807.10	7.282E+0
807.40	2.670E+1
807.70	-1.942E+1
807.99	-1.117E+2
808.29	-6.068E+1
808.59	9.709E+0
808.88	7.282E+0
809.18	-8.253E+1
809.47	-2.427E+0
809.77	3.398E+1
810.07	0.000E+0
810.36	4.854E+1
810.66	8.495E+1
810.96	4.854E+0
811.25	-5.097E+1
811.55	-9.709E+0
811.84	-3.884E+1
812.14	4.854E+0
812.44	-9.952E+1
812.73	-7.524E+1
813.03	-6.311E+1
813.32	-1.942E+1
813.62	-3.155E+1
813.91	-7.282E+0
814.21	-4.369E+1
814.51	2.184E+1
814.80	-4.854E+0
815.10	-1.942E+1
815.39	-5.583E+1
815.69	5.097E+1
815.98	2.670E+1
816.28	-1.699E+1
816.57	2.427E+1
816.87	7.524E+1
817.16	-7.282E+0
817.46	-3.398E+1
817.75	-4.126E+1
818.05	-2.670E+1
818.34	-2.427E+1
818.64	2.670E+1
818.93	-7.282E+0
819.23	-1.214E+1
819.52	6.796E+1
819.82	5.583E+1
820.11	-3.884E+1
820.40	5.097E+1
820.70	-4.369E+1
820.99	-1.456E+1
821.29	9.952E+1
821.58	9.223E+1
821.88	-1.942E+1
822.17	-7.524E+1
822.46	2.427E+0
822.76	-3.884E+1
823.05	1.214E+1
823.35	3.884E+1
823.64	-3.884E+1
823.93	5.825E+1
824.23	-2.427E+1
824.52	4.369E+1
824.81	1.262E+2
825.11	2.427E+1
825.40	3.398E+1
825.69	-2.427E+0
825.99	7.524E+1
826.28	3.884E+1
826.58	-1.699E+1
826.87	3.155E+1
827.16	2.670E+1
827.45	-4.369E+1
827.75	5.825E+1
828.04	8.738E+1
828.33	6.311E+1
828.63	-9.709E+0
828.92	-4.126E+1
829.21	-9.709E+1
829.51	-1.068E+2
829.80	-1.699E+1
830.09	-1.359E+2
830.38	-6.554E+1
830.68	3.398E+1
830.97	-1.456E+1
831.26	-1.068E+2
831.55	-1.942E+1
831.85	5.825E+1
832.14	3.641E+1
832.43	2.670E+1
832.72	4.854E+0
833.01	5.340E+1
833.31	1.942E+1
833.60	-1.238E+2
833.89	7.039E+1
834.18	8.010E+1
834.47	-1.699E+1
834.77	2.913E+1
835.06	-2.913E+1
835.35	1.214E+1
835.64	-4.854E+0
835.93	0.000E+0
836.22	-2.427E+1
836.52	-9.709E+0
836.81	-6.554E+1
837.10	-7.524E+1
837.39	-3.398E+1
837.68	7.039E+1
837.97	3.398E+1
838.26	-2.427E+1
838.55	-5.097E+1
838.85	-2.427E+0
839.14	-1.456E+1
839.43	9.952E+1
839.72	-7.282E+0
840.01	8.495E+1
840.30	-2.427E+0
840.59	1.141E+2
840.88	-9.709E+0
841.17	-3.155E+1
841.46	-5.583E+1
841.75	-4.369E+1
842.04	8.253E+1
842.33	1.942E+1
842.62	-3.155E+1
842.91	-1.117E+2
843.21	-5.583E+1
843.50	-2.184E+1
843.79	-1.456E+1
844.08	5.825E+1
844.37	-8.495E+1
844.66	1.942E+1
844.95	-2.427E+1
845.24	2.670E+1
845.53	2.913E+1
845.81	2.427E+1
846.10	1.068E+2
846.39	4.126E+1
846.68	-4.854E+1
846.97	4.854E+0
847.26	7.282E+0
847.55	-8.253E+1
847.84	-5.825E+1
848.13	3.398E+1
848.42	-1.214E+1
848.71	3.155E+1
849.00	3.641E+1
849.29	-3.884E+1
849.58	-2.670E+1
849.87	2.913E+1
850.15	-3.884E+1
850.44	2.427E+0
850.73	-4.854E+1
851.02	3.398E+1
851.31	6.311E+1
851.60	2.913E+1
851.89	6.796E+1
852.18	-7.767E+1
852.46	4.126E+1
852.75	7.282E+0
853.04	-4.369E+1
853.33	-1.117E+2
853.62	5.340E+1
853.91	3.398E+1
854.19	1.456E+1
854.48	-2.427E+0
854.77	-2.184E+1
855.06	5.583E+1
855.35	2.670E+1
855.63	-2.670E+1
855.92	-1.942E+1
856.21	4.612E+1
856.50	7.767E+1
856.79	-6.796E+1
857.07	2.913E+1
857.36	5.340E+1
857.65	7.282E+0
857.94	-9.709E+0
858.22	4.854E+0
858.51	-7.282E+1
858.80	5.583E+1
859.08	-3.641E+1
859.37	-3.398E+1
859.66	-5.583E+1
859.95	2.427E+0
860.23	9.709E+0
860.52	-3.884E+1
860.81	-1.699E+1
861.09	6.068E+1
861.38	-5.097E+1
861.67	1.942E+1
861.95	-2.427E+1
862.24	7.282E+0
862.53	1.117E+2
862.81	-7.282E+0
863.10	-3.884E+1
863.39	8.981E+1
863.67	4.369E+1
863.96	1.699E+1
864.25	-6.796E+1
864.53	-1.942E+1
864.82	4.126E+1
865.10	9.466E+1
865.39	-2.184E+1
865.68	4.854E+1
865.96	4.854E+0
866.25	9.223E+1
866.53	9.223E+1
866.82	9.223E+1