Wavelength	Intensity	Ocean Optics Flame
nm	counts
187.89	-2.427E+1
188.27	-3.884E+1
188.64	-4.126E+1
189.02	4.612E+1
189.40	9.223E+1
189.78	7.039E+1
190.15	2.427E+1
190.53	4.369E+1
190.91	3.155E+1
191.29	3.641E+1
191.66	9.709E+0
192.04	5.583E+1
192.42	4.612E+1
192.80	-1.214E+1
193.17	-3.641E+1
193.55	-9.709E+0
193.93	1.699E+1
194.30	9.709E+1
194.68	-2.184E+1
195.06	2.427E+1
195.44	6.311E+1
195.81	4.854E+1
196.19	-2.913E+1
196.57	-1.214E+1
196.94	2.427E+0
197.32	-2.670E+1
197.70	2.427E+1
198.07	1.165E+2
198.45	3.641E+1
198.83	-1.942E+1
199.20	4.369E+1
199.58	7.282E+0
199.96	-4.854E+0
200.33	0.000E+0
200.71	-1.456E+1
201.09	-5.583E+1
201.46	4.369E+1
201.84	2.427E+0
202.22	-4.369E+1
202.59	4.612E+1
202.97	-3.641E+1
203.34	4.612E+1
203.72	3.398E+1
204.10	7.282E+0
204.47	4.854E+0
204.85	4.126E+1
205.23	4.126E+1
205.60	1.214E+1
205.98	-1.214E+1
206.35	8.495E+1
206.73	-1.942E+1
207.11	4.369E+1
207.48	7.282E+1
207.86	7.767E+1
208.23	1.214E+2
208.61	5.340E+1
208.98	2.670E+1
209.36	1.699E+1
209.74	4.854E+0
210.11	1.189E+2
210.49	4.126E+1
210.86	-4.612E+1
211.24	9.223E+1
211.61	-4.126E+1
211.99	-4.126E+1
212.36	-3.884E+1
212.74	6.554E+1
213.11	7.039E+1
213.49	-3.398E+1
213.87	1.214E+1
214.24	6.796E+1
214.62	1.942E+1
214.99	-1.214E+1
215.37	5.097E+1
215.74	8.010E+1
216.12	2.913E+1
216.49	3.884E+1
216.87	1.359E+2
217.24	-1.092E+2
217.62	-1.092E+2
217.99	6.796E+1
218.37	-3.884E+1
218.74	-4.854E+1
219.11	3.155E+1
219.49	-3.641E+1
219.86	2.913E+1
220.24	1.942E+1
220.61	-3.398E+1
220.99	-2.913E+1
221.36	-2.913E+1
221.74	3.398E+1
222.11	4.854E+0
222.49	-3.155E+1
222.86	7.282E+1
223.23	4.369E+1
223.61	4.612E+1
223.98	-1.214E+1
224.36	4.126E+1
224.73	-2.427E+0
225.11	-7.282E+0
225.48	-1.699E+1
225.85	2.184E+1
226.23	9.709E+0
226.60	-7.282E+0
226.98	5.097E+1
227.35	-1.214E+1
227.72	-5.097E+1
228.10	9.709E+0
228.47	-1.214E+1
228.84	4.612E+1
229.22	9.709E+0
229.59	5.825E+1
229.97	-3.884E+1
230.34	-6.311E+1
230.71	3.155E+1
231.09	-3.884E+1
231.46	7.767E+1
231.83	-3.884E+1
232.21	-6.068E+1
232.58	-2.184E+1
232.95	-1.942E+1
233.33	3.884E+1
233.70	2.427E+1
234.07	9.709E+0
234.45	-6.068E+1
234.82	9.709E+0
235.19	6.796E+1
235.57	3.155E+1
235.94	4.854E+0
236.31	1.286E+2
236.69	6.796E+1
237.06	8.253E+1
237.43	1.068E+2
237.80	3.641E+1
238.18	-1.699E+1
238.55	-8.253E+1
238.92	-7.282E+0
239.30	2.913E+1
239.67	4.854E+0
240.04	-3.641E+1
240.41	-1.214E+1
240.79	2.670E+1
241.16	1.942E+1
241.53	8.981E+1
241.90	-6.068E+1
242.28	4.854E+1
242.65	5.097E+1
243.02	-4.854E+0
243.39	4.854E+1
243.77	-2.427E+1
244.14	-1.456E+1
244.51	-3.641E+1
244.88	7.039E+1
245.25	-2.913E+1
245.63	8.495E+1
246.00	-4.126E+1
246.37	7.039E+1
246.74	-4.369E+1
247.11	9.223E+1
247.49	-2.427E+0
247.86	-5.825E+1
248.23	-3.884E+1
248.60	-4.612E+1
248.97	-4.612E+1
249.35	-2.670E+1
249.72	6.796E+1
250.09	9.223E+1
250.46	4.854E+1
250.83	-1.456E+1
251.20	3.641E+1
251.58	2.913E+1
251.95	-8.010E+1
252.32	-2.913E+1
252.69	4.612E+1
253.06	1.699E+1
253.43	-2.427E+1
253.80	2.913E+1
254.17	-7.767E+1
254.55	7.282E+0
254.92	2.427E+0
255.29	-3.641E+1
255.66	1.505E+2
256.03	6.311E+1
256.40	2.427E+1
256.77	9.223E+1
257.14	1.044E+2
257.51	-8.495E+1
257.88	-2.184E+1
258.26	-1.699E+1
258.63	-6.068E+1
259.00	-4.854E+0
259.37	-4.126E+1
259.74	1.942E+1
260.11	-7.039E+1
260.48	-7.282E+0
260.85	3.641E+1
261.22	5.340E+1
261.59	4.854E+0
261.96	2.184E+1
262.33	2.184E+1
262.70	-5.097E+1
263.07	6.554E+1
263.44	3.641E+1
263.81	4.126E+1
264.18	2.184E+1
264.55	-3.155E+1
264.92	5.825E+1
265.29	1.699E+1
265.66	-3.155E+1
266.03	1.214E+1
266.40	-4.369E+1
266.77	-9.709E+0
267.14	3.155E+1
267.51	5.340E+1
267.88	2.184E+1
268.25	8.010E+1
268.62	9.223E+1
268.99	8.010E+1
269.36	-1.214E+1
269.73	7.282E+0
270.10	8.738E+1
270.47	2.427E+0
270.84	-3.641E+1
271.21	1.117E+2
271.58	3.884E+1
271.95	5.825E+1
272.32	1.311E+2
272.69	7.282E+1
273.06	1.214E+1
273.43	3.884E+1
273.80	-1.845E+2
274.17	8.981E+1
274.53	1.214E+1
274.90	9.952E+1
275.27	1.942E+1
275.64	7.767E+1
276.01	1.141E+2
276.38	8.253E+1
276.75	1.942E+1
277.12	9.709E+0
277.49	5.825E+1
277.86	-2.670E+1
278.22	-2.427E+0
278.59	0.000E+0
278.96	1.942E+1
279.33	2.427E+1
279.70	5.583E+1
280.07	-2.184E+1
280.44	2.913E+1
280.80	2.427E+1
281.17	-8.981E+1
281.54	3.398E+1
281.91	-4.854E+0
282.28	-5.825E+1
282.65	-9.952E+1
283.02	8.981E+1
283.38	-1.699E+1
283.75	-7.282E+0
284.12	1.456E+1
284.49	7.282E+1
284.86	2.913E+1
285.22	-2.184E+1
285.59	-3.398E+1
285.96	8.010E+1
286.33	1.699E+1
286.70	9.709E+0
287.06	7.282E+0
287.43	7.524E+1
287.80	4.126E+1
288.17	4.126E+1
288.53	6.311E+1
288.90	-6.554E+1
289.27	-5.340E+1
289.64	4.854E+0
290.01	4.854E+1
290.37	-4.126E+1
290.74	4.612E+1
291.11	-8.495E+1
291.48	-4.612E+1
291.84	-4.854E+1
292.21	7.282E+0
292.58	8.981E+1
292.94	8.981E+1
293.31	-3.641E+1
293.68	5.825E+1
294.05	8.981E+1
294.41	0.000E+0
294.78	-4.854E+0
295.15	1.942E+1
295.51	4.369E+1
295.88	4.126E+1
296.25	1.019E+2
296.61	-2.427E+0
296.98	9.223E+1
297.35	-3.641E+1
297.72	4.854E+1
298.08	1.626E+2
298.45	-3.155E+1
298.82	7.524E+1
299.18	1.699E+1
299.55	-4.854E+1
299.91	1.214E+1
300.28	-3.884E+1
300.65	4.369E+1
301.01	-7.039E+1
301.38	-4.854E+0
301.75	-3.155E+1
302.11	-3.398E+1
302.48	5.097E+1
302.85	-3.398E+1
303.21	1.044E+2
303.58	-4.854E+0
303.94	-6.068E+1
304.31	2.427E+1
304.68	4.612E+1
305.04	8.981E+1
305.41	2.670E+1
305.77	-1.214E+1
306.14	7.524E+1
306.51	-4.369E+1
306.87	1.238E+2
307.24	-1.942E+1
307.60	1.214E+1
307.97	4.369E+1
308.33	-4.612E+1
308.70	-3.398E+1
309.07	-4.854E+0
309.43	1.456E+1
309.80	2.670E+1
310.16	-2.184E+1
310.53	7.524E+1
310.89	7.524E+1
311.26	-2.427E+0
311.62	-7.282E+0
311.99	1.141E+2
312.35	9.466E+1
312.72	-7.039E+1
313.08	9.709E+1
313.45	3.641E+1
313.81	5.340E+1
314.18	2.427E+1
314.54	2.427E+0
314.91	-4.854E+0
315.27	-2.184E+1
315.64	1.699E+1
316.00	1.214E+1
316.37	8.010E+1
316.73	3.641E+1
317.10	1.456E+2
317.46	-4.612E+1
317.83	4.126E+1
318.19	-2.670E+1
318.56	7.282E+0
318.92	-4.854E+1
319.28	-2.427E+1
319.65	1.942E+1
320.01	1.456E+1
320.38	-3.884E+1
320.74	-2.913E+1
321.11	-1.141E+2
321.47	-3.398E+1
321.83	1.699E+1
322.20	-2.427E+1
322.56	-9.709E+0
322.93	3.884E+1
323.29	-6.554E+1
323.66	8.738E+1
324.02	2.427E+0
324.38	2.427E+1
324.75	-7.767E+1
325.11	2.427E+0
325.47	5.340E+1
325.84	-1.456E+1
326.20	8.981E+1
326.57	9.709E+0
326.93	-8.495E+1
327.29	-1.044E+2
327.66	-7.282E+0
328.02	4.369E+1
328.38	2.427E+1
328.75	9.709E+0
329.11	1.214E+1
329.47	4.369E+1
329.84	-1.699E+1
330.20	5.097E+1
330.56	3.398E+1
330.93	1.699E+1
331.29	2.427E+0
331.65	3.884E+1
332.02	-7.282E+0
332.38	6.554E+1
332.74	-1.942E+1
333.10	4.369E+1
333.47	6.796E+1
333.83	2.427E+1
334.19	-1.117E+2
334.56	4.369E+1
334.92	5.583E+1
335.28	1.214E+2
335.64	1.699E+1
336.01	3.155E+1
336.37	1.214E+1
336.73	4.126E+1
337.09	-3.641E+1
337.46	-1.262E+2
337.82	-7.282E+0
338.18	9.709E+1
338.54	3.884E+1
338.91	-9.709E+0
339.27	-4.854E+0
339.63	9.223E+1
339.99	1.942E+1
340.36	-4.854E+1
340.72	-5.825E+1
341.08	-1.699E+1
341.44	5.097E+1
341.80	-2.427E+1
342.17	7.767E+1
342.53	1.456E+1
342.89	4.126E+1
343.25	9.709E+1
343.61	5.097E+1
343.98	5.825E+1
344.34	-4.612E+1
344.70	-6.796E+1
345.06	-4.369E+1
345.42	-2.670E+1
345.78	-2.913E+1
346.14	1.189E+2
346.51	-5.825E+1
346.87	-2.427E+0
347.23	-1.456E+1
347.59	5.340E+1
347.95	0.000E+0
348.31	1.456E+1
348.67	-4.854E+0
349.04	9.466E+1
349.40	-2.184E+1
349.76	-2.427E+1
350.12	3.155E+1
350.48	8.010E+1
350.84	9.952E+1
351.20	3.884E+1
351.56	-1.699E+1
351.92	2.670E+1
352.28	-2.670E+1
352.65	1.699E+1
353.01	-3.398E+1
353.37	-7.282E+1
353.73	-9.709E+1
354.09	5.097E+1
354.45	-7.039E+1
354.81	-3.155E+1
355.17	7.039E+1
355.53	5.340E+1
355.89	-2.427E+0
356.25	-2.913E+1
356.61	3.884E+1
356.97	-2.184E+1
357.33	4.126E+1
357.69	1.068E+2
358.05	5.825E+1
358.41	-2.427E+1
358.77	1.699E+1
359.13	4.126E+1
359.49	7.282E+1
359.85	2.427E+1
360.21	1.092E+2
360.57	1.456E+1
360.93	4.126E+1
361.29	1.214E+1
361.65	-1.699E+1
362.01	5.583E+1
362.37	4.612E+1
362.73	2.184E+1
363.09	-3.884E+1
363.45	-3.641E+1
363.81	2.913E+1
364.17	6.554E+1
364.53	6.311E+1
364.89	6.311E+1
365.25	1.044E+2
365.61	9.709E+1
365.97	-4.612E+1
366.33	-5.097E+1
366.69	8.010E+1
367.05	3.641E+1
367.40	9.709E+0
367.76	-5.583E+1
368.12	2.913E+1
368.48	2.913E+1
368.84	9.466E+1
369.20	-5.340E+1
369.56	-3.155E+1
369.92	5.340E+1
370.28	5.340E+1
370.63	7.282E+1
370.99	7.524E+1
371.35	-4.854E+1
371.71	3.155E+1
372.07	-5.097E+1
372.43	-2.184E+1
372.79	1.456E+1
373.15	1.068E+2
373.50	-2.427E+1
373.86	8.981E+1
374.22	-1.456E+1
374.58	5.583E+1
374.94	-1.942E+1
375.30	-4.612E+1
375.65	2.427E+1
376.01	-7.039E+1
376.37	-1.942E+1
376.73	3.398E+1
377.09	3.398E+1
377.44	-1.699E+1
377.80	8.981E+1
378.16	5.825E+1
378.52	1.238E+2
378.88	-3.641E+1
379.23	5.340E+1
379.59	8.010E+1
379.95	2.427E+1
380.31	8.010E+1
380.66	6.068E+1
381.02	7.524E+1
381.38	1.044E+2
381.74	1.214E+1
382.09	1.019E+2
382.45	7.524E+1
382.81	8.495E+1
383.17	1.214E+1
383.52	-2.427E+0
383.88	4.126E+1
384.24	2.427E+0
384.60	1.359E+2
384.95	4.612E+1
385.31	-7.282E+0
385.67	-2.184E+1
386.02	-4.369E+1
386.38	4.369E+1
386.74	8.738E+1
387.10	5.340E+1
387.45	-3.884E+1
387.81	-2.670E+1
388.17	-4.612E+1
388.52	-1.942E+1
388.88	-8.981E+1
389.24	-4.854E+0
389.59	5.825E+1
389.95	3.641E+1
390.31	1.748E+2
390.66	2.427E+1
391.02	-7.524E+1
391.38	1.456E+2
391.73	2.427E+1
392.09	-3.398E+1
392.44	6.068E+1
392.80	7.282E+1
393.16	-2.913E+1
393.51	-3.641E+1
393.87	-1.699E+1
394.23	4.612E+1
394.58	-2.184E+1
394.94	6.796E+1
395.29	6.311E+1
395.65	-7.282E+0
396.01	8.495E+1
396.36	6.796E+1
396.72	-9.709E+0
397.07	-2.427E+0
397.43	8.738E+1
397.78	8.738E+1
398.14	1.456E+1
398.50	-4.854E+0
398.85	1.942E+1
399.21	3.884E+1
399.56	-1.942E+1
399.92	5.097E+1
400.27	6.068E+1
400.63	8.738E+1
400.98	-4.854E+0
401.34	-4.369E+1
401.69	2.670E+1
402.05	8.495E+1
402.40	1.165E+2
402.76	4.126E+1
403.11	3.641E+1
403.47	1.942E+1
403.82	5.583E+1
404.18	2.427E+1
404.53	2.670E+1
404.89	7.767E+1
405.24	2.913E+1
405.60	7.767E+1
405.95	8.981E+1
406.31	1.117E+2
406.66	-9.709E+0
407.02	4.854E+0
407.37	4.369E+1
407.73	5.583E+1
408.08	9.952E+1
408.44	0.000E+0
408.79	1.286E+2
409.14	7.039E+1
409.50	4.612E+1
409.85	-5.097E+1
410.21	-2.427E+1
410.56	1.214E+2
410.92	7.282E+1
411.27	5.825E+1
411.62	3.398E+1
411.98	7.039E+1
412.33	5.097E+1
412.69	8.495E+1
413.04	1.117E+2
413.39	1.384E+2
413.75	-2.670E+1
414.10	1.117E+2
414.45	6.796E+1
414.81	9.466E+1
415.16	-2.913E+1
415.52	1.578E+2
415.87	1.141E+2
416.22	4.369E+1
416.58	7.282E+1
416.93	1.893E+2
417.28	1.335E+2
417.64	1.165E+2
417.99	-2.184E+1
418.34	1.189E+2
418.70	9.466E+1
419.05	5.340E+1
419.40	1.165E+2
419.76	1.092E+2
420.11	1.384E+2
420.46	1.578E+2
420.81	1.675E+2
421.17	1.165E+2
421.52	1.214E+2
421.87	1.165E+2
422.23	2.160E+2
422.58	1.311E+2
422.93	1.796E+2
423.28	1.966E+2
423.64	1.262E+2
423.99	1.796E+2
424.34	2.306E+2
424.69	2.403E+2
425.05	1.772E+2
425.40	2.670E+2
425.75	2.209E+2
426.10	3.058E+2
426.46	3.714E+2
426.81	2.549E+2
427.16	3.519E+2
427.51	4.320E+2
427.87	5.024E+2
428.22	5.364E+2
428.57	4.952E+2
428.92	5.073E+2
429.27	5.704E+2
429.63	5.753E+2
429.98	6.529E+2
430.33	6.505E+2
430.68	6.942E+2
431.03	7.330E+2
431.38	7.621E+2
431.74	8.641E+2
432.09	8.689E+2
432.44	8.422E+2
432.79	9.296E+2
433.14	9.490E+2
433.49	1.053E+3
433.85	1.172E+3
434.20	1.109E+3
434.55	1.379E+3
434.90	1.318E+3
435.25	1.357E+3
435.60	1.471E+3
435.95	1.495E+3
436.30	1.791E+3
436.66	1.918E+3
437.01	1.859E+3
437.36	2.041E+3
437.71	2.087E+3
438.06	2.250E+3
438.41	2.430E+3
438.76	2.507E+3
439.11	2.685E+3
439.46	2.772E+3
439.81	2.942E+3
440.16	3.138E+3
440.52	3.410E+3
440.87	3.566E+3
441.22	3.697E+3
441.57	3.932E+3
441.92	4.267E+3
442.27	4.442E+3
442.62	4.719E+3
442.97	4.932E+3
443.32	5.442E+3
443.67	5.503E+3
444.02	5.954E+3
444.37	6.291E+3
444.72	6.597E+3
445.07	6.910E+3
445.42	7.257E+3
445.77	7.595E+3
446.12	8.121E+3
446.47	8.624E+3
446.82	9.129E+3
447.17	9.172E+3
447.52	1.001E+4
447.87	1.037E+4
448.22	1.128E+4
448.57	1.156E+4
448.92	1.221E+4
449.27	1.292E+4
449.62	1.347E+4
449.97	1.423E+4
450.32	1.487E+4
450.66	1.542E+4
451.01	1.666E+4
451.36	1.747E+4
451.71	1.837E+4
452.06	1.898E+4
452.41	2.032E+4
452.76	2.138E+4
453.11	2.271E+4
453.46	2.377E+4
453.81	2.493E+4
454.16	2.590E+4
454.51	2.683E+4
454.85	2.832E+4
455.20	2.912E+4
455.55	3.148E+4
455.90	3.203E+4
456.25	3.381E+4
456.60	3.553E+4
456.95	3.683E+4
457.30	3.783E+4
457.64	3.978E+4
457.99	4.050E+4
458.34	4.174E+4
458.69	4.218E+4
459.04	4.410E+4
459.39	4.504E+4
459.73	4.654E+4
460.08	4.702E+4
460.43	4.739E+4
460.78	4.833E+4
461.13	4.985E+4
461.48	4.892E+4
461.82	5.023E+4
462.17	5.050E+4
462.52	5.038E+4
462.87	5.046E+4
463.21	5.043E+4
463.56	5.025E+4
463.91	4.996E+4
464.26	5.001E+4
464.61	4.957E+4
464.95	4.919E+4
465.30	4.874E+4
465.65	4.856E+4
466.00	4.633E+4
466.34	4.647E+4
466.69	4.500E+4
467.04	4.462E+4
467.39	4.367E+4
467.73	4.282E+4
468.08	4.080E+4
468.43	4.007E+4
468.77	4.021E+4
469.12	3.931E+4
469.47	3.828E+4
469.82	3.721E+4
470.16	3.643E+4
470.51	3.570E+4
470.86	3.499E+4
471.20	3.467E+4
471.55	3.353E+4
471.90	3.340E+4
472.24	3.233E+4
472.59	3.147E+4
472.94	3.141E+4
473.28	3.031E+4
473.63	3.066E+4
473.98	2.963E+4
474.32	2.907E+4
474.67	2.883E+4
475.02	2.868E+4
475.36	2.808E+4
475.71	2.760E+4
476.06	2.737E+4
476.40	2.743E+4
476.75	2.661E+4
477.09	2.631E+4
477.44	2.620E+4
477.79	2.551E+4
478.13	2.531E+4
478.48	2.476E+4
478.82	2.447E+4
479.17	2.424E+4
479.52	2.348E+4
479.86	2.247E+4
480.21	2.229E+4
480.55	2.201E+4
480.90	2.189E+4
481.24	2.112E+4
481.59	2.075E+4
481.94	1.989E+4
482.28	1.934E+4
482.63	1.874E+4
482.97	1.853E+4
483.32	1.806E+4
483.66	1.734E+4
484.01	1.666E+4
484.35	1.673E+4
484.70	1.593E+4
485.04	1.536E+4
485.39	1.494E+4
485.73	1.452E+4
486.08	1.405E+4
486.42	1.349E+4
486.77	1.321E+4
487.11	1.274E+4
487.46	1.245E+4
487.80	1.223E+4
488.15	1.154E+4
488.49	1.104E+4
488.84	1.081E+4
489.18	1.067E+4
489.53	9.918E+3
489.87	1.000E+4
490.21	9.626E+3
490.56	9.486E+3
490.90	9.022E+3
491.25	8.541E+3
491.59	8.466E+3
491.94	8.255E+3
492.28	8.107E+3
492.62	7.699E+3
492.97	7.464E+3
493.31	7.316E+3
493.66	7.216E+3
494.00	6.825E+3
494.34	6.767E+3
494.69	6.624E+3
495.03	6.396E+3
495.38	6.126E+3
495.72	5.995E+3
496.06	5.918E+3
496.41	5.534E+3
496.75	5.289E+3
497.09	5.335E+3
497.44	5.148E+3
497.78	5.134E+3
498.13	4.888E+3
498.47	4.699E+3
498.81	4.726E+3
499.16	4.379E+3
499.50	4.422E+3
499.84	4.138E+3
500.19	3.903E+3
500.53	3.835E+3
500.87	3.743E+3
501.21	3.541E+3
501.56	3.473E+3
501.90	3.413E+3
502.24	3.233E+3
502.59	3.114E+3
502.93	2.981E+3
503.27	2.837E+3
503.61	2.789E+3
503.96	2.748E+3
504.30	2.706E+3
504.64	2.602E+3
504.99	2.405E+3
505.33	2.369E+3
505.67	2.272E+3
506.01	2.138E+3
506.36	2.184E+3
506.70	1.956E+3
507.04	2.112E+3
507.38	1.976E+3
507.72	1.845E+3
508.07	1.850E+3
508.41	1.731E+3
508.75	1.701E+3
509.09	1.701E+3
509.44	1.563E+3
509.78	1.580E+3
510.12	1.573E+3
510.46	1.345E+3
510.80	1.536E+3
511.14	1.384E+3
511.49	1.398E+3
511.83	1.388E+3
512.17	1.158E+3
512.51	1.240E+3
512.85	1.231E+3
513.19	1.029E+3
513.54	1.107E+3
513.88	9.806E+2
514.22	1.131E+3
514.56	1.022E+3
514.90	8.981E+2
515.24	8.884E+2
515.58	8.641E+2
515.93	8.811E+2
516.27	8.083E+2
516.61	8.325E+2
516.95	8.228E+2
517.29	7.379E+2
517.63	7.597E+2
517.97	7.621E+2
518.31	6.748E+2
518.65	6.651E+2
518.99	7.233E+2
519.33	7.549E+2
519.67	6.675E+2
520.02	5.753E+2
520.36	5.558E+2
520.70	5.558E+2
521.04	6.432E+2
521.38	5.316E+2
521.72	5.194E+2
522.06	4.539E+2
522.40	5.097E+2
522.74	5.049E+2
523.08	5.704E+2
523.42	4.879E+2
523.76	5.170E+2
524.10	3.908E+2
524.44	4.126E+2
524.78	3.180E+2
525.12	3.835E+2
525.46	4.005E+2
525.80	2.670E+2
526.14	3.568E+2
526.48	2.233E+2
526.82	3.325E+2
527.16	3.131E+2
527.50	3.374E+2
527.84	3.495E+2
528.18	2.961E+2
528.52	1.942E+2
528.86	2.621E+2
529.20	2.937E+2
529.54	2.476E+2
529.87	2.937E+2
530.21	2.961E+2
530.55	3.689E+2
530.89	2.112E+2
531.23	2.451E+2
531.57	2.961E+2
531.91	3.422E+2
532.25	1.893E+2
532.59	1.529E+2
532.93	1.189E+2
533.27	1.820E+2
533.60	6.068E+1
533.94	1.578E+2
534.28	3.034E+2
534.62	1.845E+2
534.96	1.238E+2
535.30	1.141E+2
535.64	1.529E+2
535.98	1.529E+2
536.31	2.039E+2
536.65	1.626E+2
536.99	2.184E+2
537.33	1.529E+2
537.67	1.481E+2
538.01	5.340E+1
538.34	1.311E+2
538.68	1.286E+2
539.02	6.311E+1
539.36	1.651E+2
539.70	1.335E+2
540.03	3.155E+1
540.37	1.311E+2
540.71	1.481E+2
541.05	1.165E+2
541.39	1.117E+2
541.72	9.709E+1
542.06	8.495E+1
542.40	9.709E+0
542.74	1.311E+2
543.07	1.189E+2
543.41	-9.709E+0
543.75	8.495E+1
544.09	8.253E+1
544.42	9.952E+1
544.76	1.141E+2
545.10	1.359E+2
545.44	9.709E+0
545.77	1.189E+2
546.11	-1.942E+1
546.45	1.262E+2
546.78	7.282E+1
547.12	1.942E+1
547.46	1.529E+2
547.80	4.369E+1
548.13	6.796E+1
548.47	1.044E+2
548.81	1.262E+2
549.14	4.612E+1
549.48	2.184E+1
549.82	1.456E+1
550.15	8.253E+1
550.49	7.767E+1
550.83	-3.884E+1
551.16	9.952E+1
551.50	1.286E+2
551.84	1.189E+2
552.17	3.884E+1
552.51	7.282E+1
552.84	6.068E+1
553.18	5.340E+1
553.52	3.884E+1
553.85	1.068E+2
554.19	9.952E+1
554.53	2.913E+1
554.86	3.641E+1
555.20	4.854E+1
555.53	1.165E+2
555.87	-1.456E+1
556.20	2.427E+1
556.54	1.578E+2
556.88	-3.398E+1
557.21	3.398E+1
557.55	7.282E+0
557.88	1.699E+1
558.22	4.854E+0
558.55	3.155E+1
558.89	5.583E+1
559.23	5.583E+1
559.56	7.039E+1
559.90	7.524E+1
560.23	6.796E+1
560.57	-3.398E+1
560.90	-3.398E+1
561.24	4.126E+1
561.57	-3.155E+1
561.91	-7.767E+1
562.24	-5.097E+1
562.58	-5.097E+1
562.91	-2.913E+1
563.25	-4.126E+1
563.58	8.253E+1
563.92	6.068E+1
564.25	0.000E+0
564.59	4.854E+1
564.92	4.854E+0
565.25	1.189E+2
565.59	1.942E+1
565.92	4.854E+0
566.26	5.340E+1
566.59	-3.155E+1
566.93	5.340E+1
567.26	2.427E+1
567.60	-7.039E+1
567.93	3.641E+1
568.26	7.524E+1
568.60	6.068E+1
568.93	-3.641E+1
569.27	8.253E+1
569.60	7.282E+1
569.93	1.456E+1
570.27	6.796E+1
570.60	-1.456E+1
570.94	-7.039E+1
571.27	1.699E+1
571.60	7.039E+1
571.94	-2.427E+1
572.27	6.554E+1
572.60	7.282E+0
572.94	9.709E+1
573.27	-3.884E+1
573.60	2.427E+0
573.94	5.097E+1
574.27	9.709E+0
574.60	6.796E+1
574.94	3.398E+1
575.27	-1.214E+1
575.60	2.670E+1
575.94	5.825E+1
576.27	1.942E+1
576.60	6.554E+1
576.94	7.524E+1
577.27	8.010E+1
577.60	3.398E+1
577.94	-3.884E+1
578.27	3.641E+1
578.60	1.214E+1
578.93	3.155E+1
579.27	-3.155E+1
579.60	2.427E+1
579.93	0.000E+0
580.26	-4.369E+1
580.60	4.612E+1
580.93	8.253E+1
581.26	5.583E+1
581.59	-3.884E+1
581.93	1.214E+1
582.26	5.097E+1
582.59	7.039E+1
582.92	7.282E+0
583.25	-1.456E+1
583.59	2.427E+0
583.92	3.884E+1
584.25	2.427E+0
584.58	-2.184E+1
584.91	-7.282E+0
585.25	-1.699E+1
585.58	-2.427E+1
585.91	-2.427E+0
586.24	4.612E+1
586.57	8.738E+1
586.90	6.068E+1
587.24	3.641E+1
587.57	-3.641E+1
587.90	9.466E+1
588.23	1.456E+1
588.56	2.184E+1
588.89	4.126E+1
589.22	1.699E+1
589.56	5.340E+1
589.89	1.699E+1
590.22	9.709E+1
590.55	1.699E+1
590.88	0.000E+0
591.21	-8.981E+1
591.54	1.699E+1
591.87	5.825E+1
592.20	-3.641E+1
592.53	-5.825E+1
592.87	-1.238E+2
593.20	2.427E+1
593.53	-9.709E+0
593.86	-4.854E+0
594.19	-1.942E+1
594.52	-9.709E+0
594.85	-9.466E+1
595.18	2.427E+1
595.51	-5.097E+1
595.84	-3.398E+1
596.17	-3.398E+1
596.50	-1.214E+1
596.83	1.699E+1
597.16	9.709E+0
597.49	9.952E+1
597.82	2.427E+0
598.15	5.583E+1
598.48	-1.699E+1
598.81	4.369E+1
599.14	-5.825E+1
599.47	4.369E+1
599.80	-2.184E+1
600.13	-6.068E+1
600.46	5.583E+1
600.79	-1.942E+1
601.12	1.699E+1
601.45	4.369E+1
601.78	6.796E+1
602.11	3.641E+1
602.44	9.223E+1
602.77	3.641E+1
603.10	3.155E+1
603.42	-2.913E+1
603.75	5.340E+1
604.08	-2.427E+0
604.41	1.456E+1
604.74	-1.456E+1
605.07	4.369E+1
605.40	-7.282E+0
605.73	4.854E+0
606.06	6.068E+1
606.39	4.126E+1
606.71	-3.155E+1
607.04	5.583E+1
607.37	2.184E+1
607.70	-1.723E+2
608.03	2.427E+0
608.36	-5.340E+1
608.69	-5.097E+1
609.02	-1.942E+1
609.34	4.854E+0
609.67	-4.854E+1
610.00	-1.723E+2
610.33	3.884E+1
610.66	-7.282E+1
610.98	-4.126E+1
611.31	-6.796E+1
611.64	-3.398E+1
611.97	-1.942E+1
612.30	3.155E+1
612.63	3.155E+1
612.95	0.000E+0
613.28	1.699E+1
613.61	5.825E+1
613.94	8.495E+1
614.26	9.709E+0
614.59	-4.854E+0
614.92	2.913E+1
615.25	1.456E+1
615.57	-3.641E+1
615.90	3.884E+1
616.23	1.214E+1
616.56	2.913E+1
616.88	1.432E+2
617.21	-7.524E+1
617.54	-4.854E+0
617.87	4.854E+0
618.19	6.311E+1
618.52	4.854E+1
618.85	-9.709E+0
619.17	-4.612E+1
619.50	1.699E+1
619.83	3.155E+1
620.15	9.709E+0
620.48	1.602E+2
620.81	-7.282E+0
621.14	5.097E+1
621.46	4.126E+1
621.79	8.253E+1
622.11	1.214E+1
622.44	1.456E+1
622.77	7.039E+1
623.09	-6.796E+1
623.42	3.641E+1
623.75	2.427E+0
624.07	-4.612E+1
624.40	2.913E+1
624.73	-4.854E+0
625.05	-2.427E+0
625.38	-3.155E+1
625.70	-5.340E+1
626.03	-3.398E+1
626.36	-1.214E+1
626.68	3.641E+1
627.01	6.068E+1
627.33	-5.583E+1
627.66	2.427E+0
627.99	4.854E+0
628.31	4.126E+1
628.64	7.282E+0
628.96	4.126E+1
629.29	-6.796E+1
629.61	6.068E+1
629.94	2.427E+0
630.26	1.214E+1
630.59	-4.126E+1
630.91	2.427E+1
631.24	8.981E+1
631.57	1.699E+1
631.89	-2.427E+0
632.22	-1.456E+1
632.54	-1.214E+1
632.87	6.796E+1
633.19	-8.010E+1
633.52	4.854E+0
633.84	-3.641E+1
634.16	2.184E+1
634.49	4.854E+0
634.81	-3.398E+1
635.14	-4.612E+1
635.46	3.884E+1
635.79	-4.369E+1
636.11	3.155E+1
636.44	8.010E+1
636.76	4.854E+1
637.09	1.942E+1
637.41	-5.583E+1
637.73	2.427E+1
638.06	3.155E+1
638.38	6.311E+1
638.71	-5.340E+1
639.03	7.524E+1
639.36	-3.155E+1
639.68	-7.767E+1
640.00	-1.214E+1
640.33	8.010E+1
640.65	9.466E+1
640.97	4.126E+1
641.30	6.796E+1
641.62	-8.738E+1
641.95	-2.427E+0
642.27	-4.854E+1
642.59	1.456E+1
642.92	9.709E+0
643.24	9.709E+0
643.56	-7.282E+0
643.89	-2.427E+1
644.21	-1.238E+2
644.53	0.000E+0
644.86	-3.398E+1
645.18	-5.583E+1
645.50	2.427E+0
645.83	-9.709E+0
646.15	8.253E+1
646.47	-7.039E+1
646.80	-2.427E+1
647.12	-2.427E+1
647.44	2.913E+1
647.76	-1.214E+1
648.09	-1.942E+1
648.41	6.554E+1
648.73	-5.583E+1
649.05	4.369E+1
649.38	5.825E+1
649.70	1.456E+1
650.02	7.282E+0
650.34	4.854E+1
650.67	-1.214E+1
650.99	1.456E+1
651.31	4.126E+1
651.63	-7.524E+1
651.96	-1.068E+2
652.28	9.709E+0
652.60	7.039E+1
652.92	-1.456E+1
653.24	1.699E+1
653.57	-3.884E+1
653.89	-3.398E+1
654.21	6.796E+1
654.53	-7.282E+0
654.85	-2.184E+1
655.18	5.340E+1
655.50	2.427E+0
655.82	-4.854E+1
656.14	1.019E+2
656.46	-7.282E+0
656.78	-2.670E+1
657.10	-1.699E+1
657.43	6.796E+1
657.75	-3.155E+1
658.07	-4.126E+1
658.39	2.427E+0
658.71	-9.223E+1
659.03	5.340E+1
659.35	1.214E+1
659.67	-1.019E+2
659.99	-8.253E+1
660.32	-8.981E+1
660.64	-2.184E+1
660.96	3.884E+1
661.28	-1.699E+1
661.60	-2.427E+0
661.92	2.427E+0
662.24	-1.117E+2
662.56	4.369E+1
662.88	-4.612E+1
663.20	-2.913E+1
663.52	-4.854E+1
663.84	1.699E+1
664.16	-1.699E+1
664.48	-9.952E+1
664.80	9.709E+0
665.12	-7.767E+1
665.44	-3.155E+1
665.76	-6.554E+1
666.08	5.583E+1
666.40	9.709E+1
666.72	1.942E+1
667.04	-9.709E+0
667.36	-3.398E+1
667.68	-1.189E+2
668.00	5.340E+1
668.32	0.000E+0
668.64	2.913E+1
668.96	-6.554E+1
669.28	1.214E+1
669.60	8.495E+1
669.92	4.369E+1
670.24	6.311E+1
670.56	-6.311E+1
670.88	-6.796E+1
671.20	1.699E+1
671.52	2.670E+1
671.84	1.189E+2
672.16	2.670E+1
672.47	-5.340E+1
672.79	4.612E+1
673.11	5.097E+1
673.43	9.466E+1
673.75	1.335E+2
674.07	2.427E+0
674.39	3.398E+1
674.71	2.427E+0
675.03	-5.340E+1
675.34	-5.340E+1
675.66	2.670E+1
675.98	-1.214E+1
676.30	6.554E+1
676.62	7.282E+0
676.94	-3.641E+1
677.25	4.612E+1
677.57	-7.039E+1
677.89	-3.398E+1
678.21	8.010E+1
678.53	-6.068E+1
678.85	1.699E+1
679.16	-5.825E+1
679.48	1.699E+1
679.80	-8.253E+1
680.12	6.796E+1
680.44	6.554E+1
680.75	9.709E+0
681.07	-4.854E+1
681.39	-8.495E+1
681.71	2.427E+1
682.02	-4.612E+1
682.34	1.942E+1
682.66	-2.913E+1
682.98	5.583E+1
683.29	8.495E+1
683.61	4.854E+1
683.93	-9.709E+0
684.25	-5.340E+1
684.56	-5.340E+1
684.88	7.282E+0
685.20	1.408E+2
685.51	8.738E+1
685.83	1.286E+2
686.15	2.184E+1
686.47	-2.913E+1
686.78	3.155E+1
687.10	9.709E+0
687.42	-5.340E+1
687.73	8.253E+1
688.05	5.825E+1
688.37	-5.825E+1
688.68	-4.369E+1
689.00	-3.641E+1
689.32	5.583E+1
689.63	3.398E+1
689.95	-6.796E+1
690.26	-5.583E+1
690.58	9.709E+1
690.90	7.039E+1
691.21	1.699E+1
691.53	-4.854E+0
691.85	4.126E+1
692.16	-1.942E+1
692.48	-3.398E+1
692.79	2.913E+1
693.11	-3.155E+1
693.42	3.884E+1
693.74	1.942E+1
694.06	8.495E+1
694.37	2.427E+1
694.69	1.699E+1
695.00	5.825E+1
695.32	3.398E+1
695.63	9.709E+0
695.95	-2.184E+1
696.26	1.092E+2
696.58	6.796E+1
696.90	6.554E+1
697.21	2.913E+1
697.53	-3.398E+1
697.84	-8.981E+1
698.16	-4.369E+1
698.47	-5.340E+1
698.79	-7.767E+1
699.10	8.981E+1
699.42	1.942E+1
699.73	-2.184E+1
700.05	-9.466E+1
700.36	-2.427E+1
700.68	1.942E+1
700.99	-1.456E+1
701.30	8.253E+1
701.62	3.641E+1
701.93	-2.184E+1
702.25	-4.854E+1
702.56	1.699E+1
702.88	2.670E+1
703.19	4.612E+1
703.50	2.913E+1
703.82	-2.913E+1
704.13	1.699E+1
704.45	-3.398E+1
704.76	6.796E+1
705.08	-1.117E+2
705.39	6.796E+1
705.70	7.282E+0
706.02	5.583E+1
706.33	3.398E+1
706.64	7.282E+0
706.96	4.854E+0
707.27	2.427E+1
707.59	9.952E+1
707.90	-5.583E+1
708.21	4.854E+1
708.53	-7.524E+1
708.84	1.699E+1
709.15	-4.369E+1
709.47	9.709E+1
709.78	6.796E+1
710.09	6.068E+1
710.41	1.214E+1
710.72	-2.427E+0
711.03	-1.214E+2
711.34	1.311E+2
711.66	1.942E+1
711.97	2.670E+1
712.28	3.398E+1
712.60	5.583E+1
712.91	-3.155E+1
713.22	4.854E+0
713.53	7.767E+1
713.85	2.670E+1
714.16	3.884E+1
714.47	-7.767E+1
714.78	-3.641E+1
715.10	1.456E+1
715.41	1.456E+1
715.72	2.427E+1
716.03	-6.311E+1
716.35	-2.670E+1
716.66	8.495E+1
716.97	-7.039E+1
717.28	1.214E+1
717.59	7.282E+0
717.91	2.427E+0
718.22	-3.155E+1
718.53	3.641E+1
718.84	-2.184E+1
719.15	9.709E+0
719.46	-5.097E+1
719.78	-9.709E+0
720.09	2.913E+1
720.40	-6.068E+1
720.71	0.000E+0
721.02	-1.456E+1
721.33	2.913E+1
721.65	-6.311E+1
721.96	8.253E+1
722.27	1.456E+1
722.58	-1.214E+1
722.89	6.796E+1
723.20	-1.699E+1
723.51	-1.699E+1
723.82	5.097E+1
724.13	2.913E+1
724.45	6.311E+1
724.76	9.709E+0
725.07	-5.340E+1
725.38	9.709E+0
725.69	-1.165E+2
726.00	-1.699E+1
726.31	-1.942E+1
726.62	1.432E+2
726.93	6.796E+1
727.24	0.000E+0
727.55	-3.884E+1
727.86	2.427E+1
728.17	2.427E+0
728.48	-4.854E+0
728.79	-6.796E+1
729.10	-4.369E+1
729.41	-2.670E+1
729.72	3.398E+1
730.03	-5.097E+1
730.34	0.000E+0
730.65	-3.155E+1
730.96	2.427E+0
731.27	5.097E+1
731.58	3.641E+1
731.89	-1.456E+1
732.20	-4.369E+1
732.51	2.913E+1
732.82	-1.214E+1
733.13	-8.738E+1
733.44	3.155E+1
733.75	-2.670E+1
734.06	-1.942E+1
734.37	7.282E+0
734.68	2.427E+1
734.98	-5.583E+1
735.29	2.427E+1
735.60	-2.427E+1
735.91	6.068E+1
736.22	-4.126E+1
736.53	5.340E+1
736.84	4.612E+1
737.15	-4.126E+1
737.46	-4.126E+1
737.77	5.340E+1
738.07	-1.214E+1
738.38	-6.796E+1
738.69	7.282E+0
739.00	-2.670E+1
739.31	-2.184E+1
739.62	3.155E+1
739.92	2.427E+1
740.23	2.427E+0
740.54	-7.282E+1
740.85	1.942E+1
741.16	2.913E+1
741.47	-4.126E+1
741.77	2.427E+0
742.08	-7.282E+0
742.39	-2.913E+1
742.70	2.427E+1
743.01	9.952E+1
743.31	4.854E+1
743.62	2.427E+1
743.93	4.854E+0
744.24	1.214E+1
744.54	2.427E+0
744.85	2.913E+1
745.16	1.699E+1
745.47	9.952E+1
745.77	5.340E+1
746.08	-4.126E+1
746.39	2.427E+1
746.70	-7.282E+0
747.00	-1.456E+1
747.31	-2.184E+1
747.62	-3.398E+1
747.92	1.699E+1
748.23	-1.699E+1
748.54	-5.583E+1
748.84	5.583E+1
749.15	-7.524E+1
749.46	-8.495E+1
749.76	1.456E+1
750.07	3.884E+1
750.38	0.000E+0
750.68	-2.670E+1
750.99	-5.097E+1
751.30	-3.155E+1
751.60	4.854E+0
751.91	-2.427E+1
752.22	-3.398E+1
752.52	-4.369E+1
752.83	-5.340E+1
753.14	-2.184E+1
753.44	2.670E+1
753.75	8.981E+1
754.05	-6.554E+1
754.36	4.126E+1
754.67	5.097E+1
754.97	2.427E+1
755.28	2.427E+0
755.58	2.427E+1
755.89	-1.117E+2
756.19	-4.369E+1
756.50	-2.427E+0
756.81	3.155E+1
757.11	7.282E+0
757.42	1.481E+2
757.72	-2.184E+1
758.03	1.189E+2
758.33	2.184E+1
758.64	8.010E+1
758.94	-4.126E+1
759.25	2.913E+1
759.55	-9.709E+1
759.86	6.554E+1
760.16	-2.670E+1
760.47	-4.612E+1
760.77	-3.398E+1
761.08	1.942E+1
761.38	-1.456E+1
761.69	9.466E+1
761.99	-1.456E+1
762.30	5.097E+1
762.60	0.000E+0
762.91	-2.670E+1
763.21	7.282E+0
763.51	1.214E+1
763.82	5.583E+1
764.12	-1.942E+1
764.43	4.854E+0
764.73	-1.456E+1
765.04	0.000E+0
765.34	-6.311E+1
765.64	5.340E+1
765.95	3.641E+1
766.25	-2.427E+0
766.56	-4.854E+0
766.86	-4.126E+1
767.16	-2.427E+0
767.47	6.068E+1
767.77	5.583E+1
768.07	-7.282E+0
768.38	4.126E+1
768.68	4.854E+0
768.98	-4.612E+1
769.29	1.286E+2
769.59	-3.641E+1
769.89	1.117E+2
770.20	4.612E+1
770.50	-2.913E+1
770.80	1.578E+2
771.11	-1.214E+1
771.41	-3.641E+1
771.71	-9.709E+0
772.02	1.942E+1
772.32	-1.068E+2
772.62	-2.184E+1
772.93	7.039E+1
773.23	8.738E+1
773.53	6.796E+1
773.83	-4.369E+1
774.14	5.097E+1
774.44	6.796E+1
774.74	-1.456E+1
775.04	-6.311E+1
775.35	-2.670E+1
775.65	1.456E+1
775.95	-2.427E+1
776.25	5.583E+1
776.55	8.495E+1
776.86	2.427E+1
777.16	-3.155E+1
777.46	-1.214E+1
777.76	-5.340E+1
778.06	7.282E+0
778.37	-3.155E+1
778.67	5.583E+1
778.97	1.214E+1
779.27	-5.583E+1
779.57	3.155E+1
779.88	-1.942E+1
780.18	1.529E+2
780.48	-1.626E+2
780.78	5.583E+1
781.08	-4.854E+1
781.38	1.942E+1
781.68	-7.282E+0
781.98	2.184E+1
782.29	0.000E+0
782.59	-3.884E+1
782.89	-8.738E+1
783.19	1.699E+1
783.49	0.000E+0
783.79	1.117E+2
784.09	-2.913E+1
784.39	7.767E+1
784.69	1.942E+1
784.99	-2.427E+1
785.30	-5.097E+1
785.60	1.942E+1
785.90	5.340E+1
786.20	-4.369E+1
786.50	-7.039E+1
786.80	5.825E+1
787.10	-1.456E+1
787.40	5.097E+1
787.70	3.641E+1
788.00	-1.214E+1
788.30	2.427E+1
788.60	-3.641E+1
788.90	1.942E+1
789.20	2.184E+1
789.50	7.282E+0
789.80	7.039E+1
790.10	9.709E+0
790.40	-3.398E+1
790.70	6.554E+1
791.00	-3.884E+1
791.30	-4.854E+0
791.60	-4.854E+0
791.90	-2.670E+1
792.20	3.884E+1
792.50	-2.913E+1
792.79	-2.670E+1
793.09	8.981E+1
793.39	1.456E+1
793.69	-1.942E+1
793.99	4.854E+0
794.29	-6.554E+1
794.59	-6.068E+1
794.89	-4.126E+1
795.19	6.311E+1
795.49	-5.097E+1
795.79	-8.010E+1
796.08	-2.913E+1
796.38	-1.699E+1
796.68	-8.981E+1
796.98	-7.282E+0
797.28	-9.709E+0
797.58	9.709E+0
797.88	9.709E+0
798.17	7.282E+0
798.47	3.155E+1
798.77	-1.456E+1
799.07	2.427E+1
799.37	-4.854E+0
799.67	7.282E+0
799.96	1.456E+1
800.26	8.495E+1
800.56	-5.097E+1
800.86	-3.641E+1
801.16	2.427E+0
801.45	8.010E+1
801.75	1.699E+1
802.05	-5.340E+1
802.35	-1.117E+2
802.64	-2.427E+1
802.94	-1.456E+1
803.24	2.427E+1
803.54	-2.427E+0
803.83	-3.155E+1
804.13	-1.699E+1
804.43	-1.214E+1
804.73	-1.141E+2
805.02	4.612E+1
805.32	-8.253E+1
805.62	-1.699E+1
805.91	6.068E+1
806.21	2.427E+0
806.51	9.709E+0
806.81	-8.010E+1
807.10	4.369E+1
807.40	3.641E+1
807.70	5.340E+1
807.99	1.942E+1
808.29	3.884E+1
808.59	3.155E+1
808.88	2.184E+1
809.18	-1.214E+1
809.47	-3.884E+1
809.77	-7.767E+1
810.07	-2.427E+0
810.36	1.214E+1
810.66	-7.524E+1
810.96	9.709E+0
811.25	-3.398E+1
811.55	2.427E+1
811.84	-2.184E+1
812.14	-6.311E+1
812.44	4.854E+0
812.73	5.097E+1
813.03	-5.583E+1
813.32	1.408E+2
813.62	2.427E+0
813.91	7.282E+0
814.21	6.068E+1
814.51	3.398E+1
814.80	3.155E+1
815.10	-2.427E+0
815.39	-3.155E+1
815.69	8.010E+1
815.98	7.282E+0
816.28	-3.641E+1
816.57	3.398E+1
816.87	-6.068E+1
817.16	3.155E+1
817.46	7.524E+1
817.75	2.670E+1
818.05	1.699E+1
818.34	8.495E+1
818.64	-9.709E+0
818.93	-3.884E+1
819.23	5.340E+1
819.52	-5.583E+1
819.82	-9.709E+0
820.11	9.709E+0
820.40	-1.456E+1
820.70	2.670E+1
820.99	-8.981E+1
821.29	-5.825E+1
821.58	5.340E+1
821.88	5.097E+1
822.17	-3.884E+1
822.46	2.427E+1
822.76	5.825E+1
823.05	5.097E+1
823.35	5.825E+1
823.64	-6.311E+1
823.93	-4.126E+1
824.23	2.427E+1
824.52	-5.340E+1
824.81	-2.913E+1
825.11	2.427E+0
825.40	-2.184E+1
825.69	-8.495E+1
825.99	-6.068E+1
826.28	2.913E+1
826.58	2.427E+1
826.87	-3.155E+1
827.16	-8.010E+1
827.45	-2.427E+0
827.75	-6.311E+1
828.04	4.126E+1
828.33	7.767E+1
828.63	1.942E+1
828.92	-9.709E+1
829.21	-2.427E+0
829.51	1.214E+1
829.80	-2.427E+1
830.09	-4.369E+1
830.38	2.427E+1
830.68	-7.282E+1
830.97	-1.359E+2
831.26	-2.184E+1
831.55	1.214E+1
831.85	6.068E+1
832.14	-7.282E+0
832.43	-4.854E+0
832.72	7.282E+0
833.01	-2.184E+1
833.31	9.223E+1
833.60	-4.126E+1
833.89	-7.524E+1
834.18	7.282E+0
834.47	2.427E+1
834.77	-5.583E+1
835.06	2.427E+1
835.35	-5.097E+1
835.64	-1.699E+1
835.93	4.612E+1
836.22	1.456E+1
836.52	-1.699E+1
836.81	-4.126E+1
837.10	6.796E+1
837.39	-5.340E+1
837.68	-7.282E+0
837.97	-7.282E+0
838.26	4.612E+1
838.55	-6.796E+1
838.85	-1.214E+1
839.14	-6.311E+1
839.43	2.427E+1
839.72	5.825E+1
840.01	-2.427E+1
840.30	-3.398E+1
840.59	1.141E+2
840.88	1.092E+2
841.17	-4.854E+0
841.46	2.184E+1
841.75	4.126E+1
842.04	9.709E+0
842.33	-2.670E+1
842.62	2.427E+0
842.91	2.427E+1
843.21	-3.398E+1
843.50	-1.456E+1
843.79	1.214E+1
844.08	3.398E+1
844.37	-8.495E+1
844.66	-2.184E+1
844.95	-2.427E+0
845.24	-2.913E+1
845.53	-2.670E+1
845.81	3.398E+1
846.10	-1.699E+1
846.39	3.884E+1
846.68	3.884E+1
846.97	1.214E+1
847.26	5.097E+1
847.55	-7.767E+1
847.84	-7.767E+1
848.13	4.854E+0
848.42	-1.456E+1
848.71	-3.398E+1
849.00	-2.913E+1
849.29	-6.311E+1
849.58	2.184E+1
849.87	7.524E+1
850.15	-7.282E+0
850.44	2.913E+1
850.73	-4.126E+1
851.02	-4.369E+1
851.31	8.010E+1
851.60	8.495E+1
851.89	-3.884E+1
852.18	5.583E+1
852.46	5.583E+1
852.75	1.141E+2
853.04	7.282E+1
853.33	6.796E+1
853.62	2.670E+1
853.91	-2.913E+1
854.19	-1.214E+1
854.48	8.981E+1
854.77	4.854E+0
855.06	5.340E+1
855.35	5.340E+1
855.63	5.825E+1
855.92	-4.612E+1
856.21	7.282E+0
856.50	-3.641E+1
856.79	1.335E+2
857.07	8.738E+1
857.36	-8.981E+1
857.65	-3.155E+1
857.94	9.223E+1
858.22	1.214E+2
858.51	-4.854E+1
858.80	0.000E+0
859.08	3.155E+1
859.37	1.699E+1
859.66	-8.981E+1
859.95	-1.456E+1
860.23	-1.019E+2
860.52	2.670E+1
860.81	4.369E+1
861.09	1.456E+1
861.38	-1.699E+1
861.67	-7.282E+0
861.95	4.369E+1
862.24	8.495E+1
862.53	1.699E+1
862.81	-2.670E+1
863.10	5.340E+1
863.39	3.641E+1
863.67	4.854E+1
863.96	-1.456E+1
864.25	2.427E+1
864.53	5.583E+1
864.82	7.039E+1
865.10	-2.427E+1
865.39	-2.670E+1
865.68	-7.282E+0
865.96	3.641E+1
866.25	4.126E+1
866.53	4.126E+1
866.82	4.126E+1