Wavelength	Intensity	Ocean Optics Flame
nm	counts
187.89	7.282E+1
188.27	2.427E+1
188.64	-3.155E+1
189.02	-1.699E+1
189.40	6.796E+1
189.78	1.699E+1
190.15	-1.214E+1
190.53	0.000E+0
190.91	7.282E+1
191.29	1.165E+2
191.66	-1.456E+1
192.04	-1.214E+1
192.42	9.709E+0
192.80	-2.670E+1
193.17	1.942E+1
193.55	5.583E+1
193.93	-5.097E+1
194.30	2.427E+1
194.68	7.039E+1
195.06	7.282E+1
195.44	-5.097E+1
195.81	7.282E+0
196.19	-7.039E+1
196.57	9.709E+0
196.94	7.524E+1
197.32	4.126E+1
197.70	4.854E+0
198.07	6.796E+1
198.45	-4.854E+0
198.83	-5.825E+1
199.20	2.063E+2
199.58	2.670E+1
199.96	1.117E+2
200.33	2.184E+1
200.71	1.942E+1
201.09	8.010E+1
201.46	4.126E+1
201.84	-2.670E+1
202.22	-4.854E+1
202.59	4.369E+1
202.97	1.456E+1
203.34	5.583E+1
203.72	-3.155E+1
204.10	-1.942E+1
204.47	-4.126E+1
204.85	-3.641E+1
205.23	2.913E+1
205.60	3.398E+1
205.98	-7.282E+1
206.35	4.612E+1
206.73	-8.010E+1
207.11	5.340E+1
207.48	-2.670E+1
207.86	2.184E+1
208.23	5.340E+1
208.61	-6.311E+1
208.98	1.214E+1
209.36	6.554E+1
209.74	4.854E+0
210.11	2.670E+1
210.49	1.335E+2
210.86	9.466E+1
211.24	4.612E+1
211.61	-2.670E+1
211.99	-1.699E+1
212.36	-2.427E+1
212.74	9.223E+1
213.11	2.427E+1
213.49	-1.942E+1
213.87	6.068E+1
214.24	2.184E+1
214.62	2.670E+1
214.99	-1.335E+2
215.37	-1.942E+1
215.74	3.398E+1
216.12	-9.709E+0
216.49	7.767E+1
216.87	1.092E+2
217.24	-4.854E+0
217.62	1.141E+2
217.99	0.000E+0
218.37	1.068E+2
218.74	5.340E+1
219.11	1.699E+1
219.49	-5.340E+1
219.86	4.854E+1
220.24	5.340E+1
220.61	5.583E+1
220.99	6.068E+1
221.36	1.699E+1
221.74	6.311E+1
222.11	1.578E+2
222.49	-2.184E+1
222.86	2.184E+1
223.23	1.456E+1
223.61	2.184E+1
223.98	1.214E+1
224.36	7.524E+1
224.73	-3.884E+1
225.11	1.699E+1
225.48	3.398E+1
225.85	5.583E+1
226.23	1.481E+2
226.60	2.427E+1
226.98	1.699E+1
227.35	3.641E+1
227.72	-8.253E+1
228.10	4.854E+0
228.47	-2.670E+1
228.84	8.495E+1
229.22	2.670E+1
229.59	-3.641E+1
229.97	3.155E+1
230.34	5.825E+1
230.71	2.427E+1
231.09	2.670E+1
231.46	2.184E+1
231.83	8.253E+1
232.21	3.398E+1
232.58	-3.155E+1
232.95	8.981E+1
233.33	1.456E+2
233.70	1.384E+2
234.07	1.699E+1
234.45	1.456E+1
234.82	-3.884E+1
235.19	-3.398E+1
235.57	1.456E+1
235.94	6.796E+1
236.31	1.214E+1
236.69	-1.456E+1
237.06	1.214E+1
237.43	-2.670E+1
237.80	-4.854E+0
238.18	1.456E+2
238.55	7.282E+0
238.92	1.214E+1
239.30	1.456E+1
239.67	-7.282E+0
240.04	-5.825E+1
240.41	-1.214E+1
240.79	-8.738E+1
241.16	-4.126E+1
241.53	-3.398E+1
241.90	2.913E+1
242.28	-1.942E+1
242.65	4.854E+0
243.02	-7.282E+0
243.39	1.044E+2
243.77	5.825E+1
244.14	0.000E+0
244.51	-7.524E+1
244.88	5.825E+1
245.25	-1.699E+1
245.63	9.709E+0
246.00	8.738E+1
246.37	7.282E+0
246.74	-3.398E+1
247.11	1.214E+1
247.49	6.311E+1
247.86	-5.340E+1
248.23	8.495E+1
248.60	1.384E+2
248.97	6.554E+1
249.35	7.039E+1
249.72	8.981E+1
250.09	9.709E+0
250.46	-1.044E+2
250.83	0.000E+0
251.20	-3.155E+1
251.58	8.010E+1
251.95	4.369E+1
252.32	-4.612E+1
252.69	1.942E+1
253.06	9.709E+0
253.43	4.126E+1
253.80	3.155E+1
254.17	1.165E+2
254.55	5.825E+1
254.92	-6.311E+1
255.29	-3.155E+1
255.66	8.495E+1
256.03	9.709E+1
256.40	-3.398E+1
256.77	4.126E+1
257.14	6.068E+1
257.51	4.369E+1
257.88	-1.942E+1
258.26	1.699E+1
258.63	9.709E+1
259.00	1.699E+1
259.37	2.670E+1
259.74	9.709E+0
260.11	4.369E+1
260.48	4.854E+1
260.85	4.612E+1
261.22	4.369E+1
261.59	-3.398E+1
261.96	8.495E+1
262.33	9.709E+0
262.70	-1.214E+1
263.07	-4.126E+1
263.44	4.126E+1
263.81	-7.282E+0
264.18	-1.456E+1
264.55	1.189E+2
264.92	9.709E+0
265.29	2.427E+0
265.66	0.000E+0
266.03	9.952E+1
266.40	4.854E+0
266.77	-2.427E+1
267.14	-1.214E+1
267.51	6.796E+1
267.88	1.942E+1
268.25	1.214E+1
268.62	-5.583E+1
268.99	-1.092E+2
269.36	-9.709E+0
269.73	-4.854E+0
270.10	5.825E+1
270.47	-7.282E+1
270.84	-3.155E+1
271.21	4.369E+1
271.58	-8.981E+1
271.95	1.311E+2
272.32	1.092E+2
272.69	2.427E+1
273.06	5.583E+1
273.43	2.670E+1
273.80	8.010E+1
274.17	7.282E+0
274.53	4.612E+1
274.90	2.427E+1
275.27	6.311E+1
275.64	-5.340E+1
276.01	-4.369E+1
276.38	3.398E+1
276.75	2.427E+0
277.12	1.335E+2
277.49	8.495E+1
277.86	-1.214E+1
278.22	-1.214E+1
278.59	-9.223E+1
278.96	-7.282E+0
279.33	1.019E+2
279.70	6.068E+1
280.07	8.981E+1
280.44	-2.670E+1
280.80	6.554E+1
281.17	8.010E+1
281.54	1.456E+1
281.91	5.097E+1
282.28	9.709E+0
282.65	1.942E+1
283.02	4.612E+1
283.38	3.155E+1
283.75	8.981E+1
284.12	9.709E+0
284.49	3.884E+1
284.86	-9.952E+1
285.22	2.427E+0
285.59	-3.641E+1
285.96	3.398E+1
286.33	-4.854E+1
286.70	4.612E+1
287.06	1.942E+1
287.43	8.495E+1
287.80	2.427E+0
288.17	6.796E+1
288.53	-2.670E+1
288.90	-9.709E+0
289.27	-9.709E+0
289.64	2.670E+1
290.01	-1.456E+1
290.37	-3.641E+1
290.74	4.854E+0
291.11	-1.942E+1
291.48	5.097E+1
291.84	6.068E+1
292.21	6.554E+1
292.58	-4.612E+1
292.94	-6.796E+1
293.31	9.952E+1
293.68	1.214E+1
294.05	1.286E+2
294.41	6.068E+1
294.78	4.854E+1
295.15	-1.117E+2
295.51	-2.427E+0
295.88	4.854E+1
296.25	8.738E+1
296.61	4.854E+0
296.98	7.524E+1
297.35	-1.942E+1
297.72	-3.884E+1
298.08	2.427E+1
298.45	-7.282E+0
298.82	-5.583E+1
299.18	-8.253E+1
299.55	2.913E+1
299.91	1.044E+2
300.28	2.184E+1
300.65	7.767E+1
301.01	-2.184E+1
301.38	-1.456E+1
301.75	9.709E+1
302.11	-6.068E+1
302.48	3.884E+1
302.85	-5.097E+1
303.21	7.039E+1
303.58	4.854E+1
303.94	9.709E+0
304.31	7.282E+1
304.68	4.126E+1
305.04	2.427E+0
305.41	-1.942E+1
305.77	3.398E+1
306.14	1.044E+2
306.51	7.039E+1
306.87	8.495E+1
307.24	-9.709E+0
307.60	3.155E+1
307.97	9.709E+0
308.33	6.068E+1
308.70	1.165E+2
309.07	-4.369E+1
309.43	9.466E+1
309.80	4.854E+1
310.16	7.282E+1
310.53	-1.456E+1
310.89	-4.126E+1
311.26	-3.398E+1
311.62	4.854E+1
311.99	7.282E+0
312.35	-2.184E+1
312.72	5.583E+1
313.08	3.155E+1
313.45	1.456E+1
313.81	4.126E+1
314.18	4.854E+0
314.54	-2.184E+1
314.91	5.583E+1
315.27	-7.039E+1
315.64	5.825E+1
316.00	4.126E+1
316.37	5.097E+1
316.73	8.981E+1
317.10	-1.456E+1
317.46	0.000E+0
317.83	8.738E+1
318.19	1.068E+2
318.56	1.384E+2
318.92	3.641E+1
319.28	-9.709E+1
319.65	1.311E+2
320.01	3.884E+1
320.38	6.068E+1
320.74	2.184E+1
321.11	-9.709E+0
321.47	1.141E+2
321.83	3.398E+1
322.20	-1.214E+1
322.56	7.282E+0
322.93	-5.340E+1
323.29	-7.282E+0
323.66	-4.126E+1
324.02	2.427E+1
324.38	8.738E+1
324.75	1.675E+2
325.11	3.641E+1
325.47	-6.068E+1
325.84	1.578E+2
326.20	4.854E+0
326.57	-2.184E+1
326.93	4.612E+1
327.29	3.884E+1
327.66	5.097E+1
328.02	1.141E+2
328.38	-5.097E+1
328.75	-1.699E+1
329.11	-9.709E+0
329.47	2.913E+1
329.84	1.699E+1
330.20	3.155E+1
330.56	3.398E+1
330.93	1.942E+1
331.29	3.398E+1
331.65	4.854E+0
332.02	-3.884E+1
332.38	3.641E+1
332.74	4.854E+1
333.10	5.097E+1
333.47	4.126E+1
333.83	3.884E+1
334.19	4.126E+1
334.56	5.340E+1
334.92	9.709E+0
335.28	-2.427E+1
335.64	8.253E+1
336.01	1.262E+2
336.37	-1.699E+1
336.73	-9.709E+0
337.09	1.481E+2
337.46	5.097E+1
337.82	-3.884E+1
338.18	3.641E+1
338.54	-3.398E+1
338.91	1.699E+1
339.27	1.699E+1
339.63	9.709E+0
339.99	1.068E+2
340.36	-3.641E+1
340.72	3.398E+1
341.08	1.092E+2
341.44	-2.427E+1
341.80	-1.942E+1
342.17	-2.913E+1
342.53	8.981E+1
342.89	0.000E+0
343.25	5.097E+1
343.61	4.854E+1
343.98	-9.709E+0
344.34	6.068E+1
344.70	9.223E+1
345.06	1.214E+1
345.42	8.738E+1
345.78	-2.913E+1
346.14	9.223E+1
346.51	1.044E+2
346.87	-2.670E+1
347.23	-3.398E+1
347.59	-5.340E+1
347.95	2.670E+1
348.31	2.427E+1
348.67	6.311E+1
349.04	2.184E+1
349.40	5.583E+1
349.76	3.398E+1
350.12	-7.282E+0
350.48	1.529E+2
350.84	2.913E+1
351.20	6.068E+1
351.56	3.641E+1
351.92	-3.884E+1
352.28	-3.398E+1
352.65	3.398E+1
353.01	2.670E+1
353.37	1.384E+2
353.73	7.282E+1
354.09	1.699E+1
354.45	7.282E+0
354.81	4.612E+1
355.17	-9.709E+0
355.53	2.427E+0
355.89	1.942E+1
356.25	-9.709E+0
356.61	1.165E+2
356.97	-5.825E+1
357.33	1.214E+1
357.69	3.884E+1
358.05	-9.709E+0
358.41	5.340E+1
358.77	6.311E+1
359.13	3.398E+1
359.49	-4.369E+1
359.85	5.825E+1
360.21	4.126E+1
360.57	5.583E+1
360.93	4.612E+1
361.29	8.010E+1
361.65	2.913E+1
362.01	2.427E+1
362.37	-4.854E+1
362.73	7.524E+1
363.09	-3.641E+1
363.45	-1.456E+1
363.81	3.155E+1
364.17	-3.884E+1
364.53	5.097E+1
364.89	-9.709E+0
365.25	9.466E+1
365.61	-1.942E+1
365.97	5.825E+1
366.33	2.427E+0
366.69	-2.427E+1
367.05	4.369E+1
367.40	-9.709E+0
367.76	7.282E+1
368.12	7.039E+1
368.48	5.583E+1
368.84	-2.184E+1
369.20	4.369E+1
369.56	7.524E+1
369.92	-2.427E+0
370.28	7.282E+0
370.63	4.612E+1
370.99	-1.699E+1
371.35	5.340E+1
371.71	7.282E+1
372.07	5.097E+1
372.43	-4.126E+1
372.79	-5.583E+1
373.15	4.612E+1
373.50	5.583E+1
373.86	3.884E+1
374.22	-3.398E+1
374.58	-3.398E+1
374.94	4.369E+1
375.30	2.427E+0
375.65	5.825E+1
376.01	-7.282E+0
376.37	3.641E+1
376.73	-3.155E+1
377.09	6.068E+1
377.44	-7.282E+1
377.80	-7.282E+1
378.16	-3.155E+1
378.52	-3.398E+1
378.88	3.398E+1
379.23	2.670E+1
379.59	8.981E+1
379.95	-4.369E+1
380.31	1.699E+1
380.66	7.282E+0
381.02	-8.738E+1
381.38	4.369E+1
381.74	6.554E+1
382.09	-4.612E+1
382.45	1.141E+2
382.81	-5.340E+1
383.17	1.141E+2
383.52	1.408E+2
383.88	-1.214E+1
384.24	3.884E+1
384.60	1.092E+2
384.95	2.913E+1
385.31	-4.126E+1
385.67	-3.155E+1
386.02	-1.942E+1
386.38	7.767E+1
386.74	2.913E+1
387.10	1.165E+2
387.45	2.184E+1
387.81	-2.913E+1
388.17	8.253E+1
388.52	1.456E+1
388.88	6.311E+1
389.24	-1.214E+1
389.59	2.427E+1
389.95	6.554E+1
390.31	-5.097E+1
390.66	2.670E+1
391.02	1.699E+2
391.38	1.214E+1
391.73	5.583E+1
392.09	8.981E+1
392.44	-2.427E+0
392.80	1.699E+1
393.16	9.952E+1
393.51	5.340E+1
393.87	6.796E+1
394.23	4.612E+1
394.58	2.184E+1
394.94	5.825E+1
395.29	8.010E+1
395.65	-3.884E+1
396.01	8.253E+1
396.36	-1.092E+2
396.72	4.369E+1
397.07	5.583E+1
397.43	0.000E+0
397.78	1.189E+2
398.14	1.117E+2
398.50	-2.184E+1
398.85	8.981E+1
399.21	4.854E+1
399.56	4.854E+0
399.92	4.612E+1
400.27	1.359E+2
400.63	8.253E+1
400.98	1.942E+1
401.34	2.063E+2
401.69	1.286E+2
402.05	1.068E+2
402.40	1.529E+2
402.76	2.427E+2
403.11	8.253E+1
403.47	1.286E+2
403.82	-4.854E+0
404.18	6.311E+1
404.53	9.223E+1
404.89	7.524E+1
405.24	8.981E+1
405.60	1.578E+2
405.95	1.820E+2
406.31	1.286E+2
406.66	1.456E+2
407.02	2.282E+2
407.37	9.466E+1
407.73	8.253E+1
408.08	2.330E+2
408.44	2.330E+2
408.79	1.432E+2
409.14	2.112E+2
409.50	1.966E+2
409.85	2.039E+2
410.21	2.913E+2
410.56	2.063E+2
410.92	1.796E+2
411.27	1.602E+2
411.62	2.184E+2
411.98	2.718E+2
412.33	3.617E+2
412.69	2.743E+2
413.04	3.665E+2
413.39	3.228E+2
413.75	3.204E+2
414.10	4.078E+2
414.45	3.422E+2
414.81	4.393E+2
415.16	4.418E+2
415.52	4.126E+2
415.87	4.418E+2
416.22	4.539E+2
416.58	5.655E+2
416.93	6.092E+2
417.28	4.587E+2
417.64	6.141E+2
417.99	5.947E+2
418.34	6.748E+2
418.70	6.262E+2
419.05	7.136E+2
419.40	6.869E+2
419.76	8.107E+2
420.11	9.102E+2
420.46	8.520E+2
420.81	9.588E+2
421.17	1.068E+3
421.52	1.041E+3
421.87	1.056E+3
422.23	1.160E+3
422.58	1.235E+3
422.93	1.451E+3
423.28	1.308E+3
423.64	1.396E+3
423.99	1.439E+3
424.34	1.590E+3
424.69	1.527E+3
425.05	1.762E+3
425.40	1.830E+3
425.75	1.922E+3
426.10	1.973E+3
426.46	2.172E+3
426.81	2.129E+3
427.16	2.347E+3
427.51	2.447E+3
427.87	2.648E+3
428.22	2.767E+3
428.57	2.939E+3
428.92	3.085E+3
429.27	3.083E+3
429.63	3.252E+3
429.98	3.539E+3
430.33	3.592E+3
430.68	3.973E+3
431.03	3.871E+3
431.38	4.112E+3
431.74	4.473E+3
432.09	4.490E+3
432.44	4.840E+3
432.79	5.085E+3
433.14	5.260E+3
433.49	5.570E+3
433.85	5.871E+3
434.20	6.066E+3
434.55	6.328E+3
434.90	6.544E+3
435.25	6.818E+3
435.60	7.015E+3
435.95	7.677E+3
436.30	8.032E+3
436.66	8.151E+3
437.01	8.500E+3
437.36	8.813E+3
437.71	9.202E+3
438.06	9.452E+3
438.41	9.925E+3
438.76	1.021E+4
439.11	1.066E+4
439.46	1.108E+4
439.81	1.148E+4
440.16	1.187E+4
440.52	1.222E+4
440.87	1.247E+4
441.22	1.316E+4
441.57	1.343E+4
441.92	1.392E+4
442.27	1.449E+4
442.62	1.502E+4
442.97	1.517E+4
443.32	1.555E+4
443.67	1.611E+4
444.02	1.677E+4
444.37	1.725E+4
444.72	1.793E+4
445.07	1.825E+4
445.42	1.849E+4
445.77	1.942E+4
446.12	1.961E+4
446.47	2.052E+4
446.82	2.136E+4
447.17	2.133E+4
447.52	2.258E+4
447.87	2.306E+4
448.22	2.426E+4
448.57	2.445E+4
448.92	2.531E+4
449.27	2.607E+4
449.62	2.637E+4
449.97	2.741E+4
450.32	2.773E+4
450.66	2.845E+4
451.01	2.948E+4
451.36	3.029E+4
451.71	3.116E+4
452.06	3.150E+4
452.41	3.288E+4
452.76	3.365E+4
453.11	3.443E+4
453.46	3.505E+4
453.81	3.564E+4
454.16	3.579E+4
454.51	3.684E+4
454.85	3.745E+4
455.20	3.812E+4
455.55	3.985E+4
455.90	4.028E+4
456.25	4.038E+4
456.60	4.119E+4
456.95	4.227E+4
457.30	4.213E+4
457.64	4.401E+4
457.99	4.435E+4
458.34	4.443E+4
458.69	4.438E+4
459.04	4.564E+4
459.39	4.546E+4
459.73	4.685E+4
460.08	4.671E+4
460.43	4.634E+4
460.78	4.727E+4
461.13	4.858E+4
461.48	4.721E+4
461.82	4.788E+4
462.17	4.795E+4
462.52	4.817E+4
462.87	4.787E+4
463.21	4.800E+4
463.56	4.805E+4
463.91	4.796E+4
464.26	4.773E+4
464.61	4.780E+4
464.95	4.755E+4
465.30	4.750E+4
465.65	4.784E+4
466.00	4.625E+4
466.34	4.644E+4
466.69	4.569E+4
467.04	4.591E+4
467.39	4.489E+4
467.73	4.450E+4
468.08	4.332E+4
468.43	4.366E+4
468.77	4.318E+4
469.12	4.386E+4
469.47	4.251E+4
469.82	4.211E+4
470.16	4.148E+4
470.51	4.081E+4
470.86	4.081E+4
471.20	3.990E+4
471.55	3.943E+4
471.90	3.903E+4
472.24	3.893E+4
472.59	3.792E+4
472.94	3.768E+4
473.28	3.672E+4
473.63	3.667E+4
473.98	3.607E+4
474.32	3.553E+4
474.67	3.497E+4
475.02	3.471E+4
475.36	3.387E+4
475.71	3.385E+4
476.06	3.314E+4
476.40	3.305E+4
476.75	3.227E+4
477.09	3.177E+4
477.44	3.100E+4
477.79	3.126E+4
478.13	3.084E+4
478.48	2.988E+4
478.82	2.987E+4
479.17	2.960E+4
479.52	2.872E+4
479.86	2.781E+4
480.21	2.744E+4
480.55	2.729E+4
480.90	2.687E+4
481.24	2.640E+4
481.59	2.549E+4
481.94	2.539E+4
482.28	2.472E+4
482.63	2.439E+4
482.97	2.389E+4
483.32	2.354E+4
483.66	2.289E+4
484.01	2.160E+4
484.35	2.192E+4
484.70	2.077E+4
485.04	2.029E+4
485.39	2.030E+4
485.73	1.983E+4
486.08	1.914E+4
486.42	1.873E+4
486.77	1.823E+4
487.11	1.767E+4
487.46	1.728E+4
487.80	1.697E+4
488.15	1.646E+4
488.49	1.594E+4
488.84	1.531E+4
489.18	1.528E+4
489.53	1.467E+4
489.87	1.424E+4
490.21	1.388E+4
490.56	1.360E+4
490.90	1.336E+4
491.25	1.272E+4
491.59	1.248E+4
491.94	1.212E+4
492.28	1.189E+4
492.62	1.151E+4
492.97	1.108E+4
493.31	1.086E+4
493.66	1.032E+4
494.00	9.981E+3
494.34	9.801E+3
494.69	9.605E+3
495.03	9.202E+3
495.38	9.041E+3
495.72	8.922E+3
496.06	8.498E+3
496.41	8.219E+3
496.75	8.100E+3
497.09	7.867E+3
497.44	7.505E+3
497.78	7.170E+3
498.13	7.274E+3
498.47	6.859E+3
498.81	6.663E+3
499.16	6.655E+3
499.50	6.469E+3
499.84	6.221E+3
500.19	5.939E+3
500.53	5.760E+3
500.87	5.536E+3
501.21	5.600E+3
501.56	5.228E+3
501.90	5.197E+3
502.24	5.015E+3
502.59	4.716E+3
502.93	4.580E+3
503.27	4.493E+3
503.61	4.325E+3
503.96	4.274E+3
504.30	4.279E+3
504.64	4.053E+3
504.99	3.869E+3
505.33	3.837E+3
505.67	3.641E+3
506.01	3.422E+3
506.36	3.604E+3
506.70	3.405E+3
507.04	3.342E+3
507.38	3.160E+3
507.72	3.109E+3
508.07	3.083E+3
508.41	3.063E+3
508.75	2.893E+3
509.09	2.634E+3
509.44	2.704E+3
509.78	2.701E+3
510.12	2.590E+3
510.46	2.505E+3
510.80	2.391E+3
511.14	2.294E+3
511.49	2.194E+3
511.83	2.184E+3
512.17	2.194E+3
512.51	2.046E+3
512.85	2.044E+3
513.19	2.005E+3
513.54	1.893E+3
513.88	1.811E+3
514.22	1.726E+3
514.56	1.706E+3
514.90	1.600E+3
515.24	1.651E+3
515.58	1.517E+3
515.93	1.495E+3
516.27	1.468E+3
516.61	1.517E+3
516.95	1.417E+3
517.29	1.420E+3
517.63	1.345E+3
517.97	1.335E+3
518.31	1.238E+3
518.65	1.243E+3
518.99	1.214E+3
519.33	1.080E+3
519.67	1.075E+3
520.02	1.090E+3
520.36	1.218E+3
520.70	1.024E+3
521.04	9.102E+2
521.38	9.806E+2
521.72	9.296E+2
522.06	8.908E+2
522.40	9.393E+2
522.74	9.442E+2
523.08	7.185E+2
523.42	8.908E+2
523.76	8.617E+2
524.10	8.689E+2
524.44	7.864E+2
524.78	8.447E+2
525.12	7.063E+2
525.46	6.748E+2
525.80	8.665E+2
526.14	7.136E+2
526.48	6.068E+2
526.82	7.015E+2
527.16	4.976E+2
527.50	6.044E+2
527.84	5.898E+2
528.18	5.753E+2
528.52	5.437E+2
528.86	5.583E+2
529.20	5.364E+2
529.54	5.922E+2
529.87	4.879E+2
530.21	5.777E+2
530.55	5.461E+2
530.89	4.029E+2
531.23	4.854E+2
531.57	4.320E+2
531.91	4.296E+2
532.25	4.442E+2
532.59	3.665E+2
532.93	4.126E+2
533.27	3.228E+2
533.60	3.568E+2
533.94	3.495E+2
534.28	4.612E+2
534.62	3.811E+2
534.96	3.762E+2
535.30	3.204E+2
535.64	3.447E+2
535.98	3.471E+2
536.31	3.374E+2
536.65	2.864E+2
536.99	3.204E+2
537.33	3.714E+2
537.67	2.791E+2
538.01	2.257E+2
538.34	3.422E+2
538.68	2.864E+2
539.02	2.597E+2
539.36	1.481E+2
539.70	2.937E+2
540.03	2.646E+2
540.37	3.180E+2
540.71	2.961E+2
541.05	2.039E+2
541.39	2.573E+2
541.72	1.481E+2
542.06	2.379E+2
542.40	2.646E+2
542.74	2.184E+2
543.07	2.160E+2
543.41	1.117E+2
543.75	1.481E+2
544.09	1.456E+2
544.42	1.578E+2
544.76	1.553E+2
545.10	6.554E+1
545.44	2.209E+2
545.77	1.651E+2
546.11	9.466E+1
546.45	1.311E+2
546.78	1.505E+2
547.12	1.772E+2
547.46	2.184E+2
547.80	1.748E+2
548.13	6.554E+1
548.47	8.010E+1
548.81	1.238E+2
549.14	1.141E+2
549.48	1.117E+2
549.82	7.039E+1
550.15	1.723E+2
550.49	1.918E+2
550.83	1.869E+2
551.16	7.524E+1
551.50	1.675E+2
551.84	1.092E+2
552.17	1.529E+2
552.51	1.044E+2
552.84	1.456E+2
553.18	1.359E+2
553.52	8.738E+1
553.85	1.092E+2
554.19	1.796E+2
554.53	5.340E+1
554.86	1.748E+2
555.20	1.408E+2
555.53	1.553E+2
555.87	1.141E+2
556.20	1.578E+2
556.54	6.796E+1
556.88	1.238E+2
557.21	2.039E+2
557.55	1.553E+2
557.88	3.155E+1
558.22	7.767E+1
558.55	1.117E+2
558.89	1.214E+2
559.23	1.117E+2
559.56	4.369E+1
559.90	1.942E+1
560.23	8.495E+1
560.57	1.092E+2
560.90	1.918E+2
561.24	1.626E+2
561.57	1.214E+2
561.91	9.223E+1
562.24	6.068E+1
562.58	-9.709E+0
562.91	9.223E+1
563.25	2.670E+1
563.58	4.612E+1
563.92	8.738E+1
564.25	-1.942E+1
564.59	1.723E+2
564.92	1.748E+2
565.25	9.709E+0
565.59	1.651E+2
565.92	1.019E+2
566.26	1.141E+2
566.59	1.602E+2
566.93	2.913E+1
567.26	6.311E+1
567.60	1.238E+2
567.93	1.092E+2
568.26	8.010E+1
568.60	1.651E+2
568.93	3.641E+1
569.27	4.126E+1
569.60	1.068E+2
569.93	4.854E+0
570.27	6.796E+1
570.60	9.709E+0
570.94	-2.670E+1
571.27	4.369E+1
571.60	9.466E+1
571.94	1.602E+2
572.27	3.884E+1
572.60	-9.709E+0
572.94	6.068E+1
573.27	4.369E+1
573.60	1.481E+2
573.94	9.223E+1
574.27	1.456E+1
574.60	-6.068E+1
574.94	5.583E+1
575.27	1.214E+1
575.60	1.214E+1
575.94	1.141E+2
576.27	9.709E+1
576.60	1.214E+2
576.94	6.796E+1
577.27	2.670E+1
577.60	4.612E+1
577.94	3.884E+1
578.27	9.952E+1
578.60	-2.427E+1
578.93	1.772E+2
579.27	1.578E+2
579.60	-4.369E+1
579.93	3.155E+1
580.26	1.578E+2
580.60	5.340E+1
580.93	9.466E+1
581.26	-2.427E+0
581.59	1.262E+2
581.93	4.369E+1
582.26	7.039E+1
582.59	6.068E+1
582.92	-2.427E+1
583.25	7.282E+1
583.59	3.641E+1
583.92	2.184E+1
584.25	8.981E+1
584.58	2.063E+2
584.91	7.524E+1
585.25	-9.709E+0
585.58	0.000E+0
585.91	-2.427E+0
586.24	8.981E+1
586.57	5.825E+1
586.90	1.942E+1
587.24	8.738E+1
587.57	4.369E+1
587.90	8.738E+1
588.23	1.456E+1
588.56	5.825E+1
588.89	5.340E+1
589.22	8.010E+1
589.56	-2.427E+1
589.89	9.952E+1
590.22	0.000E+0
590.55	6.068E+1
590.88	3.398E+1
591.21	1.432E+2
591.54	1.092E+2
591.87	4.369E+1
592.20	8.738E+1
592.53	7.282E+0
592.87	6.554E+1
593.20	0.000E+0
593.53	6.554E+1
593.86	1.456E+2
594.19	4.612E+1
594.52	7.039E+1
594.85	4.369E+1
595.18	9.709E+1
595.51	-5.340E+1
595.84	3.398E+1
596.17	-3.398E+1
596.50	5.583E+1
596.83	1.699E+2
597.16	8.495E+1
597.49	9.952E+1
597.82	8.495E+1
598.15	2.670E+1
598.48	2.670E+1
598.81	-1.942E+1
599.14	0.000E+0
599.47	9.952E+1
599.80	1.456E+1
600.13	2.184E+1
600.46	6.796E+1
600.79	1.019E+2
601.12	-9.466E+1
601.45	7.524E+1
601.78	1.942E+1
602.11	7.282E+1
602.44	1.214E+1
602.77	2.670E+1
603.10	7.767E+1
603.42	-4.854E+0
603.75	1.384E+2
604.08	-2.913E+1
604.41	9.466E+1
604.74	1.117E+2
605.07	6.554E+1
605.40	-9.709E+1
605.73	7.282E+1
606.06	1.699E+1
606.39	-4.126E+1
606.71	5.825E+1
607.04	1.117E+2
607.37	2.427E+0
607.70	6.554E+1
608.03	3.884E+1
608.36	-7.282E+1
608.69	7.039E+1
609.02	1.019E+2
609.34	2.670E+1
609.67	3.884E+1
610.00	4.126E+1
610.33	2.427E+1
610.66	9.466E+1
610.98	-9.223E+1
611.31	-9.709E+0
611.64	9.952E+1
611.97	6.554E+1
612.30	4.126E+1
612.63	3.641E+1
612.95	1.942E+1
613.28	1.456E+1
613.61	5.583E+1
613.94	2.427E+1
614.26	-3.641E+1
614.59	5.825E+1
614.92	5.097E+1
615.25	4.854E+0
615.57	7.039E+1
615.90	3.398E+1
616.23	6.311E+1
616.56	6.554E+1
616.88	5.583E+1
617.21	7.282E+0
617.54	1.699E+1
617.87	-5.583E+1
618.19	-4.126E+1
618.52	-8.253E+1
618.85	-2.427E+1
619.17	2.184E+1
619.50	3.155E+1
619.83	4.854E+0
620.15	-2.427E+0
620.48	8.010E+1
620.81	4.369E+1
621.14	8.253E+1
621.46	7.039E+1
621.79	5.097E+1
622.11	7.039E+1
622.44	1.092E+2
622.77	2.670E+1
623.09	1.335E+2
623.42	-2.913E+1
623.75	9.709E+1
624.07	2.427E+0
624.40	6.554E+1
624.73	2.913E+1
625.05	4.369E+1
625.38	-1.942E+1
625.70	8.495E+1
626.03	-2.427E+0
626.36	7.767E+1
626.68	-5.583E+1
627.01	-5.825E+1
627.33	1.311E+2
627.66	5.340E+1
627.99	8.738E+1
628.31	3.641E+1
628.64	5.825E+1
628.96	-7.282E+0
629.29	-2.670E+1
629.61	-9.709E+0
629.94	1.019E+2
630.26	1.942E+1
630.59	-1.699E+1
630.91	4.126E+1
631.24	-5.340E+1
631.57	7.524E+1
631.89	0.000E+0
632.22	9.466E+1
632.54	-7.039E+1
632.87	1.699E+1
633.19	-8.495E+1
633.52	-4.854E+1
633.84	1.456E+1
634.16	-2.427E+0
634.49	2.427E+1
634.81	5.097E+1
635.14	5.825E+1
635.46	2.184E+1
635.79	4.854E+0
636.11	-2.184E+1
636.44	8.253E+1
636.76	6.796E+1
637.09	-3.155E+1
637.41	-1.214E+1
637.73	-4.612E+1
638.06	-1.481E+2
638.38	-1.456E+1
638.71	4.854E+1
639.03	-8.010E+1
639.36	-1.699E+1
639.68	1.942E+1
640.00	7.039E+1
640.33	-5.340E+1
640.65	1.214E+1
640.97	-2.670E+1
641.30	5.340E+1
641.62	4.854E+0
641.95	4.612E+1
642.27	6.068E+1
642.59	2.427E+0
642.92	-2.670E+1
643.24	-4.612E+1
643.56	-3.155E+1
643.89	-4.369E+1
644.21	-9.223E+1
644.53	-7.524E+1
644.86	-2.670E+1
645.18	7.767E+1
645.50	-2.184E+1
645.83	5.583E+1
646.15	1.456E+1
646.47	-5.583E+1
646.80	-2.913E+1
647.12	-4.369E+1
647.44	3.641E+1
647.76	-7.282E+0
648.09	-3.398E+1
648.41	-2.913E+1
648.73	-1.214E+1
649.05	-9.709E+0
649.38	7.282E+0
649.70	2.670E+1
650.02	-2.913E+1
650.34	3.398E+1
650.67	-4.854E+1
650.99	-3.641E+1
651.31	5.097E+1
651.63	4.854E+1
651.96	2.184E+1
652.28	4.369E+1
652.60	1.942E+1
652.92	-5.825E+1
653.24	1.456E+1
653.57	-2.913E+1
653.89	-1.699E+1
654.21	-5.825E+1
654.53	-2.913E+1
654.85	-5.097E+1
655.18	2.913E+1
655.50	-1.214E+1
655.82	1.456E+1
656.14	3.398E+1
656.46	5.583E+1
656.78	-6.311E+1
657.10	-7.767E+1
657.43	4.612E+1
657.75	-2.670E+1
658.07	1.141E+2
658.39	7.039E+1
658.71	0.000E+0
659.03	9.709E+0
659.35	2.427E+0
659.67	9.709E+0
659.99	1.044E+2
660.32	0.000E+0
660.64	2.913E+1
660.96	1.699E+1
661.28	-1.456E+1
661.60	-1.942E+1
661.92	6.796E+1
662.24	0.000E+0
662.56	8.010E+1
662.88	5.097E+1
663.20	-6.311E+1
663.52	3.398E+1
663.84	2.913E+1
664.16	1.456E+1
664.48	-4.854E+0
664.80	3.155E+1
665.12	4.612E+1
665.44	4.369E+1
665.76	-9.466E+1
666.08	3.641E+1
666.40	2.913E+1
666.72	7.767E+1
667.04	1.699E+1
667.36	1.481E+2
667.68	1.068E+2
668.00	4.369E+1
668.32	-5.340E+1
668.64	5.825E+1
668.96	-1.699E+1
669.28	5.340E+1
669.60	3.155E+1
669.92	-5.097E+1
670.24	2.427E+1
670.56	5.097E+1
670.88	7.282E+0
671.20	3.884E+1
671.52	9.709E+0
671.84	1.699E+1
672.16	1.214E+1
672.47	-6.796E+1
672.79	-9.223E+1
673.11	-9.709E+0
673.43	-1.456E+1
673.75	1.214E+1
674.07	-2.913E+1
674.39	1.189E+2
674.71	4.854E+1
675.03	-6.068E+1
675.34	3.641E+1
675.66	9.709E+0
675.98	3.155E+1
676.30	9.709E+0
676.62	-7.524E+1
676.94	3.398E+1
677.25	6.796E+1
677.57	4.369E+1
677.89	-1.942E+1
678.21	6.311E+1
678.53	7.039E+1
678.85	2.913E+1
679.16	-2.184E+1
679.48	-2.913E+1
679.80	-6.068E+1
680.12	2.184E+1
680.44	-2.427E+1
680.75	-1.141E+2
681.07	-1.165E+2
681.39	-1.092E+2
681.71	-2.670E+1
682.02	3.641E+1
682.34	-7.282E+1
682.66	-6.796E+1
682.98	-7.282E+1
683.29	5.583E+1
683.61	-4.612E+1
683.93	1.699E+1
684.25	2.913E+1
684.56	-1.699E+1
684.88	5.340E+1
685.20	3.398E+1
685.51	8.981E+1
685.83	4.854E+1
686.15	4.126E+1
686.47	2.670E+1
686.78	-1.214E+1
687.10	2.913E+1
687.42	7.282E+1
687.73	-2.427E+1
688.05	-7.524E+1
688.37	2.670E+1
688.68	3.398E+1
689.00	-3.155E+1
689.32	2.427E+0
689.63	-7.282E+0
689.95	1.214E+1
690.26	5.097E+1
690.58	-4.612E+1
690.90	1.481E+2
691.21	5.097E+1
691.53	-1.456E+1
691.85	6.068E+1
692.16	-1.456E+1
692.48	-4.854E+0
692.79	4.854E+0
693.11	7.039E+1
693.42	-4.854E+0
693.74	-4.126E+1
694.06	1.141E+2
694.37	3.155E+1
694.69	-7.524E+1
695.00	-7.039E+1
695.32	-1.699E+1
695.63	-9.709E+0
695.95	-4.854E+1
696.26	5.825E+1
696.58	2.184E+1
696.90	-3.398E+1
697.21	1.942E+1
697.53	-1.456E+1
697.84	5.825E+1
698.16	-1.456E+1
698.47	2.184E+1
698.79	8.738E+1
699.10	-1.481E+2
699.42	5.825E+1
699.73	3.641E+1
700.05	3.641E+1
700.36	-1.942E+1
700.68	5.097E+1
700.99	-4.369E+1
701.30	-3.155E+1
701.62	-4.369E+1
701.93	1.311E+2
702.25	0.000E+0
702.56	7.524E+1
702.88	8.010E+1
703.19	-3.155E+1
703.50	8.495E+1
703.82	-7.282E+1
704.13	7.767E+1
704.45	7.039E+1
704.76	-1.456E+1
705.08	1.456E+1
705.39	7.039E+1
705.70	-9.709E+0
706.02	8.495E+1
706.33	-4.612E+1
706.64	7.282E+0
706.96	-5.340E+1
707.27	1.068E+2
707.59	5.340E+1
707.90	3.155E+1
708.21	2.427E+0
708.53	-7.039E+1
708.84	-1.068E+2
709.15	-8.010E+1
709.47	8.010E+1
709.78	-5.583E+1
710.09	3.641E+1
710.41	-5.825E+1
710.72	-4.612E+1
711.03	-7.524E+1
711.34	-5.340E+1
711.66	-5.825E+1
711.97	4.369E+1
712.28	-4.854E+0
712.60	-4.854E+0
712.91	-1.214E+1
713.22	7.282E+1
713.53	-3.155E+1
713.85	-2.427E+0
714.16	5.583E+1
714.47	-4.612E+1
714.78	7.039E+1
715.10	-3.155E+1
715.41	-5.583E+1
715.72	3.641E+1
716.03	-4.854E+1
716.35	-7.767E+1
716.66	-2.184E+1
716.97	-6.311E+1
717.28	2.427E+0
717.59	-5.825E+1
717.91	0.000E+0
718.22	8.253E+1
718.53	-2.184E+1
718.84	-3.155E+1
719.15	-4.854E+1
719.46	-1.456E+1
719.78	1.286E+2
720.09	5.825E+1
720.40	2.427E+0
720.71	0.000E+0
721.02	-3.155E+1
721.33	4.369E+1
721.65	2.427E+1
721.96	-6.796E+1
722.27	6.796E+1
722.58	-2.427E+1
722.89	-7.524E+1
723.20	9.466E+1
723.51	7.282E+1
723.82	9.223E+1
724.13	7.524E+1
724.45	2.670E+1
724.76	-4.854E+0
725.07	-2.427E+0
725.38	-2.184E+1
725.69	-1.699E+1
726.00	-8.253E+1
726.31	7.282E+0
726.62	-4.369E+1
726.93	2.913E+1
727.24	7.039E+1
727.55	-7.524E+1
727.86	5.583E+1
728.17	4.612E+1
728.48	-4.369E+1
728.79	1.699E+1
729.10	1.311E+2
729.41	9.709E+0
729.72	-1.141E+2
730.03	-1.384E+2
730.34	6.796E+1
730.65	-9.952E+1
730.96	-7.282E+1
731.27	1.044E+2
731.58	9.709E+0
731.89	1.456E+1
732.20	9.709E+0
732.51	-7.039E+1
732.82	-1.214E+1
733.13	1.456E+1
733.44	7.524E+1
733.75	-4.854E+0
734.06	2.913E+1
734.37	-2.184E+1
734.68	1.214E+1
734.98	-1.942E+1
735.29	-2.427E+0
735.60	9.709E+0
735.91	5.097E+1
736.22	-6.311E+1
736.53	-1.456E+1
736.84	-1.699E+1
737.15	-3.884E+1
737.46	1.019E+2
737.77	5.583E+1
738.07	-1.699E+1
738.38	3.641E+1
738.69	1.942E+1
739.00	-6.068E+1
739.31	-5.097E+1
739.62	8.495E+1
739.92	1.456E+1
740.23	4.854E+1
740.54	3.155E+1
740.85	4.854E+0
741.16	1.214E+2
741.47	1.699E+1
741.77	4.854E+1
742.08	2.913E+1
742.39	-5.583E+1
742.70	-2.184E+1
743.01	3.155E+1
743.31	-4.369E+1
743.62	2.427E+1
743.93	3.398E+1
744.24	-2.913E+1
744.54	4.854E+1
744.85	9.466E+1
745.16	-7.282E+0
745.47	1.699E+1
745.77	-2.913E+1
746.08	-1.942E+1
746.39	7.282E+0
746.70	-6.068E+1
747.00	-5.097E+1
747.31	-6.796E+1
747.62	-1.942E+1
747.92	7.282E+1
748.23	4.854E+0
748.54	-4.854E+0
748.84	-3.398E+1
749.15	9.223E+1
749.46	3.641E+1
749.76	1.214E+1
750.07	5.583E+1
750.38	6.554E+1
750.68	5.097E+1
750.99	3.398E+1
751.30	5.340E+1
751.60	8.495E+1
751.91	2.427E+0
752.22	4.126E+1
752.52	-4.612E+1
752.83	5.097E+1
753.14	-4.854E+0
753.44	4.126E+1
753.75	1.141E+2
754.05	3.155E+1
754.36	-7.282E+0
754.67	-2.427E+0
754.97	9.223E+1
755.28	-4.369E+1
755.58	-9.709E+0
755.89	1.942E+1
756.19	6.068E+1
756.50	8.981E+1
756.81	1.189E+2
757.11	-7.282E+1
757.42	6.311E+1
757.72	-5.583E+1
758.03	4.126E+1
758.33	-1.019E+2
758.64	7.524E+1
758.94	-3.155E+1
759.25	-3.398E+1
759.55	-1.068E+2
759.86	-9.466E+1
760.16	4.854E+0
760.47	-4.369E+1
760.77	-1.699E+1
761.08	8.738E+1
761.38	2.427E+1
761.69	4.126E+1
761.99	1.214E+1
762.30	8.495E+1
762.60	5.340E+1
762.91	-1.699E+1
763.21	-9.466E+1
763.51	1.092E+2
763.82	-1.699E+1
764.12	9.952E+1
764.43	-5.825E+1
764.73	2.184E+1
765.04	1.942E+1
765.34	1.942E+1
765.64	-4.854E+1
765.95	7.767E+1
766.25	3.641E+1
766.56	-2.913E+1
766.86	1.942E+1
767.16	-4.854E+0
767.47	-6.311E+1
767.77	-4.854E+0
768.07	-3.884E+1
768.38	7.767E+1
768.68	-7.524E+1
768.98	-1.214E+1
769.29	5.097E+1
769.59	8.253E+1
769.89	-9.709E+0
770.20	6.068E+1
770.50	-2.913E+1
770.80	-2.427E+1
771.11	2.184E+1
771.41	4.854E+0
771.71	1.699E+1
772.02	5.825E+1
772.32	5.583E+1
772.62	0.000E+0
772.93	-2.670E+1
773.23	-1.165E+2
773.53	4.854E+1
773.83	1.384E+2
774.14	-2.427E+1
774.44	-1.456E+1
774.74	9.223E+1
775.04	-8.253E+1
775.35	2.427E+0
775.65	-6.554E+1
775.95	-7.282E+0
776.25	2.184E+1
776.55	2.427E+0
776.86	-2.427E+1
777.16	4.854E+0
777.46	-1.456E+1
777.76	-5.340E+1
778.06	-6.311E+1
778.37	1.141E+2
778.67	-4.126E+1
778.97	-4.126E+1
779.27	2.184E+1
779.57	2.670E+1
779.88	-3.155E+1
780.18	9.709E+0
780.48	-3.398E+1
780.78	-3.398E+1
781.08	4.854E+0
781.38	-7.282E+0
781.68	-7.767E+1
781.98	-2.427E+0
782.29	2.184E+1
782.59	7.039E+1
782.89	0.000E+0
783.19	9.709E+0
783.49	2.184E+1
783.79	2.184E+1
784.09	-2.427E+0
784.39	-1.165E+2
784.69	-1.942E+1
784.99	1.214E+1
785.30	-5.097E+1
785.60	5.583E+1
785.90	-4.854E+0
786.20	3.884E+1
786.50	2.427E+1
786.80	6.068E+1
787.10	2.670E+1
787.40	4.126E+1
787.70	-4.854E+0
788.00	-7.282E+0
788.30	-6.311E+1
788.60	3.641E+1
788.90	-1.456E+1
789.20	3.641E+1
789.50	5.583E+1
789.80	7.039E+1
790.10	5.825E+1
790.40	5.097E+1
790.70	2.670E+1
791.00	2.184E+1
791.30	2.427E+0
791.60	3.398E+1
791.90	1.699E+1
792.20	8.495E+1
792.50	-5.097E+1
792.79	-6.068E+1
793.09	-5.097E+1
793.39	4.612E+1
793.69	8.495E+1
793.99	1.214E+1
794.29	1.214E+1
794.59	-4.854E+1
794.89	2.427E+0
795.19	-4.126E+1
795.49	5.097E+1
795.79	-6.068E+1
796.08	-2.427E+1
796.38	1.092E+2
796.68	-2.427E+0
796.98	2.913E+1
797.28	9.709E+1
797.58	1.214E+1
797.88	-7.767E+1
798.17	-1.699E+1
798.47	3.884E+1
798.77	5.825E+1
799.07	-5.583E+1
799.37	9.709E+0
799.67	3.398E+1
799.96	2.913E+1
800.26	3.884E+1
800.56	4.854E+0
800.86	-4.854E+1
801.16	6.068E+1
801.45	3.884E+1
801.75	-4.854E+1
802.05	-8.010E+1
802.35	4.854E+0
802.64	-1.092E+2
802.94	9.709E+0
803.24	-1.456E+1
803.54	-9.223E+1
803.83	-6.068E+1
804.13	-9.709E+0
804.43	9.709E+0
804.73	-1.675E+2
805.02	2.670E+1
805.32	-1.942E+1
805.62	-1.942E+1
805.91	-4.854E+1
806.21	-4.854E+0
806.51	-9.466E+1
806.81	-4.854E+1
807.10	-6.796E+1
807.40	1.942E+1
807.70	1.214E+1
807.99	-4.854E+0
808.29	-7.767E+1
808.59	4.369E+1
808.88	1.117E+2
809.18	-6.554E+1
809.47	-3.155E+1
809.77	1.942E+1
810.07	-7.282E+0
810.36	-2.427E+0
810.66	2.427E+1
810.96	-5.340E+1
811.25	3.884E+1
811.55	2.184E+1
811.84	9.709E+0
812.14	6.554E+1
812.44	-7.282E+0
812.73	6.311E+1
813.03	-4.612E+1
813.32	-9.709E+0
813.62	-5.340E+1
813.91	-1.214E+1
814.21	-2.670E+1
814.51	-4.369E+1
814.80	-1.553E+2
815.10	-2.184E+1
815.39	-3.884E+1
815.69	2.427E+0
815.98	8.981E+1
816.28	4.369E+1
816.57	4.854E+0
816.87	4.854E+1
817.16	3.398E+1
817.46	4.126E+1
817.75	-6.068E+1
818.05	1.699E+1
818.34	-4.854E+0
818.64	2.670E+1
818.93	-9.709E+1
819.23	4.854E+0
819.52	2.913E+1
819.82	3.641E+1
820.11	-7.767E+1
820.40	-5.825E+1
820.70	4.612E+1
820.99	-1.068E+2
821.29	-7.282E+0
821.58	8.253E+1
821.88	-3.398E+1
822.17	-5.097E+1
822.46	5.340E+1
822.76	4.369E+1
823.05	-5.583E+1
823.35	3.155E+1
823.64	3.884E+1
823.93	1.214E+1
824.23	1.335E+2
824.52	-3.155E+1
824.81	2.184E+1
825.11	-5.825E+1
825.40	-2.427E+0
825.69	0.000E+0
825.99	2.184E+1
826.28	4.612E+1
826.58	-1.456E+1
826.87	-9.709E+0
827.16	1.942E+1
827.45	6.796E+1
827.75	2.670E+1
828.04	-8.495E+1
828.33	8.253E+1
828.63	-9.709E+0
828.92	6.796E+1
829.21	-9.709E+0
829.51	-4.369E+1
829.80	4.612E+1
830.09	-1.019E+2
830.38	-9.709E+0
830.68	8.253E+1
830.97	2.670E+1
831.26	7.767E+1
831.55	-2.184E+1
831.85	-1.456E+1
832.14	6.068E+1
832.43	8.010E+1
832.72	-2.427E+1
833.01	2.427E+1
833.31	-2.670E+1
833.60	-9.952E+1
833.89	-1.456E+1
834.18	3.641E+1
834.47	6.068E+1
834.77	8.253E+1
835.06	5.097E+1
835.35	2.184E+1
835.64	2.427E+1
835.93	5.340E+1
836.22	7.282E+0
836.52	-6.311E+1
836.81	-6.311E+1
837.10	-2.670E+1
837.39	-1.214E+1
837.68	9.709E+0
837.97	8.010E+1
838.26	1.699E+1
838.55	6.068E+1
838.85	6.796E+1
839.14	1.942E+1
839.43	9.952E+1
839.72	3.884E+1
840.01	-2.427E+0
840.30	9.709E+0
840.59	7.767E+1
840.88	1.456E+1
841.17	-1.942E+1
841.46	-9.709E+1
841.75	0.000E+0
842.04	3.884E+1
842.33	-7.282E+0
842.62	-9.709E+0
842.91	3.884E+1
843.21	1.359E+2
843.50	-3.398E+1
843.79	7.282E+0
844.08	-5.340E+1
844.37	-9.709E+0
844.66	2.913E+1
844.95	-6.554E+1
845.24	-1.214E+1
845.53	1.699E+1
845.81	1.456E+1
846.10	8.738E+1
846.39	2.670E+1
846.68	3.155E+1
846.97	-9.709E+0
847.26	8.010E+1
847.55	-4.854E+1
847.84	-2.913E+1
848.13	1.019E+2
848.42	4.854E+1
848.71	-1.214E+1
849.00	7.767E+1
849.29	-9.709E+0
849.58	1.699E+1
849.87	3.398E+1
850.15	5.583E+1
850.44	-3.398E+1
850.73	-1.456E+1
851.02	1.238E+2
851.31	1.044E+2
851.60	5.583E+1
851.89	8.495E+1
852.18	8.981E+1
852.46	3.155E+1
852.75	1.068E+2
853.04	2.184E+1
853.33	-3.884E+1
853.62	2.427E+1
853.91	-4.612E+1
854.19	-9.709E+0
854.48	-8.010E+1
854.77	1.942E+1
855.06	1.699E+1
855.35	-2.427E+1
855.63	1.942E+1
855.92	4.854E+1
856.21	-1.456E+1
856.50	1.699E+1
856.79	-6.068E+1
857.07	6.796E+1
857.36	0.000E+0
857.65	-6.068E+1
857.94	-1.699E+1
858.22	2.427E+1
858.51	2.913E+1
858.80	1.942E+1
859.08	-4.126E+1
859.37	-4.369E+1
859.66	1.214E+1
859.95	4.854E+0
860.23	-3.398E+1
860.52	9.709E+0
860.81	-2.670E+1
861.09	1.214E+1
861.38	-1.699E+1
861.67	-1.286E+2
861.95	-1.942E+1
862.24	6.554E+1
862.53	0.000E+0
862.81	-2.427E+0
863.10	7.282E+0
863.39	-6.311E+1
863.67	-7.039E+1
863.96	1.456E+1
864.25	5.583E+1
864.53	-1.456E+1
864.82	-4.612E+1
865.10	-2.427E+0
865.39	-2.427E+0
865.68	-4.854E+0
865.96	2.670E+1
866.25	3.155E+1
866.53	3.155E+1
866.82	3.155E+1