Wavelength	Intensity	Ocean Optics Flame
nm	counts
187.89	-1.942E+1
188.27	-3.155E+1
188.64	-6.796E+1
189.02	-3.155E+1
189.40	-1.699E+1
189.78	6.796E+1
190.15	-3.884E+1
190.53	5.340E+1
190.91	2.184E+1
191.29	-3.155E+1
191.66	-9.709E+0
192.04	4.854E+0
192.42	8.981E+1
192.80	1.311E+2
193.17	-7.039E+1
193.55	-9.709E+0
193.93	6.068E+1
194.30	-7.282E+0
194.68	-7.282E+0
195.06	-3.398E+1
195.44	2.427E+1
195.81	-6.554E+1
196.19	-1.942E+1
196.57	-3.641E+1
196.94	2.184E+1
197.32	4.612E+1
197.70	8.253E+1
198.07	2.913E+1
198.45	1.699E+1
198.83	1.286E+2
199.20	2.427E+0
199.58	1.699E+1
199.96	-4.369E+1
200.33	6.068E+1
200.71	3.884E+1
201.09	-2.427E+1
201.46	-1.214E+1
201.84	4.126E+1
202.22	-1.699E+1
202.59	-3.884E+1
202.97	5.097E+1
203.34	-5.097E+1
203.72	-3.641E+1
204.10	-2.427E+1
204.47	7.282E+1
204.85	7.039E+1
205.23	-3.398E+1
205.60	8.981E+1
205.98	1.699E+1
206.35	1.529E+2
206.73	-4.854E+1
207.11	-1.286E+2
207.48	7.524E+1
207.86	7.767E+1
208.23	5.583E+1
208.61	2.427E+1
208.98	3.155E+1
209.36	-6.796E+1
209.74	6.796E+1
210.11	6.554E+1
210.49	4.612E+1
210.86	2.184E+1
211.24	1.359E+2
211.61	0.000E+0
211.99	8.495E+1
212.36	8.010E+1
212.74	-4.126E+1
213.11	-4.854E+0
213.49	0.000E+0
213.87	-2.670E+1
214.24	-7.767E+1
214.62	-8.981E+1
214.99	9.952E+1
215.37	3.398E+1
215.74	2.427E+1
216.12	-2.913E+1
216.49	3.884E+1
216.87	2.670E+1
217.24	1.286E+2
217.62	1.699E+1
217.99	1.456E+1
218.37	9.709E+0
218.74	4.612E+1
219.11	2.670E+1
219.49	7.282E+0
219.86	2.184E+1
220.24	6.796E+1
220.61	-7.282E+0
220.99	-1.699E+1
221.36	2.670E+1
221.74	2.427E+0
222.11	-1.456E+1
222.49	-5.340E+1
222.86	9.466E+1
223.23	6.311E+1
223.61	-4.854E+0
223.98	-2.427E+0
224.36	-7.282E+0
224.73	-1.456E+1
225.11	1.238E+2
225.48	-6.554E+1
225.85	7.282E+0
226.23	-1.044E+2
226.60	2.670E+1
226.98	3.884E+1
227.35	1.214E+1
227.72	-2.670E+1
228.10	6.796E+1
228.47	8.010E+1
228.84	1.019E+2
229.22	1.942E+1
229.59	-3.641E+1
229.97	6.796E+1
230.34	5.583E+1
230.71	7.039E+1
231.09	4.854E+1
231.46	-5.825E+1
231.83	-4.854E+1
232.21	5.340E+1
232.58	-1.044E+2
232.95	-1.942E+1
233.33	-5.340E+1
233.70	1.942E+1
234.07	-2.184E+1
234.45	9.709E+0
234.82	1.942E+1
235.19	-2.184E+1
235.57	-2.913E+1
235.94	1.942E+1
236.31	9.709E+0
236.69	1.456E+1
237.06	5.583E+1
237.43	4.854E+1
237.80	7.282E+1
238.18	-1.456E+1
238.55	-1.214E+1
238.92	-2.427E+1
239.30	0.000E+0
239.67	1.214E+1
240.04	-3.641E+1
240.41	3.398E+1
240.79	1.044E+2
241.16	-4.854E+1
241.53	-7.767E+1
241.90	3.155E+1
242.28	6.068E+1
242.65	2.427E+1
243.02	-9.709E+0
243.39	1.456E+1
243.77	1.942E+1
244.14	-2.913E+1
244.51	-1.699E+1
244.88	6.311E+1
245.25	5.097E+1
245.63	4.854E+1
246.00	7.767E+1
246.37	4.126E+1
246.74	7.039E+1
247.11	-9.709E+0
247.49	4.854E+0
247.86	5.825E+1
248.23	3.155E+1
248.60	3.398E+1
248.97	-4.854E+1
249.35	-8.010E+1
249.72	9.223E+1
250.09	-9.709E+0
250.46	-2.427E+0
250.83	-2.427E+1
251.20	5.583E+1
251.58	-7.282E+0
251.95	1.456E+1
252.32	-1.942E+1
252.69	1.214E+1
253.06	1.019E+2
253.43	1.214E+1
253.80	-1.141E+2
254.17	5.340E+1
254.55	-3.398E+1
254.92	-8.495E+1
255.29	4.854E+1
255.66	6.068E+1
256.03	1.699E+1
256.40	2.427E+0
256.77	2.913E+1
257.14	-2.913E+1
257.51	7.282E+1
257.88	0.000E+0
258.26	4.854E+1
258.63	3.398E+1
259.00	6.796E+1
259.37	1.214E+1
259.74	-2.427E+1
260.11	4.854E+1
260.48	-7.282E+0
260.85	6.311E+1
261.22	5.825E+1
261.59	4.612E+1
261.96	4.854E+0
262.33	-9.709E+0
262.70	6.068E+1
263.07	7.282E+1
263.44	1.456E+1
263.81	2.427E+0
264.18	9.709E+1
264.55	8.981E+1
264.92	5.097E+1
265.29	3.641E+1
265.66	1.699E+1
266.03	0.000E+0
266.40	-2.913E+1
266.77	6.796E+1
267.14	7.767E+1
267.51	6.068E+1
267.88	1.942E+1
268.25	1.942E+1
268.62	0.000E+0
268.99	3.884E+1
269.36	1.942E+1
269.73	-1.942E+1
270.10	-8.738E+1
270.47	8.738E+1
270.84	-6.311E+1
271.21	2.913E+1
271.58	-4.854E+0
271.95	2.913E+1
272.32	-1.456E+1
272.69	6.068E+1
273.06	-1.456E+1
273.43	2.184E+1
273.80	1.117E+2
274.17	8.495E+1
274.53	2.670E+1
274.90	-5.583E+1
275.27	-1.942E+1
275.64	2.184E+1
276.01	5.825E+1
276.38	2.913E+1
276.75	4.126E+1
277.12	-9.709E+0
277.49	4.854E+1
277.86	-7.767E+1
278.22	0.000E+0
278.59	1.942E+1
278.96	-2.427E+1
279.33	-1.942E+1
279.70	-1.456E+1
280.07	4.854E+0
280.44	1.408E+2
280.80	-5.097E+1
281.17	5.340E+1
281.54	-1.214E+1
281.91	-2.184E+1
282.28	-4.126E+1
282.65	-4.854E+1
283.02	-1.214E+1
283.38	-2.427E+0
283.75	-1.942E+1
284.12	8.981E+1
284.49	1.942E+1
284.86	-6.796E+1
285.22	9.709E+1
285.59	1.942E+1
285.96	6.554E+1
286.33	5.825E+1
286.70	0.000E+0
287.06	3.398E+1
287.43	1.262E+2
287.80	-4.369E+1
288.17	-2.913E+1
288.53	2.427E+1
288.90	3.155E+1
289.27	5.825E+1
289.64	8.010E+1
290.01	-1.942E+1
290.37	-1.214E+1
290.74	-2.670E+1
291.11	-9.709E+0
291.48	5.340E+1
291.84	1.942E+1
292.21	5.340E+1
292.58	2.670E+1
292.94	-9.709E+0
293.31	-7.282E+0
293.68	5.825E+1
294.05	7.524E+1
294.41	2.913E+1
294.78	0.000E+0
295.15	-7.524E+1
295.51	2.913E+1
295.88	-1.456E+1
296.25	2.427E+1
296.61	3.398E+1
296.98	1.699E+1
297.35	-9.709E+0
297.72	2.670E+1
298.08	1.214E+1
298.45	4.126E+1
298.82	2.427E+1
299.18	6.796E+1
299.55	2.670E+1
299.91	2.427E+0
300.28	1.456E+1
300.65	6.554E+1
301.01	-7.767E+1
301.38	2.670E+1
301.75	3.155E+1
302.11	8.981E+1
302.48	2.670E+1
302.85	1.942E+1
303.21	-1.408E+2
303.58	5.825E+1
303.94	7.282E+1
304.31	-7.282E+0
304.68	4.854E+0
305.04	-2.184E+1
305.41	8.253E+1
305.77	-7.039E+1
306.14	2.427E+1
306.51	1.189E+2
306.87	2.670E+1
307.24	1.092E+2
307.60	1.117E+2
307.97	4.126E+1
308.33	5.340E+1
308.70	-5.825E+1
309.07	8.495E+1
309.43	-1.699E+1
309.80	-3.398E+1
310.16	8.495E+1
310.53	4.854E+0
310.89	-3.155E+1
311.26	3.641E+1
311.62	3.155E+1
311.99	8.253E+1
312.35	3.641E+1
312.72	-2.427E+1
313.08	1.699E+1
313.45	3.155E+1
313.81	8.495E+1
314.18	4.126E+1
314.54	-7.282E+0
314.91	9.709E+0
315.27	3.641E+1
315.64	8.495E+1
316.00	-4.854E+1
316.37	1.335E+2
316.73	-2.427E+1
317.10	3.398E+1
317.46	-1.214E+1
317.83	8.253E+1
318.19	6.311E+1
318.56	9.952E+1
318.92	2.427E+0
319.28	-3.398E+1
319.65	4.126E+1
320.01	-5.583E+1
320.38	6.796E+1
320.74	3.641E+1
321.11	4.126E+1
321.47	-9.709E+0
321.83	6.068E+1
322.20	1.359E+2
322.56	-6.796E+1
322.93	5.583E+1
323.29	6.796E+1
323.66	1.262E+2
324.02	1.553E+2
324.38	2.913E+1
324.75	1.286E+2
325.11	1.019E+2
325.47	-2.913E+1
325.84	-9.709E+0
326.20	4.854E+1
326.57	-2.913E+1
326.93	1.335E+2
327.29	2.913E+1
327.66	0.000E+0
328.02	1.942E+1
328.38	1.019E+2
328.75	-5.825E+1
329.11	9.709E+1
329.47	-2.913E+1
329.84	1.068E+2
330.20	-6.068E+1
330.56	-5.825E+1
330.93	-4.369E+1
331.29	9.709E+0
331.65	2.913E+1
332.02	-7.282E+0
332.38	-3.884E+1
332.74	-2.184E+1
333.10	8.253E+1
333.47	0.000E+0
333.83	-6.554E+1
334.19	4.854E+0
334.56	5.825E+1
334.92	7.282E+0
335.28	8.738E+1
335.64	8.738E+1
336.01	7.282E+0
336.37	7.282E+1
336.73	-4.854E+1
337.09	2.913E+1
337.46	7.282E+1
337.82	1.942E+1
338.18	2.670E+1
338.54	5.825E+1
338.91	8.253E+1
339.27	2.670E+1
339.63	2.913E+1
339.99	1.699E+1
340.36	5.825E+1
340.72	-4.612E+1
341.08	-1.214E+1
341.44	-2.913E+1
341.80	3.884E+1
342.17	0.000E+0
342.53	1.942E+1
342.89	-4.854E+1
343.25	4.369E+1
343.61	3.884E+1
343.98	2.913E+1
344.34	4.369E+1
344.70	-1.942E+1
345.06	7.282E+0
345.42	5.825E+1
345.78	4.854E+1
346.14	-1.214E+1
346.51	7.282E+1
346.87	1.019E+2
347.23	-1.942E+1
347.59	-3.884E+1
347.95	4.612E+1
348.31	-9.466E+1
348.67	-5.583E+1
349.04	-8.738E+1
349.40	-9.709E+0
349.76	2.670E+1
350.12	6.554E+1
350.48	1.068E+2
350.84	2.913E+1
351.20	6.311E+1
351.56	5.825E+1
351.92	6.796E+1
352.28	9.709E+1
352.65	1.262E+2
353.01	1.699E+1
353.37	1.456E+1
353.73	8.738E+1
354.09	-6.311E+1
354.45	1.117E+2
354.81	-3.398E+1
355.17	-6.068E+1
355.53	6.311E+1
355.89	4.612E+1
356.25	8.010E+1
356.61	-7.282E+0
356.97	-3.155E+1
357.33	2.184E+1
357.69	8.738E+1
358.05	-3.155E+1
358.41	-2.913E+1
358.77	4.612E+1
359.13	1.141E+2
359.49	9.709E+0
359.85	0.000E+0
360.21	1.019E+2
360.57	-3.884E+1
360.93	-7.282E+0
361.29	-3.398E+1
361.65	-3.884E+1
362.01	8.495E+1
362.37	1.359E+2
362.73	1.456E+1
363.09	7.282E+0
363.45	5.825E+1
363.81	8.010E+1
364.17	3.884E+1
364.53	-2.427E+0
364.89	-2.427E+1
365.25	8.738E+1
365.61	1.529E+2
365.97	-9.223E+1
366.33	9.952E+1
366.69	2.184E+1
367.05	2.427E+1
367.40	6.796E+1
367.76	3.155E+1
368.12	4.126E+1
368.48	-9.709E+0
368.84	-4.126E+1
369.20	3.884E+1
369.56	1.845E+2
369.92	1.214E+2
370.28	5.340E+1
370.63	-1.456E+1
370.99	7.282E+1
371.35	9.709E+0
371.71	-7.282E+0
372.07	-5.583E+1
372.43	4.126E+1
372.79	5.097E+1
373.15	8.738E+1
373.50	8.253E+1
373.86	2.913E+1
374.22	1.214E+1
374.58	3.884E+1
374.94	9.709E+1
375.30	-2.427E+0
375.65	0.000E+0
376.01	-5.583E+1
376.37	2.913E+1
376.73	5.825E+1
377.09	7.039E+1
377.44	3.884E+1
377.80	-7.282E+0
378.16	5.340E+1
378.52	2.427E+1
378.88	3.884E+1
379.23	4.369E+1
379.59	1.044E+2
379.95	2.427E+0
380.31	-1.214E+1
380.66	1.942E+1
381.02	4.612E+1
381.38	-2.670E+1
381.74	3.155E+1
382.09	8.495E+1
382.45	8.253E+1
382.81	8.738E+1
383.17	1.942E+1
383.52	7.767E+1
383.88	8.010E+1
384.24	1.214E+1
384.60	4.854E+1
384.95	3.398E+1
385.31	-1.942E+1
385.67	1.699E+1
386.02	-2.427E+0
386.38	-1.456E+1
386.74	7.524E+1
387.10	4.854E+1
387.45	7.039E+1
387.81	1.044E+2
388.17	6.554E+1
388.52	7.524E+1
388.88	8.253E+1
389.24	1.214E+2
389.59	4.126E+1
389.95	3.398E+1
390.31	4.612E+1
390.66	-7.282E+0
391.02	1.189E+2
391.38	4.369E+1
391.73	2.184E+1
392.09	1.432E+2
392.44	6.796E+1
392.80	1.092E+2
393.16	-4.126E+1
393.51	7.039E+1
393.87	9.466E+1
394.23	1.214E+2
394.58	5.825E+1
394.94	3.155E+1
395.29	9.466E+1
395.65	5.825E+1
396.01	6.068E+1
396.36	7.282E+1
396.72	8.010E+1
397.07	3.155E+1
397.43	4.369E+1
397.78	2.913E+1
398.14	5.097E+1
398.50	1.359E+2
398.85	5.097E+1
399.21	-2.427E+0
399.56	6.311E+1
399.92	4.854E+1
400.27	8.253E+1
400.63	1.505E+2
400.98	5.825E+1
401.34	9.952E+1
401.69	8.738E+1
402.05	7.282E+0
402.40	1.189E+2
402.76	-4.854E+0
403.11	5.583E+1
403.47	7.767E+1
403.82	3.398E+1
404.18	2.184E+1
404.53	8.010E+1
404.89	6.311E+1
405.24	9.709E+0
405.60	8.495E+1
405.95	1.117E+2
406.31	9.223E+1
406.66	7.524E+1
407.02	1.748E+2
407.37	1.019E+2
407.73	9.466E+1
408.08	3.641E+1
408.44	7.767E+1
408.79	9.709E+0
409.14	1.092E+2
409.50	1.019E+2
409.85	5.583E+1
410.21	1.068E+2
410.56	1.019E+2
410.92	9.709E+0
411.27	9.952E+1
411.62	1.359E+2
411.98	1.651E+2
412.33	2.257E+2
412.69	1.553E+2
413.04	1.189E+2
413.39	1.068E+2
413.75	4.854E+1
414.10	1.699E+2
414.45	8.738E+1
414.81	1.214E+2
415.16	2.718E+2
415.52	1.651E+2
415.87	1.966E+2
416.22	2.864E+2
416.58	2.549E+2
416.93	3.155E+2
417.28	2.573E+2
417.64	2.646E+2
417.99	2.160E+2
418.34	2.524E+2
418.70	3.471E+2
419.05	3.325E+2
419.40	4.029E+2
419.76	3.204E+2
420.11	4.515E+2
420.46	4.078E+2
420.81	4.442E+2
421.17	4.636E+2
421.52	5.243E+2
421.87	5.316E+2
422.23	5.728E+2
422.58	6.068E+2
422.93	6.845E+2
423.28	7.476E+2
423.64	7.549E+2
423.99	7.524E+2
424.34	7.986E+2
424.69	8.520E+2
425.05	8.447E+2
425.40	1.010E+3
425.75	9.782E+2
426.10	1.063E+3
426.46	1.117E+3
426.81	1.228E+3
427.16	1.296E+3
427.51	1.303E+3
427.87	1.352E+3
428.22	1.539E+3
428.57	1.604E+3
428.92	1.745E+3
429.27	1.660E+3
429.63	1.927E+3
429.98	1.934E+3
430.33	2.141E+3
430.68	2.337E+3
431.03	2.466E+3
431.38	2.663E+3
431.74	2.699E+3
432.09	2.857E+3
432.44	3.185E+3
432.79	3.131E+3
433.14	3.342E+3
433.49	3.471E+3
433.85	3.850E+3
434.20	3.981E+3
434.55	4.202E+3
434.90	4.388E+3
435.25	4.473E+3
435.60	4.905E+3
435.95	5.233E+3
436.30	5.505E+3
436.66	5.772E+3
437.01	5.820E+3
437.36	6.255E+3
437.71	6.704E+3
438.06	6.811E+3
438.41	7.075E+3
438.76	7.580E+3
439.11	7.988E+3
439.46	8.216E+3
439.81	8.600E+3
440.16	8.983E+3
440.52	9.588E+3
440.87	9.816E+3
441.22	1.032E+4
441.57	1.087E+4
441.92	1.129E+4
442.27	1.181E+4
442.62	1.276E+4
442.97	1.319E+4
443.32	1.392E+4
443.67	1.403E+4
444.02	1.484E+4
444.37	1.560E+4
444.72	1.606E+4
445.07	1.673E+4
445.42	1.735E+4
445.77	1.822E+4
446.12	1.892E+4
446.47	1.981E+4
446.82	2.072E+4
447.17	2.135E+4
447.52	2.237E+4
447.87	2.347E+4
448.22	2.453E+4
448.57	2.511E+4
448.92	2.653E+4
449.27	2.745E+4
449.62	2.849E+4
449.97	2.949E+4
450.32	3.043E+4
450.66	3.136E+4
451.01	3.280E+4
451.36	3.383E+4
451.71	3.581E+4
452.06	3.600E+4
452.41	3.833E+4
452.76	3.925E+4
453.11	4.052E+4
453.46	4.183E+4
453.81	4.282E+4
454.16	4.307E+4
454.51	4.484E+4
454.85	4.603E+4
455.20	4.681E+4
455.55	4.838E+4
455.90	4.876E+4
456.25	4.999E+4
456.60	5.134E+4
456.95	5.177E+4
457.30	5.242E+4
457.64	5.394E+4
457.99	5.439E+4
458.34	5.455E+4
458.69	5.417E+4
459.04	5.563E+4
459.39	5.542E+4
459.73	5.607E+4
460.08	5.626E+4
460.43	5.592E+4
460.78	5.644E+4
461.13	5.706E+4
461.48	5.548E+4
461.82	5.573E+4
462.17	5.605E+4
462.52	5.566E+4
462.87	5.528E+4
463.21	5.523E+4
463.56	5.460E+4
463.91	5.437E+4
464.26	5.371E+4
464.61	5.371E+4
464.95	5.290E+4
465.30	5.263E+4
465.65	5.244E+4
466.00	5.061E+4
466.34	4.990E+4
466.69	4.924E+4
467.04	4.888E+4
467.39	4.818E+4
467.73	4.680E+4
468.08	4.514E+4
468.43	4.502E+4
468.77	4.476E+4
469.12	4.430E+4
469.47	4.324E+4
469.82	4.219E+4
470.16	4.209E+4
470.51	4.100E+4
470.86	4.082E+4
471.20	3.990E+4
471.55	3.902E+4
471.90	3.884E+4
472.24	3.833E+4
472.59	3.793E+4
472.94	3.704E+4
473.28	3.620E+4
473.63	3.586E+4
473.98	3.531E+4
474.32	3.464E+4
474.67	3.378E+4
475.02	3.390E+4
475.36	3.312E+4
475.71	3.249E+4
476.06	3.186E+4
476.40	3.189E+4
476.75	3.099E+4
477.09	3.076E+4
477.44	3.007E+4
477.79	2.991E+4
478.13	2.905E+4
478.48	2.860E+4
478.82	2.849E+4
479.17	2.735E+4
479.52	2.696E+4
479.86	2.626E+4
480.21	2.569E+4
480.55	2.537E+4
480.90	2.450E+4
481.24	2.435E+4
481.59	2.361E+4
481.94	2.308E+4
482.28	2.239E+4
482.63	2.188E+4
482.97	2.139E+4
483.32	2.077E+4
483.66	2.027E+4
484.01	1.940E+4
484.35	1.911E+4
484.70	1.863E+4
485.04	1.830E+4
485.39	1.790E+4
485.73	1.718E+4
486.08	1.670E+4
486.42	1.602E+4
486.77	1.587E+4
487.11	1.549E+4
487.46	1.503E+4
487.80	1.443E+4
488.15	1.390E+4
488.49	1.375E+4
488.84	1.346E+4
489.18	1.298E+4
489.53	1.227E+4
489.87	1.210E+4
490.21	1.189E+4
490.56	1.148E+4
490.90	1.117E+4
491.25	1.104E+4
491.59	1.037E+4
491.94	9.973E+3
492.28	9.850E+3
492.62	9.838E+3
492.97	9.233E+3
493.31	8.971E+3
493.66	8.753E+3
494.00	8.469E+3
494.34	8.194E+3
494.69	8.083E+3
495.03	7.772E+3
495.38	7.643E+3
495.72	7.405E+3
496.06	7.097E+3
496.41	6.891E+3
496.75	6.672E+3
497.09	6.381E+3
497.44	6.158E+3
497.78	6.117E+3
498.13	5.998E+3
498.47	5.680E+3
498.81	5.529E+3
499.16	5.194E+3
499.50	5.131E+3
499.84	5.032E+3
500.19	4.786E+3
500.53	4.638E+3
500.87	4.461E+3
501.21	4.502E+3
501.56	4.182E+3
501.90	4.087E+3
502.24	3.961E+3
502.59	3.862E+3
502.93	3.619E+3
503.27	3.653E+3
503.61	3.597E+3
503.96	3.466E+3
504.30	3.393E+3
504.64	3.328E+3
504.99	3.131E+3
505.33	2.949E+3
505.67	2.966E+3
506.01	2.784E+3
506.36	2.782E+3
506.70	2.677E+3
507.04	2.558E+3
507.38	2.498E+3
507.72	2.359E+3
508.07	2.488E+3
508.41	2.337E+3
508.75	2.095E+3
509.09	2.170E+3
509.44	2.151E+3
509.78	2.104E+3
510.12	2.092E+3
510.46	1.871E+3
510.80	1.847E+3
511.14	1.833E+3
511.49	1.701E+3
511.83	1.774E+3
512.17	1.580E+3
512.51	1.510E+3
512.85	1.566E+3
513.19	1.595E+3
513.54	1.459E+3
513.88	1.410E+3
514.22	1.187E+3
514.56	1.328E+3
514.90	1.308E+3
515.24	1.192E+3
515.58	1.284E+3
515.93	1.350E+3
516.27	1.201E+3
516.61	1.080E+3
516.95	1.129E+3
517.29	1.068E+3
517.63	1.029E+3
517.97	9.345E+2
518.31	9.078E+2
518.65	9.296E+2
518.99	9.126E+2
519.33	8.884E+2
519.67	8.447E+2
520.02	8.956E+2
520.36	7.087E+2
520.70	7.670E+2
521.04	8.762E+2
521.38	7.961E+2
521.72	6.456E+2
522.06	6.893E+2
522.40	6.505E+2
522.74	6.651E+2
523.08	6.165E+2
523.42	7.403E+2
523.76	5.243E+2
524.10	5.534E+2
524.44	6.092E+2
524.78	6.092E+2
525.12	5.461E+2
525.46	5.874E+2
525.80	4.806E+2
526.14	4.927E+2
526.48	4.636E+2
526.82	3.981E+2
527.16	4.539E+2
527.50	4.733E+2
527.84	3.641E+2
528.18	3.884E+2
528.52	4.078E+2
528.86	4.272E+2
529.20	3.835E+2
529.54	4.248E+2
529.87	3.495E+2
530.21	4.078E+2
530.55	3.641E+2
530.89	4.248E+2
531.23	3.252E+2
531.57	2.379E+2
531.91	3.398E+2
532.25	3.956E+2
532.59	3.519E+2
532.93	2.985E+2
533.27	2.646E+2
533.60	2.039E+2
533.94	3.471E+2
534.28	2.670E+2
534.62	1.942E+2
534.96	3.010E+2
535.30	2.573E+2
535.64	2.160E+2
535.98	3.374E+2
536.31	1.699E+2
536.65	3.252E+2
536.99	2.791E+2
537.33	2.039E+2
537.67	1.990E+2
538.01	1.626E+2
538.34	1.481E+2
538.68	2.087E+2
539.02	2.233E+2
539.36	2.063E+2
539.70	2.354E+2
540.03	1.238E+2
540.37	1.675E+2
540.71	2.087E+2
541.05	1.918E+2
541.39	9.223E+1
541.72	2.112E+2
542.06	2.136E+2
542.40	2.112E+2
542.74	5.825E+1
543.07	2.063E+2
543.41	1.432E+2
543.75	2.039E+2
544.09	1.772E+2
544.42	1.942E+2
544.76	2.087E+2
545.10	8.738E+1
545.44	6.311E+1
545.77	1.966E+2
546.11	3.884E+1
546.45	1.189E+2
546.78	9.709E+1
547.12	1.286E+2
547.46	1.189E+2
547.80	1.117E+2
548.13	1.238E+2
548.47	1.214E+2
548.81	1.481E+2
549.14	8.010E+1
549.48	1.286E+2
549.82	2.209E+2
550.15	7.039E+1
550.49	1.141E+2
550.83	5.340E+1
551.16	5.825E+1
551.50	1.019E+2
551.84	9.466E+1
552.17	7.282E+1
552.51	1.189E+2
552.84	7.282E+1
553.18	9.466E+1
553.52	4.854E+1
553.85	1.286E+2
554.19	7.039E+1
554.53	8.981E+1
554.86	4.854E+1
555.20	2.427E+1
555.53	1.068E+2
555.87	2.427E+0
556.20	7.039E+1
556.54	3.398E+1
556.88	8.981E+1
557.21	1.408E+2
557.55	1.311E+2
557.88	9.709E+1
558.22	2.670E+1
558.55	8.981E+1
558.89	5.583E+1
559.23	6.554E+1
559.56	4.369E+1
559.90	9.952E+1
560.23	9.466E+1
560.57	7.524E+1
560.90	8.010E+1
561.24	8.010E+1
561.57	1.214E+2
561.91	1.092E+2
562.24	2.427E+0
562.58	3.155E+1
562.91	1.626E+2
563.25	4.126E+1
563.58	8.981E+1
563.92	6.311E+1
564.25	1.990E+2
564.59	1.141E+2
564.92	1.942E+1
565.25	4.612E+1
565.59	4.126E+1
565.92	1.214E+1
566.26	1.384E+2
566.59	-2.913E+1
566.93	1.286E+2
567.26	-4.854E+0
567.60	1.748E+2
567.93	-1.214E+1
568.26	1.117E+2
568.60	9.709E+0
568.93	6.068E+1
569.27	5.825E+1
569.60	-2.427E+1
569.93	-9.952E+1
570.27	5.825E+1
570.60	0.000E+0
570.94	6.311E+1
571.27	7.282E+0
571.60	4.126E+1
571.94	1.262E+2
572.27	1.019E+2
572.60	-2.184E+1
572.94	1.990E+2
573.27	3.641E+1
573.60	5.825E+1
573.94	8.010E+1
574.27	0.000E+0
574.60	-2.427E+0
574.94	-2.913E+1
575.27	3.884E+1
575.60	8.738E+1
575.94	1.068E+2
576.27	5.825E+1
576.60	1.117E+2
576.94	7.282E+1
577.27	5.340E+1
577.60	6.796E+1
577.94	-5.340E+1
578.27	9.466E+1
578.60	1.189E+2
578.93	6.068E+1
579.27	2.427E+1
579.60	3.155E+1
579.93	3.398E+1
580.26	4.369E+1
580.60	5.097E+1
580.93	7.039E+1
581.26	-1.214E+1
581.59	7.524E+1
581.93	6.068E+1
582.26	-7.524E+1
582.59	-2.913E+1
582.92	2.184E+1
583.25	-9.709E+0
583.59	8.738E+1
583.92	2.427E+1
584.25	4.369E+1
584.58	4.369E+1
584.91	-3.398E+1
585.25	-9.709E+0
585.58	4.126E+1
585.91	-2.184E+1
586.24	5.097E+1
586.57	1.189E+2
586.90	9.223E+1
587.24	5.583E+1
587.57	3.884E+1
587.90	-1.942E+1
588.23	-2.427E+0
588.56	6.554E+1
588.89	4.854E+0
589.22	3.884E+1
589.56	7.282E+1
589.89	2.184E+1
590.22	4.854E+1
590.55	9.466E+1
590.88	-1.942E+1
591.21	1.699E+1
591.54	1.456E+1
591.87	-7.282E+1
592.20	0.000E+0
592.53	5.340E+1
592.87	9.952E+1
593.20	2.184E+1
593.53	8.495E+1
593.86	6.796E+1
594.19	1.238E+2
594.52	-1.942E+1
594.85	-3.155E+1
595.18	1.505E+2
595.51	5.340E+1
595.84	3.155E+1
596.17	1.311E+2
596.50	-2.427E+0
596.83	1.214E+1
597.16	-1.092E+2
597.49	8.738E+1
597.82	1.214E+1
598.15	-6.068E+1
598.48	7.282E+0
598.81	-6.554E+1
599.14	4.854E+0
599.47	-4.126E+1
599.80	-3.884E+1
600.13	2.184E+1
600.46	3.155E+1
600.79	-6.554E+1
601.12	3.155E+1
601.45	-6.796E+1
601.78	-2.670E+1
602.11	3.641E+1
602.44	7.524E+1
602.77	6.311E+1
603.10	-2.427E+1
603.42	8.738E+1
603.75	2.670E+1
604.08	4.854E+0
604.41	4.126E+1
604.74	1.141E+2
605.07	8.738E+1
605.40	3.398E+1
605.73	-2.427E+0
606.06	0.000E+0
606.39	8.981E+1
606.71	2.913E+1
607.04	-1.141E+2
607.37	-7.039E+1
607.70	3.884E+1
608.03	2.184E+1
608.36	4.369E+1
608.69	-8.981E+1
609.02	5.340E+1
609.34	4.369E+1
609.67	8.010E+1
610.00	-1.214E+1
610.33	1.214E+1
610.66	5.097E+1
610.98	-5.583E+1
611.31	-4.854E+1
611.64	-5.097E+1
611.97	4.369E+1
612.30	7.282E+1
612.63	-6.554E+1
612.95	-1.942E+1
613.28	-2.913E+1
613.61	8.981E+1
613.94	5.583E+1
614.26	2.427E+0
614.59	2.427E+1
614.92	1.456E+2
615.25	1.068E+2
615.57	3.641E+1
615.90	7.039E+1
616.23	6.068E+1
616.56	1.942E+1
616.88	-1.456E+1
617.21	-3.155E+1
617.54	-8.010E+1
617.87	-4.854E+1
618.19	1.942E+1
618.52	2.670E+1
618.85	7.767E+1
619.17	5.097E+1
619.50	-4.369E+1
619.83	9.223E+1
620.15	1.456E+1
620.48	1.019E+2
620.81	7.282E+1
621.14	-4.126E+1
621.46	4.126E+1
621.79	7.524E+1
622.11	6.068E+1
622.44	2.184E+1
622.77	6.068E+1
623.09	-7.039E+1
623.42	9.952E+1
623.75	-7.282E+0
624.07	-2.184E+1
624.40	1.942E+1
624.73	-7.282E+0
625.05	-1.456E+1
625.38	-1.699E+1
625.70	4.854E+0
626.03	9.709E+0
626.36	7.282E+0
626.68	2.184E+1
627.01	6.311E+1
627.33	-7.282E+0
627.66	-1.942E+1
627.99	1.165E+2
628.31	-3.155E+1
628.64	4.126E+1
628.96	6.554E+1
629.29	2.913E+1
629.61	-1.942E+1
629.94	-1.456E+1
630.26	-2.913E+1
630.59	1.456E+1
630.91	-2.427E+1
631.24	8.253E+1
631.57	6.554E+1
631.89	-1.942E+1
632.22	-6.554E+1
632.54	-5.097E+1
632.87	4.126E+1
633.19	3.398E+1
633.52	0.000E+0
633.84	-3.641E+1
634.16	-4.369E+1
634.49	-3.398E+1
634.81	-5.097E+1
635.14	1.456E+1
635.46	6.311E+1
635.79	3.641E+1
636.11	3.155E+1
636.44	-1.699E+1
636.76	-3.641E+1
637.09	1.286E+2
637.41	-1.942E+1
637.73	-8.253E+1
638.06	4.854E+1
638.38	-4.854E+0
638.71	-2.184E+1
639.03	-1.456E+1
639.36	6.068E+1
639.68	2.913E+1
640.00	4.126E+1
640.33	-4.612E+1
640.65	-6.554E+1
640.97	-1.942E+1
641.30	9.709E+1
641.62	7.282E+1
641.95	-6.311E+1
642.27	9.709E+1
642.59	-1.942E+1
642.92	-1.019E+2
643.24	1.699E+1
643.56	8.495E+1
643.89	0.000E+0
644.21	-5.340E+1
644.53	6.068E+1
644.86	1.286E+2
645.18	1.699E+1
645.50	2.427E+1
645.83	1.699E+1
646.15	-3.398E+1
646.47	-2.184E+1
646.80	5.583E+1
647.12	7.039E+1
647.44	-9.709E+0
647.76	-7.524E+1
648.09	-1.141E+2
648.41	6.554E+1
648.73	2.427E+0
649.05	-8.253E+1
649.38	-6.796E+1
649.70	8.253E+1
650.02	1.942E+1
650.34	-6.068E+1
650.67	-1.189E+2
650.99	5.340E+1
651.31	1.699E+1
651.63	8.253E+1
651.96	1.699E+1
652.28	6.554E+1
652.60	-2.184E+1
652.92	4.369E+1
653.24	2.184E+1
653.57	1.214E+1
653.89	-8.253E+1
654.21	-4.126E+1
654.53	-1.214E+1
654.85	4.854E+0
655.18	-5.340E+1
655.50	9.466E+1
655.82	4.369E+1
656.14	2.670E+1
656.46	4.126E+1
656.78	-2.670E+1
657.10	-4.369E+1
657.43	2.427E+0
657.75	4.612E+1
658.07	1.456E+1
658.39	5.340E+1
658.71	1.214E+1
659.03	4.126E+1
659.35	4.854E+1
659.67	-3.641E+1
659.99	2.427E+0
660.32	-2.913E+1
660.64	-4.854E+0
660.96	-9.709E+0
661.28	-4.854E+1
661.60	-3.398E+1
661.92	1.456E+2
662.24	8.495E+1
662.56	-7.282E+1
662.88	-5.825E+1
663.20	6.554E+1
663.52	2.913E+1
663.84	-2.670E+1
664.16	-3.155E+1
664.48	-1.019E+2
664.80	1.942E+1
665.12	9.709E+0
665.44	2.427E+0
665.76	4.854E+1
666.08	-6.554E+1
666.40	3.398E+1
666.72	-3.884E+1
667.04	5.825E+1
667.36	9.709E+1
667.68	-8.010E+1
668.00	1.699E+1
668.32	2.913E+1
668.64	9.709E+0
668.96	1.942E+1
669.28	-7.524E+1
669.60	-5.825E+1
669.92	-1.942E+1
670.24	-9.223E+1
670.56	4.369E+1
670.88	-8.010E+1
671.20	-3.884E+1
671.52	-4.854E+0
671.84	-3.155E+1
672.16	7.282E+0
672.47	3.155E+1
672.79	-1.942E+1
673.11	-3.641E+1
673.43	1.214E+1
673.75	2.913E+1
674.07	-7.524E+1
674.39	-5.340E+1
674.71	5.583E+1
675.03	1.699E+1
675.34	9.709E+1
675.66	1.699E+1
675.98	-1.214E+1
676.30	2.184E+1
676.62	9.709E+1
676.94	-3.884E+1
677.25	2.184E+1
677.57	2.427E+1
677.89	3.641E+1
678.21	1.456E+1
678.53	2.913E+1
678.85	-3.884E+1
679.16	7.282E+0
679.48	3.641E+1
679.80	2.670E+1
680.12	-1.990E+2
680.44	3.884E+1
680.75	1.942E+1
681.07	1.068E+2
681.39	-6.068E+1
681.71	-7.282E+0
682.02	5.340E+1
682.34	3.398E+1
682.66	6.796E+1
682.98	3.884E+1
683.29	-1.214E+1
683.61	2.427E+0
683.93	7.524E+1
684.25	-9.223E+1
684.56	2.427E+1
684.88	7.282E+0
685.20	2.427E+0
685.51	8.253E+1
685.83	-6.068E+1
686.15	9.466E+1
686.47	-1.092E+2
686.78	-5.097E+1
687.10	-9.466E+1
687.42	-8.981E+1
687.73	2.184E+1
688.05	-1.456E+1
688.37	8.495E+1
688.68	-8.010E+1
689.00	-1.456E+1
689.32	4.612E+1
689.63	-7.282E+0
689.95	3.398E+1
690.26	7.282E+0
690.58	5.097E+1
690.90	6.554E+1
691.21	-2.184E+1
691.53	6.554E+1
691.85	4.854E+0
692.16	-7.524E+1
692.48	1.942E+1
692.79	-1.942E+1
693.11	4.854E+1
693.42	-5.097E+1
693.74	-3.884E+1
694.06	1.942E+1
694.37	4.854E+1
694.69	6.796E+1
695.00	-3.155E+1
695.32	1.942E+1
695.63	6.796E+1
695.95	1.068E+2
696.26	4.369E+1
696.58	9.709E+0
696.90	0.000E+0
697.21	3.398E+1
697.53	-8.738E+1
697.84	1.286E+2
698.16	3.884E+1
698.47	-1.456E+1
698.79	-3.155E+1
699.10	-2.913E+1
699.42	4.126E+1
699.73	3.398E+1
700.05	-5.097E+1
700.36	-1.432E+2
700.68	9.709E+1
700.99	-1.942E+1
701.30	4.612E+1
701.62	7.767E+1
701.93	7.039E+1
702.25	1.942E+1
702.56	-9.709E+0
702.88	8.495E+1
703.19	-2.427E+1
703.50	-4.854E+1
703.82	2.913E+1
704.13	-9.709E+0
704.45	1.942E+1
704.76	-5.583E+1
705.08	-4.369E+1
705.39	-7.282E+1
705.70	5.825E+1
706.02	0.000E+0
706.33	5.583E+1
706.64	5.583E+1
706.96	3.155E+1
707.27	-4.854E+0
707.59	4.369E+1
707.90	1.699E+1
708.21	3.884E+1
708.53	-3.884E+1
708.84	2.427E+0
709.15	-4.126E+1
709.47	0.000E+0
709.78	-2.913E+1
710.09	-2.427E+1
710.41	-5.825E+1
710.72	-2.427E+0
711.03	-8.253E+1
711.34	7.767E+1
711.66	1.214E+1
711.97	2.427E+1
712.28	4.369E+1
712.60	1.699E+1
712.91	1.456E+1
713.22	1.214E+1
713.53	6.068E+1
713.85	-7.039E+1
714.16	-4.126E+1
714.47	-2.427E+0
714.78	-8.738E+1
715.10	-4.369E+1
715.41	1.019E+2
715.72	9.709E+0
716.03	-7.282E+0
716.35	1.942E+1
716.66	4.612E+1
716.97	-1.092E+2
717.28	-3.884E+1
717.59	4.126E+1
717.91	1.068E+2
718.22	-5.825E+1
718.53	4.854E+0
718.84	-4.854E+1
719.15	-3.398E+1
719.46	-2.913E+1
719.78	2.913E+1
720.09	-1.238E+2
720.40	2.427E+1
720.71	5.097E+1
721.02	-1.942E+1
721.33	-1.456E+1
721.65	2.427E+0
721.96	-3.641E+1
722.27	8.010E+1
722.58	1.942E+1
722.89	-2.427E+0
723.20	4.369E+1
723.51	-3.641E+1
723.82	-7.282E+1
724.13	-8.738E+1
724.45	-1.942E+1
724.76	-6.068E+1
725.07	-1.942E+1
725.38	6.554E+1
725.69	0.000E+0
726.00	1.456E+1
726.31	2.427E+1
726.62	-1.262E+2
726.93	2.670E+1
727.24	-9.223E+1
727.55	2.670E+1
727.86	5.583E+1
728.17	-6.796E+1
728.48	5.340E+1
728.79	6.554E+1
729.10	2.670E+1
729.41	2.184E+1
729.72	1.214E+2
730.03	4.612E+1
730.34	2.184E+1
730.65	9.952E+1
730.96	-2.427E+1
731.27	1.044E+2
731.58	-8.495E+1
731.89	0.000E+0
732.20	2.184E+1
732.51	1.699E+1
732.82	8.253E+1
733.13	2.670E+1
733.44	-5.825E+1
733.75	-3.155E+1
734.06	1.068E+2
734.37	6.068E+1
734.68	3.398E+1
734.98	2.427E+1
735.29	-1.384E+2
735.60	3.884E+1
735.91	7.282E+0
736.22	2.184E+1
736.53	-5.583E+1
736.84	-2.913E+1
737.15	-9.709E+0
737.46	5.583E+1
737.77	-3.155E+1
738.07	-9.709E+0
738.38	-4.854E+1
738.69	-4.854E+0
739.00	1.456E+1
739.31	6.311E+1
739.62	-1.019E+2
739.92	4.369E+1
740.23	2.184E+1
740.54	1.699E+1
740.85	-1.214E+1
741.16	3.641E+1
741.47	-2.427E+0
741.77	-3.398E+1
742.08	8.253E+1
742.39	-4.854E+0
742.70	2.670E+1
743.01	4.854E+0
743.31	1.214E+1
743.62	2.670E+1
743.93	-9.466E+1
744.24	-3.884E+1
744.54	1.699E+1
744.85	1.165E+2
745.16	9.466E+1
745.47	1.214E+1
745.77	-1.456E+1
746.08	5.340E+1
746.39	2.913E+1
746.70	8.738E+1
747.00	-8.010E+1
747.31	3.155E+1
747.62	5.097E+1
747.92	1.456E+1
748.23	-4.854E+1
748.54	-6.068E+1
748.84	-4.612E+1
749.15	1.699E+1
749.46	4.612E+1
749.76	7.767E+1
750.07	-7.524E+1
750.38	2.427E+1
750.68	3.641E+1
750.99	-1.578E+2
751.30	-8.253E+1
751.60	1.699E+1
751.91	-1.699E+1
752.22	2.427E+1
752.52	4.854E+0
752.83	-7.282E+0
753.14	-7.282E+0
753.44	1.456E+1
753.75	7.039E+1
754.05	5.097E+1
754.36	-2.670E+1
754.67	2.427E+0
754.97	-1.141E+2
755.28	-9.709E+0
755.58	-6.068E+1
755.89	4.612E+1
756.19	4.854E+1
756.50	2.184E+1
756.81	-7.767E+1
757.11	3.641E+1
757.42	-4.126E+1
757.72	4.854E+0
758.03	4.854E+1
758.33	-5.340E+1
758.64	8.738E+1
758.94	-6.796E+1
759.25	2.184E+1
759.55	5.340E+1
759.86	-2.184E+1
760.16	3.884E+1
760.47	4.854E+0
760.77	0.000E+0
761.08	2.427E+0
761.38	-9.709E+0
761.69	2.913E+1
761.99	1.699E+1
762.30	5.340E+1
762.60	9.709E+1
762.91	-4.854E+1
763.21	-3.398E+1
763.51	6.068E+1
763.82	7.282E+0
764.12	-9.709E+0
764.43	1.214E+2
764.73	-2.427E+0
765.04	1.699E+1
765.34	5.340E+1
765.64	4.854E+1
765.95	-7.524E+1
766.25	-5.340E+1
766.56	5.097E+1
766.86	2.670E+1
767.16	0.000E+0
767.47	-1.384E+2
767.77	6.554E+1
768.07	3.398E+1
768.38	1.068E+2
768.68	4.854E+0
768.98	2.427E+1
769.29	9.709E+0
769.59	-6.554E+1
769.89	-2.913E+1
770.20	2.670E+1
770.50	5.097E+1
770.80	7.282E+1
771.11	-6.554E+1
771.41	7.767E+1
771.71	-6.554E+1
772.02	-4.854E+1
772.32	-7.282E+0
772.62	-9.709E+1
772.93	9.709E+1
773.23	-1.214E+1
773.53	-2.427E+1
773.83	5.340E+1
774.14	-1.942E+1
774.44	9.709E+0
774.74	-4.369E+1
775.04	-2.184E+1
775.35	2.427E+0
775.65	-1.262E+2
775.95	-4.854E+1
776.25	3.641E+1
776.55	3.398E+1
776.86	-6.554E+1
777.16	-7.282E+1
777.46	4.854E+0
777.76	3.398E+1
778.06	-5.583E+1
778.37	-3.641E+1
778.67	-7.282E+0
778.97	8.010E+1
779.27	-1.214E+1
779.57	-1.942E+1
779.88	9.709E+0
780.18	9.223E+1
780.48	-5.340E+1
780.78	4.126E+1
781.08	-9.223E+1
781.38	6.796E+1
781.68	8.981E+1
781.98	9.952E+1
782.29	-5.340E+1
782.59	-2.670E+1
782.89	-6.311E+1
783.19	4.854E+0
783.49	-1.214E+1
783.79	-4.126E+1
784.09	-9.709E+0
784.39	-1.214E+1
784.69	1.214E+1
784.99	7.039E+1
785.30	-2.427E+0
785.60	4.854E+1
785.90	-1.456E+1
786.20	-4.126E+1
786.50	-8.981E+1
786.80	2.670E+1
787.10	4.854E+0
787.40	-6.068E+1
787.70	0.000E+0
788.00	4.854E+0
788.30	-3.884E+1
788.60	-2.427E+0
788.90	1.456E+1
789.20	0.000E+0
789.50	6.554E+1
789.80	-5.825E+1
790.10	-5.340E+1
790.40	-1.699E+1
790.70	-1.214E+2
791.00	8.253E+1
791.30	7.767E+1
791.60	4.612E+1
791.90	2.427E+1
792.20	8.981E+1
792.50	1.699E+1
792.79	2.427E+1
793.09	-1.214E+1
793.39	1.214E+1
793.69	-3.641E+1
793.99	2.913E+1
794.29	-2.670E+1
794.59	7.767E+1
794.89	3.641E+1
795.19	-7.282E+0
795.49	9.709E+0
795.79	-9.709E+0
796.08	3.884E+1
796.38	4.854E+0
796.68	-1.456E+1
796.98	-1.942E+1
797.28	4.369E+1
797.58	-9.709E+0
797.88	7.524E+1
798.17	-5.583E+1
798.47	7.767E+1
798.77	-1.092E+2
799.07	3.398E+1
799.37	1.942E+1
799.67	6.311E+1
799.96	1.117E+2
800.26	-7.282E+0
800.56	-3.155E+1
800.86	4.369E+1
801.16	2.427E+0
801.45	-5.097E+1
801.75	9.709E+0
802.05	-9.709E+0
802.35	7.282E+0
802.64	4.126E+1
802.94	2.427E+1
803.24	7.282E+1
803.54	9.709E+1
803.83	8.738E+1
804.13	-4.854E+0
804.43	-7.282E+0
804.73	-2.670E+1
805.02	-2.913E+1
805.32	2.427E+1
805.62	-9.466E+1
805.91	2.913E+1
806.21	2.427E+0
806.51	2.913E+1
806.81	-1.820E+2
807.10	-5.583E+1
807.40	6.796E+1
807.70	7.282E+1
807.99	-3.884E+1
808.29	1.456E+1
808.59	-2.427E+0
808.88	-4.854E+1
809.18	-1.699E+1
809.47	-3.398E+1
809.77	4.126E+1
810.07	2.670E+1
810.36	-1.456E+1
810.66	1.942E+1
810.96	7.282E+0
811.25	4.612E+1
811.55	6.311E+1
811.84	-9.466E+1
812.14	-1.942E+1
812.44	-3.884E+1
812.73	8.981E+1
813.03	-1.189E+2
813.32	1.214E+1
813.62	-4.369E+1
813.91	-6.796E+1
814.21	2.427E+0
814.51	-5.583E+1
814.80	1.456E+1
815.10	3.641E+1
815.39	9.709E+1
815.69	8.981E+1
815.98	-3.641E+1
816.28	4.126E+1
816.57	6.796E+1
816.87	3.884E+1
817.16	-6.068E+1
817.46	-1.942E+1
817.75	-7.524E+1
818.05	-5.340E+1
818.34	1.456E+1
818.64	-1.214E+1
818.93	4.369E+1
819.23	6.796E+1
819.52	-2.184E+1
819.82	9.466E+1
820.11	3.155E+1
820.40	-3.155E+1
820.70	-4.854E+0
820.99	-1.699E+1
821.29	-2.427E+1
821.58	-1.456E+1
821.88	8.010E+1
822.17	7.524E+1
822.46	1.942E+1
822.76	8.981E+1
823.05	-2.427E+0
823.35	-4.612E+1
823.64	-9.709E+0
823.93	8.738E+1
824.23	5.097E+1
824.52	7.282E+0
824.81	-7.282E+1
825.11	2.427E+1
825.40	8.738E+1
825.69	1.456E+1
825.99	6.796E+1
826.28	3.641E+1
826.58	6.068E+1
826.87	1.942E+1
827.16	-8.010E+1
827.45	0.000E+0
827.75	2.427E+0
828.04	2.913E+1
828.33	7.282E+1
828.63	-3.641E+1
828.92	6.311E+1
829.21	8.738E+1
829.51	-4.369E+1
829.80	3.641E+1
830.09	1.044E+2
830.38	2.427E+0
830.68	8.738E+1
830.97	1.092E+2
831.26	2.427E+1
831.55	-4.126E+1
831.85	-4.126E+1
832.14	-5.825E+1
832.43	-2.427E+1
832.72	5.583E+1
833.01	7.282E+0
833.31	-2.913E+1
833.60	2.913E+1
833.89	-8.495E+1
834.18	2.184E+1
834.47	-1.699E+1
834.77	4.854E+0
835.06	3.398E+1
835.35	-3.398E+1
835.64	-4.854E+0
835.93	-1.699E+1
836.22	1.044E+2
836.52	2.670E+1
836.81	-5.583E+1
837.10	-1.214E+1
837.39	3.398E+1
837.68	-4.612E+1
837.97	7.524E+1
838.26	5.825E+1
838.55	4.854E+0
838.85	5.097E+1
839.14	-5.340E+1
839.43	-6.068E+1
839.72	3.398E+1
840.01	-4.126E+1
840.30	-2.427E+1
840.59	-3.641E+1
840.88	3.155E+1
841.17	-1.699E+1
841.46	-3.641E+1
841.75	-4.126E+1
842.04	8.738E+1
842.33	7.039E+1
842.62	-3.641E+1
842.91	7.282E+0
843.21	-3.884E+1
843.50	-1.456E+1
843.79	-9.466E+1
844.08	9.709E+1
844.37	-2.427E+1
844.66	-2.427E+1
844.95	-2.670E+1
845.24	-4.854E+0
845.53	-2.427E+1
845.81	-9.952E+1
846.10	-3.155E+1
846.39	-7.039E+1
846.68	2.427E+0
846.97	-2.427E+0
847.26	-4.854E+1
847.55	-1.214E+1
847.84	-3.398E+1
848.13	-1.019E+2
848.42	-2.670E+1
848.71	3.884E+1
849.00	1.942E+1
849.29	-2.427E+0
849.58	2.427E+0
849.87	-7.282E+0
850.15	3.884E+1
850.44	1.068E+2
850.73	1.942E+1
851.02	3.155E+1
851.31	-8.495E+1
851.60	0.000E+0
851.89	-1.942E+1
852.18	-4.854E+0
852.46	1.214E+1
852.75	-2.670E+1
853.04	1.942E+1
853.33	3.884E+1
853.62	-1.699E+1
853.91	-4.854E+1
854.19	1.699E+1
854.48	-7.282E+1
854.77	9.223E+1
855.06	2.427E+1
855.35	-1.456E+1
855.63	-1.456E+1
855.92	-9.466E+1
856.21	7.282E+0
856.50	-1.699E+1
856.79	2.427E+0
857.07	7.039E+1
857.36	3.641E+1
857.65	-5.583E+1
857.94	1.942E+1
858.22	-1.214E+1
858.51	-2.184E+1
858.80	1.699E+1
859.08	1.699E+1
859.37	2.427E+1
859.66	-7.282E+0
859.95	-2.427E+1
860.23	1.942E+1
860.52	7.524E+1
860.81	-4.612E+1
861.09	-5.340E+1
861.38	5.583E+1
861.67	2.913E+1
861.95	-2.913E+1
862.24	-2.670E+1
862.53	-1.214E+1
862.81	7.282E+0
863.10	9.709E+1
863.39	4.854E+1
863.67	1.456E+1
863.96	9.709E+0
864.25	2.670E+1
864.53	-3.884E+1
864.82	5.340E+1
865.10	-4.612E+1
865.39	0.000E+0
865.68	4.612E+1
865.96	9.709E+0
866.25	7.282E+0
866.53	7.282E+0
866.82	7.282E+0