Wavelength	Intensity	Ocean Optics Flame
nm	counts
187.89	-6.311E+1
188.27	8.010E+1
188.64	-1.262E+2
189.02	-4.612E+1
189.40	3.398E+1
189.78	-4.126E+1
190.15	2.427E+0
190.53	6.796E+1
190.91	9.709E+0
191.29	6.068E+1
191.66	7.524E+1
192.04	3.884E+1
192.42	2.913E+1
192.80	1.942E+1
193.17	2.913E+1
193.55	-3.884E+1
193.93	1.942E+1
194.30	7.767E+1
194.68	9.709E+0
195.06	-3.398E+1
195.44	-7.282E+1
195.81	4.854E+0
196.19	1.408E+2
196.57	3.884E+1
196.94	9.952E+1
197.32	-2.670E+1
197.70	4.126E+1
198.07	-1.092E+2
198.45	9.709E+0
198.83	6.311E+1
199.20	5.583E+1
199.58	8.738E+1
199.96	8.495E+1
200.33	8.738E+1
200.71	1.699E+1
201.09	8.010E+1
201.46	3.884E+1
201.84	-4.854E+1
202.22	6.796E+1
202.59	-1.456E+2
202.97	1.456E+2
203.34	-2.427E+1
203.72	7.282E+1
204.10	2.427E+1
204.47	3.884E+1
204.85	3.398E+1
205.23	7.039E+1
205.60	7.282E+0
205.98	3.155E+1
206.35	2.427E+1
206.73	6.068E+1
207.11	1.214E+1
207.48	2.913E+1
207.86	0.000E+0
208.23	6.554E+1
208.61	-1.699E+1
208.98	7.282E+0
209.36	1.942E+1
209.74	3.884E+1
210.11	-1.699E+1
210.49	-1.214E+1
210.86	1.942E+1
211.24	1.068E+2
211.61	-4.854E+0
211.99	5.340E+1
212.36	4.369E+1
212.74	9.223E+1
213.11	9.709E+0
213.49	-2.184E+1
213.87	3.155E+1
214.24	2.427E+0
214.62	1.335E+2
214.99	5.340E+1
215.37	4.369E+1
215.74	-2.427E+1
216.12	2.184E+1
216.49	-6.796E+1
216.87	-1.335E+2
217.24	-1.214E+1
217.62	2.427E+0
217.99	-4.126E+1
218.37	0.000E+0
218.74	-8.495E+1
219.11	-2.913E+1
219.49	2.184E+1
219.86	-1.699E+1
220.24	1.456E+1
220.61	1.699E+2
220.99	0.000E+0
221.36	5.340E+1
221.74	-6.068E+1
222.11	-2.427E+0
222.49	6.554E+1
222.86	8.738E+1
223.23	4.612E+1
223.61	8.010E+1
223.98	1.092E+2
224.36	7.524E+1
224.73	1.117E+2
225.11	1.699E+1
225.48	1.019E+2
225.85	4.612E+1
226.23	4.854E+1
226.60	-5.583E+1
226.98	1.456E+1
227.35	3.155E+1
227.72	7.282E+0
228.10	-3.398E+1
228.47	-4.854E+0
228.84	-3.641E+1
229.22	4.126E+1
229.59	1.942E+1
229.97	-1.214E+1
230.34	1.044E+2
230.71	7.524E+1
231.09	-3.155E+1
231.46	-9.709E+0
231.83	5.340E+1
232.21	6.068E+1
232.58	4.854E+0
232.95	-3.155E+1
233.33	1.456E+1
233.70	8.010E+1
234.07	1.214E+1
234.45	4.126E+1
234.82	6.554E+1
235.19	4.612E+1
235.57	1.699E+1
235.94	-9.709E+0
236.31	-3.884E+1
236.69	-9.466E+1
237.06	1.456E+1
237.43	-7.282E+0
237.80	5.340E+1
238.18	1.019E+2
238.55	-8.738E+1
238.92	3.155E+1
239.30	4.369E+1
239.67	6.554E+1
240.04	1.286E+2
240.41	-2.913E+1
240.79	2.427E+1
241.16	-1.699E+1
241.53	7.282E+0
241.90	-2.670E+1
242.28	4.369E+1
242.65	1.335E+2
243.02	1.942E+1
243.39	3.884E+1
243.77	2.427E+1
244.14	1.214E+1
244.51	6.554E+1
244.88	-5.340E+1
245.25	1.893E+2
245.63	3.155E+1
246.00	2.670E+1
246.37	1.068E+2
246.74	2.670E+1
247.11	4.612E+1
247.49	-3.884E+1
247.86	-4.612E+1
248.23	4.854E+0
248.60	3.398E+1
248.97	-2.427E+0
249.35	4.854E+0
249.72	8.010E+1
250.09	6.068E+1
250.46	6.554E+1
250.83	2.427E+1
251.20	-3.155E+1
251.58	-2.427E+1
251.95	-8.495E+1
252.32	5.583E+1
252.69	7.039E+1
253.06	1.942E+1
253.43	1.481E+2
253.80	7.767E+1
254.17	5.097E+1
254.55	-1.456E+1
254.92	7.767E+1
255.29	-9.709E+0
255.66	-9.709E+0
256.03	1.117E+2
256.40	9.466E+1
256.77	-2.427E+1
257.14	-1.456E+1
257.51	1.456E+2
257.88	-2.427E+0
258.26	1.117E+2
258.63	8.495E+1
259.00	-3.641E+1
259.37	-4.854E+0
259.74	2.670E+1
260.11	8.010E+1
260.48	-5.340E+1
260.85	5.097E+1
261.22	2.184E+1
261.59	4.369E+1
261.96	4.612E+1
262.33	-3.641E+1
262.70	1.384E+2
263.07	0.000E+0
263.44	6.068E+1
263.81	1.019E+2
264.18	4.854E+0
264.55	7.282E+0
264.92	-1.456E+1
265.29	1.942E+1
265.66	4.612E+1
266.03	-8.010E+1
266.40	2.913E+1
266.77	-1.214E+1
267.14	4.854E+1
267.51	1.165E+2
267.88	2.913E+1
268.25	1.068E+2
268.62	9.709E+0
268.99	6.311E+1
269.36	4.369E+1
269.73	-5.825E+1
270.10	1.117E+2
270.47	3.884E+1
270.84	7.524E+1
271.21	7.282E+0
271.58	3.884E+1
271.95	-4.126E+1
272.32	5.340E+1
272.69	9.709E+0
273.06	0.000E+0
273.43	7.282E+1
273.80	3.884E+1
274.17	1.214E+1
274.53	7.767E+1
274.90	0.000E+0
275.27	-1.699E+1
275.64	6.796E+1
276.01	5.583E+1
276.38	-7.767E+1
276.75	3.884E+1
277.12	8.253E+1
277.49	1.117E+2
277.86	7.767E+1
278.22	5.825E+1
278.59	-4.854E+0
278.96	3.155E+1
279.33	-7.282E+0
279.70	-3.884E+1
280.07	6.796E+1
280.44	-2.427E+0
280.80	1.942E+1
281.17	-5.097E+1
281.54	9.709E+0
281.91	-3.884E+1
282.28	1.214E+1
282.65	2.427E+1
283.02	6.796E+1
283.38	4.369E+1
283.75	9.709E+0
284.12	7.282E+0
284.49	4.612E+1
284.86	9.709E+0
285.22	-5.583E+1
285.59	-2.427E+1
285.96	2.913E+1
286.33	7.282E+1
286.70	-3.884E+1
287.06	7.039E+1
287.43	6.068E+1
287.80	4.369E+1
288.17	3.155E+1
288.53	1.068E+2
288.90	-9.709E+0
289.27	4.612E+1
289.64	3.641E+1
290.01	1.262E+2
290.37	-2.427E+1
290.74	1.456E+1
291.11	2.913E+1
291.48	3.155E+1
291.84	2.427E+1
292.21	2.670E+1
292.58	1.699E+1
292.94	0.000E+0
293.31	-4.854E+0
293.68	1.214E+1
294.05	0.000E+0
294.41	3.641E+1
294.78	-1.456E+1
295.15	4.612E+1
295.51	-2.427E+0
295.88	5.340E+1
296.25	0.000E+0
296.61	6.554E+1
296.98	4.369E+1
297.35	3.884E+1
297.72	1.092E+2
298.08	-4.854E+1
298.45	1.214E+1
298.82	3.641E+1
299.18	6.796E+1
299.55	4.612E+1
299.91	3.884E+1
300.28	-7.282E+0
300.65	8.253E+1
301.01	7.282E+1
301.38	1.384E+2
301.75	1.651E+2
302.11	6.796E+1
302.48	-1.699E+1
302.85	7.282E+0
303.21	5.583E+1
303.58	7.767E+1
303.94	5.825E+1
304.31	1.238E+2
304.68	4.369E+1
305.04	4.854E+1
305.41	1.942E+1
305.77	-4.854E+1
306.14	-4.369E+1
306.51	-3.155E+1
306.87	6.311E+1
307.24	-1.942E+1
307.60	1.262E+2
307.97	5.583E+1
308.33	-3.155E+1
308.70	8.981E+1
309.07	-1.456E+1
309.43	-1.019E+2
309.80	1.019E+2
310.16	1.456E+1
310.53	3.884E+1
310.89	3.155E+1
311.26	-1.699E+1
311.62	-1.699E+1
311.99	5.097E+1
312.35	-9.709E+0
312.72	-2.427E+1
313.08	1.262E+2
313.45	1.214E+1
313.81	1.019E+2
314.18	-1.456E+1
314.54	-5.583E+1
314.91	-4.854E+0
315.27	-3.398E+1
315.64	-2.670E+1
316.00	5.097E+1
316.37	1.238E+2
316.73	-6.068E+1
317.10	-2.670E+1
317.46	1.141E+2
317.83	6.068E+1
318.19	9.709E+0
318.56	2.087E+2
318.92	-1.699E+1
319.28	-2.670E+1
319.65	9.952E+1
320.01	-3.884E+1
320.38	-7.282E+0
320.74	9.952E+1
321.11	-7.282E+0
321.47	-2.670E+1
321.83	-1.942E+1
322.20	3.398E+1
322.56	-6.311E+1
322.93	1.359E+2
323.29	0.000E+0
323.66	6.796E+1
324.02	6.068E+1
324.38	3.641E+1
324.75	-6.311E+1
325.11	-5.825E+1
325.47	-4.369E+1
325.84	5.340E+1
326.20	7.282E+0
326.57	1.141E+2
326.93	5.825E+1
327.29	-2.427E+0
327.66	2.184E+1
328.02	8.981E+1
328.38	6.311E+1
328.75	-3.398E+1
329.11	7.039E+1
329.47	-1.942E+1
329.84	8.495E+1
330.20	1.699E+1
330.56	6.068E+1
330.93	-9.709E+0
331.29	1.456E+1
331.65	7.282E+1
332.02	6.554E+1
332.38	8.010E+1
332.74	1.117E+2
333.10	7.039E+1
333.47	-3.155E+1
333.83	-1.942E+1
334.19	6.554E+1
334.56	2.670E+1
334.92	6.311E+1
335.28	7.767E+1
335.64	1.942E+1
336.01	1.092E+2
336.37	-2.427E+0
336.73	-3.641E+1
337.09	4.369E+1
337.46	5.340E+1
337.82	7.282E+0
338.18	2.427E+1
338.54	4.126E+1
338.91	7.282E+0
339.27	-3.155E+1
339.63	1.214E+1
339.99	7.524E+1
340.36	2.427E+0
340.72	4.854E+1
341.08	7.767E+1
341.44	1.456E+1
341.80	5.340E+1
342.17	-6.311E+1
342.53	2.427E+1
342.89	2.427E+1
343.25	1.699E+1
343.61	1.092E+2
343.98	8.495E+1
344.34	8.495E+1
344.70	2.670E+1
345.06	2.184E+1
345.42	7.282E+0
345.78	2.913E+1
346.14	-2.913E+1
346.51	-2.670E+1
346.87	2.427E+1
347.23	5.097E+1
347.59	4.369E+1
347.95	-3.884E+1
348.31	1.165E+2
348.67	2.670E+1
349.04	1.092E+2
349.40	-4.126E+1
349.76	4.854E+0
350.12	-4.854E+0
350.48	-3.884E+1
350.84	-4.854E+1
351.20	-1.699E+1
351.56	5.097E+1
351.92	-6.554E+1
352.28	-4.369E+1
352.65	9.709E+0
353.01	-9.709E+0
353.37	-2.427E+1
353.73	1.214E+1
354.09	7.282E+0
354.45	4.369E+1
354.81	1.456E+1
355.17	4.612E+1
355.53	4.126E+1
355.89	-3.398E+1
356.25	-1.675E+2
356.61	7.524E+1
356.97	4.126E+1
357.33	-7.282E+0
357.69	-1.214E+1
358.05	-1.699E+1
358.41	1.189E+2
358.77	-4.854E+0
359.13	-4.612E+1
359.49	1.238E+2
359.85	-2.670E+1
360.21	4.126E+1
360.57	-4.126E+1
360.93	1.699E+1
361.29	9.709E+0
361.65	6.554E+1
362.01	-4.612E+1
362.37	6.796E+1
362.73	-2.427E+0
363.09	6.311E+1
363.45	9.466E+1
363.81	9.709E+0
364.17	3.884E+1
364.53	9.709E+0
364.89	8.010E+1
365.25	1.942E+1
365.61	4.854E+1
365.97	-1.456E+1
366.33	6.796E+1
366.69	7.282E+0
367.05	1.262E+2
367.40	1.456E+1
367.76	2.184E+1
368.12	-1.942E+1
368.48	0.000E+0
368.84	4.854E+1
369.20	-2.670E+1
369.56	2.427E+1
369.92	2.427E+1
370.28	5.825E+1
370.63	9.223E+1
370.99	1.189E+2
371.35	1.384E+2
371.71	-4.612E+1
372.07	5.340E+1
372.43	2.184E+1
372.79	1.529E+2
373.15	-1.942E+1
373.50	-3.884E+1
373.86	1.286E+2
374.22	5.825E+1
374.58	1.044E+2
374.94	-4.854E+0
375.30	1.214E+2
375.65	3.884E+1
376.01	1.942E+1
376.37	4.369E+1
376.73	8.495E+1
377.09	-5.583E+1
377.44	1.117E+2
377.80	2.427E+1
378.16	7.282E+0
378.52	4.854E+1
378.88	6.554E+1
379.23	-1.214E+1
379.59	2.427E+0
379.95	-7.524E+1
380.31	-3.884E+1
380.66	-2.427E+1
381.02	5.340E+1
381.38	9.466E+1
381.74	3.398E+1
382.09	-9.709E+0
382.45	-1.699E+1
382.81	-2.670E+1
383.17	-4.854E+0
383.52	-1.699E+1
383.88	-5.340E+1
384.24	3.884E+1
384.60	-1.699E+1
384.95	1.189E+2
385.31	0.000E+0
385.67	-1.214E+1
386.02	-5.825E+1
386.38	-6.311E+1
386.74	4.612E+1
387.10	-4.854E+0
387.45	2.427E+0
387.81	7.767E+1
388.17	-1.286E+2
388.52	3.641E+1
388.88	1.699E+1
389.24	1.699E+1
389.59	-6.796E+1
389.95	5.340E+1
390.31	8.738E+1
390.66	2.670E+1
391.02	8.253E+1
391.38	6.796E+1
391.73	-7.282E+0
392.09	1.019E+2
392.44	0.000E+0
392.80	5.097E+1
393.16	1.942E+1
393.51	1.456E+1
393.87	2.670E+1
394.23	2.427E+1
394.58	1.165E+2
394.94	7.282E+1
395.29	9.952E+1
395.65	4.126E+1
396.01	-2.184E+1
396.36	4.854E+0
396.72	-9.466E+1
397.07	6.796E+1
397.43	9.466E+1
397.78	9.952E+1
398.14	2.427E+0
398.50	6.554E+1
398.85	9.709E+0
399.21	6.796E+1
399.56	5.825E+1
399.92	-9.709E+0
400.27	-3.884E+1
400.63	0.000E+0
400.98	-2.427E+1
401.34	-4.369E+1
401.69	1.456E+1
402.05	-4.854E+0
402.40	7.282E+1
402.76	3.155E+1
403.11	2.670E+1
403.47	1.214E+1
403.82	2.184E+1
404.18	-8.010E+1
404.53	7.767E+1
404.89	-4.126E+1
405.24	4.126E+1
405.60	4.369E+1
405.95	7.039E+1
406.31	0.000E+0
406.66	1.699E+1
407.02	-2.184E+1
407.37	3.155E+1
407.73	-4.854E+1
408.08	-1.942E+1
408.44	1.068E+2
408.79	5.340E+1
409.14	1.456E+1
409.50	4.854E+0
409.85	7.767E+1
410.21	-5.825E+1
410.56	2.670E+1
410.92	3.641E+1
411.27	7.282E+0
411.62	8.738E+1
411.98	-1.942E+1
412.33	-4.612E+1
412.69	2.427E+1
413.04	4.854E+1
413.39	4.369E+1
413.75	-1.456E+1
414.10	2.184E+1
414.45	2.670E+1
414.81	-3.884E+1
415.16	-2.670E+1
415.52	-1.044E+2
415.87	8.010E+1
416.22	2.670E+1
416.58	4.369E+1
416.93	4.369E+1
417.28	4.854E+0
417.64	3.398E+1
417.99	5.340E+1
418.34	1.214E+1
418.70	-7.524E+1
419.05	1.432E+2
419.40	2.670E+1
419.76	7.282E+0
420.11	5.340E+1
420.46	1.505E+2
420.81	0.000E+0
421.17	1.214E+1
421.52	2.913E+1
421.87	1.699E+1
422.23	4.612E+1
422.58	8.253E+1
422.93	6.311E+1
423.28	4.854E+0
423.64	4.612E+1
423.99	2.913E+1
424.34	3.155E+1
424.69	4.126E+1
425.05	-2.184E+1
425.40	1.942E+1
425.75	8.738E+1
426.10	-4.612E+1
426.46	-2.670E+1
426.81	-4.612E+1
427.16	-1.456E+1
427.51	-9.709E+0
427.87	2.427E+0
428.22	-3.641E+1
428.57	1.189E+2
428.92	-1.214E+1
429.27	1.408E+2
429.63	8.010E+1
429.98	6.796E+1
430.33	1.117E+2
430.68	5.583E+1
431.03	4.126E+1
431.38	5.583E+1
431.74	5.340E+1
432.09	7.282E+0
432.44	2.427E+1
432.79	1.214E+1
433.14	1.214E+1
433.49	1.699E+1
433.85	-1.359E+2
434.20	2.427E+0
434.55	-5.097E+1
434.90	1.699E+1
435.25	-1.214E+1
435.60	0.000E+0
435.95	-2.427E+0
436.30	-1.214E+1
436.66	-2.913E+1
437.01	4.612E+1
437.36	8.253E+1
437.71	5.097E+1
438.06	5.825E+1
438.41	-8.253E+1
438.76	7.282E+0
439.11	-7.039E+1
439.46	-7.282E+0
439.81	2.427E+1
440.16	-8.495E+1
440.52	4.612E+1
440.87	2.427E+1
441.22	3.155E+1
441.57	3.641E+1
441.92	1.359E+2
442.27	2.913E+1
442.62	-1.699E+1
442.97	7.767E+1
443.32	-2.427E+0
443.67	1.456E+1
444.02	-2.427E+1
444.37	5.825E+1
444.72	-7.767E+1
445.07	3.641E+1
445.42	1.335E+2
445.77	-1.699E+1
446.12	-3.884E+1
446.47	9.709E+1
446.82	1.214E+1
447.17	-2.427E+0
447.52	3.155E+1
447.87	-2.913E+1
448.22	1.117E+2
448.57	1.942E+1
448.92	9.709E+1
449.27	3.398E+1
449.62	-1.456E+1
449.97	-4.612E+1
450.32	-7.282E+1
450.66	2.913E+1
451.01	7.282E+0
451.36	2.427E+0
451.71	3.398E+1
452.06	-5.583E+1
452.41	4.854E+0
452.76	2.670E+1
453.11	-3.641E+1
453.46	2.184E+1
453.81	-1.044E+2
454.16	-7.282E+0
454.51	2.427E+1
454.85	7.039E+1
455.20	-4.126E+1
455.55	4.612E+1
455.90	2.184E+1
456.25	8.981E+1
456.60	2.913E+1
456.95	-2.913E+1
457.30	4.369E+1
457.64	5.097E+1
457.99	5.825E+1
458.34	1.456E+1
458.69	1.019E+2
459.04	7.282E+0
459.39	-2.427E+1
459.73	-6.796E+1
460.08	-7.282E+0
460.43	3.155E+1
460.78	4.854E+1
461.13	-3.641E+1
461.48	-1.019E+2
461.82	0.000E+0
462.17	-4.612E+1
462.52	1.456E+1
462.87	-4.369E+1
463.21	-3.155E+1
463.56	-2.427E+1
463.91	-5.825E+1
464.26	9.952E+1
464.61	8.495E+1
464.95	-5.097E+1
465.30	-2.427E+0
465.65	2.913E+1
466.00	0.000E+0
466.34	2.670E+1
466.69	-5.583E+1
467.04	-5.825E+1
467.39	-1.456E+1
467.73	9.709E+0
468.08	6.068E+1
468.43	-2.913E+1
468.77	3.884E+1
469.12	-1.214E+1
469.47	4.854E+1
469.82	6.796E+1
470.16	3.884E+1
470.51	2.427E+1
470.86	6.311E+1
471.20	3.884E+1
471.55	-4.854E+0
471.90	-4.369E+1
472.24	2.670E+1
472.59	-1.699E+1
472.94	-1.942E+1
473.28	2.670E+1
473.63	6.068E+1
473.98	-1.456E+1
474.32	1.384E+2
474.67	-1.942E+1
475.02	4.612E+1
475.36	7.282E+0
475.71	-7.282E+0
476.06	-6.311E+1
476.40	2.913E+1
476.75	9.709E+0
477.09	5.825E+1
477.44	-5.825E+1
477.79	4.126E+1
478.13	-1.456E+1
478.48	6.311E+1
478.82	-9.709E+1
479.17	7.767E+1
479.52	9.709E+0
479.86	7.282E+0
480.21	-7.282E+0
480.55	-2.427E+1
480.90	1.456E+1
481.24	-4.854E+1
481.59	3.398E+1
481.94	-2.427E+1
482.28	2.670E+1
482.63	1.699E+1
482.97	1.942E+1
483.32	7.524E+1
483.66	-7.282E+0
484.01	7.039E+1
484.35	3.641E+1
484.70	1.214E+2
485.04	-9.709E+0
485.39	3.641E+1
485.73	-2.427E+1
486.08	8.253E+1
486.42	5.583E+1
486.77	1.019E+2
487.11	-2.427E+1
487.46	6.068E+1
487.80	-8.981E+1
488.15	-8.253E+1
488.49	3.641E+1
488.84	-9.466E+1
489.18	-2.913E+1
489.53	-9.709E+0
489.87	7.524E+1
490.21	3.155E+1
490.56	-4.369E+1
490.90	-1.456E+1
491.25	5.825E+1
491.59	7.282E+0
491.94	0.000E+0
492.28	-8.495E+1
492.62	1.699E+1
492.97	4.854E+1
493.31	2.913E+1
493.66	-1.456E+1
494.00	-4.854E+1
494.34	-1.942E+1
494.69	8.738E+1
495.03	0.000E+0
495.38	1.432E+2
495.72	-9.709E+0
496.06	4.854E+0
496.41	-2.913E+1
496.75	1.456E+1
497.09	1.214E+1
497.44	1.456E+1
497.78	-1.214E+1
498.13	3.398E+1
498.47	4.612E+1
498.81	-2.427E+0
499.16	1.238E+2
499.50	3.398E+1
499.84	3.641E+1
500.19	1.942E+1
500.53	6.796E+1
500.87	-2.670E+1
501.21	2.670E+1
501.56	-5.825E+1
501.90	9.709E+0
502.24	-4.369E+1
502.59	-4.854E+1
502.93	1.432E+2
503.27	-9.709E+0
503.61	9.223E+1
503.96	-2.670E+1
504.30	1.456E+1
504.64	3.641E+1
504.99	1.117E+2
505.33	-3.641E+1
505.67	2.670E+1
506.01	2.427E+0
506.36	2.913E+1
506.70	1.214E+1
507.04	6.554E+1
507.38	9.709E+0
507.72	1.529E+2
508.07	5.340E+1
508.41	4.854E+1
508.75	3.641E+1
509.09	6.796E+1
509.44	1.384E+2
509.78	-2.427E+0
510.12	1.068E+2
510.46	-5.097E+1
510.80	-3.398E+1
511.14	1.456E+1
511.49	-9.709E+0
511.83	-2.427E+1
512.17	2.670E+1
512.51	7.039E+1
512.85	2.427E+0
513.19	1.942E+1
513.54	-9.466E+1
513.88	2.427E+0
514.22	-2.913E+1
514.56	0.000E+0
514.90	5.825E+1
515.24	1.311E+2
515.58	6.554E+1
515.93	5.825E+1
516.27	0.000E+0
516.61	-3.398E+1
516.95	-1.214E+1
517.29	-1.456E+1
517.63	0.000E+0
517.97	4.854E+0
518.31	-3.641E+1
518.65	5.340E+1
518.99	2.427E+0
519.33	7.767E+1
519.67	1.214E+1
520.02	7.524E+1
520.36	5.583E+1
520.70	4.612E+1
521.04	1.262E+2
521.38	-4.854E+0
521.72	4.854E+1
522.06	-2.184E+1
522.40	1.214E+1
522.74	3.398E+1
523.08	-7.282E+0
523.42	4.854E+1
523.76	1.019E+2
524.10	1.238E+2
524.44	2.427E+0
524.78	-1.456E+1
525.12	-3.398E+1
525.46	6.068E+1
525.80	2.184E+1
526.14	2.427E+1
526.48	-7.039E+1
526.82	-7.282E+0
527.16	-4.612E+1
527.50	1.456E+1
527.84	-7.039E+1
528.18	-8.253E+1
528.52	6.554E+1
528.86	3.641E+1
529.20	5.097E+1
529.54	5.583E+1
529.87	1.214E+1
530.21	-4.854E+0
530.55	2.913E+1
530.89	-5.097E+1
531.23	-3.884E+1
531.57	1.456E+1
531.91	1.238E+2
532.25	5.825E+1
532.59	6.068E+1
532.93	3.398E+1
533.27	7.039E+1
533.60	1.942E+1
533.94	3.398E+1
534.28	1.456E+1
534.62	-5.097E+1
534.96	1.214E+1
535.30	6.796E+1
535.64	-5.097E+1
535.98	-5.583E+1
536.31	4.369E+1
536.65	-1.214E+1
536.99	6.796E+1
537.33	-1.942E+1
537.67	5.583E+1
538.01	3.155E+1
538.34	1.456E+1
538.68	1.456E+1
539.02	2.427E+1
539.36	3.398E+1
539.70	3.884E+1
540.03	2.670E+1
540.37	-2.184E+1
540.71	5.583E+1
541.05	2.427E+0
541.39	6.796E+1
541.72	2.184E+1
542.06	4.612E+1
542.40	1.699E+1
542.74	1.019E+2
543.07	6.796E+1
543.41	1.942E+1
543.75	6.311E+1
544.09	8.738E+1
544.42	-6.554E+1
544.76	5.340E+1
545.10	3.884E+1
545.44	-4.612E+1
545.77	8.253E+1
546.11	-5.097E+1
546.45	2.184E+1
546.78	1.942E+1
547.12	8.253E+1
547.46	7.282E+0
547.80	2.670E+1
548.13	4.612E+1
548.47	9.223E+1
548.81	1.481E+2
549.14	-4.854E+0
549.48	9.709E+1
549.82	-2.670E+1
550.15	1.335E+2
550.49	3.641E+1
550.83	-1.214E+1
551.16	-1.942E+1
551.50	9.709E+1
551.84	2.427E+0
552.17	1.359E+2
552.51	1.262E+2
552.84	9.223E+1
553.18	4.854E+1
553.52	4.612E+1
553.85	1.117E+2
554.19	1.602E+2
554.53	7.282E+0
554.86	5.340E+1
555.20	4.126E+1
555.53	7.524E+1
555.87	7.039E+1
556.20	5.340E+1
556.54	2.184E+1
556.88	7.282E+1
557.21	-4.854E+0
557.55	-7.524E+1
557.88	8.010E+1
558.22	9.709E+1
558.55	5.583E+1
558.89	-8.010E+1
559.23	3.398E+1
559.56	1.942E+1
559.90	1.942E+1
560.23	-3.641E+1
560.57	9.709E+1
560.90	-1.189E+2
561.24	3.884E+1
561.57	-4.369E+1
561.91	-1.456E+1
562.24	-1.942E+1
562.58	4.612E+1
562.91	2.913E+1
563.25	5.583E+1
563.58	-2.184E+1
563.92	1.942E+1
564.25	-8.495E+1
564.59	0.000E+0
564.92	9.709E+0
565.25	3.155E+1
565.59	-2.427E+1
565.92	-4.369E+1
566.26	3.884E+1
566.59	2.427E+1
566.93	-5.097E+1
567.26	9.466E+1
567.60	-1.214E+1
567.93	0.000E+0
568.26	9.466E+1
568.60	7.039E+1
568.93	3.398E+1
569.27	7.282E+0
569.60	6.796E+1
569.93	6.554E+1
570.27	2.427E+1
570.60	2.184E+1
570.94	1.262E+2
571.27	8.738E+1
571.60	7.767E+1
571.94	2.427E+0
572.27	1.359E+2
572.60	5.340E+1
572.94	2.427E+1
573.27	8.253E+1
573.60	7.524E+1
573.94	9.709E+1
574.27	8.010E+1
574.60	2.427E+0
574.94	3.641E+1
575.27	7.039E+1
575.60	1.214E+2
575.94	1.019E+2
576.27	1.214E+2
576.60	1.019E+2
576.94	7.524E+1
577.27	8.981E+1
577.60	7.524E+1
577.94	1.044E+2
578.27	2.015E+2
578.60	-4.854E+0
578.93	6.554E+1
579.27	1.772E+2
579.60	8.738E+1
579.93	1.019E+2
580.26	1.214E+1
580.60	8.253E+1
580.93	1.529E+2
581.26	2.379E+2
581.59	1.626E+2
581.93	8.253E+1
582.26	7.039E+1
582.59	1.117E+2
582.92	1.578E+2
583.25	1.286E+2
583.59	8.010E+1
583.92	1.262E+2
584.25	1.772E+2
584.58	9.952E+1
584.91	5.583E+1
585.25	1.359E+2
585.58	9.223E+1
585.91	8.981E+1
586.24	1.262E+2
586.57	9.223E+1
586.90	1.505E+2
587.24	8.981E+1
587.57	1.990E+2
587.90	1.019E+2
588.23	2.160E+2
588.56	1.723E+2
588.89	5.583E+1
589.22	1.675E+2
589.56	1.044E+2
589.89	8.495E+1
590.22	2.209E+2
590.55	2.476E+2
590.88	2.646E+2
591.21	1.869E+2
591.54	2.233E+2
591.87	2.427E+2
592.20	2.500E+2
592.53	1.772E+2
592.87	3.471E+2
593.20	2.233E+2
593.53	2.621E+2
593.86	3.398E+2
594.19	2.597E+2
594.52	1.869E+2
594.85	2.039E+2
595.18	2.330E+2
595.51	3.107E+2
595.84	3.180E+2
596.17	3.665E+2
596.50	3.786E+2
596.83	2.816E+2
597.16	3.592E+2
597.49	3.350E+2
597.82	4.151E+2
598.15	3.544E+2
598.48	3.252E+2
598.81	3.252E+2
599.14	4.199E+2
599.47	4.418E+2
599.80	4.587E+2
600.13	5.219E+2
600.46	5.170E+2
600.79	4.102E+2
601.12	5.510E+2
601.45	5.850E+2
601.78	5.461E+2
602.11	5.825E+2
602.44	6.238E+2
602.77	6.141E+2
603.10	6.820E+2
603.42	7.209E+2
603.75	7.573E+2
604.08	6.578E+2
604.41	7.646E+2
604.74	8.107E+2
605.07	8.228E+2
605.40	6.942E+2
605.73	8.447E+2
606.06	9.296E+2
606.39	7.840E+2
606.71	8.835E+2
607.04	8.859E+2
607.37	1.049E+3
607.70	8.617E+2
608.03	9.903E+2
608.36	9.709E+2
608.69	1.063E+3
609.02	1.019E+3
609.34	1.100E+3
609.67	1.204E+3
610.00	1.252E+3
610.33	1.289E+3
610.66	1.282E+3
610.98	1.420E+3
611.31	1.379E+3
611.64	1.466E+3
611.97	1.384E+3
612.30	1.621E+3
612.63	1.391E+3
612.95	1.714E+3
613.28	1.578E+3
613.61	1.507E+3
613.94	1.699E+3
614.26	1.762E+3
614.59	1.672E+3
614.92	1.852E+3
615.25	1.925E+3
615.57	1.942E+3
615.90	1.901E+3
616.23	2.049E+3
616.56	1.964E+3
616.88	2.121E+3
617.21	2.262E+3
617.54	2.345E+3
617.87	2.165E+3
618.19	2.430E+3
618.52	2.410E+3
618.85	2.621E+3
619.17	2.600E+3
619.50	2.553E+3
619.83	2.697E+3
620.15	2.952E+3
620.48	2.937E+3
620.81	2.791E+3
621.14	2.956E+3
621.46	3.136E+3
621.79	3.170E+3
622.11	2.959E+3
622.44	3.095E+3
622.77	3.328E+3
623.09	3.364E+3
623.42	3.536E+3
623.75	3.532E+3
624.07	3.765E+3
624.40	3.777E+3
624.73	3.891E+3
625.05	3.869E+3
625.38	4.109E+3
625.70	4.308E+3
626.03	4.466E+3
626.36	4.325E+3
626.68	4.512E+3
627.01	4.653E+3
627.33	4.765E+3
627.66	4.840E+3
627.99	4.910E+3
628.31	5.121E+3
628.64	5.151E+3
628.96	5.340E+3
629.29	5.430E+3
629.61	5.595E+3
629.94	5.774E+3
630.26	5.959E+3
630.59	6.160E+3
630.91	6.267E+3
631.24	6.435E+3
631.57	6.614E+3
631.89	6.850E+3
632.22	6.901E+3
632.54	7.148E+3
632.87	7.189E+3
633.19	7.471E+3
633.52	7.619E+3
633.84	7.995E+3
634.16	8.075E+3
634.49	8.304E+3
634.81	8.362E+3
635.14	8.753E+3
635.46	8.964E+3
635.79	9.136E+3
636.11	9.415E+3
636.44	9.668E+3
636.76	9.823E+3
637.09	9.842E+3
637.41	1.051E+4
637.73	1.032E+4
638.06	1.083E+4
638.38	1.117E+4
638.71	1.133E+4
639.03	1.166E+4
639.36	1.184E+4
639.68	1.199E+4
640.00	1.247E+4
640.33	1.274E+4
640.65	1.313E+4
640.97	1.340E+4
641.30	1.345E+4
641.62	1.369E+4
641.95	1.433E+4
642.27	1.477E+4
642.59	1.484E+4
642.92	1.518E+4
643.24	1.546E+4
643.56	1.645E+4
643.89	1.611E+4
644.21	1.661E+4
644.53	1.704E+4
644.86	1.711E+4
645.18	1.775E+4
645.50	1.802E+4
645.83	1.850E+4
646.15	1.877E+4
646.47	1.898E+4
646.80	1.948E+4
647.12	1.986E+4
647.44	1.995E+4
647.76	2.075E+4
648.09	2.118E+4
648.41	2.130E+4
648.73	2.169E+4
649.05	2.237E+4
649.38	2.273E+4
649.70	2.332E+4
650.02	2.351E+4
650.34	2.401E+4
650.67	2.460E+4
650.99	2.534E+4
651.31	2.556E+4
651.63	2.599E+4
651.96	2.660E+4
652.28	2.700E+4
652.60	2.772E+4
652.92	2.802E+4
653.24	2.858E+4
653.57	2.952E+4
653.89	2.991E+4
654.21	3.048E+4
654.53	3.126E+4
654.85	3.184E+4
655.18	3.194E+4
655.50	3.263E+4
655.82	3.311E+4
656.14	3.377E+4
656.46	3.464E+4
656.78	3.465E+4
657.10	3.567E+4
657.43	3.664E+4
657.75	3.638E+4
658.07	3.743E+4
658.39	3.826E+4
658.71	3.860E+4
659.03	3.882E+4
659.35	4.011E+4
659.67	3.998E+4
659.99	4.125E+4
660.32	4.143E+4
660.64	4.212E+4
660.96	4.252E+4
661.28	4.333E+4
661.60	4.366E+4
661.92	4.431E+4
662.24	4.487E+4
662.56	4.566E+4
662.88	4.644E+4
663.20	4.696E+4
663.52	4.720E+4
663.84	4.729E+4
664.16	4.824E+4
664.48	4.903E+4
664.80	4.910E+4
665.12	4.968E+4
665.44	4.964E+4
665.76	5.037E+4
666.08	5.055E+4
666.40	5.109E+4
666.72	5.106E+4
667.04	5.170E+4
667.36	5.170E+4
667.68	5.223E+4
668.00	5.188E+4
668.32	5.221E+4
668.64	5.209E+4
668.96	5.255E+4
669.28	5.256E+4
669.60	5.260E+4
669.92	5.269E+4
670.24	5.230E+4
670.56	5.194E+4
670.88	5.161E+4
671.20	5.195E+4
671.52	5.192E+4
671.84	5.176E+4
672.16	5.106E+4
672.47	5.072E+4
672.79	5.023E+4
673.11	4.989E+4
673.43	4.889E+4
673.75	4.819E+4
674.07	4.725E+4
674.39	4.703E+4
674.71	4.615E+4
675.03	4.496E+4
675.34	4.418E+4
675.66	4.333E+4
675.98	4.207E+4
676.30	4.139E+4
676.62	3.984E+4
676.94	3.906E+4
677.25	3.788E+4
677.57	3.672E+4
677.89	3.608E+4
678.21	3.474E+4
678.53	3.379E+4
678.85	3.228E+4
679.16	3.152E+4
679.48	3.027E+4
679.80	2.938E+4
680.12	2.844E+4
680.44	2.713E+4
680.75	2.645E+4
681.07	2.537E+4
681.39	2.443E+4
681.71	2.338E+4
682.02	2.254E+4
682.34	2.147E+4
682.66	2.093E+4
682.98	2.007E+4
683.29	1.895E+4
683.61	1.851E+4
683.93	1.787E+4
684.25	1.711E+4
684.56	1.656E+4
684.88	1.605E+4
685.20	1.550E+4
685.51	1.504E+4
685.83	1.435E+4
686.15	1.369E+4
686.47	1.310E+4
686.78	1.262E+4
687.10	1.226E+4
687.42	1.194E+4
687.73	1.141E+4
688.05	1.081E+4
688.37	1.053E+4
688.68	9.959E+3
689.00	9.762E+3
689.32	9.486E+3
689.63	9.124E+3
689.95	8.743E+3
690.26	8.345E+3
690.58	7.973E+3
690.90	7.956E+3
691.21	7.413E+3
691.53	7.342E+3
691.85	7.231E+3
692.16	6.532E+3
692.48	6.546E+3
692.79	6.177E+3
693.11	5.910E+3
693.42	5.626E+3
693.74	5.541E+3
694.06	5.442E+3
694.37	5.097E+3
694.69	4.685E+3
695.00	4.726E+3
695.32	4.493E+3
695.63	4.090E+3
695.95	4.019E+3
696.26	3.959E+3
696.58	3.835E+3
696.90	3.738E+3
697.21	3.519E+3
697.53	3.452E+3
697.84	3.136E+3
698.16	3.097E+3
698.47	2.952E+3
698.79	2.818E+3
699.10	2.580E+3
699.42	2.549E+3
699.73	2.437E+3
700.05	2.267E+3
700.36	2.221E+3
700.68	2.015E+3
700.99	2.075E+3
701.30	1.879E+3
701.62	1.808E+3
701.93	1.668E+3
702.25	1.765E+3
702.56	1.668E+3
702.88	1.415E+3
703.19	1.476E+3
703.50	1.517E+3
703.82	1.388E+3
704.13	1.352E+3
704.45	1.267E+3
704.76	1.165E+3
705.08	1.228E+3
705.39	1.151E+3
705.70	1.114E+3
706.02	9.830E+2
706.33	1.015E+3
706.64	1.017E+3
706.96	9.005E+2
707.27	9.102E+2
707.59	9.369E+2
707.90	6.675E+2
708.21	6.820E+2
708.53	7.063E+2
708.84	7.476E+2
709.15	6.626E+2
709.47	6.748E+2
709.78	5.097E+2
710.09	5.704E+2
710.41	4.903E+2
710.72	4.587E+2
711.03	4.587E+2
711.34	4.151E+2
711.66	3.689E+2
711.97	4.879E+2
712.28	4.078E+2
712.60	5.316E+2
712.91	4.587E+2
713.22	3.495E+2
713.53	3.495E+2
713.85	3.058E+2
714.16	3.665E+2
714.47	3.859E+2
714.78	2.961E+2
715.10	3.107E+2
715.41	2.985E+2
715.72	3.665E+2
716.03	1.796E+2
716.35	2.743E+2
716.66	1.893E+2
716.97	1.699E+2
717.28	2.233E+2
717.59	2.160E+2
717.91	1.699E+2
718.22	2.063E+2
718.53	1.820E+2
718.84	3.058E+2
719.15	2.403E+2
719.46	1.384E+2
719.78	1.311E+2
720.09	1.748E+2
720.40	2.015E+2
720.71	1.529E+2
721.02	9.952E+1
721.33	2.209E+2
721.65	7.767E+1
721.96	1.578E+2
722.27	5.825E+1
722.58	2.306E+2
722.89	6.311E+1
723.20	4.854E+1
723.51	1.432E+2
723.82	1.553E+2
724.13	8.010E+1
724.45	4.126E+1
724.76	1.942E+1
725.07	1.189E+2
725.38	8.253E+1
725.69	6.796E+1
726.00	7.282E+1
726.31	5.340E+1
726.62	4.854E+1
726.93	2.184E+1
727.24	1.942E+1
727.55	8.495E+1
727.86	-1.214E+1
728.17	1.311E+2
728.48	6.068E+1
728.79	6.796E+1
729.10	3.641E+1
729.41	4.126E+1
729.72	7.282E+0
730.03	1.942E+1
730.34	4.854E+1
730.65	2.427E+1
730.96	6.554E+1
731.27	1.117E+2
731.58	-4.854E+1
731.89	9.709E+1
732.20	-2.184E+1
732.51	4.854E+1
732.82	7.282E+0
733.13	-1.942E+1
733.44	0.000E+0
733.75	4.612E+1
734.06	9.223E+1
734.37	8.495E+1
734.68	-9.709E+0
734.98	3.398E+1
735.29	-1.456E+1
735.60	1.699E+1
735.91	-1.214E+1
736.22	1.117E+2
736.53	7.282E+0
736.84	1.214E+1
737.15	6.068E+1
737.46	1.432E+2
737.77	1.092E+2
738.07	5.340E+1
738.38	-2.427E+1
738.69	4.612E+1
739.00	5.097E+1
739.31	8.738E+1
739.62	7.282E+0
739.92	-2.184E+1
740.23	9.709E+0
740.54	5.340E+1
740.85	1.117E+2
741.16	-6.554E+1
741.47	3.155E+1
741.77	7.767E+1
742.08	2.427E+0
742.39	-7.282E+0
742.70	1.214E+1
743.01	8.738E+1
743.31	-8.253E+1
743.62	1.456E+1
743.93	4.126E+1
744.24	4.854E+0
744.54	3.884E+1
744.85	1.699E+1
745.16	2.184E+1
745.47	9.709E+1
745.77	1.699E+1
746.08	4.369E+1
746.39	7.282E+1
746.70	6.311E+1
747.00	1.942E+1
747.31	4.612E+1
747.62	1.699E+1
747.92	-7.282E+0
748.23	-3.641E+1
748.54	-1.456E+1
748.84	-1.456E+1
749.15	-4.369E+1
749.46	-2.427E+0
749.76	1.141E+2
750.07	1.214E+1
750.38	-3.155E+1
750.68	-2.427E+0
750.99	6.796E+1
751.30	3.398E+1
751.60	5.825E+1
751.91	-6.554E+1
752.22	3.884E+1
752.52	5.340E+1
752.83	-8.981E+1
753.14	1.456E+1
753.44	1.214E+1
753.75	4.369E+1
754.05	-3.155E+1
754.36	2.184E+1
754.67	-6.554E+1
754.97	2.427E+1
755.28	2.427E+0
755.58	8.981E+1
755.89	3.155E+1
756.19	2.427E+0
756.50	6.554E+1
756.81	3.155E+1
757.11	1.456E+1
757.42	7.767E+1
757.72	1.092E+2
758.03	-3.641E+1
758.33	3.155E+1
758.64	2.184E+1
758.94	4.369E+1
759.25	9.223E+1
759.55	-9.709E+0
759.86	8.253E+1
760.16	-7.282E+0
760.47	9.952E+1
760.77	2.427E+0
761.08	-4.369E+1
761.38	-2.184E+1
761.69	4.126E+1
761.99	-9.709E+0
762.30	7.282E+1
762.60	9.466E+1
762.91	-1.165E+2
763.21	-4.854E+0
763.51	-1.456E+1
763.82	-4.612E+1
764.12	-7.039E+1
764.43	-3.398E+1
764.73	7.039E+1
765.04	-1.699E+1
765.34	2.427E+1
765.64	2.427E+0
765.95	-1.214E+1
766.25	7.282E+0
766.56	5.825E+1
766.86	2.670E+1
767.16	-1.189E+2
767.47	5.097E+1
767.77	-7.282E+0
768.07	-7.767E+1
768.38	-9.709E+0
768.68	-4.369E+1
768.98	-5.097E+1
769.29	-3.398E+1
769.59	-1.942E+1
769.89	-4.854E+1
770.20	6.554E+1
770.50	1.214E+1
770.80	7.039E+1
771.11	0.000E+0
771.41	-4.854E+0
771.71	-4.369E+1
772.02	9.709E+0
772.32	-4.854E+1
772.62	1.456E+1
772.93	-4.126E+1
773.23	1.214E+1
773.53	6.311E+1
773.83	-1.456E+1
774.14	-2.670E+1
774.44	-2.913E+1
774.74	-2.670E+1
775.04	1.214E+1
775.35	3.155E+1
775.65	-1.699E+1
775.95	-1.456E+1
776.25	5.340E+1
776.55	1.384E+2
776.86	6.068E+1
777.16	5.097E+1
777.46	-2.427E+0
777.76	-6.068E+1
778.06	-7.282E+0
778.37	-1.189E+2
778.67	1.068E+2
778.97	2.427E+1
779.27	3.884E+1
779.57	-2.427E+0
779.88	2.184E+1
780.18	-2.913E+1
780.48	-1.092E+2
780.78	2.913E+1
781.08	-2.427E+1
781.38	-3.641E+1
781.68	2.913E+1
781.98	-2.427E+0
782.29	-7.282E+1
782.59	-1.214E+1
782.89	-5.583E+1
783.19	-3.884E+1
783.49	-3.155E+1
783.79	9.952E+1
784.09	-8.253E+1
784.39	-4.854E+0
784.69	4.369E+1
784.99	6.311E+1
785.30	9.466E+1
785.60	-5.583E+1
785.90	-3.155E+1
786.20	-4.126E+1
786.50	6.068E+1
786.80	-9.709E+0
787.10	6.311E+1
787.40	5.097E+1
787.70	1.456E+1
788.00	3.884E+1
788.30	5.825E+1
788.60	-6.554E+1
788.90	-4.612E+1
789.20	1.699E+1
789.50	4.854E+0
789.80	4.369E+1
790.10	4.854E+1
790.40	1.456E+1
790.70	-4.369E+1
791.00	-2.670E+1
791.30	5.097E+1
791.60	-2.913E+1
791.90	-7.282E+0
792.20	2.427E+0
792.50	8.495E+1
792.79	5.825E+1
793.09	3.884E+1
793.39	-5.583E+1
793.69	3.641E+1
793.99	1.019E+2
794.29	5.340E+1
794.59	8.253E+1
794.89	8.981E+1
795.19	-1.699E+1
795.49	5.583E+1
795.79	1.699E+1
796.08	8.495E+1
796.38	-4.612E+1
796.68	-5.097E+1
796.98	5.825E+1
797.28	5.825E+1
797.58	-3.641E+1
797.88	1.214E+1
798.17	2.427E+1
798.47	-2.913E+1
798.77	-6.311E+1
799.07	4.126E+1
799.37	1.214E+1
799.67	2.427E+0
799.96	4.854E+0
800.26	8.495E+1
800.56	1.456E+1
800.86	-4.126E+1
801.16	2.184E+1
801.45	4.126E+1
801.75	1.723E+2
802.05	-3.641E+1
802.35	4.854E+0
802.64	4.854E+1
802.94	4.369E+1
803.24	0.000E+0
803.54	-3.641E+1
803.83	3.641E+1
804.13	-2.427E+1
804.43	5.583E+1
804.73	-7.282E+1
805.02	3.155E+1
805.32	-9.466E+1
805.62	-3.641E+1
805.91	-2.670E+1
806.21	3.155E+1
806.51	3.641E+1
806.81	6.796E+1
807.10	2.427E+0
807.40	1.966E+2
807.70	-1.456E+1
807.99	-7.282E+0
808.29	1.165E+2
808.59	1.408E+2
808.88	1.432E+2
809.18	3.155E+1
809.47	4.612E+1
809.77	3.398E+1
810.07	-2.427E+0
810.36	2.184E+1
810.66	-7.282E+1
810.96	9.709E+0
811.25	-5.583E+1
811.55	-4.126E+1
811.84	2.427E+1
812.14	6.554E+1
812.44	5.825E+1
812.73	7.767E+1
813.03	8.738E+1
813.32	3.641E+1
813.62	8.738E+1
813.91	4.854E+1
814.21	-1.456E+1
814.51	6.311E+1
814.80	4.126E+1
815.10	-2.913E+1
815.39	7.767E+1
815.69	-1.699E+1
815.98	-7.039E+1
816.28	1.214E+1
816.57	-1.456E+1
816.87	-4.854E+1
817.16	2.913E+1
817.46	-2.670E+1
817.75	-1.942E+1
818.05	-7.524E+1
818.34	-3.398E+1
818.64	1.942E+1
818.93	-2.184E+1
819.23	1.456E+1
819.52	-1.044E+2
819.82	-6.068E+1
820.11	-4.854E+1
820.40	0.000E+0
820.70	-8.010E+1
820.99	7.282E+1
821.29	-3.155E+1
821.58	2.427E+1
821.88	6.311E+1
822.17	3.398E+1
822.46	6.068E+1
822.76	2.670E+1
823.05	9.466E+1
823.35	1.189E+2
823.64	2.427E+0
823.93	8.495E+1
824.23	9.709E+1
824.52	-2.670E+1
824.81	7.039E+1
825.11	-9.709E+0
825.40	5.340E+1
825.69	-8.738E+1
825.99	7.282E+0
826.28	8.253E+1
826.58	8.253E+1
826.87	3.155E+1
827.16	-9.223E+1
827.45	1.456E+1
827.75	2.670E+1
828.04	-7.282E+0
828.33	3.884E+1
828.63	-4.126E+1
828.92	6.554E+1
829.21	7.039E+1
829.51	7.282E+0
829.80	-1.942E+1
830.09	8.738E+1
830.38	-4.854E+0
830.68	-6.068E+1
830.97	2.427E+1
831.26	-1.942E+1
831.55	7.767E+1
831.85	-2.184E+1
832.14	6.554E+1
832.43	4.126E+1
832.72	7.767E+1
833.01	2.427E+1
833.31	0.000E+0
833.60	-9.709E+0
833.89	-6.796E+1
834.18	2.427E+1
834.47	8.981E+1
834.77	4.369E+1
835.06	3.398E+1
835.35	-5.340E+1
835.64	-6.068E+1
835.93	9.709E+0
836.22	6.554E+1
836.52	3.641E+1
836.81	-2.184E+1
837.10	-7.039E+1
837.39	-1.456E+1
837.68	-3.398E+1
837.97	-3.155E+1
838.26	-7.039E+1
838.55	-7.282E+0
838.85	1.214E+1
839.14	4.126E+1
839.43	7.524E+1
839.72	-5.097E+1
840.01	-2.913E+1
840.30	1.456E+1
840.59	1.117E+2
840.88	-1.141E+2
841.17	-4.854E+0
841.46	-9.709E+0
841.75	-3.155E+1
842.04	-2.670E+1
842.33	-1.456E+1
842.62	-6.554E+1
842.91	-3.884E+1
843.21	-2.427E+0
843.50	-4.369E+1
843.79	-3.641E+1
844.08	1.578E+2
844.37	2.913E+1
844.66	1.578E+2
844.95	-5.097E+1
845.24	-4.369E+1
845.53	1.019E+2
845.81	1.456E+1
846.10	-2.913E+1
846.39	-2.427E+0
846.68	-9.466E+1
846.97	-9.952E+1
847.26	-2.184E+1
847.55	-9.709E+0
847.84	6.311E+1
848.13	-3.398E+1
848.42	-5.583E+1
848.71	-3.398E+1
849.00	4.854E+1
849.29	-8.495E+1
849.58	2.670E+1
849.87	2.427E+0
850.15	2.184E+1
850.44	5.340E+1
850.73	4.854E+0
851.02	0.000E+0
851.31	4.854E+0
851.60	5.340E+1
851.89	-2.184E+1
852.18	-4.612E+1
852.46	2.427E+1
852.75	2.427E+0
853.04	-6.068E+1
853.33	-3.641E+1
853.62	4.854E+1
853.91	-5.097E+1
854.19	-3.641E+1
854.48	7.039E+1
854.77	4.612E+1
855.06	7.767E+1
855.35	-4.854E+0
855.63	-5.340E+1
855.92	-5.583E+1
856.21	-5.097E+1
856.50	2.913E+1
856.79	-2.670E+1
857.07	7.039E+1
857.36	-7.282E+0
857.65	1.942E+1
857.94	-9.709E+0
858.22	-7.039E+1
858.51	7.524E+1
858.80	-9.709E+0
859.08	-7.767E+1
859.37	8.253E+1
859.66	2.184E+1
859.95	-6.554E+1
860.23	6.311E+1
860.52	9.223E+1
860.81	-7.282E+0
861.09	-6.311E+1
861.38	1.214E+1
861.67	7.039E+1
861.95	-4.126E+1
862.24	7.039E+1
862.53	5.583E+1
862.81	1.311E+2
863.10	9.709E+0
863.39	3.398E+1
863.67	8.981E+1
863.96	2.184E+1
864.25	5.583E+1
864.53	-1.456E+1
864.82	-5.097E+1
865.10	2.913E+1
865.39	-5.583E+1
865.68	5.097E+1
865.96	8.495E+1
866.25	-1.214E+1
866.53	-1.214E+1
866.82	-1.214E+1