Wavelength	Intensity	Ocean Optics Flame
nm	counts
187.89	-5.583E+1
188.27	-2.913E+1
188.64	-6.554E+1
189.02	7.282E+0
189.40	-4.126E+1
189.78	0.000E+0
190.15	-5.340E+1
190.53	1.432E+2
190.91	2.184E+1
191.29	8.981E+1
191.66	1.456E+1
192.04	-2.184E+1
192.42	-4.854E+0
192.80	3.155E+1
193.17	4.854E+1
193.55	1.214E+1
193.93	-1.214E+1
194.30	-2.184E+1
194.68	-4.854E+1
195.06	4.369E+1
195.44	7.039E+1
195.81	-4.369E+1
196.19	4.126E+1
196.57	-4.854E+0
196.94	2.427E+0
197.32	2.427E+1
197.70	5.583E+1
198.07	-2.184E+1
198.45	-4.126E+1
198.83	4.854E+0
199.20	7.524E+1
199.58	9.952E+1
199.96	2.184E+1
200.33	-2.913E+1
200.71	6.068E+1
201.09	1.044E+2
201.46	-7.282E+0
201.84	2.184E+1
202.22	-1.942E+1
202.59	-1.432E+2
202.97	1.626E+2
203.34	2.670E+1
203.72	4.369E+1
204.10	4.854E+0
204.47	-7.524E+1
204.85	4.612E+1
205.23	1.578E+2
205.60	8.495E+1
205.98	-9.466E+1
206.35	3.398E+1
206.73	6.068E+1
207.11	4.612E+1
207.48	-1.942E+1
207.86	4.854E+0
208.23	-3.641E+1
208.61	-7.282E+0
208.98	5.825E+1
209.36	-1.068E+2
209.74	1.044E+2
210.11	5.340E+1
210.49	5.097E+1
210.86	-9.709E+0
211.24	-1.456E+1
211.61	-4.612E+1
211.99	1.044E+2
212.36	7.039E+1
212.74	6.311E+1
213.11	2.184E+1
213.49	3.641E+1
213.87	3.884E+1
214.24	1.456E+1
214.62	8.495E+1
214.99	2.427E+1
215.37	8.738E+1
215.74	-6.311E+1
216.12	-1.214E+1
216.49	2.913E+1
216.87	-5.583E+1
217.24	-4.369E+1
217.62	-1.214E+1
217.99	-9.709E+0
218.37	-3.398E+1
218.74	-1.286E+2
219.11	8.495E+1
219.49	5.825E+1
219.86	4.854E+1
220.24	-3.155E+1
220.61	1.044E+2
220.99	-4.126E+1
221.36	6.796E+1
221.74	-1.942E+1
222.11	8.253E+1
222.49	6.554E+1
222.86	5.825E+1
223.23	9.223E+1
223.61	3.398E+1
223.98	1.092E+2
224.36	5.097E+1
224.73	7.767E+1
225.11	2.670E+1
225.48	8.010E+1
225.85	1.214E+1
226.23	2.670E+1
226.60	-7.767E+1
226.98	-4.854E+0
227.35	2.184E+1
227.72	-3.398E+1
228.10	7.282E+0
228.47	3.398E+1
228.84	2.184E+1
229.22	8.495E+1
229.59	4.126E+1
229.97	6.068E+1
230.34	5.583E+1
230.71	1.189E+2
231.09	-1.165E+2
231.46	9.709E+0
231.83	1.699E+1
232.21	5.097E+1
232.58	3.155E+1
232.95	-1.456E+1
233.33	2.427E+1
233.70	8.738E+1
234.07	1.214E+1
234.45	-3.398E+1
234.82	4.612E+1
235.19	1.189E+2
235.57	4.854E+1
235.94	-3.398E+1
236.31	2.670E+1
236.69	-4.612E+1
237.06	-5.097E+1
237.43	-8.253E+1
237.80	3.155E+1
238.18	1.942E+1
238.55	-3.398E+1
238.92	4.369E+1
239.30	5.583E+1
239.67	-1.214E+1
240.04	4.369E+1
240.41	-7.039E+1
240.79	3.155E+1
241.16	-1.214E+1
241.53	7.282E+0
241.90	3.155E+1
242.28	2.427E+0
242.65	4.854E+1
243.02	-5.097E+1
243.39	4.369E+1
243.77	4.854E+0
244.14	2.670E+1
244.51	3.398E+1
244.88	7.282E+0
245.25	1.626E+2
245.63	8.495E+1
246.00	5.340E+1
246.37	2.670E+1
246.74	-9.709E+0
247.11	1.214E+1
247.49	5.583E+1
247.86	-2.427E+0
248.23	7.767E+1
248.60	-3.884E+1
248.97	-1.456E+1
249.35	2.184E+1
249.72	1.019E+2
250.09	-2.913E+1
250.46	2.913E+1
250.83	-7.282E+0
251.20	-3.398E+1
251.58	2.427E+0
251.95	-3.398E+1
252.32	1.456E+1
252.69	-9.709E+1
253.06	4.126E+1
253.43	1.408E+2
253.80	2.184E+1
254.17	9.466E+1
254.55	-3.398E+1
254.92	7.282E+0
255.29	3.155E+1
255.66	-1.456E+1
256.03	2.670E+1
256.40	-2.427E+0
256.77	-1.286E+2
257.14	2.184E+1
257.51	9.466E+1
257.88	-4.369E+1
258.26	2.427E+1
258.63	6.554E+1
259.00	-1.699E+1
259.37	-4.854E+0
259.74	6.554E+1
260.11	7.039E+1
260.48	-3.884E+1
260.85	5.583E+1
261.22	3.155E+1
261.59	9.709E+0
261.96	7.282E+0
262.33	9.709E+0
262.70	1.456E+2
263.07	-1.456E+1
263.44	7.767E+1
263.81	6.796E+1
264.18	1.408E+2
264.55	3.398E+1
264.92	-6.068E+1
265.29	4.369E+1
265.66	4.854E+1
266.03	-6.068E+1
266.40	6.554E+1
266.77	-2.913E+1
267.14	-7.524E+1
267.51	1.262E+2
267.88	1.068E+2
268.25	7.767E+1
268.62	-1.456E+1
268.99	8.738E+1
269.36	1.456E+1
269.73	-2.913E+1
270.10	5.825E+1
270.47	1.699E+1
270.84	4.854E+1
271.21	-1.699E+1
271.58	3.884E+1
271.95	-1.942E+1
272.32	1.942E+1
272.69	1.117E+2
273.06	4.612E+1
273.43	1.165E+2
273.80	2.427E+1
274.17	-9.709E+0
274.53	1.214E+1
274.90	-9.709E+0
275.27	3.884E+1
275.64	8.495E+1
276.01	-1.942E+1
276.38	2.427E+0
276.75	6.311E+1
277.12	7.767E+1
277.49	4.369E+1
277.86	3.398E+1
278.22	3.884E+1
278.59	2.670E+1
278.96	1.942E+2
279.33	2.184E+1
279.70	-5.097E+1
280.07	1.942E+1
280.44	5.583E+1
280.80	6.311E+1
281.17	-3.155E+1
281.54	4.854E+1
281.91	-1.942E+1
282.28	1.238E+2
282.65	-2.184E+1
283.02	2.427E+1
283.38	3.884E+1
283.75	1.456E+1
284.12	5.825E+1
284.49	-6.068E+1
284.86	-7.039E+1
285.22	-1.942E+1
285.59	3.155E+1
285.96	1.262E+2
286.33	5.825E+1
286.70	-8.010E+1
287.06	4.369E+1
287.43	3.155E+1
287.80	2.427E+1
288.17	3.884E+1
288.53	1.165E+2
288.90	-2.427E+0
289.27	6.554E+1
289.64	2.670E+1
290.01	1.214E+2
290.37	0.000E+0
290.74	7.282E+0
291.11	5.340E+1
291.48	4.126E+1
291.84	7.039E+1
292.21	4.369E+1
292.58	-2.670E+1
292.94	5.097E+1
293.31	-9.709E+0
293.68	3.398E+1
294.05	2.427E+0
294.41	9.709E+0
294.78	4.854E+0
295.15	1.117E+2
295.51	2.427E+0
295.88	5.583E+1
296.25	1.456E+1
296.61	4.612E+1
296.98	-4.126E+1
297.35	-1.699E+1
297.72	3.155E+1
298.08	-2.670E+1
298.45	-4.126E+1
298.82	4.854E+1
299.18	-2.913E+1
299.55	4.126E+1
299.91	2.427E+1
300.28	-3.884E+1
300.65	1.262E+2
301.01	4.854E+1
301.38	6.311E+1
301.75	4.612E+1
302.11	6.311E+1
302.48	5.825E+1
302.85	7.767E+1
303.21	8.495E+1
303.58	4.126E+1
303.94	6.068E+1
304.31	4.854E+1
304.68	-4.854E+1
305.04	3.398E+1
305.41	7.524E+1
305.77	0.000E+0
306.14	1.942E+1
306.51	9.709E+0
306.87	7.039E+1
307.24	7.282E+0
307.60	1.068E+2
307.97	4.369E+1
308.33	-4.854E+1
308.70	7.039E+1
309.07	-3.398E+1
309.43	-1.505E+2
309.80	5.583E+1
310.16	-4.369E+1
310.53	5.340E+1
310.89	-2.427E+0
311.26	-2.427E+0
311.62	-9.466E+1
311.99	2.160E+2
312.35	1.699E+1
312.72	-1.214E+1
313.08	8.010E+1
313.45	-1.214E+1
313.81	2.913E+1
314.18	2.427E+1
314.54	2.427E+0
314.91	-3.155E+1
315.27	3.155E+1
315.64	-1.942E+1
316.00	7.524E+1
316.37	1.141E+2
316.73	7.282E+0
317.10	-4.854E+1
317.46	6.311E+1
317.83	7.282E+1
318.19	0.000E+0
318.56	1.165E+2
318.92	5.825E+1
319.28	-1.214E+1
319.65	5.583E+1
320.01	-4.854E+0
320.38	-4.854E+0
320.74	-3.884E+1
321.11	-5.340E+1
321.47	-1.019E+2
321.83	-7.039E+1
322.20	3.641E+1
322.56	-5.825E+1
322.93	1.141E+2
323.29	-2.184E+1
323.66	3.155E+1
324.02	-4.369E+1
324.38	3.884E+1
324.75	-2.427E+0
325.11	-4.126E+1
325.47	6.554E+1
325.84	-2.670E+1
326.20	9.709E+0
326.57	1.602E+2
326.93	1.456E+1
327.29	3.155E+1
327.66	-9.466E+1
328.02	1.505E+2
328.38	1.335E+2
328.75	-7.282E+0
329.11	0.000E+0
329.47	5.825E+1
329.84	9.952E+1
330.20	-2.184E+1
330.56	8.253E+1
330.93	-5.825E+1
331.29	5.340E+1
331.65	4.612E+1
332.02	5.583E+1
332.38	-1.699E+1
332.74	7.282E+1
333.10	7.524E+1
333.47	-7.282E+0
333.83	1.456E+1
334.19	6.068E+1
334.56	8.010E+1
334.92	5.583E+1
335.28	3.641E+1
335.64	1.699E+1
336.01	-9.709E+0
336.37	4.854E+0
336.73	2.913E+1
337.09	4.369E+1
337.46	4.612E+1
337.82	-6.311E+1
338.18	6.068E+1
338.54	1.456E+1
338.91	9.952E+1
339.27	-1.214E+1
339.63	3.155E+1
339.99	1.044E+2
340.36	2.427E+0
340.72	2.427E+0
341.08	3.398E+1
341.44	4.854E+1
341.80	5.825E+1
342.17	-3.398E+1
342.53	8.253E+1
342.89	1.214E+1
343.25	5.825E+1
343.61	8.253E+1
343.98	8.495E+1
344.34	2.427E+0
344.70	7.282E+0
345.06	2.427E+1
345.42	3.155E+1
345.78	6.311E+1
346.14	3.155E+1
346.51	-8.495E+1
346.87	1.214E+1
347.23	3.398E+1
347.59	-2.184E+1
347.95	2.427E+1
348.31	0.000E+0
348.67	-2.913E+1
349.04	7.524E+1
349.40	2.427E+0
349.76	-7.282E+0
350.12	4.854E+1
350.48	4.369E+1
350.84	2.427E+0
351.20	2.427E+1
351.56	1.942E+1
351.92	1.456E+1
352.28	-6.068E+1
352.65	8.010E+1
353.01	8.495E+1
353.37	4.854E+0
353.73	7.524E+1
354.09	1.214E+1
354.45	0.000E+0
354.81	3.155E+1
355.17	1.699E+1
355.53	3.398E+1
355.89	-2.427E+0
356.25	-7.282E+1
356.61	6.554E+1
356.97	5.097E+1
357.33	6.554E+1
357.69	1.214E+1
358.05	1.214E+1
358.41	2.427E+0
358.77	4.854E+0
359.13	-6.311E+1
359.49	5.340E+1
359.85	4.612E+1
360.21	1.141E+2
360.57	-8.010E+1
360.93	-5.583E+1
361.29	7.524E+1
361.65	1.068E+2
362.01	9.709E+0
362.37	-3.398E+1
362.73	5.340E+1
363.09	4.854E+1
363.45	4.369E+1
363.81	0.000E+0
364.17	-3.155E+1
364.53	9.952E+1
364.89	5.340E+1
365.25	-5.097E+1
365.61	-3.398E+1
365.97	-1.456E+1
366.33	9.223E+1
366.69	-2.670E+1
367.05	7.524E+1
367.40	-2.184E+1
367.76	7.282E+0
368.12	-5.583E+1
368.48	6.068E+1
368.84	6.796E+1
369.20	-8.738E+1
369.56	2.427E+0
369.92	-2.184E+1
370.28	3.641E+1
370.63	7.282E+1
370.99	1.165E+2
371.35	9.709E+1
371.71	5.340E+1
372.07	2.184E+1
372.43	7.524E+1
372.79	8.253E+1
373.15	-4.854E+0
373.50	-7.039E+1
373.86	3.884E+1
374.22	5.097E+1
374.58	6.554E+1
374.94	-3.155E+1
375.30	9.952E+1
375.65	7.767E+1
376.01	2.427E+1
376.37	7.282E+1
376.73	1.286E+2
377.09	-1.699E+1
377.44	9.223E+1
377.80	5.097E+1
378.16	6.554E+1
378.52	1.092E+2
378.88	7.282E+0
379.23	-2.670E+1
379.59	0.000E+0
379.95	-7.282E+0
380.31	-3.641E+1
380.66	1.942E+1
381.02	6.068E+1
381.38	3.884E+1
381.74	2.427E+1
382.09	-1.699E+1
382.45	4.854E+0
382.81	-7.282E+0
383.17	-5.340E+1
383.52	1.214E+1
383.88	-6.554E+1
384.24	8.495E+1
384.60	-2.184E+1
384.95	1.238E+2
385.31	-9.709E+1
385.67	-2.427E+1
386.02	-7.767E+1
386.38	2.427E+0
386.74	5.825E+1
387.10	4.854E+1
387.45	8.010E+1
387.81	2.913E+1
388.17	0.000E+0
388.52	5.825E+1
388.88	-1.456E+1
389.24	3.155E+1
389.59	1.408E+2
389.95	9.709E+1
390.31	9.223E+1
390.66	1.699E+1
391.02	-2.670E+1
391.38	5.097E+1
391.73	5.340E+1
392.09	1.044E+2
392.44	-1.456E+1
392.80	2.913E+1
393.16	-2.670E+1
393.51	-1.214E+1
393.87	-1.699E+1
394.23	7.524E+1
394.58	3.398E+1
394.94	3.884E+1
395.29	3.398E+1
395.65	9.709E+1
396.01	1.068E+2
396.36	5.097E+1
396.72	4.369E+1
397.07	2.427E+0
397.43	-5.340E+1
397.78	4.854E+0
398.14	-5.583E+1
398.50	2.427E+0
398.85	-1.699E+1
399.21	8.981E+1
399.56	8.495E+1
399.92	-4.369E+1
400.27	-1.092E+2
400.63	-4.854E+0
400.98	-1.456E+1
401.34	5.097E+1
401.69	-2.427E+0
402.05	5.825E+1
402.40	2.427E+0
402.76	-2.670E+1
403.11	4.612E+1
403.47	-3.398E+1
403.82	9.709E+0
404.18	-7.524E+1
404.53	-2.427E+1
404.89	1.699E+1
405.24	1.238E+2
405.60	5.825E+1
405.95	3.398E+1
406.31	7.282E+0
406.66	2.184E+1
407.02	9.709E+0
407.37	-9.709E+0
407.73	-7.039E+1
408.08	-5.825E+1
408.44	3.155E+1
408.79	1.068E+2
409.14	7.282E+1
409.50	-3.641E+1
409.85	-3.398E+1
410.21	-2.913E+1
410.56	4.854E+1
410.92	-1.699E+1
411.27	3.641E+1
411.62	4.612E+1
411.98	-8.253E+1
412.33	3.884E+1
412.69	7.039E+1
413.04	4.854E+1
413.39	5.340E+1
413.75	2.670E+1
414.10	-1.942E+1
414.45	3.641E+1
414.81	-8.253E+1
415.16	4.126E+1
415.52	-5.825E+1
415.87	3.884E+1
416.22	6.554E+1
416.58	8.495E+1
416.93	4.854E+0
417.28	7.282E+1
417.64	1.019E+2
417.99	5.340E+1
418.34	-3.155E+1
418.70	2.427E+0
419.05	6.554E+1
419.40	-4.612E+1
419.76	-7.039E+1
420.11	-2.427E+0
420.46	1.602E+2
420.81	1.019E+2
421.17	7.282E+1
421.52	-3.398E+1
421.87	3.884E+1
422.23	7.282E+0
422.58	4.612E+1
422.93	4.126E+1
423.28	2.427E+0
423.64	1.990E+2
423.99	2.913E+1
424.34	1.214E+1
424.69	4.854E+0
425.05	-2.427E+0
425.40	1.238E+2
425.75	1.942E+1
426.10	7.282E+0
426.46	-7.282E+0
426.81	-4.612E+1
427.16	4.854E+0
427.51	2.913E+1
427.87	8.738E+1
428.22	2.670E+1
428.57	1.044E+2
428.92	7.282E+0
429.27	9.709E+1
429.63	1.456E+1
429.98	9.466E+1
430.33	8.981E+1
430.68	3.641E+1
431.03	4.369E+1
431.38	5.097E+1
431.74	-2.184E+1
432.09	9.709E+0
432.44	3.884E+1
432.79	4.126E+1
433.14	-4.854E+0
433.49	-2.427E+1
433.85	-1.019E+2
434.20	1.456E+1
434.55	-6.068E+1
434.90	3.155E+1
435.25	5.583E+1
435.60	2.427E+0
435.95	4.126E+1
436.30	1.214E+1
436.66	-2.184E+1
437.01	5.583E+1
437.36	3.155E+1
437.71	-2.913E+1
438.06	6.068E+1
438.41	-7.282E+0
438.76	9.952E+1
439.11	-4.854E+1
439.46	7.767E+1
439.81	1.311E+2
440.16	-8.495E+1
440.52	-2.427E+1
440.87	4.854E+0
441.22	1.456E+1
441.57	1.214E+1
441.92	1.748E+2
442.27	2.670E+1
442.62	-2.670E+1
442.97	1.214E+1
443.32	0.000E+0
443.67	8.253E+1
444.02	-2.913E+1
444.37	-2.913E+1
444.72	-1.456E+1
445.07	4.854E+0
445.42	-5.097E+1
445.77	7.282E+1
446.12	4.369E+1
446.47	1.092E+2
446.82	-1.699E+1
447.17	4.126E+1
447.52	3.641E+1
447.87	-6.554E+1
448.22	-3.398E+1
448.57	9.709E+0
448.92	4.126E+1
449.27	7.282E+0
449.62	2.427E+1
449.97	-3.155E+1
450.32	-9.709E+0
450.66	5.097E+1
451.01	2.184E+1
451.36	-7.282E+0
451.71	1.699E+1
452.06	-4.854E+1
452.41	-9.709E+0
452.76	-1.456E+1
453.11	8.010E+1
453.46	7.767E+1
453.81	-7.767E+1
454.16	5.340E+1
454.51	5.583E+1
454.85	8.981E+1
455.20	-4.854E+0
455.55	8.738E+1
455.90	4.612E+1
456.25	-2.427E+0
456.60	2.427E+1
456.95	-4.612E+1
457.30	9.223E+1
457.64	1.068E+2
457.99	6.554E+1
458.34	-2.427E+0
458.69	5.340E+1
459.04	-7.282E+0
459.39	-3.884E+1
459.73	-6.554E+1
460.08	-2.184E+1
460.43	-1.699E+1
460.78	2.184E+1
461.13	-2.913E+1
461.48	4.854E+0
461.82	6.554E+1
462.17	1.699E+1
462.52	8.010E+1
462.87	4.854E+1
463.21	-1.214E+1
463.56	2.913E+1
463.91	-4.612E+1
464.26	4.369E+1
464.61	6.796E+1
464.95	6.068E+1
465.30	-5.340E+1
465.65	1.456E+1
466.00	-1.699E+1
466.34	4.369E+1
466.69	6.796E+1
467.04	-7.282E+0
467.39	3.641E+1
467.73	2.913E+1
468.08	6.554E+1
468.43	1.456E+1
468.77	9.952E+1
469.12	7.524E+1
469.47	4.369E+1
469.82	5.097E+1
470.16	5.583E+1
470.51	7.524E+1
470.86	0.000E+0
471.20	-2.184E+1
471.55	-2.670E+1
471.90	-1.214E+1
472.24	-1.942E+1
472.59	7.767E+1
472.94	1.262E+2
473.28	-4.369E+1
473.63	7.767E+1
473.98	-4.854E+1
474.32	1.456E+1
474.67	-6.311E+1
475.02	3.641E+1
475.36	0.000E+0
475.71	2.913E+1
476.06	2.670E+1
476.40	2.670E+1
476.75	1.456E+1
477.09	3.884E+1
477.44	-8.738E+1
477.79	2.427E+1
478.13	1.214E+1
478.48	6.068E+1
478.82	-9.223E+1
479.17	6.796E+1
479.52	4.612E+1
479.86	-6.068E+1
480.21	-1.699E+1
480.55	-1.141E+2
480.90	1.408E+2
481.24	1.942E+1
481.59	-1.942E+1
481.94	0.000E+0
482.28	1.456E+1
482.63	5.097E+1
482.97	-4.854E+0
483.32	1.117E+2
483.66	-9.709E+1
484.01	4.612E+1
484.35	-5.340E+1
484.70	3.155E+1
485.04	5.583E+1
485.39	4.854E+1
485.73	-4.126E+1
486.08	7.039E+1
486.42	1.942E+1
486.77	1.238E+2
487.11	2.427E+1
487.46	2.670E+1
487.80	-7.039E+1
488.15	9.709E+0
488.49	-5.097E+1
488.84	-1.723E+2
489.18	4.126E+1
489.53	1.408E+2
489.87	6.311E+1
490.21	-2.670E+1
490.56	-1.456E+1
490.90	-2.913E+1
491.25	7.039E+1
491.59	9.466E+1
491.94	2.913E+1
492.28	-1.699E+1
492.62	1.942E+1
492.97	4.854E+0
493.31	1.456E+1
493.66	-9.709E+0
494.00	-2.913E+1
494.34	4.854E+1
494.69	1.044E+2
495.03	2.670E+1
495.38	6.311E+1
495.72	4.854E+0
496.06	-1.942E+1
496.41	-8.738E+1
496.75	-3.155E+1
497.09	-2.184E+1
497.44	3.155E+1
497.78	4.854E+1
498.13	3.884E+1
498.47	1.456E+1
498.81	-2.913E+1
499.16	7.282E+0
499.50	-4.854E+1
499.84	2.913E+1
500.19	6.554E+1
500.53	6.311E+1
500.87	-6.068E+1
501.21	2.913E+1
501.56	-4.854E+0
501.90	1.456E+1
502.24	2.184E+1
502.59	-6.068E+1
502.93	1.117E+2
503.27	-3.155E+1
503.61	6.554E+1
503.96	-4.854E+0
504.30	4.612E+1
504.64	1.432E+2
504.99	5.583E+1
505.33	-2.427E+0
505.67	6.554E+1
506.01	9.466E+1
506.36	4.854E+1
506.70	2.670E+1
507.04	6.311E+1
507.38	5.825E+1
507.72	5.340E+1
508.07	6.311E+1
508.41	2.670E+1
508.75	4.126E+1
509.09	0.000E+0
509.44	4.126E+1
509.78	-2.427E+0
510.12	7.039E+1
510.46	-2.913E+1
510.80	6.311E+1
511.14	3.884E+1
511.49	0.000E+0
511.83	-9.709E+0
512.17	1.456E+1
512.51	1.286E+2
512.85	-1.456E+1
513.19	-9.709E+0
513.54	-4.369E+1
513.88	1.699E+1
514.22	-1.456E+1
514.56	-8.981E+1
514.90	3.884E+1
515.24	8.495E+1
515.58	6.796E+1
515.93	-2.427E+0
516.27	8.010E+1
516.61	-4.854E+0
516.95	1.456E+1
517.29	0.000E+0
517.63	2.427E+0
517.97	-3.155E+1
518.31	-2.670E+1
518.65	8.010E+1
518.99	1.942E+1
519.33	2.427E+1
519.67	1.456E+1
520.02	1.699E+1
520.36	5.340E+1
520.70	2.427E+1
521.04	1.384E+2
521.38	-3.155E+1
521.72	3.398E+1
522.06	-2.427E+0
522.40	-6.068E+1
522.74	-1.214E+1
523.08	-5.097E+1
523.42	4.612E+1
523.76	4.369E+1
524.10	7.282E+1
524.44	1.214E+1
524.78	-2.184E+1
525.12	8.010E+1
525.46	1.189E+2
525.80	3.641E+1
526.14	1.942E+1
526.48	7.282E+0
526.82	2.670E+1
527.16	-1.699E+1
527.50	1.699E+1
527.84	-6.796E+1
528.18	-6.796E+1
528.52	-7.282E+1
528.86	4.612E+1
529.20	1.942E+1
529.54	2.427E+1
529.87	-2.427E+1
530.21	-2.427E+0
530.55	5.340E+1
530.89	4.369E+1
531.23	-2.670E+1
531.57	-3.155E+1
531.91	9.223E+1
532.25	5.097E+1
532.59	1.214E+1
532.93	2.427E+1
533.27	3.884E+1
533.60	8.010E+1
533.94	1.117E+2
534.28	7.282E+1
534.62	-1.044E+2
534.96	0.000E+0
535.30	-2.670E+1
535.64	-8.495E+1
535.98	-2.670E+1
536.31	1.214E+1
536.65	-3.884E+1
536.99	3.884E+1
537.33	1.699E+1
537.67	1.699E+1
538.01	5.825E+1
538.34	9.709E+0
538.68	8.738E+1
539.02	6.554E+1
539.36	5.825E+1
539.70	3.884E+1
540.03	-2.913E+1
540.37	4.854E+1
540.71	5.097E+1
541.05	4.369E+1
541.39	9.709E+0
541.72	1.456E+1
542.06	2.913E+1
542.40	6.311E+1
542.74	4.126E+1
543.07	6.796E+1
543.41	2.184E+1
543.75	7.767E+1
544.09	-7.282E+0
544.42	-3.641E+1
544.76	7.282E+1
545.10	8.495E+1
545.44	-2.913E+1
545.77	4.612E+1
546.11	-1.699E+1
546.45	1.214E+1
546.78	-1.942E+1
547.12	1.942E+1
547.46	-6.554E+1
547.80	-4.854E+1
548.13	-1.699E+1
548.47	8.253E+1
548.81	4.854E+1
549.14	-7.282E+0
549.48	5.340E+1
549.82	-4.854E+0
550.15	8.010E+1
550.49	4.854E+1
550.83	7.282E+0
551.16	-5.583E+1
551.50	9.952E+1
551.84	-3.884E+1
552.17	6.311E+1
552.51	6.311E+1
552.84	8.495E+1
553.18	1.214E+1
553.52	-3.884E+1
553.85	1.529E+2
554.19	1.189E+2
554.53	1.699E+1
554.86	-7.767E+1
555.20	2.913E+1
555.53	6.554E+1
555.87	6.554E+1
556.20	7.767E+1
556.54	-1.456E+1
556.88	1.068E+2
557.21	5.340E+1
557.55	-3.398E+1
557.88	1.019E+2
558.22	3.641E+1
558.55	7.282E+1
558.89	-1.335E+2
559.23	2.670E+1
559.56	4.612E+1
559.90	7.282E+0
560.23	-6.068E+1
560.57	1.529E+2
560.90	-4.854E+0
561.24	-2.913E+1
561.57	7.282E+1
561.91	-2.670E+1
562.24	-2.184E+1
562.58	2.670E+1
562.91	-1.942E+1
563.25	-1.214E+1
563.58	0.000E+0
563.92	-2.427E+0
564.25	-2.670E+1
564.59	-4.369E+1
564.92	5.825E+1
565.25	4.369E+1
565.59	1.699E+1
565.92	-1.942E+1
566.26	-7.282E+0
566.59	1.456E+1
566.93	7.282E+0
567.26	2.427E+1
567.60	-4.369E+1
567.93	5.340E+1
568.26	6.554E+1
568.60	3.641E+1
568.93	5.583E+1
569.27	7.039E+1
569.60	1.699E+1
569.93	-1.214E+1
570.27	-9.466E+1
570.60	5.340E+1
570.94	-3.641E+1
571.27	-2.184E+1
571.60	5.825E+1
571.94	-1.456E+1
572.27	7.524E+1
572.60	1.044E+2
572.94	2.670E+1
573.27	-2.913E+1
573.60	7.524E+1
573.94	7.524E+1
574.27	1.141E+2
574.60	8.495E+1
574.94	6.796E+1
575.27	1.238E+2
575.60	3.155E+1
575.94	9.466E+1
576.27	5.583E+1
576.60	5.825E+1
576.94	1.553E+2
577.27	9.709E+1
577.60	4.369E+1
577.94	3.641E+1
578.27	1.408E+2
578.60	-4.854E+0
578.93	5.340E+1
579.27	1.723E+2
579.60	9.709E+1
579.93	6.068E+1
580.26	5.097E+1
580.60	3.641E+1
580.93	8.738E+1
581.26	2.039E+2
581.59	8.495E+1
581.93	4.854E+1
582.26	-5.097E+1
582.59	4.369E+1
582.92	6.311E+1
583.25	1.699E+1
583.59	3.398E+1
583.92	-2.427E+0
584.25	1.044E+2
584.58	1.141E+2
584.91	1.311E+2
585.25	9.466E+1
585.58	8.253E+1
585.91	7.767E+1
586.24	1.578E+2
586.57	1.675E+2
586.90	9.223E+1
587.24	1.626E+2
587.57	7.767E+1
587.90	1.044E+2
588.23	1.675E+2
588.56	1.772E+2
588.89	6.796E+1
589.22	9.709E+1
589.56	7.524E+1
589.89	1.141E+2
590.22	1.893E+2
590.55	2.961E+2
590.88	2.427E+2
591.21	1.481E+2
591.54	2.913E+2
591.87	8.495E+1
592.20	1.675E+2
592.53	2.039E+2
592.87	2.160E+2
593.20	1.893E+2
593.53	2.573E+2
593.86	2.112E+2
594.19	1.893E+2
594.52	2.476E+2
594.85	2.306E+2
595.18	1.675E+2
595.51	2.282E+2
595.84	2.500E+2
596.17	2.500E+2
596.50	2.646E+2
596.83	3.058E+2
597.16	2.791E+2
597.49	1.893E+2
597.82	3.277E+2
598.15	2.888E+2
598.48	3.277E+2
598.81	2.670E+2
599.14	4.151E+2
599.47	3.981E+2
599.80	3.204E+2
600.13	3.786E+2
600.46	4.393E+2
600.79	5.388E+2
601.12	4.757E+2
601.45	4.854E+2
601.78	3.689E+2
602.11	5.388E+2
602.44	5.753E+2
602.77	5.922E+2
603.10	4.903E+2
603.42	5.388E+2
603.75	5.801E+2
604.08	4.976E+2
604.41	5.971E+2
604.74	5.413E+2
605.07	6.723E+2
605.40	6.020E+2
605.73	7.888E+2
606.06	6.189E+2
606.39	6.602E+2
606.71	7.743E+2
607.04	5.486E+2
607.37	8.956E+2
607.70	7.597E+2
608.03	8.010E+2
608.36	6.796E+2
608.69	8.374E+2
609.02	9.855E+2
609.34	9.563E+2
609.67	9.151E+2
610.00	9.806E+2
610.33	1.019E+3
610.66	9.879E+2
610.98	1.056E+3
611.31	1.216E+3
611.64	1.117E+3
611.97	1.000E+3
612.30	1.175E+3
612.63	1.112E+3
612.95	1.180E+3
613.28	1.243E+3
613.61	1.165E+3
613.94	1.481E+3
614.26	1.299E+3
614.59	1.342E+3
614.92	1.515E+3
615.25	1.476E+3
615.57	1.536E+3
615.90	1.447E+3
616.23	1.583E+3
616.56	1.607E+3
616.88	1.597E+3
617.21	1.714E+3
617.54	1.714E+3
617.87	1.782E+3
618.19	1.891E+3
618.52	1.983E+3
618.85	2.022E+3
619.17	1.881E+3
619.50	1.925E+3
619.83	2.257E+3
620.15	2.170E+3
620.48	2.398E+3
620.81	2.121E+3
621.14	2.223E+3
621.46	2.420E+3
621.79	2.478E+3
622.11	2.442E+3
622.44	2.488E+3
622.77	2.466E+3
623.09	2.602E+3
623.42	2.796E+3
623.75	2.765E+3
624.07	2.976E+3
624.40	2.830E+3
624.73	2.952E+3
625.05	3.029E+3
625.38	3.109E+3
625.70	3.260E+3
626.03	3.299E+3
626.36	3.408E+3
626.68	3.447E+3
627.01	3.502E+3
627.33	3.546E+3
627.66	3.551E+3
627.99	3.641E+3
628.31	3.733E+3
628.64	3.813E+3
628.96	3.857E+3
629.29	3.956E+3
629.61	4.126E+3
629.94	4.410E+3
630.26	4.403E+3
630.59	4.600E+3
630.91	4.541E+3
631.24	4.723E+3
631.57	4.859E+3
631.89	4.901E+3
632.22	5.151E+3
632.54	5.299E+3
632.87	5.211E+3
633.19	5.507E+3
633.52	5.536E+3
633.84	5.794E+3
634.16	5.864E+3
634.49	5.944E+3
634.81	6.435E+3
635.14	6.401E+3
635.46	6.454E+3
635.79	6.651E+3
636.11	6.638E+3
636.44	6.893E+3
636.76	7.143E+3
637.09	7.141E+3
637.41	7.495E+3
637.73	7.600E+3
638.06	7.723E+3
638.38	7.738E+3
638.71	8.124E+3
639.03	8.301E+3
639.36	8.359E+3
639.68	8.716E+3
640.00	8.913E+3
640.33	9.075E+3
640.65	9.422E+3
640.97	9.369E+3
641.30	9.634E+3
641.62	9.893E+3
641.95	1.004E+4
642.27	1.021E+4
642.59	1.038E+4
642.92	1.049E+4
643.24	1.078E+4
643.56	1.100E+4
643.89	1.123E+4
644.21	1.168E+4
644.53	1.162E+4
644.86	1.190E+4
645.18	1.238E+4
645.50	1.257E+4
645.83	1.268E+4
646.15	1.294E+4
646.47	1.301E+4
646.80	1.376E+4
647.12	1.361E+4
647.44	1.407E+4
647.76	1.423E+4
648.09	1.446E+4
648.41	1.480E+4
648.73	1.509E+4
649.05	1.535E+4
649.38	1.566E+4
649.70	1.571E+4
650.02	1.602E+4
650.34	1.620E+4
650.67	1.688E+4
650.99	1.701E+4
651.31	1.713E+4
651.63	1.767E+4
651.96	1.802E+4
652.28	1.831E+4
652.60	1.835E+4
652.92	1.874E+4
653.24	1.922E+4
653.57	1.967E+4
653.89	1.993E+4
654.21	2.029E+4
654.53	2.047E+4
654.85	2.078E+4
655.18	2.105E+4
655.50	2.161E+4
655.82	2.228E+4
656.14	2.274E+4
656.46	2.310E+4
656.78	2.331E+4
657.10	2.344E+4
657.43	2.403E+4
657.75	2.419E+4
658.07	2.459E+4
658.39	2.514E+4
658.71	2.557E+4
659.03	2.591E+4
659.35	2.663E+4
659.67	2.666E+4
659.99	2.760E+4
660.32	2.793E+4
660.64	2.816E+4
660.96	2.866E+4
661.28	2.926E+4
661.60	2.940E+4
661.92	3.007E+4
662.24	3.018E+4
662.56	3.077E+4
662.88	3.135E+4
663.20	3.202E+4
663.52	3.209E+4
663.84	3.227E+4
664.16	3.297E+4
664.48	3.345E+4
664.80	3.418E+4
665.12	3.427E+4
665.44	3.486E+4
665.76	3.528E+4
666.08	3.599E+4
666.40	3.666E+4
666.72	3.658E+4
667.04	3.725E+4
667.36	3.727E+4
667.68	3.806E+4
668.00	3.806E+4
668.32	3.860E+4
668.64	3.887E+4
668.96	3.977E+4
669.28	3.972E+4
669.60	4.025E+4
669.92	4.061E+4
670.24	4.049E+4
670.56	4.108E+4
670.88	4.116E+4
671.20	4.156E+4
671.52	4.158E+4
671.84	4.196E+4
672.16	4.219E+4
672.47	4.246E+4
672.79	4.278E+4
673.11	4.269E+4
673.43	4.277E+4
673.75	4.302E+4
674.07	4.318E+4
674.39	4.356E+4
674.71	4.247E+4
675.03	4.282E+4
675.34	4.300E+4
675.66	4.279E+4
675.98	4.239E+4
676.30	4.250E+4
676.62	4.216E+4
676.94	4.223E+4
677.25	4.131E+4
677.57	4.091E+4
677.89	4.116E+4
678.21	4.063E+4
678.53	3.988E+4
678.85	3.949E+4
679.16	3.878E+4
679.48	3.852E+4
679.80	3.754E+4
680.12	3.715E+4
680.44	3.632E+4
680.75	3.525E+4
681.07	3.461E+4
681.39	3.399E+4
681.71	3.327E+4
682.02	3.255E+4
682.34	3.131E+4
682.66	3.047E+4
682.98	2.991E+4
683.29	2.899E+4
683.61	2.810E+4
683.93	2.778E+4
684.25	2.715E+4
684.56	2.609E+4
684.88	2.520E+4
685.20	2.387E+4
685.51	2.314E+4
685.83	2.262E+4
686.15	2.173E+4
686.47	2.133E+4
686.78	2.016E+4
687.10	1.960E+4
687.42	1.911E+4
687.73	1.848E+4
688.05	1.777E+4
688.37	1.743E+4
688.68	1.652E+4
689.00	1.615E+4
689.32	1.565E+4
689.63	1.506E+4
689.95	1.441E+4
690.26	1.381E+4
690.58	1.358E+4
690.90	1.282E+4
691.21	1.242E+4
691.53	1.214E+4
691.85	1.137E+4
692.16	1.105E+4
692.48	1.068E+4
692.79	1.036E+4
693.11	9.986E+3
693.42	9.612E+3
693.74	9.340E+3
694.06	8.932E+3
694.37	8.476E+3
694.69	8.435E+3
695.00	8.058E+3
695.32	7.830E+3
695.63	7.277E+3
695.95	7.087E+3
696.26	7.054E+3
696.58	6.796E+3
696.90	6.478E+3
697.21	6.245E+3
697.53	6.029E+3
697.84	5.969E+3
698.16	5.646E+3
698.47	5.291E+3
698.79	5.177E+3
699.10	4.976E+3
699.42	4.857E+3
699.73	4.595E+3
700.05	4.558E+3
700.36	4.284E+3
700.68	4.056E+3
700.99	3.976E+3
701.30	3.767E+3
701.62	3.721E+3
701.93	3.398E+3
702.25	3.384E+3
702.56	3.308E+3
702.88	3.039E+3
703.19	2.990E+3
703.50	2.820E+3
703.82	2.701E+3
704.13	2.687E+3
704.45	2.505E+3
704.76	2.393E+3
705.08	2.342E+3
705.39	2.194E+3
705.70	2.136E+3
706.02	2.087E+3
706.33	2.032E+3
706.64	1.908E+3
706.96	1.796E+3
707.27	1.689E+3
707.59	1.621E+3
707.90	1.641E+3
708.21	1.478E+3
708.53	1.427E+3
708.84	1.471E+3
709.15	1.374E+3
709.47	1.296E+3
709.78	1.214E+3
710.09	1.092E+3
710.41	9.976E+2
710.72	9.733E+2
711.03	9.879E+2
711.34	9.757E+2
711.66	8.811E+2
711.97	7.864E+2
712.28	9.029E+2
712.60	8.689E+2
712.91	7.840E+2
713.22	8.665E+2
713.53	6.748E+2
713.85	6.990E+2
714.16	7.500E+2
714.47	6.845E+2
714.78	6.602E+2
715.10	5.655E+2
715.41	5.534E+2
715.72	6.165E+2
716.03	4.539E+2
716.35	4.709E+2
716.66	4.806E+2
716.97	4.078E+2
717.28	4.199E+2
717.59	4.345E+2
717.91	4.296E+2
718.22	3.277E+2
718.53	4.126E+2
718.84	5.267E+2
719.15	3.252E+2
719.46	2.306E+2
719.78	3.519E+2
720.09	2.451E+2
720.40	3.495E+2
720.71	3.083E+2
721.02	2.524E+2
721.33	3.884E+2
721.65	1.553E+2
721.96	2.233E+2
722.27	2.476E+2
722.58	2.282E+2
722.89	1.505E+2
723.20	1.602E+2
723.51	1.845E+2
723.82	2.403E+2
724.13	1.869E+2
724.45	1.238E+2
724.76	1.869E+2
725.07	2.621E+2
725.38	1.286E+2
725.69	1.311E+2
726.00	9.466E+1
726.31	1.286E+2
726.62	1.165E+2
726.93	7.039E+1
727.24	3.155E+1
727.55	6.796E+1
727.86	8.010E+1
728.17	1.651E+2
728.48	9.952E+1
728.79	1.942E+1
729.10	1.893E+2
729.41	1.214E+2
729.72	1.214E+2
730.03	1.068E+2
730.34	1.019E+2
730.65	6.068E+1
730.96	1.578E+2
731.27	8.981E+1
731.58	9.709E+0
731.89	1.626E+2
732.20	6.796E+1
732.51	2.427E+0
732.82	9.952E+1
733.13	-1.942E+1
733.44	1.456E+1
733.75	6.311E+1
734.06	1.699E+2
734.37	1.456E+2
734.68	4.854E+0
734.98	6.554E+1
735.29	5.583E+1
735.60	3.155E+1
735.91	-6.311E+1
736.22	7.524E+1
736.53	6.311E+1
736.84	1.456E+1
737.15	1.748E+2
737.46	1.529E+2
737.77	4.612E+1
738.07	-1.214E+1
738.38	-4.126E+1
738.69	9.223E+1
739.00	3.641E+1
739.31	4.612E+1
739.62	5.825E+1
739.92	-2.913E+1
740.23	4.126E+1
740.54	7.524E+1
740.85	3.398E+1
741.16	-3.398E+1
741.47	1.942E+1
741.77	2.670E+1
742.08	4.126E+1
742.39	4.126E+1
742.70	7.524E+1
743.01	4.854E+0
743.31	-2.184E+1
743.62	-2.913E+1
743.93	8.495E+1
744.24	-4.612E+1
744.54	8.495E+1
744.85	8.495E+1
745.16	4.854E+0
745.47	9.952E+1
745.77	1.456E+1
746.08	4.854E+1
746.39	3.398E+1
746.70	5.097E+1
747.00	-6.311E+1
747.31	3.155E+1
747.62	4.854E+0
747.92	1.699E+1
748.23	-1.699E+1
748.54	8.495E+1
748.84	-8.010E+1
749.15	-6.068E+1
749.46	4.854E+1
749.76	1.772E+2
750.07	6.796E+1
750.38	6.554E+1
750.68	-9.952E+1
750.99	7.282E+1
751.30	3.641E+1
751.60	2.427E+1
751.91	-3.641E+1
752.22	2.913E+1
752.52	7.524E+1
752.83	-3.398E+1
753.14	2.184E+1
753.44	-2.670E+1
753.75	4.369E+1
754.05	-1.699E+1
754.36	2.670E+1
754.67	-4.612E+1
754.97	5.825E+1
755.28	3.155E+1
755.58	1.505E+2
755.89	-9.709E+0
756.19	6.554E+1
756.50	8.738E+1
756.81	-7.282E+0
757.11	2.670E+1
757.42	1.214E+2
757.72	8.253E+1
758.03	7.282E+1
758.33	-2.427E+0
758.64	8.495E+1
758.94	2.184E+1
759.25	7.524E+1
759.55	-7.282E+0
759.86	7.282E+0
760.16	3.398E+1
760.47	8.738E+1
760.77	4.369E+1
761.08	1.942E+1
761.38	2.670E+1
761.69	5.097E+1
761.99	5.340E+1
762.30	2.427E+0
762.60	5.825E+1
762.91	4.854E+0
763.21	-8.253E+1
763.51	-6.068E+1
763.82	-1.456E+1
764.12	-9.223E+1
764.43	-1.699E+1
764.73	3.641E+1
765.04	-1.699E+1
765.34	4.612E+1
765.64	-1.699E+1
765.95	-1.456E+1
766.25	-2.913E+1
766.56	8.253E+1
766.86	-7.282E+0
767.16	-4.126E+1
767.47	1.141E+2
767.77	-2.427E+1
768.07	-7.282E+0
768.38	1.214E+1
768.68	-4.854E+0
768.98	-1.942E+1
769.29	1.044E+2
769.59	-8.738E+1
769.89	3.641E+1
770.20	6.068E+1
770.50	2.913E+1
770.80	9.709E+1
771.11	-4.854E+0
771.41	1.044E+2
771.71	1.214E+1
772.02	4.369E+1
772.32	-1.456E+1
772.62	2.427E+0
772.93	-6.554E+1
773.23	3.641E+1
773.53	6.068E+1
773.83	-8.495E+1
774.14	-6.554E+1
774.44	2.427E+0
774.74	9.709E+0
775.04	7.282E+1
775.35	2.913E+1
775.65	-2.184E+1
775.95	-3.398E+1
776.25	2.427E+1
776.55	1.481E+2
776.86	-3.398E+1
777.16	2.913E+1
777.46	-2.670E+1
777.76	2.670E+1
778.06	3.155E+1
778.37	-7.039E+1
778.67	1.262E+2
778.97	-4.612E+1
779.27	5.825E+1
779.57	6.554E+1
779.88	-6.554E+1
780.18	-4.854E+0
780.48	-1.214E+2
780.78	-4.854E+0
781.08	-4.854E+1
781.38	-2.184E+1
781.68	4.612E+1
781.98	3.155E+1
782.29	2.427E+0
782.59	9.709E+0
782.89	-1.456E+1
783.19	4.854E+0
783.49	9.709E+0
783.79	4.369E+1
784.09	-4.854E+1
784.39	1.214E+1
784.69	1.044E+2
784.99	3.884E+1
785.30	1.044E+2
785.60	-5.340E+1
785.90	-5.097E+1
786.20	-2.427E+0
786.50	6.311E+1
786.80	1.456E+1
787.10	6.554E+1
787.40	7.524E+1
787.70	3.398E+1
788.00	-2.427E+0
788.30	-2.670E+1
788.60	2.427E+0
788.90	-1.068E+2
789.20	-2.427E+0
789.50	-3.641E+1
789.80	1.699E+1
790.10	3.884E+1
790.40	-9.709E+0
790.70	-3.398E+1
791.00	1.214E+1
791.30	-1.699E+1
791.60	9.709E+0
791.90	-3.398E+1
792.20	-5.097E+1
792.50	3.155E+1
792.79	5.825E+1
793.09	1.942E+1
793.39	-7.039E+1
793.69	1.311E+2
793.99	6.554E+1
794.29	3.884E+1
794.59	9.709E+0
794.89	2.427E+1
795.19	-7.524E+1
795.49	6.068E+1
795.79	-4.854E+0
796.08	5.340E+1
796.38	4.126E+1
796.68	-6.068E+1
796.98	1.044E+2
797.28	6.068E+1
797.58	2.184E+1
797.88	-8.981E+1
798.17	-6.311E+1
798.47	-3.155E+1
798.77	-9.709E+0
799.07	2.670E+1
799.37	1.456E+1
799.67	-9.952E+1
799.96	-4.854E+0
800.26	-4.854E+0
800.56	-6.068E+1
800.86	1.699E+1
801.16	1.117E+2
801.45	3.155E+1
801.75	8.981E+1
802.05	-3.641E+1
802.35	9.709E+0
802.64	6.068E+1
802.94	3.884E+1
803.24	-1.699E+1
803.54	-5.097E+1
803.83	-4.854E+0
804.13	2.427E+1
804.43	3.398E+1
804.73	1.214E+1
805.02	4.854E+0
805.32	-3.641E+1
805.62	-1.214E+1
805.91	-4.612E+1
806.21	-2.670E+1
806.51	3.155E+1
806.81	9.709E+1
807.10	-4.854E+0
807.40	1.869E+2
807.70	3.884E+1
807.99	-5.340E+1
808.29	5.340E+1
808.59	1.214E+1
808.88	6.068E+1
809.18	-4.854E+0
809.47	7.039E+1
809.77	7.039E+1
810.07	-9.709E+1
810.36	3.398E+1
810.66	-2.427E+0
810.96	-3.155E+1
811.25	-2.670E+1
811.55	3.884E+1
811.84	2.184E+1
812.14	4.854E+0
812.44	2.670E+1
812.73	5.825E+1
813.03	-9.709E+0
813.32	-1.286E+2
813.62	3.155E+1
813.91	3.398E+1
814.21	-8.738E+1
814.51	7.767E+1
814.80	-8.981E+1
815.10	-3.641E+1
815.39	3.641E+1
815.69	0.000E+0
815.98	-3.398E+1
816.28	-2.427E+1
816.57	-2.427E+1
816.87	-3.641E+1
817.16	-2.427E+1
817.46	3.155E+1
817.75	-7.524E+1
818.05	1.699E+1
818.34	2.913E+1
818.64	9.466E+1
818.93	-8.010E+1
819.23	-1.699E+1
819.52	-6.311E+1
819.82	-4.854E+0
820.11	-2.670E+1
820.40	4.854E+0
820.70	4.126E+1
820.99	-2.427E+0
821.29	-2.427E+0
821.58	-6.068E+1
821.88	5.097E+1
822.17	1.189E+2
822.46	6.068E+1
822.76	7.282E+0
823.05	3.398E+1
823.35	3.155E+1
823.64	0.000E+0
823.93	3.641E+1
824.23	-1.456E+1
824.52	5.097E+1
824.81	7.524E+1
825.11	0.000E+0
825.40	5.825E+1
825.69	-5.097E+1
825.99	4.612E+1
826.28	3.641E+1
826.58	7.767E+1
826.87	0.000E+0
827.16	4.126E+1
827.45	4.854E+1
827.75	2.427E+0
828.04	6.311E+1
828.33	9.709E+0
828.63	-5.340E+1
828.92	7.282E+1
829.21	5.340E+1
829.51	8.981E+1
829.80	-6.796E+1
830.09	1.189E+2
830.38	-9.952E+1
830.68	-3.641E+1
830.97	3.641E+1
831.26	-4.369E+1
831.55	5.340E+1
831.85	2.184E+1
832.14	5.825E+1
832.43	-1.699E+1
832.72	5.583E+1
833.01	-2.184E+1
833.31	-7.524E+1
833.60	4.369E+1
833.89	-2.913E+1
834.18	1.699E+1
834.47	1.238E+2
834.77	4.854E+1
835.06	-1.214E+1
835.35	-2.913E+1
835.64	-5.340E+1
835.93	-3.155E+1
836.22	7.282E+1
836.52	2.670E+1
836.81	-9.709E+0
837.10	-6.554E+1
837.39	1.019E+2
837.68	2.670E+1
837.97	6.554E+1
838.26	9.709E+0
838.55	-3.398E+1
838.85	-8.981E+1
839.14	1.651E+2
839.43	-2.427E+0
839.72	-3.884E+1
840.01	1.214E+1
840.30	-7.282E+0
840.59	8.738E+1
840.88	4.126E+1
841.17	0.000E+0
841.46	1.456E+1
841.75	3.641E+1
842.04	6.311E+1
842.33	-6.311E+1
842.62	9.223E+1
842.91	3.641E+1
843.21	1.214E+1
843.50	-3.155E+1
843.79	-2.670E+1
844.08	6.068E+1
844.37	5.340E+1
844.66	1.117E+2
844.95	-3.155E+1
845.24	9.709E+0
845.53	4.854E+1
845.81	7.282E+0
846.10	-2.427E+0
846.39	4.612E+1
846.68	-2.913E+1
846.97	-4.854E+1
847.26	-1.942E+1
847.55	-1.214E+1
847.84	1.505E+2
848.13	-4.369E+1
848.42	-4.369E+1
848.71	1.942E+1
849.00	2.427E+0
849.29	7.282E+0
849.58	8.981E+1
849.87	2.184E+1
850.15	-7.767E+1
850.44	9.709E+1
850.73	2.427E+0
851.02	8.010E+1
851.31	8.253E+1
851.60	2.427E+1
851.89	5.340E+1
852.18	-3.398E+1
852.46	7.524E+1
852.75	9.466E+1
853.04	-4.612E+1
853.33	-7.524E+1
853.62	-1.214E+1
853.91	7.039E+1
854.19	-1.456E+1
854.48	8.253E+1
854.77	5.097E+1
855.06	4.854E+0
855.35	7.282E+0
855.63	2.427E+0
855.92	-1.044E+2
856.21	0.000E+0
856.50	5.097E+1
856.79	1.214E+1
857.07	3.884E+1
857.36	4.612E+1
857.65	1.117E+2
857.94	-3.155E+1
858.22	-2.670E+1
858.51	-2.913E+1
858.80	1.214E+1
859.08	7.282E+0
859.37	7.039E+1
859.66	9.709E+0
859.95	-6.796E+1
860.23	6.311E+1
860.52	6.068E+1
860.81	-6.554E+1
861.09	-4.854E+0
861.38	8.738E+1
861.67	6.068E+1
861.95	3.884E+1
862.24	-2.184E+1
862.53	-2.184E+1
862.81	9.223E+1
863.10	2.913E+1
863.39	9.709E+0
863.67	-3.884E+1
863.96	8.495E+1
864.25	-2.427E+0
864.53	-8.253E+1
864.82	-2.427E+1
865.10	4.369E+1
865.39	-6.311E+1
865.68	1.699E+1
865.96	5.583E+1
866.25	2.670E+1
866.53	2.670E+1
866.82	2.670E+1