Wavelength	Intensity	Ocean Optics Flame
nm	counts
187.89	-9.466E+1
188.27	3.398E+1
188.64	-2.427E+0
189.02	5.583E+1
189.40	8.738E+1
189.78	3.155E+1
190.15	7.039E+1
190.53	2.184E+1
190.91	-1.699E+1
191.29	4.369E+1
191.66	-1.942E+1
192.04	3.884E+1
192.42	-2.670E+1
192.80	2.427E+0
193.17	7.282E+0
193.55	-1.456E+1
193.93	-1.456E+1
194.30	-4.612E+1
194.68	6.068E+1
195.06	-1.456E+1
195.44	2.184E+1
195.81	2.184E+1
196.19	-5.097E+1
196.57	6.796E+1
196.94	4.126E+1
197.32	1.068E+2
197.70	5.340E+1
198.07	1.311E+2
198.45	-2.427E+1
198.83	-2.184E+1
199.20	1.117E+2
199.58	4.126E+1
199.96	1.432E+2
200.33	2.670E+1
200.71	1.214E+1
201.09	6.554E+1
201.46	-4.612E+1
201.84	-2.184E+1
202.22	-3.641E+1
202.59	1.456E+1
202.97	-1.214E+1
203.34	-4.854E+1
203.72	-3.398E+1
204.10	2.913E+1
204.47	2.670E+1
204.85	7.524E+1
205.23	-2.427E+1
205.60	-3.641E+1
205.98	9.223E+1
206.35	1.699E+1
206.73	4.369E+1
207.11	-2.427E+0
207.48	0.000E+0
207.86	-2.427E+0
208.23	6.796E+1
208.61	1.699E+1
208.98	5.340E+1
209.36	0.000E+0
209.74	-4.854E+0
210.11	8.738E+1
210.49	1.456E+1
210.86	-2.184E+1
211.24	8.253E+1
211.61	-1.699E+1
211.99	1.942E+1
212.36	4.612E+1
212.74	4.612E+1
213.11	3.641E+1
213.49	3.398E+1
213.87	3.398E+1
214.24	-5.583E+1
214.62	4.612E+1
214.99	-2.670E+1
215.37	2.184E+1
215.74	3.155E+1
216.12	2.670E+1
216.49	6.554E+1
216.87	-7.282E+0
217.24	1.699E+1
217.62	1.942E+1
217.99	1.214E+1
218.37	4.854E+0
218.74	4.854E+0
219.11	-3.641E+1
219.49	-4.369E+1
219.86	6.554E+1
220.24	-3.641E+1
220.61	-5.097E+1
220.99	2.427E+1
221.36	3.155E+1
221.74	-3.155E+1
222.11	-5.583E+1
222.49	-3.884E+1
222.86	4.612E+1
223.23	1.141E+2
223.61	7.767E+1
223.98	-5.340E+1
224.36	3.884E+1
224.73	5.340E+1
225.11	6.796E+1
225.48	9.709E+1
225.85	1.044E+2
226.23	1.117E+2
226.60	1.214E+1
226.98	-4.369E+1
227.35	4.369E+1
227.72	9.709E+1
228.10	-7.282E+0
228.47	-4.369E+1
228.84	1.578E+2
229.22	-1.699E+1
229.59	-1.942E+1
229.97	2.913E+1
230.34	-2.427E+0
230.71	2.670E+1
231.09	-1.942E+1
231.46	9.709E+0
231.83	5.825E+1
232.21	-3.641E+1
232.58	2.184E+1
232.95	-2.427E+1
233.33	-1.456E+1
233.70	-1.942E+1
234.07	6.068E+1
234.45	-5.340E+1
234.82	2.427E+0
235.19	5.097E+1
235.57	-9.709E+0
235.94	-2.670E+1
236.31	7.524E+1
236.69	0.000E+0
237.06	3.155E+1
237.43	-1.942E+1
237.80	4.369E+1
238.18	1.214E+1
238.55	-4.369E+1
238.92	1.699E+1
239.30	5.825E+1
239.67	4.126E+1
240.04	3.155E+1
240.41	4.126E+1
240.79	1.044E+2
241.16	1.019E+2
241.53	5.583E+1
241.90	-1.214E+1
242.28	-1.214E+1
242.65	-3.884E+1
243.02	1.044E+2
243.39	4.854E+1
243.77	8.253E+1
244.14	6.796E+1
244.51	0.000E+0
244.88	1.456E+2
245.25	-2.427E+1
245.63	5.583E+1
246.00	7.282E+1
246.37	-7.767E+1
246.74	4.854E+0
247.11	1.699E+1
247.49	2.184E+1
247.86	3.641E+1
248.23	-9.709E+0
248.60	1.481E+2
248.97	-5.340E+1
249.35	2.184E+1
249.72	8.253E+1
250.09	-4.854E+1
250.46	8.495E+1
250.83	1.384E+2
251.20	1.942E+1
251.58	3.641E+1
251.95	1.456E+1
252.32	-4.126E+1
252.69	-9.709E+0
253.06	4.369E+1
253.43	-1.019E+2
253.80	2.427E+0
254.17	4.369E+1
254.55	-9.223E+1
254.92	6.068E+1
255.29	7.282E+0
255.66	-6.554E+1
256.03	-4.612E+1
256.40	2.184E+1
256.77	9.709E+0
257.14	-7.524E+1
257.51	-2.184E+1
257.88	7.282E+0
258.26	7.282E+1
258.63	4.854E+0
259.00	8.495E+1
259.37	-9.709E+0
259.74	7.282E+1
260.11	3.641E+1
260.48	-1.214E+1
260.85	4.126E+1
261.22	3.884E+1
261.59	1.699E+1
261.96	-7.039E+1
262.33	2.913E+1
262.70	9.709E+0
263.07	4.369E+1
263.44	-1.092E+2
263.81	-1.699E+1
264.18	-4.369E+1
264.55	-6.311E+1
264.92	1.214E+1
265.29	2.913E+1
265.66	1.262E+2
266.03	3.641E+1
266.40	6.554E+1
266.77	-7.282E+0
267.14	2.427E+1
267.51	1.214E+2
267.88	1.359E+2
268.25	4.854E+1
268.62	-2.184E+1
268.99	-2.670E+1
269.36	-2.670E+1
269.73	5.340E+1
270.10	-1.117E+2
270.47	-3.884E+1
270.84	1.141E+2
271.21	6.554E+1
271.58	9.466E+1
271.95	-2.670E+1
272.32	-7.767E+1
272.69	-8.495E+1
273.06	-2.427E+1
273.43	5.340E+1
273.80	4.369E+1
274.17	-2.427E+1
274.53	-2.427E+0
274.90	-6.068E+1
275.27	9.466E+1
275.64	7.039E+1
276.01	3.641E+1
276.38	-5.340E+1
276.75	2.184E+1
277.12	3.641E+1
277.49	1.214E+1
277.86	6.554E+1
278.22	2.670E+1
278.59	5.583E+1
278.96	-2.184E+1
279.33	-1.699E+1
279.70	2.184E+1
280.07	4.369E+1
280.44	8.495E+1
280.80	-6.311E+1
281.17	6.068E+1
281.54	1.456E+1
281.91	-2.670E+1
282.28	-9.709E+0
282.65	-1.214E+1
283.02	-7.039E+1
283.38	-6.554E+1
283.75	-4.854E+0
284.12	2.913E+1
284.49	-1.214E+1
284.86	0.000E+0
285.22	-4.854E+1
285.59	9.952E+1
285.96	-6.796E+1
286.33	7.282E+1
286.70	1.942E+1
287.06	5.340E+1
287.43	-4.854E+0
287.80	3.398E+1
288.17	1.214E+1
288.53	-5.340E+1
288.90	-1.189E+2
289.27	-6.068E+1
289.64	1.699E+1
290.01	-3.155E+1
290.37	1.044E+2
290.74	1.699E+1
291.11	-1.942E+1
291.48	3.641E+1
291.84	4.126E+1
292.21	-1.189E+2
292.58	2.913E+1
292.94	1.117E+2
293.31	-8.738E+1
293.68	1.942E+1
294.05	2.913E+1
294.41	4.369E+1
294.78	1.699E+1
295.15	1.214E+2
295.51	9.709E+0
295.88	4.369E+1
296.25	-7.282E+0
296.61	-6.796E+1
296.98	-2.670E+1
297.35	4.854E+0
297.72	-3.641E+1
298.08	1.942E+1
298.45	-4.369E+1
298.82	-1.456E+1
299.18	4.126E+1
299.55	1.456E+1
299.91	-1.942E+1
300.28	3.155E+1
300.65	5.097E+1
301.01	-2.184E+1
301.38	3.641E+1
301.75	-2.913E+1
302.11	-1.456E+1
302.48	3.398E+1
302.85	1.092E+2
303.21	1.505E+2
303.58	1.456E+1
303.94	-2.184E+1
304.31	4.612E+1
304.68	-1.942E+1
305.04	8.981E+1
305.41	-5.097E+1
305.77	4.126E+1
306.14	1.092E+2
306.51	2.913E+1
306.87	-4.612E+1
307.24	-3.641E+1
307.60	8.738E+1
307.97	-2.427E+1
308.33	4.369E+1
308.70	6.068E+1
309.07	6.068E+1
309.43	8.738E+1
309.80	-1.699E+1
310.16	1.699E+1
310.53	1.432E+2
310.89	2.427E+0
311.26	-9.709E+0
311.62	-6.796E+1
311.99	3.398E+1
312.35	2.670E+1
312.72	1.456E+1
313.08	6.796E+1
313.45	9.709E+0
313.81	1.699E+1
314.18	2.427E+1
314.54	2.427E+0
314.91	1.311E+2
315.27	-5.340E+1
315.64	-1.942E+1
316.00	6.554E+1
316.37	5.097E+1
316.73	-5.583E+1
317.10	-2.427E+0
317.46	1.456E+1
317.83	-8.253E+1
318.19	1.456E+1
318.56	-2.670E+1
318.92	-3.884E+1
319.28	-6.068E+1
319.65	-7.524E+1
320.01	-4.126E+1
320.38	8.495E+1
320.74	-5.340E+1
321.11	-2.427E+1
321.47	-2.184E+1
321.83	7.524E+1
322.20	8.253E+1
322.56	3.155E+1
322.93	5.583E+1
323.29	0.000E+0
323.66	-3.155E+1
324.02	-1.214E+1
324.38	3.155E+1
324.75	-8.010E+1
325.11	3.884E+1
325.47	4.612E+1
325.84	-7.282E+0
326.20	9.952E+1
326.57	4.612E+1
326.93	2.427E+1
327.29	1.092E+2
327.66	-3.884E+1
328.02	-4.126E+1
328.38	-1.651E+2
328.75	-4.126E+1
329.11	-5.097E+1
329.47	-3.884E+1
329.84	1.092E+2
330.20	9.709E+0
330.56	3.398E+1
330.93	0.000E+0
331.29	4.369E+1
331.65	8.738E+1
332.02	1.942E+1
332.38	4.126E+1
332.74	9.709E+0
333.10	-5.097E+1
333.47	-7.767E+1
333.83	3.398E+1
334.19	3.155E+1
334.56	-1.456E+1
334.92	1.092E+2
335.28	1.942E+1
335.64	1.432E+2
336.01	1.044E+2
336.37	-1.699E+1
336.73	-4.126E+1
337.09	5.340E+1
337.46	1.068E+2
337.82	-3.884E+1
338.18	3.155E+1
338.54	-1.456E+1
338.91	-3.641E+1
339.27	4.854E+0
339.63	-1.214E+2
339.99	-9.709E+0
340.36	3.641E+1
340.72	9.709E+0
341.08	4.612E+1
341.44	1.699E+1
341.80	5.340E+1
342.17	-3.884E+1
342.53	-4.854E+0
342.89	1.699E+1
343.25	9.952E+1
343.61	-1.092E+2
343.98	-7.282E+1
344.34	-1.699E+1
344.70	9.709E+0
345.06	9.466E+1
345.42	2.184E+1
345.78	2.427E+0
346.14	5.097E+1
346.51	-4.854E+0
346.87	-1.092E+2
347.23	-8.495E+1
347.59	1.942E+1
347.95	4.126E+1
348.31	6.554E+1
348.67	-4.854E+0
349.04	-1.214E+1
349.40	2.427E+1
349.76	-5.340E+1
350.12	-1.044E+2
350.48	3.155E+1
350.84	1.578E+2
351.20	7.282E+0
351.56	-1.699E+1
351.92	4.126E+1
352.28	3.884E+1
352.65	5.583E+1
353.01	2.184E+1
353.37	-4.854E+1
353.73	4.126E+1
354.09	-9.709E+0
354.45	8.495E+1
354.81	3.884E+1
355.17	0.000E+0
355.53	-4.369E+1
355.89	1.165E+2
356.25	7.767E+1
356.61	1.456E+1
356.97	2.427E+1
357.33	3.641E+1
357.69	-5.825E+1
358.05	-3.884E+1
358.41	3.155E+1
358.77	9.952E+1
359.13	1.942E+1
359.49	-5.825E+1
359.85	-3.884E+1
360.21	7.282E+0
360.57	2.427E+1
360.93	-5.340E+1
361.29	9.709E+0
361.65	5.340E+1
362.01	2.670E+1
362.37	7.282E+0
362.73	-2.427E+0
363.09	1.068E+2
363.45	1.699E+1
363.81	-1.942E+1
364.17	-3.884E+1
364.53	1.068E+2
364.89	4.854E+0
365.25	2.184E+1
365.61	5.340E+1
365.97	3.398E+1
366.33	-1.456E+1
366.69	1.699E+1
367.05	1.068E+2
367.40	1.214E+1
367.76	-5.583E+1
368.12	-2.670E+1
368.48	1.456E+1
368.84	1.456E+1
369.20	1.699E+1
369.56	-1.942E+1
369.92	-4.126E+1
370.28	1.529E+2
370.63	-1.044E+2
370.99	-5.583E+1
371.35	4.369E+1
371.71	-8.010E+1
372.07	6.796E+1
372.43	2.670E+1
372.79	2.427E+1
373.15	1.044E+2
373.50	9.223E+1
373.86	-9.709E+0
374.22	4.612E+1
374.58	2.427E+0
374.94	7.282E+1
375.30	-2.427E+0
375.65	0.000E+0
376.01	-2.670E+1
376.37	1.699E+1
376.73	1.214E+1
377.09	1.942E+1
377.44	-4.854E+0
377.80	6.554E+1
378.16	-1.456E+1
378.52	-1.699E+1
378.88	-4.369E+1
379.23	6.554E+1
379.59	5.340E+1
379.95	-7.282E+0
380.31	-1.214E+1
380.66	2.670E+1
381.02	8.495E+1
381.38	2.427E+0
381.74	3.398E+1
382.09	3.398E+1
382.45	-1.214E+1
382.81	8.253E+1
383.17	9.223E+1
383.52	1.699E+1
383.88	1.092E+2
384.24	-4.854E+1
384.60	1.699E+1
384.95	-4.126E+1
385.31	-5.583E+1
385.67	-4.369E+1
386.02	2.427E+1
386.38	3.641E+1
386.74	4.126E+1
387.10	1.699E+1
387.45	7.282E+0
387.81	1.699E+1
388.17	-6.311E+1
388.52	-4.612E+1
388.88	-3.884E+1
389.24	4.854E+1
389.59	-1.214E+1
389.95	9.466E+1
390.31	3.884E+1
390.66	6.796E+1
391.02	4.854E+1
391.38	-3.398E+1
391.73	-6.554E+1
392.09	3.398E+1
392.44	6.796E+1
392.80	-2.427E+1
393.16	2.184E+1
393.51	1.772E+2
393.87	-4.612E+1
394.23	7.282E+1
394.58	-2.184E+1
394.94	9.952E+1
395.29	9.709E+1
395.65	1.456E+2
396.01	7.282E+0
396.36	0.000E+0
396.72	-4.612E+1
397.07	-7.282E+1
397.43	-5.825E+1
397.78	2.427E+0
398.14	0.000E+0
398.50	2.670E+1
398.85	7.282E+0
399.21	9.223E+1
399.56	7.039E+1
399.92	1.117E+2
400.27	5.340E+1
400.63	-4.126E+1
400.98	-4.612E+1
401.34	-7.282E+0
401.69	1.699E+1
402.05	-3.155E+1
402.40	-7.767E+1
402.76	-1.456E+1
403.11	-3.398E+1
403.47	8.981E+1
403.82	1.942E+1
404.18	4.854E+1
404.53	-9.952E+1
404.89	-1.699E+1
405.24	6.796E+1
405.60	-9.709E+0
405.95	2.427E+1
406.31	-7.282E+0
406.66	3.884E+1
407.02	6.311E+1
407.37	4.854E+0
407.73	-1.384E+2
408.08	-3.884E+1
408.44	7.282E+1
408.79	1.214E+1
409.14	-1.699E+1
409.50	-2.427E+1
409.85	-3.884E+1
410.21	-2.427E+0
410.56	-1.214E+1
410.92	4.126E+1
411.27	4.612E+1
411.62	5.340E+1
411.98	7.282E+1
412.33	5.340E+1
412.69	2.670E+1
413.04	8.738E+1
413.39	-5.097E+1
413.75	3.641E+1
414.10	2.427E+0
414.45	-9.709E+1
414.81	-4.854E+1
415.16	2.670E+1
415.52	1.214E+1
415.87	5.340E+1
416.22	-5.825E+1
416.58	2.427E+1
416.93	2.670E+1
417.28	8.738E+1
417.64	-6.068E+1
417.99	2.427E+1
418.34	-2.427E+0
418.70	7.282E+0
419.05	1.359E+2
419.40	7.039E+1
419.76	1.189E+2
420.11	2.427E+0
420.46	2.184E+1
420.81	1.456E+1
421.17	5.097E+1
421.52	2.427E+1
421.87	3.641E+1
422.23	8.010E+1
422.58	-3.155E+1
422.93	1.796E+2
423.28	6.554E+1
423.64	-2.427E+1
423.99	5.583E+1
424.34	4.612E+1
424.69	1.044E+2
425.05	3.884E+1
425.40	-5.583E+1
425.75	-5.583E+1
426.10	3.155E+1
426.46	0.000E+0
426.81	-4.369E+1
427.16	2.913E+1
427.51	7.282E+1
427.87	9.952E+1
428.22	-3.884E+1
428.57	1.044E+2
428.92	9.223E+1
429.27	-5.583E+1
429.63	-1.699E+1
429.98	3.398E+1
430.33	-2.184E+1
430.68	1.214E+1
431.03	3.398E+1
431.38	2.670E+1
431.74	7.039E+1
432.09	5.340E+1
432.44	-2.427E+0
432.79	2.184E+1
433.14	4.369E+1
433.49	5.825E+1
433.85	6.554E+1
434.20	1.214E+1
434.55	7.282E+0
434.90	5.583E+1
435.25	-3.398E+1
435.60	4.612E+1
435.95	1.748E+2
436.30	-7.282E+0
436.66	-9.466E+1
437.01	2.427E+0
437.36	9.709E+0
437.71	0.000E+0
438.06	5.825E+1
438.41	8.738E+1
438.76	2.913E+1
439.11	1.165E+2
439.46	8.253E+1
439.81	-7.767E+1
440.16	6.311E+1
440.52	-1.019E+2
440.87	7.767E+1
441.22	1.214E+1
441.57	-3.884E+1
441.92	-1.092E+2
442.27	-7.282E+0
442.62	8.738E+1
442.97	1.699E+1
443.32	-7.282E+1
443.67	2.184E+1
444.02	3.641E+1
444.37	9.709E+1
444.72	-2.184E+1
445.07	4.612E+1
445.42	7.039E+1
445.77	-3.155E+1
446.12	0.000E+0
446.47	6.796E+1
446.82	-9.709E+0
447.17	4.854E+0
447.52	2.913E+1
447.87	-4.854E+0
448.22	7.767E+1
448.57	-5.825E+1
448.92	5.097E+1
449.27	-2.427E+1
449.62	2.184E+1
449.97	5.825E+1
450.32	-9.709E+0
450.66	-1.068E+2
451.01	5.097E+1
451.36	-1.699E+1
451.71	3.884E+1
452.06	1.311E+2
452.41	-3.398E+1
452.76	6.311E+1
453.11	5.583E+1
453.46	0.000E+0
453.81	2.427E+0
454.16	2.670E+1
454.51	7.039E+1
454.85	6.311E+1
455.20	9.709E+0
455.55	6.311E+1
455.90	-3.398E+1
456.25	-3.884E+1
456.60	2.427E+0
456.95	3.398E+1
457.30	4.126E+1
457.64	1.481E+2
457.99	1.408E+2
458.34	6.068E+1
458.69	3.155E+1
459.04	7.282E+0
459.39	2.913E+1
459.73	-8.010E+1
460.08	6.554E+1
460.43	-8.253E+1
460.78	-2.670E+1
461.13	-3.398E+1
461.48	-9.466E+1
461.82	-9.709E+0
462.17	-1.699E+1
462.52	-6.068E+1
462.87	8.010E+1
463.21	7.524E+1
463.56	1.942E+1
463.91	2.913E+1
464.26	6.554E+1
464.61	2.913E+1
464.95	-5.583E+1
465.30	8.253E+1
465.65	-9.709E+0
466.00	-1.165E+2
466.34	1.165E+2
466.69	7.524E+1
467.04	8.981E+1
467.39	-2.427E+1
467.73	-1.456E+1
468.08	6.311E+1
468.43	0.000E+0
468.77	-1.699E+1
469.12	-3.641E+1
469.47	2.427E+0
469.82	1.699E+1
470.16	-5.825E+1
470.51	4.126E+1
470.86	9.223E+1
471.20	1.214E+1
471.55	-2.427E+0
471.90	4.854E+0
472.24	4.854E+1
472.59	-3.155E+1
472.94	-1.214E+1
473.28	3.884E+1
473.63	5.097E+1
473.98	3.398E+1
474.32	-3.641E+1
474.67	1.092E+2
475.02	3.398E+1
475.36	2.670E+1
475.71	2.427E+0
476.06	2.427E+1
476.40	-1.044E+2
476.75	4.126E+1
477.09	-5.097E+1
477.44	-1.942E+1
477.79	2.670E+1
478.13	1.602E+2
478.48	1.092E+2
478.82	4.612E+1
479.17	-4.854E+1
479.52	1.165E+2
479.86	-7.282E+0
480.21	-4.854E+0
480.55	7.282E+0
480.90	2.913E+1
481.24	7.767E+1
481.59	-1.214E+1
481.94	2.184E+1
482.28	-4.854E+1
482.63	9.709E+0
482.97	3.398E+1
483.32	3.398E+1
483.66	6.796E+1
484.01	-4.369E+1
484.35	3.398E+1
484.70	-2.184E+1
485.04	1.044E+2
485.39	-4.854E+0
485.73	1.723E+2
486.08	5.583E+1
486.42	1.505E+2
486.77	-4.854E+0
487.11	-3.155E+1
487.46	-5.825E+1
487.80	-3.398E+1
488.15	4.126E+1
488.49	4.126E+1
488.84	2.427E+1
489.18	-2.913E+1
489.53	-4.612E+1
489.87	7.767E+1
490.21	-1.044E+2
490.56	6.554E+1
490.90	-3.398E+1
491.25	5.825E+1
491.59	0.000E+0
491.94	3.884E+1
492.28	-1.238E+2
492.62	-3.641E+1
492.97	1.068E+2
493.31	7.767E+1
493.66	-7.767E+1
494.00	-2.913E+1
494.34	4.126E+1
494.69	3.884E+1
495.03	-4.854E+0
495.38	4.854E+1
495.72	5.825E+1
496.06	-1.214E+1
496.41	9.709E+0
496.75	4.126E+1
497.09	-3.398E+1
497.44	1.456E+1
497.78	5.097E+1
498.13	4.854E+0
498.47	2.427E+1
498.81	7.039E+1
499.16	7.282E+0
499.50	-6.311E+1
499.84	-5.583E+1
500.19	-7.282E+0
500.53	-3.884E+1
500.87	2.184E+1
501.21	-1.699E+1
501.56	4.854E+1
501.90	3.155E+1
502.24	1.942E+1
502.59	-4.854E+0
502.93	-1.699E+1
503.27	1.942E+1
503.61	-4.612E+1
503.96	3.884E+1
504.30	1.699E+1
504.64	4.612E+1
504.99	1.214E+2
505.33	5.825E+1
505.67	0.000E+0
506.01	-3.884E+1
506.36	5.825E+1
506.70	-3.641E+1
507.04	7.767E+1
507.38	7.767E+1
507.72	-3.884E+1
508.07	4.369E+1
508.41	3.884E+1
508.75	4.854E+1
509.09	-8.738E+1
509.44	2.427E+1
509.78	8.981E+1
510.12	3.398E+1
510.46	2.913E+1
510.80	1.651E+2
511.14	8.010E+1
511.49	8.010E+1
511.83	3.155E+1
512.17	-9.709E+0
512.51	4.854E+0
512.85	3.641E+1
513.19	-1.699E+1
513.54	1.456E+1
513.88	8.738E+1
514.22	5.583E+1
514.56	3.884E+1
514.90	3.884E+1
515.24	1.044E+2
515.58	-1.456E+1
515.93	4.854E+1
516.27	-9.709E+0
516.61	3.398E+1
516.95	-4.369E+1
517.29	-6.554E+1
517.63	3.398E+1
517.97	-6.311E+1
518.31	4.612E+1
518.65	4.126E+1
518.99	-7.282E+0
519.33	-2.184E+1
519.67	-7.039E+1
520.02	3.155E+1
520.36	9.709E+0
520.70	3.641E+1
521.04	9.709E+0
521.38	7.282E+0
521.72	-4.854E+1
522.06	4.854E+0
522.40	-7.767E+1
522.74	-3.884E+1
523.08	4.854E+0
523.42	-1.942E+1
523.76	-7.282E+0
524.10	2.913E+1
524.44	3.398E+1
524.78	-4.126E+1
525.12	7.767E+1
525.46	4.854E+1
525.80	-9.709E+0
526.14	-1.189E+2
526.48	-7.524E+1
526.82	9.223E+1
527.16	-2.427E+1
527.50	-4.854E+0
527.84	2.427E+0
528.18	4.369E+1
528.52	5.583E+1
528.86	9.952E+1
529.20	4.126E+1
529.54	3.398E+1
529.87	-4.126E+1
530.21	9.709E+0
530.55	9.709E+0
530.89	-3.884E+1
531.23	2.427E+0
531.57	1.117E+2
531.91	6.311E+1
532.25	-2.427E+1
532.59	1.651E+2
532.93	2.427E+1
533.27	2.184E+1
533.60	2.184E+1
533.94	-7.524E+1
534.28	-1.456E+1
534.62	-5.583E+1
534.96	5.097E+1
535.30	-2.670E+1
535.64	2.913E+1
535.98	-1.384E+2
536.31	9.709E+1
536.65	5.097E+1
536.99	-1.214E+1
537.33	1.068E+2
537.67	7.282E+0
538.01	5.340E+1
538.34	3.641E+1
538.68	3.641E+1
539.02	-4.369E+1
539.36	4.369E+1
539.70	-3.155E+1
540.03	-6.311E+1
540.37	-1.942E+1
540.71	6.554E+1
541.05	5.583E+1
541.39	1.214E+1
541.72	1.699E+1
542.06	-5.340E+1
542.40	6.311E+1
542.74	-2.427E+0
543.07	7.282E+0
543.41	-2.913E+1
543.75	7.039E+1
544.09	2.670E+1
544.42	9.709E+1
544.76	6.796E+1
545.10	6.311E+1
545.44	2.427E+0
545.77	8.010E+1
546.11	7.767E+1
546.45	4.854E+1
546.78	-1.092E+2
547.12	3.398E+1
547.46	5.825E+1
547.80	-2.427E+1
548.13	5.340E+1
548.47	8.010E+1
548.81	-5.583E+1
549.14	4.854E+1
549.48	8.495E+1
549.82	8.010E+1
550.15	9.709E+0
550.49	-2.184E+1
550.83	-2.427E+1
551.16	6.311E+1
551.50	4.369E+1
551.84	-4.854E+1
552.17	-5.097E+1
552.51	-7.282E+0
552.84	1.189E+2
553.18	5.583E+1
553.52	4.854E+0
553.85	-7.282E+0
554.19	1.456E+1
554.53	6.311E+1
554.86	1.942E+1
555.20	-3.155E+1
555.53	-4.854E+1
555.87	4.126E+1
556.20	9.952E+1
556.54	1.456E+1
556.88	8.738E+1
557.21	7.282E+1
557.55	1.553E+2
557.88	1.456E+1
558.22	6.554E+1
558.55	5.340E+1
558.89	-2.184E+1
559.23	5.340E+1
559.56	2.427E+0
559.90	7.039E+1
560.23	5.583E+1
560.57	9.223E+1
560.90	6.554E+1
561.24	3.884E+1
561.57	7.039E+1
561.91	9.709E+1
562.24	1.092E+2
562.58	5.097E+1
562.91	8.253E+1
563.25	-7.282E+0
563.58	-5.825E+1
563.92	1.456E+1
564.25	2.670E+1
564.59	3.155E+1
564.92	4.854E+0
565.25	1.117E+2
565.59	-2.184E+1
565.92	-3.398E+1
566.26	7.524E+1
566.59	1.335E+2
566.93	-2.427E+0
567.26	6.311E+1
567.60	1.699E+1
567.93	-7.282E+0
568.26	2.039E+2
568.60	6.554E+1
568.93	-6.554E+1
569.27	5.097E+1
569.60	6.068E+1
569.93	-3.884E+1
570.27	9.223E+1
570.60	9.709E+1
570.94	3.641E+1
571.27	2.913E+1
571.60	6.796E+1
571.94	3.641E+1
572.27	-9.709E+0
572.60	4.126E+1
572.94	9.223E+1
573.27	2.913E+1
573.60	-2.670E+1
573.94	0.000E+0
574.27	2.184E+1
574.60	3.155E+1
574.94	1.796E+2
575.27	5.825E+1
575.60	1.214E+2
575.94	2.427E+1
576.27	4.369E+1
576.60	4.612E+1
576.94	5.825E+1
577.27	6.068E+1
577.60	1.238E+2
577.94	2.184E+1
578.27	6.554E+1
578.60	4.369E+1
578.93	7.767E+1
579.27	-2.913E+1
579.60	9.709E+0
579.93	2.670E+1
580.26	9.952E+1
580.60	8.738E+1
580.93	-5.340E+1
581.26	4.854E+0
581.59	6.554E+1
581.93	-9.709E+0
582.26	7.282E+1
582.59	2.670E+1
582.92	6.068E+1
583.25	-9.709E+0
583.59	4.854E+0
583.92	1.238E+2
584.25	1.311E+2
584.58	1.675E+2
584.91	8.253E+1
585.25	3.641E+1
585.58	5.340E+1
585.91	8.010E+1
586.24	7.524E+1
586.57	7.524E+1
586.90	-2.427E+1
587.24	1.189E+2
587.57	1.092E+2
587.90	2.427E+2
588.23	1.141E+2
588.56	1.141E+2
588.89	6.068E+1
589.22	1.990E+2
589.56	1.359E+2
589.89	1.359E+2
590.22	1.189E+2
590.55	1.602E+2
590.88	8.981E+1
591.21	1.311E+2
591.54	1.893E+2
591.87	8.495E+1
592.20	2.015E+2
592.53	1.966E+2
592.87	2.306E+2
593.20	2.451E+2
593.53	1.748E+2
593.86	2.257E+2
594.19	2.403E+2
594.52	3.058E+2
594.85	3.252E+2
595.18	2.379E+2
595.51	1.796E+2
595.84	2.087E+2
596.17	2.500E+2
596.50	1.626E+2
596.83	1.966E+2
597.16	2.257E+2
597.49	2.549E+2
597.82	3.350E+2
598.15	4.102E+2
598.48	2.694E+2
598.81	3.107E+2
599.14	3.641E+2
599.47	4.102E+2
599.80	3.665E+2
600.13	4.078E+2
600.46	3.155E+2
600.79	3.325E+2
601.12	3.301E+2
601.45	5.049E+2
601.78	4.320E+2
602.11	3.956E+2
602.44	4.927E+2
602.77	4.854E+2
603.10	3.884E+2
603.42	5.510E+2
603.75	4.296E+2
604.08	5.316E+2
604.41	6.214E+2
604.74	5.000E+2
605.07	6.481E+2
605.40	6.456E+2
605.73	6.796E+2
606.06	7.136E+2
606.39	7.549E+2
606.71	6.893E+2
607.04	7.306E+2
607.37	6.942E+2
607.70	6.675E+2
608.03	7.039E+2
608.36	8.350E+2
608.69	8.398E+2
609.02	8.714E+2
609.34	8.665E+2
609.67	9.733E+2
610.00	9.660E+2
610.33	9.102E+2
610.66	8.738E+2
610.98	1.002E+3
611.31	9.976E+2
611.64	1.109E+3
611.97	1.007E+3
612.30	1.184E+3
612.63	1.257E+3
612.95	1.180E+3
613.28	1.240E+3
613.61	1.221E+3
613.94	1.282E+3
614.26	1.468E+3
614.59	1.468E+3
614.92	1.323E+3
615.25	1.405E+3
615.57	1.665E+3
615.90	1.600E+3
616.23	1.595E+3
616.56	1.716E+3
616.88	1.682E+3
617.21	1.760E+3
617.54	1.748E+3
617.87	1.779E+3
618.19	1.891E+3
618.52	1.908E+3
618.85	2.002E+3
619.17	2.218E+3
619.50	2.056E+3
619.83	2.017E+3
620.15	2.056E+3
620.48	2.425E+3
620.81	2.381E+3
621.14	2.403E+3
621.46	2.466E+3
621.79	2.505E+3
622.11	2.585E+3
622.44	2.660E+3
622.77	2.731E+3
623.09	2.947E+3
623.42	2.884E+3
623.75	2.949E+3
624.07	2.990E+3
624.40	3.117E+3
624.73	3.274E+3
625.05	3.121E+3
625.38	3.350E+3
625.70	3.364E+3
626.03	3.573E+3
626.36	3.682E+3
626.68	3.755E+3
627.01	3.820E+3
627.33	3.702E+3
627.66	4.121E+3
627.99	4.126E+3
628.31	4.134E+3
628.64	4.381E+3
628.96	4.376E+3
629.29	4.410E+3
629.61	4.786E+3
629.94	4.736E+3
630.26	4.998E+3
630.59	5.019E+3
630.91	5.204E+3
631.24	5.452E+3
631.57	5.621E+3
631.89	5.549E+3
632.22	5.888E+3
632.54	6.020E+3
632.87	6.240E+3
633.19	6.267E+3
633.52	6.337E+3
633.84	7.003E+3
634.16	6.937E+3
634.49	7.083E+3
634.81	7.202E+3
635.14	7.529E+3
635.46	7.709E+3
635.79	7.799E+3
636.11	8.129E+3
636.44	8.189E+3
636.76	8.371E+3
637.09	8.592E+3
637.41	9.049E+3
637.73	9.068E+3
638.06	9.352E+3
638.38	9.182E+3
638.71	9.961E+3
639.03	1.004E+4
639.36	1.037E+4
639.68	1.068E+4
640.00	1.110E+4
640.33	1.121E+4
640.65	1.118E+4
640.97	1.194E+4
641.30	1.207E+4
641.62	1.229E+4
641.95	1.275E+4
642.27	1.291E+4
642.59	1.307E+4
642.92	1.345E+4
643.24	1.373E+4
643.56	1.412E+4
643.89	1.437E+4
644.21	1.463E+4
644.53	1.524E+4
644.86	1.582E+4
645.18	1.604E+4
645.50	1.620E+4
645.83	1.639E+4
646.15	1.712E+4
646.47	1.710E+4
646.80	1.783E+4
647.12	1.809E+4
647.44	1.834E+4
647.76	1.852E+4
648.09	1.920E+4
648.41	1.974E+4
648.73	1.976E+4
649.05	2.005E+4
649.38	2.067E+4
649.70	2.094E+4
650.02	2.158E+4
650.34	2.216E+4
650.67	2.239E+4
650.99	2.283E+4
651.31	2.335E+4
651.63	2.368E+4
651.96	2.442E+4
652.28	2.492E+4
652.60	2.575E+4
652.92	2.576E+4
653.24	2.640E+4
653.57	2.677E+4
653.89	2.747E+4
654.21	2.789E+4
654.53	2.848E+4
654.85	2.878E+4
655.18	2.944E+4
655.50	2.979E+4
655.82	3.045E+4
656.14	3.107E+4
656.46	3.167E+4
656.78	3.218E+4
657.10	3.222E+4
657.43	3.276E+4
657.75	3.274E+4
658.07	3.395E+4
658.39	3.445E+4
658.71	3.441E+4
659.03	3.532E+4
659.35	3.545E+4
659.67	3.583E+4
659.99	3.661E+4
660.32	3.658E+4
660.64	3.730E+4
660.96	3.758E+4
661.28	3.772E+4
661.60	3.853E+4
661.92	3.909E+4
662.24	3.870E+4
662.56	3.909E+4
662.88	4.003E+4
663.20	4.004E+4
663.52	4.018E+4
663.84	4.002E+4
664.16	4.036E+4
664.48	3.988E+4
664.80	4.039E+4
665.12	4.018E+4
665.44	4.056E+4
665.76	4.003E+4
666.08	4.007E+4
666.40	4.004E+4
666.72	4.015E+4
667.04	4.010E+4
667.36	3.962E+4
667.68	3.867E+4
668.00	3.823E+4
668.32	3.813E+4
668.64	3.743E+4
668.96	3.735E+4
669.28	3.697E+4
669.60	3.612E+4
669.92	3.558E+4
670.24	3.544E+4
670.56	3.399E+4
670.88	3.332E+4
671.20	3.273E+4
671.52	3.213E+4
671.84	3.121E+4
672.16	3.058E+4
672.47	2.952E+4
672.79	2.892E+4
673.11	2.790E+4
673.43	2.762E+4
673.75	2.627E+4
674.07	2.561E+4
674.39	2.495E+4
674.71	2.384E+4
675.03	2.286E+4
675.34	2.221E+4
675.66	2.154E+4
675.98	2.035E+4
676.30	1.995E+4
676.62	1.927E+4
676.94	1.821E+4
677.25	1.779E+4
677.57	1.709E+4
677.89	1.657E+4
678.21	1.573E+4
678.53	1.549E+4
678.85	1.446E+4
679.16	1.401E+4
679.48	1.337E+4
679.80	1.274E+4
680.12	1.227E+4
680.44	1.180E+4
680.75	1.129E+4
681.07	1.093E+4
681.39	1.020E+4
681.71	9.789E+3
682.02	9.777E+3
682.34	9.085E+3
682.66	8.813E+3
682.98	8.381E+3
683.29	8.058E+3
683.61	7.719E+3
683.93	7.471E+3
684.25	7.056E+3
684.56	6.837E+3
684.88	6.631E+3
685.20	6.257E+3
685.51	6.066E+3
685.83	5.988E+3
686.15	5.583E+3
686.47	5.354E+3
686.78	4.944E+3
687.10	4.779E+3
687.42	4.723E+3
687.73	4.558E+3
688.05	4.381E+3
688.37	4.073E+3
688.68	3.791E+3
689.00	3.590E+3
689.32	3.522E+3
689.63	3.578E+3
689.95	3.439E+3
690.26	3.206E+3
690.58	3.192E+3
690.90	2.813E+3
691.21	2.857E+3
691.53	2.634E+3
691.85	2.626E+3
692.16	2.444E+3
692.48	2.316E+3
692.79	2.308E+3
693.11	2.073E+3
693.42	1.993E+3
693.74	2.117E+3
694.06	1.978E+3
694.37	1.757E+3
694.69	1.668E+3
695.00	1.621E+3
695.32	1.553E+3
695.63	1.505E+3
695.95	1.471E+3
696.26	1.337E+3
696.58	1.282E+3
696.90	1.214E+3
697.21	1.180E+3
697.53	1.167E+3
697.84	1.034E+3
698.16	9.466E+2
698.47	1.063E+3
698.79	9.830E+2
699.10	8.884E+2
699.42	8.714E+2
699.73	7.306E+2
700.05	7.112E+2
700.36	7.354E+2
700.68	8.180E+2
700.99	7.403E+2
701.30	6.966E+2
701.62	4.296E+2
701.93	5.898E+2
702.25	5.631E+2
702.56	5.510E+2
702.88	5.583E+2
703.19	5.024E+2
703.50	4.952E+2
703.82	4.126E+2
704.13	3.325E+2
704.45	3.811E+2
704.76	2.670E+2
705.08	3.786E+2
705.39	3.471E+2
705.70	3.568E+2
706.02	3.495E+2
706.33	3.034E+2
706.64	2.816E+2
706.96	3.665E+2
707.27	2.330E+2
707.59	2.961E+2
707.90	2.136E+2
708.21	2.476E+2
708.53	2.282E+2
708.84	1.893E+2
709.15	2.549E+2
709.47	2.233E+2
709.78	1.384E+2
710.09	2.743E+2
710.41	1.335E+2
710.72	2.039E+2
711.03	1.602E+2
711.34	1.772E+2
711.66	1.456E+2
711.97	2.306E+2
712.28	1.408E+2
712.60	1.432E+2
712.91	1.262E+2
713.22	1.311E+2
713.53	8.495E+1
713.85	1.675E+2
714.16	4.126E+1
714.47	1.990E+2
714.78	9.466E+1
715.10	8.253E+1
715.41	1.651E+2
715.72	1.505E+2
716.03	1.384E+2
716.35	9.223E+1
716.66	1.432E+2
716.97	4.854E+1
717.28	6.068E+1
717.59	6.554E+1
717.91	9.466E+1
718.22	1.019E+2
718.53	9.709E+1
718.84	8.981E+1
719.15	5.583E+1
719.46	6.554E+1
719.78	3.641E+1
720.09	2.913E+1
720.40	1.311E+2
720.71	8.010E+1
721.02	9.466E+1
721.33	6.554E+1
721.65	7.767E+1
721.96	1.578E+2
722.27	1.699E+2
722.58	7.039E+1
722.89	2.184E+1
723.20	-6.311E+1
723.51	6.068E+1
723.82	1.384E+2
724.13	-4.126E+1
724.45	3.398E+1
724.76	2.670E+1
725.07	1.699E+1
725.38	8.981E+1
725.69	-6.311E+1
726.00	4.126E+1
726.31	-3.641E+1
726.62	4.369E+1
726.93	7.524E+1
727.24	2.670E+1
727.55	1.214E+2
727.86	-4.126E+1
728.17	-2.427E+0
728.48	7.282E+0
728.79	-2.913E+1
729.10	2.670E+1
729.41	4.612E+1
729.72	7.282E+1
730.03	9.709E+1
730.34	9.709E+1
730.65	5.340E+1
730.96	3.155E+1
731.27	1.286E+2
731.58	6.796E+1
731.89	-2.913E+1
732.20	4.126E+1
732.51	2.184E+1
732.82	4.854E+1
733.13	3.884E+1
733.44	-6.796E+1
733.75	-4.854E+0
734.06	3.398E+1
734.37	9.709E+0
734.68	6.796E+1
734.98	-3.884E+1
735.29	7.039E+1
735.60	5.097E+1
735.91	6.796E+1
736.22	4.854E+0
736.53	4.854E+0
736.84	2.427E+0
737.15	7.282E+0
737.46	1.942E+1
737.77	2.670E+1
738.07	-7.524E+1
738.38	-4.369E+1
738.69	-5.583E+1
739.00	1.068E+2
739.31	2.670E+1
739.62	-1.942E+1
739.92	1.214E+1
740.23	8.010E+1
740.54	-1.456E+1
740.85	9.223E+1
741.16	1.942E+1
741.47	8.253E+1
741.77	4.369E+1
742.08	-7.282E+0
742.39	2.427E+0
742.70	1.942E+1
743.01	-5.583E+1
743.31	-3.155E+1
743.62	1.092E+2
743.93	9.466E+1
744.24	-4.854E+0
744.54	4.854E+0
744.85	-2.427E+1
745.16	-4.854E+0
745.47	5.825E+1
745.77	2.184E+1
746.08	-2.670E+1
746.39	-5.097E+1
746.70	-7.282E+0
747.00	-4.854E+1
747.31	-1.456E+1
747.62	-5.097E+1
747.92	7.039E+1
748.23	6.796E+1
748.54	-1.165E+2
748.84	2.427E+0
749.15	2.670E+1
749.46	5.340E+1
749.76	4.854E+0
750.07	8.253E+1
750.38	1.214E+1
750.68	1.068E+2
750.99	6.068E+1
751.30	-6.068E+1
751.60	-4.612E+1
751.91	9.709E+0
752.22	4.854E+0
752.52	-7.039E+1
752.83	-2.427E+0
753.14	7.039E+1
753.44	-7.767E+1
753.75	7.282E+0
754.05	6.068E+1
754.36	-5.340E+1
754.67	7.282E+0
754.97	-5.340E+1
755.28	-2.184E+1
755.58	4.854E+0
755.89	4.126E+1
756.19	4.854E+0
756.50	-3.641E+1
756.81	8.981E+1
757.11	-2.427E+0
757.42	-1.456E+1
757.72	-1.214E+1
758.03	5.340E+1
758.33	-2.427E+0
758.64	-6.554E+1
758.94	-1.214E+1
759.25	-9.709E+0
759.55	-4.126E+1
759.86	1.214E+1
760.16	1.699E+1
760.47	1.456E+1
760.77	1.456E+1
761.08	7.282E+1
761.38	4.369E+1
761.69	-1.699E+1
761.99	7.039E+1
762.30	5.583E+1
762.60	2.427E+0
762.91	-2.670E+1
763.21	3.155E+1
763.51	4.369E+1
763.82	4.126E+1
764.12	-5.097E+1
764.43	4.854E+0
764.73	2.427E+0
765.04	8.010E+1
765.34	8.253E+1
765.64	1.286E+2
765.95	-1.699E+1
766.25	-9.223E+1
766.56	0.000E+0
766.86	1.214E+1
767.16	-6.068E+1
767.47	1.214E+1
767.77	2.427E+0
768.07	0.000E+0
768.38	4.126E+1
768.68	5.583E+1
768.98	4.612E+1
769.29	-3.884E+1
769.59	9.709E+0
769.89	-8.738E+1
770.20	3.155E+1
770.50	-1.942E+1
770.80	6.796E+1
771.11	-6.796E+1
771.41	0.000E+0
771.71	7.282E+1
772.02	3.884E+1
772.32	-4.369E+1
772.62	4.369E+1
772.93	-7.767E+1
773.23	3.641E+1
773.53	5.825E+1
773.83	5.097E+1
774.14	-2.184E+1
774.44	5.340E+1
774.74	3.641E+1
775.04	-4.854E+0
775.35	-1.456E+1
775.65	7.282E+0
775.95	2.184E+1
776.25	1.699E+1
776.55	-4.612E+1
776.86	-5.583E+1
777.16	-9.709E+0
777.46	-1.262E+2
777.76	4.612E+1
778.06	1.165E+2
778.37	-4.369E+1
778.67	1.165E+2
778.97	-1.019E+2
779.27	9.709E+0
779.57	-4.854E+1
779.88	2.670E+1
780.18	-7.282E+1
780.48	2.184E+1
780.78	0.000E+0
781.08	-7.282E+1
781.38	-5.340E+1
781.68	-8.010E+1
781.98	5.825E+1
782.29	6.311E+1
782.59	-1.699E+1
782.89	4.126E+1
783.19	3.884E+1
783.49	0.000E+0
783.79	7.282E+0
784.09	-3.641E+1
784.39	3.884E+1
784.69	9.709E+0
784.99	7.282E+1
785.30	-1.699E+1
785.60	4.854E+0
785.90	2.427E+1
786.20	0.000E+0
786.50	-2.427E+0
786.80	4.369E+1
787.10	9.952E+1
787.40	4.612E+1
787.70	1.165E+2
788.00	-4.126E+1
788.30	1.238E+2
788.60	2.427E+1
788.90	-9.709E+0
789.20	1.456E+1
789.50	-6.068E+1
789.80	1.456E+1
790.10	-2.670E+1
790.40	7.282E+1
790.70	-5.097E+1
791.00	-5.825E+1
791.30	-2.427E+0
791.60	-5.583E+1
791.90	6.554E+1
792.20	4.854E+0
792.50	1.942E+1
792.79	-2.184E+1
793.09	6.554E+1
793.39	5.825E+1
793.69	8.495E+1
793.99	1.456E+1
794.29	-4.854E+0
794.59	1.456E+1
794.89	1.942E+1
795.19	9.223E+1
795.49	2.184E+1
795.79	-3.641E+1
796.08	-1.699E+1
796.38	-4.854E+0
796.68	-2.184E+1
796.98	-7.282E+0
797.28	-7.524E+1
797.58	6.554E+1
797.88	2.184E+1
798.17	-3.398E+1
798.47	5.097E+1
798.77	-3.155E+1
799.07	7.524E+1
799.37	9.709E+0
799.67	-2.427E+0
799.96	4.854E+1
800.26	-1.165E+2
800.56	-2.184E+1
800.86	9.223E+1
801.16	-3.641E+1
801.45	-1.456E+1
801.75	9.709E+0
802.05	-2.184E+1
802.35	-3.641E+1
802.64	2.670E+1
802.94	-7.282E+0
803.24	-4.369E+1
803.54	-1.942E+1
803.83	-2.670E+1
804.13	3.398E+1
804.43	-9.223E+1
804.73	7.282E+0
805.02	-5.340E+1
805.32	1.262E+2
805.62	8.010E+1
805.91	-4.612E+1
806.21	-4.854E+0
806.51	5.097E+1
806.81	9.709E+0
807.10	-5.825E+1
807.40	-4.854E+0
807.70	-7.282E+0
807.99	1.699E+1
808.29	-4.854E+0
808.59	-3.398E+1
808.88	-5.583E+1
809.18	6.554E+1
809.47	4.854E+1
809.77	-1.214E+1
810.07	8.495E+1
810.36	-3.884E+1
810.66	9.709E+0
810.96	2.427E+1
811.25	4.854E+1
811.55	9.709E+0
811.84	-4.854E+0
812.14	3.884E+1
812.44	3.641E+1
812.73	-3.398E+1
813.03	6.311E+1
813.32	8.010E+1
813.62	4.369E+1
813.91	6.068E+1
814.21	6.068E+1
814.51	-3.155E+1
814.80	-3.884E+1
815.10	4.612E+1
815.39	9.709E+0
815.69	1.214E+1
815.98	4.369E+1
816.28	-3.884E+1
816.57	0.000E+0
816.87	9.709E+0
817.16	1.384E+2
817.46	7.282E+0
817.75	-2.913E+1
818.05	1.456E+2
818.34	3.884E+1
818.64	3.884E+1
818.93	-2.670E+1
819.23	2.913E+1
819.52	-4.854E+0
819.82	-2.427E+1
820.11	4.854E+1
820.40	5.097E+1
820.70	-6.311E+1
820.99	1.699E+1
821.29	3.641E+1
821.58	2.427E+1
821.88	2.184E+1
822.17	1.044E+2
822.46	9.466E+1
822.76	0.000E+0
823.05	1.214E+1
823.35	4.369E+1
823.64	4.612E+1
823.93	7.282E+0
824.23	3.884E+1
824.52	-5.583E+1
824.81	-1.699E+1
825.11	3.884E+1
825.40	-4.612E+1
825.69	4.854E+1
825.99	-4.854E+0
826.28	-4.126E+1
826.58	4.854E+1
826.87	-2.184E+1
827.16	-6.796E+1
827.45	8.010E+1
827.75	7.282E+1
828.04	0.000E+0
828.33	4.854E+0
828.63	4.854E+0
828.92	-3.641E+1
829.21	1.214E+1
829.51	3.884E+1
829.80	4.126E+1
830.09	-2.184E+1
830.38	-2.913E+1
830.68	3.398E+1
830.97	2.913E+1
831.26	9.709E+0
831.55	-9.709E+0
831.85	-3.398E+1
832.14	-2.427E+0
832.43	-8.253E+1
832.72	4.369E+1
833.01	-9.709E+0
833.31	-1.699E+1
833.60	1.214E+1
833.89	4.612E+1
834.18	-2.670E+1
834.47	-2.913E+1
834.77	4.612E+1
835.06	1.942E+1
835.35	-1.214E+1
835.64	1.699E+1
835.93	6.311E+1
836.22	4.854E+1
836.52	-5.825E+1
836.81	2.913E+1
837.10	-5.097E+1
837.39	3.155E+1
837.68	9.709E+0
837.97	-2.427E+1
838.26	-3.398E+1
838.55	-5.583E+1
838.85	4.854E+0
839.14	5.825E+1
839.43	-2.427E+0
839.72	-1.699E+1
840.01	2.670E+1
840.30	5.583E+1
840.59	-1.262E+2
840.88	2.184E+1
841.17	4.369E+1
841.46	6.554E+1
841.75	2.670E+1
842.04	1.456E+1
842.33	2.427E+1
842.62	-2.184E+1
842.91	1.214E+1
843.21	4.369E+1
843.50	-4.126E+1
843.79	6.554E+1
844.08	-1.942E+1
844.37	-5.097E+1
844.66	1.699E+1
844.95	4.126E+1
845.24	9.709E+1
845.53	8.253E+1
845.81	-1.942E+1
846.10	3.641E+1
846.39	3.155E+1
846.68	-3.884E+1
846.97	1.214E+1
847.26	-5.340E+1
847.55	-4.126E+1
847.84	7.282E+0
848.13	4.854E+1
848.42	4.854E+1
848.71	5.583E+1
849.00	1.942E+1
849.29	-5.583E+1
849.58	-3.884E+1
849.87	5.340E+1
850.15	-1.456E+1
850.44	6.311E+1
850.73	7.282E+1
851.02	-8.253E+1
851.31	-1.238E+2
851.60	8.981E+1
851.89	4.612E+1
852.18	-6.068E+1
852.46	1.214E+1
852.75	5.097E+1
853.04	1.942E+1
853.33	7.282E+1
853.62	-6.068E+1
853.91	7.282E+0
854.19	6.311E+1
854.48	9.223E+1
854.77	7.282E+0
855.06	-3.398E+1
855.35	4.854E+1
855.63	-1.699E+1
855.92	-3.641E+1
856.21	6.311E+1
856.50	6.554E+1
856.79	4.854E+0
857.07	8.738E+1
857.36	2.913E+1
857.65	8.495E+1
857.94	2.427E+0
858.22	6.554E+1
858.51	9.709E+1
858.80	1.456E+1
859.08	-2.913E+1
859.37	2.427E+0
859.66	-1.214E+1
859.95	-9.709E+1
860.23	1.869E+2
860.52	-4.854E+1
860.81	7.524E+1
861.09	0.000E+0
861.38	1.942E+1
861.67	3.398E+1
861.95	-9.709E+0
862.24	4.126E+1
862.53	-3.398E+1
862.81	-6.311E+1
863.10	1.214E+1
863.39	7.282E+1
863.67	-6.554E+1
863.96	-1.092E+2
864.25	7.039E+1
864.53	-7.524E+1
864.82	5.097E+1
865.10	-5.583E+1
865.39	6.068E+1
865.68	-2.427E+0
865.96	2.670E+1
866.25	2.913E+1
866.53	2.913E+1
866.82	2.913E+1