Wavelength	Intensity	Ocean Optics Flame
nm	counts
187.89	8.495E+1
188.27	0.000E+0
188.64	5.340E+1
189.02	-5.097E+1
189.40	-8.981E+1
189.78	-4.126E+1
190.15	-2.427E+1
190.53	-7.524E+1
190.91	8.738E+1
191.29	1.456E+1
191.66	-7.282E+1
192.04	2.427E+0
192.42	6.068E+1
192.80	9.709E+1
193.17	7.282E+0
193.55	3.641E+1
193.93	-5.340E+1
194.30	-4.854E+1
194.68	5.340E+1
195.06	1.456E+1
195.44	9.466E+1
195.81	-5.583E+1
196.19	-4.854E+0
196.57	1.141E+2
196.94	1.141E+2
197.32	2.427E+1
197.70	3.155E+1
198.07	7.524E+1
198.45	2.670E+1
198.83	-6.311E+1
199.20	2.184E+1
199.58	4.854E+1
199.96	1.189E+2
200.33	-1.214E+1
200.71	5.097E+1
201.09	8.253E+1
201.46	8.738E+1
201.84	4.854E+0
202.22	-7.282E+1
202.59	-2.670E+1
202.97	-7.282E+0
203.34	6.796E+1
203.72	-5.583E+1
204.10	1.699E+1
204.47	9.709E+0
204.85	-3.398E+1
205.23	6.311E+1
205.60	1.942E+1
205.98	6.311E+1
206.35	8.253E+1
206.73	5.583E+1
207.11	1.141E+2
207.48	4.369E+1
207.86	-1.214E+1
208.23	7.524E+1
208.61	1.456E+2
208.98	-2.670E+1
209.36	8.981E+1
209.74	-4.612E+1
210.11	7.282E+0
210.49	0.000E+0
210.86	5.583E+1
211.24	1.699E+1
211.61	4.854E+0
211.99	-3.884E+1
212.36	3.884E+1
212.74	-3.884E+1
213.11	1.286E+2
213.49	7.039E+1
213.87	7.767E+1
214.24	1.165E+2
214.62	4.854E+1
214.99	-3.641E+1
215.37	2.427E+0
215.74	3.884E+1
216.12	5.340E+1
216.49	-9.709E+1
216.87	2.427E+1
217.24	6.796E+1
217.62	9.709E+1
217.99	1.432E+2
218.37	7.282E+1
218.74	3.155E+1
219.11	-7.767E+1
219.49	5.340E+1
219.86	4.854E+0
220.24	1.044E+2
220.61	6.068E+1
220.99	3.398E+1
221.36	4.126E+1
221.74	5.583E+1
222.11	5.825E+1
222.49	2.670E+1
222.86	3.641E+1
223.23	1.335E+2
223.61	4.612E+1
223.98	6.796E+1
224.36	4.126E+1
224.73	2.427E+0
225.11	2.427E+1
225.48	3.398E+1
225.85	9.709E+1
226.23	4.612E+1
226.60	-9.223E+1
226.98	9.466E+1
227.35	-2.670E+1
227.72	-9.709E+0
228.10	-2.184E+1
228.47	5.097E+1
228.84	2.184E+1
229.22	-7.767E+1
229.59	-5.340E+1
229.97	2.913E+1
230.34	2.427E+1
230.71	1.262E+2
231.09	0.000E+0
231.46	-1.214E+1
231.83	-7.282E+1
232.21	4.612E+1
232.58	4.369E+1
232.95	0.000E+0
233.33	8.253E+1
233.70	7.282E+0
234.07	8.495E+1
234.45	1.214E+1
234.82	5.825E+1
235.19	6.068E+1
235.57	-4.369E+1
235.94	7.282E+1
236.31	2.427E+1
236.69	-4.854E+1
237.06	8.495E+1
237.43	5.097E+1
237.80	5.583E+1
238.18	3.641E+1
238.55	3.398E+1
238.92	-2.427E+1
239.30	2.913E+1
239.67	7.282E+0
240.04	1.456E+1
240.41	5.583E+1
240.79	5.097E+1
241.16	-1.456E+1
241.53	4.126E+1
241.90	5.097E+1
242.28	8.010E+1
242.65	1.238E+2
243.02	5.097E+1
243.39	3.398E+1
243.77	-8.981E+1
244.14	6.311E+1
244.51	2.184E+1
244.88	7.282E+1
245.25	9.952E+1
245.63	9.952E+1
246.00	-7.039E+1
246.37	-1.942E+1
246.74	4.612E+1
247.11	-2.427E+0
247.49	6.068E+1
247.86	2.427E+0
248.23	-9.709E+1
248.60	-7.282E+0
248.97	9.709E+0
249.35	9.709E+1
249.72	1.214E+2
250.09	0.000E+0
250.46	-7.039E+1
250.83	4.854E+0
251.20	2.427E+1
251.58	-8.981E+1
251.95	6.796E+1
252.32	2.184E+1
252.69	1.699E+1
253.06	1.578E+2
253.43	2.427E+0
253.80	2.427E+1
254.17	1.092E+2
254.55	1.189E+2
254.92	3.884E+1
255.29	5.340E+1
255.66	3.155E+1
256.03	-4.369E+1
256.40	5.097E+1
256.77	1.117E+2
257.14	5.583E+1
257.51	-4.854E+1
257.88	-3.155E+1
258.26	6.796E+1
258.63	1.238E+2
259.00	1.262E+2
259.37	4.854E+0
259.74	9.709E+0
260.11	1.456E+1
260.48	3.155E+1
260.85	9.709E+0
261.22	2.427E+0
261.59	-1.456E+1
261.96	-6.068E+1
262.33	6.796E+1
262.70	9.223E+1
263.07	4.369E+1
263.44	5.097E+1
263.81	3.398E+1
264.18	4.854E+0
264.55	4.126E+1
264.92	7.039E+1
265.29	3.155E+1
265.66	-2.184E+1
266.03	-6.068E+1
266.40	-8.495E+1
266.77	3.155E+1
267.14	4.612E+1
267.51	1.602E+2
267.88	4.612E+1
268.25	-4.854E+0
268.62	2.184E+1
268.99	1.942E+1
269.36	8.495E+1
269.73	4.126E+1
270.10	5.583E+1
270.47	6.068E+1
270.84	1.456E+2
271.21	3.155E+1
271.58	2.184E+1
271.95	-9.709E+0
272.32	3.884E+1
272.69	-1.942E+1
273.06	2.427E+0
273.43	3.155E+1
273.80	4.369E+1
274.17	-2.913E+1
274.53	-8.253E+1
274.90	1.214E+2
275.27	-6.311E+1
275.64	1.699E+1
276.01	0.000E+0
276.38	-8.495E+1
276.75	7.524E+1
277.12	3.641E+1
277.49	2.427E+0
277.86	-4.854E+1
278.22	4.612E+1
278.59	2.427E+1
278.96	7.039E+1
279.33	1.456E+1
279.70	4.369E+1
280.07	-9.709E+0
280.44	-2.184E+1
280.80	-7.282E+0
281.17	-3.641E+1
281.54	1.699E+1
281.91	-1.456E+1
282.28	6.554E+1
282.65	1.189E+2
283.02	4.854E+1
283.38	3.398E+1
283.75	7.282E+0
284.12	5.340E+1
284.49	-2.670E+1
284.86	-2.427E+1
285.22	4.126E+1
285.59	9.223E+1
285.96	6.554E+1
286.33	7.282E+1
286.70	3.641E+1
287.06	1.214E+1
287.43	6.068E+1
287.80	1.942E+1
288.17	-3.641E+1
288.53	4.126E+1
288.90	8.981E+1
289.27	4.126E+1
289.64	4.369E+1
290.01	-9.952E+1
290.37	-7.767E+1
290.74	-8.253E+1
291.11	-6.311E+1
291.48	-5.583E+1
291.84	-4.854E+0
292.21	-1.117E+2
292.58	-5.097E+1
292.94	1.141E+2
293.31	9.952E+1
293.68	1.384E+2
294.05	9.466E+1
294.41	6.068E+1
294.78	1.238E+2
295.15	1.019E+2
295.51	8.981E+1
295.88	6.068E+1
296.25	-3.884E+1
296.61	-2.427E+1
296.98	-2.427E+0
297.35	1.456E+1
297.72	-2.670E+1
298.08	9.709E+0
298.45	4.612E+1
298.82	-2.913E+1
299.18	2.184E+1
299.55	6.554E+1
299.91	-9.709E+0
300.28	-2.913E+1
300.65	9.709E+0
301.01	9.952E+1
301.38	2.184E+1
301.75	5.825E+1
302.11	1.553E+2
302.48	5.825E+1
302.85	-2.427E+1
303.21	-4.612E+1
303.58	1.942E+1
303.94	5.340E+1
304.31	-4.369E+1
304.68	2.184E+1
305.04	4.854E+0
305.41	6.311E+1
305.77	-3.641E+1
306.14	2.184E+1
306.51	2.670E+1
306.87	-2.427E+0
307.24	-3.155E+1
307.60	4.369E+1
307.97	2.913E+1
308.33	-1.214E+1
308.70	6.068E+1
309.07	5.097E+1
309.43	-2.427E+0
309.80	1.942E+1
310.16	6.068E+1
310.53	-1.699E+1
310.89	-1.456E+1
311.26	-3.641E+1
311.62	-9.709E+0
311.99	9.709E+0
312.35	2.670E+1
312.72	1.286E+2
313.08	-4.854E+1
313.45	5.825E+1
313.81	2.427E+1
314.18	9.466E+1
314.54	-9.952E+1
314.91	2.427E+1
315.27	6.311E+1
315.64	5.583E+1
316.00	-7.282E+0
316.37	4.854E+1
316.73	-3.641E+1
317.10	-8.010E+1
317.46	8.738E+1
317.83	4.126E+1
318.19	4.854E+1
318.56	4.854E+1
318.92	4.369E+1
319.28	-5.825E+1
319.65	2.184E+1
320.01	5.340E+1
320.38	-3.398E+1
320.74	2.184E+1
321.11	2.913E+1
321.47	1.214E+1
321.83	1.578E+2
322.20	5.583E+1
322.56	2.427E+0
322.93	0.000E+0
323.29	1.214E+1
323.66	1.942E+1
324.02	1.141E+2
324.38	-1.456E+1
324.75	4.854E+1
325.11	8.253E+1
325.47	-7.767E+1
325.84	-3.398E+1
326.20	5.583E+1
326.57	-5.825E+1
326.93	8.981E+1
327.29	6.796E+1
327.66	1.044E+2
328.02	5.825E+1
328.38	1.408E+2
328.75	7.767E+1
329.11	8.253E+1
329.47	7.524E+1
329.84	-2.427E+1
330.20	-2.184E+1
330.56	-2.427E+1
330.93	1.141E+2
331.29	-2.427E+1
331.65	1.092E+2
332.02	2.427E+0
332.38	7.524E+1
332.74	4.854E+1
333.10	2.184E+1
333.47	9.223E+1
333.83	-6.311E+1
334.19	8.981E+1
334.56	5.825E+1
334.92	8.010E+1
335.28	-4.126E+1
335.64	3.155E+1
336.01	-4.612E+1
336.37	-3.398E+1
336.73	-9.952E+1
337.09	4.854E+0
337.46	-2.670E+1
337.82	3.398E+1
338.18	-2.427E+0
338.54	-2.427E+0
338.91	-2.427E+0
339.27	-3.641E+1
339.63	3.155E+1
339.99	9.709E+0
340.36	-3.641E+1
340.72	8.495E+1
341.08	-2.427E+1
341.44	-3.641E+1
341.80	-5.340E+1
342.17	1.942E+1
342.53	-9.223E+1
342.89	3.641E+1
343.25	1.456E+1
343.61	4.612E+1
343.98	-4.854E+0
344.34	1.214E+1
344.70	9.709E+1
345.06	4.126E+1
345.42	1.699E+1
345.78	5.583E+1
346.14	1.238E+2
346.51	-9.709E+1
346.87	1.699E+1
347.23	7.767E+1
347.59	-2.913E+1
347.95	-2.670E+1
348.31	-7.767E+1
348.67	7.282E+1
349.04	1.456E+1
349.40	0.000E+0
349.76	7.282E+0
350.12	-4.854E+0
350.48	1.189E+2
350.84	-2.427E+0
351.20	4.854E+0
351.56	-3.155E+1
351.92	-2.427E+0
352.28	2.670E+1
352.65	5.097E+1
353.01	-2.670E+1
353.37	-7.282E+1
353.73	-2.670E+1
354.09	7.767E+1
354.45	1.189E+2
354.81	0.000E+0
355.17	7.039E+1
355.53	-3.884E+1
355.89	8.253E+1
356.25	6.796E+1
356.61	-4.854E+0
356.97	-7.039E+1
357.33	9.709E+0
357.69	3.155E+1
358.05	-6.796E+1
358.41	2.184E+1
358.77	2.913E+1
359.13	5.825E+1
359.49	4.369E+1
359.85	9.709E+0
360.21	-5.583E+1
360.57	5.340E+1
360.93	6.311E+1
361.29	4.126E+1
361.65	3.398E+1
362.01	3.641E+1
362.37	7.282E+0
362.73	2.184E+1
363.09	2.670E+1
363.45	8.010E+1
363.81	4.369E+1
364.17	3.641E+1
364.53	-8.253E+1
364.89	1.214E+1
365.25	8.738E+1
365.61	8.010E+1
365.97	-7.282E+0
366.33	-4.612E+1
366.69	-1.699E+1
367.05	6.796E+1
367.40	5.583E+1
367.76	2.913E+1
368.12	9.466E+1
368.48	9.709E+0
368.84	4.369E+1
369.20	-1.262E+2
369.56	1.165E+2
369.92	-2.670E+1
370.28	0.000E+0
370.63	-1.699E+1
370.99	7.282E+1
371.35	5.340E+1
371.71	3.641E+1
372.07	1.942E+1
372.43	6.068E+1
372.79	1.044E+2
373.15	2.184E+1
373.50	2.427E+0
373.86	5.340E+1
374.22	-1.092E+2
374.58	5.340E+1
374.94	1.092E+2
375.30	2.427E+1
375.65	7.039E+1
376.01	-2.427E+0
376.37	1.141E+2
376.73	-3.398E+1
377.09	-2.184E+1
377.44	-3.884E+1
377.80	1.699E+1
378.16	-2.913E+1
378.52	2.670E+1
378.88	-8.495E+1
379.23	2.427E+1
379.59	-4.854E+1
379.95	2.427E+1
380.31	-8.010E+1
380.66	3.398E+1
381.02	-8.495E+1
381.38	-2.427E+1
381.74	4.612E+1
382.09	1.165E+2
382.45	2.184E+1
382.81	-2.670E+1
383.17	2.427E+0
383.52	3.155E+1
383.88	3.398E+1
384.24	-8.495E+1
384.60	-8.010E+1
384.95	5.825E+1
385.31	1.214E+1
385.67	2.427E+0
386.02	4.126E+1
386.38	1.214E+1
386.74	9.709E+1
387.10	-2.427E+1
387.45	3.155E+1
387.81	2.427E+0
388.17	9.466E+1
388.52	3.398E+1
388.88	-7.282E+0
389.24	4.612E+1
389.59	7.282E+0
389.95	8.495E+1
390.31	1.214E+1
390.66	-9.709E+0
391.02	-1.214E+1
391.38	2.913E+1
391.73	7.524E+1
392.09	-9.223E+1
392.44	3.884E+1
392.80	-3.398E+1
393.16	4.369E+1
393.51	-5.825E+1
393.87	-3.641E+1
394.23	-2.427E+1
394.58	-3.155E+1
394.94	-2.427E+0
395.29	1.748E+2
395.65	-2.427E+0
396.01	3.155E+1
396.36	4.612E+1
396.72	1.214E+2
397.07	1.553E+2
397.43	3.155E+1
397.78	-8.253E+1
398.14	2.427E+1
398.50	4.126E+1
398.85	-3.398E+1
399.21	-1.699E+1
399.56	-4.612E+1
399.92	9.466E+1
400.27	-4.854E+1
400.63	-7.524E+1
400.98	-2.913E+1
401.34	5.825E+1
401.69	5.583E+1
402.05	1.942E+1
402.40	-7.524E+1
402.76	8.253E+1
403.11	-7.282E+1
403.47	9.709E+0
403.82	2.913E+1
404.18	5.583E+1
404.53	-2.184E+1
404.89	-3.641E+1
405.24	5.340E+1
405.60	-3.884E+1
405.95	2.427E+1
406.31	-2.427E+1
406.66	-1.165E+2
407.02	1.044E+2
407.37	2.913E+1
407.73	4.612E+1
408.08	3.641E+1
408.44	5.340E+1
408.79	2.670E+1
409.14	7.767E+1
409.50	8.253E+1
409.85	5.825E+1
410.21	-1.699E+1
410.56	6.068E+1
410.92	1.796E+2
411.27	1.214E+1
411.62	1.456E+1
411.98	1.699E+1
412.33	5.583E+1
412.69	7.524E+1
413.04	-2.670E+1
413.39	2.184E+1
413.75	9.466E+1
414.10	2.913E+1
414.45	2.913E+1
414.81	8.010E+1
415.16	-6.311E+1
415.52	-1.699E+1
415.87	-4.854E+0
416.22	1.019E+2
416.58	-4.854E+0
416.93	1.189E+2
417.28	-2.913E+1
417.64	4.612E+1
417.99	-2.427E+0
418.34	-1.214E+1
418.70	4.854E+0
419.05	4.854E+1
419.40	-1.699E+1
419.76	-4.126E+1
420.11	1.456E+1
420.46	-2.184E+1
420.81	-4.854E+1
421.17	4.854E+1
421.52	-6.311E+1
421.87	3.641E+1
422.23	2.427E+0
422.58	9.223E+1
422.93	2.427E+1
423.28	-3.641E+1
423.64	-5.583E+1
423.99	-2.913E+1
424.34	2.184E+1
424.69	-2.670E+1
425.05	1.408E+2
425.40	-3.155E+1
425.75	5.340E+1
426.10	5.097E+1
426.46	4.612E+1
426.81	2.670E+1
427.16	9.709E+0
427.51	7.524E+1
427.87	7.282E+1
428.22	3.398E+1
428.57	4.126E+1
428.92	-1.456E+1
429.27	7.282E+0
429.63	-7.282E+0
429.98	-6.068E+1
430.33	-3.884E+1
430.68	8.981E+1
431.03	8.738E+1
431.38	-8.010E+1
431.74	-4.369E+1
432.09	-1.456E+1
432.44	-1.942E+1
432.79	4.854E+0
433.14	1.214E+2
433.49	4.612E+1
433.85	4.612E+1
434.20	-9.709E+0
434.55	2.427E+0
434.90	-3.155E+1
435.25	-1.456E+1
435.60	-2.670E+1
435.95	2.427E+1
436.30	5.340E+1
436.66	-1.942E+1
437.01	3.155E+1
437.36	-5.340E+1
437.71	-4.126E+1
438.06	8.010E+1
438.41	2.427E+1
438.76	7.282E+0
439.11	2.184E+1
439.46	5.583E+1
439.81	9.223E+1
440.16	3.641E+1
440.52	5.825E+1
440.87	-3.884E+1
441.22	-1.214E+1
441.57	2.184E+1
441.92	4.854E+0
442.27	2.913E+1
442.62	-4.854E+0
442.97	2.427E+1
443.32	9.709E+0
443.67	1.432E+2
444.02	-9.709E+0
444.37	9.466E+1
444.72	4.126E+1
445.07	8.738E+1
445.42	5.097E+1
445.77	1.456E+1
446.12	3.884E+1
446.47	2.427E+1
446.82	-1.942E+1
447.17	7.282E+0
447.52	-1.189E+2
447.87	-5.825E+1
448.22	8.495E+1
448.57	1.311E+2
448.92	7.767E+1
449.27	3.155E+1
449.62	8.253E+1
449.97	2.427E+0
450.32	-2.670E+1
450.66	5.825E+1
451.01	-3.884E+1
451.36	-1.286E+2
451.71	-3.398E+1
452.06	-2.184E+1
452.41	2.427E+1
452.76	-1.359E+2
453.11	8.253E+1
453.46	2.427E+0
453.81	8.738E+1
454.16	5.097E+1
454.51	-7.282E+1
454.85	-2.427E+0
455.20	4.612E+1
455.55	-4.854E+1
455.90	5.340E+1
456.25	5.097E+1
456.60	1.942E+1
456.95	4.369E+1
457.30	0.000E+0
457.64	9.952E+1
457.99	-1.408E+2
458.34	4.369E+1
458.69	1.335E+2
459.04	-2.427E+1
459.39	-4.854E+0
459.73	3.155E+1
460.08	6.068E+1
460.43	4.369E+1
460.78	1.214E+1
461.13	4.612E+1
461.48	6.796E+1
461.82	1.044E+2
462.17	-2.670E+1
462.52	1.214E+1
462.87	9.709E+0
463.21	1.456E+1
463.56	-2.184E+1
463.91	1.942E+1
464.26	-5.825E+1
464.61	4.854E+1
464.95	-4.126E+1
465.30	3.641E+1
465.65	4.854E+1
466.00	1.456E+1
466.34	9.709E+0
466.69	0.000E+0
467.04	-8.738E+1
467.39	2.913E+1
467.73	-8.010E+1
468.08	3.884E+1
468.43	6.311E+1
468.77	7.282E+1
469.12	6.311E+1
469.47	4.854E+1
469.82	4.854E+1
470.16	-6.068E+1
470.51	-8.495E+1
470.86	5.583E+1
471.20	-1.456E+1
471.55	9.709E+0
471.90	2.427E+1
472.24	3.155E+1
472.59	-7.282E+0
472.94	-3.155E+1
473.28	4.854E+1
473.63	7.524E+1
473.98	4.126E+1
474.32	1.553E+2
474.67	-1.456E+1
475.02	-3.884E+1
475.36	-1.699E+1
475.71	1.942E+1
476.06	-1.456E+1
476.40	8.010E+1
476.75	-7.282E+1
477.09	9.223E+1
477.44	2.427E+1
477.79	8.495E+1
478.13	-7.039E+1
478.48	-8.495E+1
478.82	2.427E+0
479.17	-2.670E+1
479.52	-3.641E+1
479.86	-6.068E+1
480.21	1.214E+1
480.55	1.214E+1
480.90	2.184E+1
481.24	7.282E+1
481.59	-7.767E+1
481.94	7.767E+1
482.28	1.384E+2
482.63	-1.626E+2
482.97	-2.670E+1
483.32	-4.369E+1
483.66	-8.253E+1
484.01	5.340E+1
484.35	-8.253E+1
484.70	-5.825E+1
485.04	-5.583E+1
485.39	-2.670E+1
485.73	2.184E+1
486.08	2.184E+1
486.42	1.068E+2
486.77	3.884E+1
487.11	-2.427E+1
487.46	3.398E+1
487.80	3.398E+1
488.15	8.253E+1
488.49	-7.282E+1
488.84	-4.126E+1
489.18	-6.068E+1
489.53	4.126E+1
489.87	5.583E+1
490.21	-7.039E+1
490.56	3.155E+1
490.90	-2.427E+0
491.25	1.699E+1
491.59	1.214E+1
491.94	4.854E+1
492.28	8.253E+1
492.62	8.010E+1
492.97	-2.427E+0
493.31	-3.641E+1
493.66	1.942E+1
494.00	-3.155E+1
494.34	-2.427E+0
494.69	3.155E+1
495.03	-4.854E+0
495.38	4.369E+1
495.72	-1.942E+1
496.06	-5.825E+1
496.41	7.282E+0
496.75	7.524E+1
497.09	-2.184E+1
497.44	-2.913E+1
497.78	2.427E+1
498.13	-1.456E+1
498.47	-1.942E+1
498.81	-1.019E+2
499.16	-3.398E+1
499.50	1.699E+1
499.84	-2.670E+1
500.19	-1.942E+1
500.53	4.612E+1
500.87	7.282E+0
501.21	2.427E+0
501.56	4.854E+0
501.90	2.913E+1
502.24	2.184E+1
502.59	-8.981E+1
502.93	2.184E+1
503.27	1.214E+1
503.61	5.340E+1
503.96	-7.282E+0
504.30	-1.214E+1
504.64	3.641E+1
504.99	6.554E+1
505.33	-2.184E+1
505.67	4.612E+1
506.01	-1.942E+1
506.36	4.854E+1
506.70	3.884E+1
507.04	2.670E+1
507.38	-5.583E+1
507.72	-4.854E+0
508.07	3.884E+1
508.41	-4.854E+0
508.75	-3.641E+1
509.09	-8.981E+1
509.44	5.097E+1
509.78	1.942E+1
510.12	1.044E+2
510.46	6.554E+1
510.80	1.068E+2
511.14	-8.981E+1
511.49	-8.738E+1
511.83	3.398E+1
512.17	-2.427E+0
512.51	4.854E+0
512.85	1.456E+1
513.19	9.223E+1
513.54	-2.427E+0
513.88	7.524E+1
514.22	-1.214E+1
514.56	8.495E+1
514.90	-6.554E+1
515.24	6.311E+1
515.58	4.612E+1
515.93	-8.981E+1
516.27	-2.670E+1
516.61	7.282E+0
516.95	-2.427E+0
517.29	9.952E+1
517.63	4.854E+1
517.97	2.913E+1
518.31	9.709E+0
518.65	7.767E+1
518.99	7.524E+1
519.33	-1.456E+1
519.67	2.427E+1
520.02	-7.282E+1
520.36	6.796E+1
520.70	-1.214E+1
521.04	2.184E+1
521.38	3.641E+1
521.72	-5.097E+1
522.06	-4.854E+0
522.40	8.738E+1
522.74	7.524E+1
523.08	3.884E+1
523.42	-6.311E+1
523.76	-2.670E+1
524.10	-8.253E+1
524.44	9.709E+0
524.78	8.253E+1
525.12	2.670E+1
525.46	3.155E+1
525.80	4.126E+1
526.14	9.709E+0
526.48	-7.282E+0
526.82	5.340E+1
527.16	-1.456E+1
527.50	8.010E+1
527.84	-2.427E+1
528.18	6.554E+1
528.52	-5.097E+1
528.86	-5.583E+1
529.20	4.854E+1
529.54	3.155E+1
529.87	2.184E+1
530.21	7.767E+1
530.55	7.282E+1
530.89	8.253E+1
531.23	1.019E+2
531.57	4.369E+1
531.91	-2.427E+1
532.25	2.184E+1
532.59	3.641E+1
532.93	4.126E+1
533.27	5.097E+1
533.60	-2.427E+0
533.94	-2.427E+1
534.28	1.141E+2
534.62	-4.854E+0
534.96	2.427E+1
535.30	-1.942E+1
535.64	1.044E+2
535.98	9.709E+0
536.31	6.068E+1
536.65	-2.427E+0
536.99	-5.825E+1
537.33	5.825E+1
537.67	1.068E+2
538.01	-7.282E+0
538.34	9.952E+1
538.68	1.456E+1
539.02	4.854E+1
539.36	7.767E+1
539.70	7.282E+0
540.03	3.641E+1
540.37	7.282E+0
540.71	1.942E+1
541.05	3.398E+1
541.39	7.039E+1
541.72	0.000E+0
542.06	6.554E+1
542.40	0.000E+0
542.74	7.039E+1
543.07	3.641E+1
543.41	4.854E+0
543.75	6.554E+1
544.09	2.427E+1
544.42	8.738E+1
544.76	-2.670E+1
545.10	1.044E+2
545.44	5.583E+1
545.77	1.092E+2
546.11	3.398E+1
546.45	1.675E+2
546.78	8.495E+1
547.12	8.981E+1
547.46	1.699E+1
547.80	2.184E+1
548.13	7.282E+0
548.47	-8.010E+1
548.81	-2.913E+1
549.14	-5.825E+1
549.48	5.583E+1
549.82	7.039E+1
550.15	-2.184E+1
550.49	9.709E+0
550.83	4.369E+1
551.16	1.214E+2
551.50	5.583E+1
551.84	7.282E+1
552.17	1.942E+1
552.51	5.583E+1
552.84	1.432E+2
553.18	1.748E+2
553.52	4.126E+1
553.85	1.553E+2
554.19	6.796E+1
554.53	6.554E+1
554.86	2.427E+1
555.20	5.825E+1
555.53	-5.340E+1
555.87	-4.854E+0
556.20	7.282E+0
556.54	5.097E+1
556.88	2.427E+1
557.21	-2.184E+1
557.55	3.155E+1
557.88	2.670E+1
558.22	2.670E+1
558.55	3.155E+1
558.89	1.699E+1
559.23	6.796E+1
559.56	8.253E+1
559.90	8.738E+1
560.23	3.155E+1
560.57	4.854E+1
560.90	7.767E+1
561.24	5.097E+1
561.57	3.884E+1
561.91	5.340E+1
562.24	4.854E+0
562.58	1.165E+2
562.91	1.092E+2
563.25	4.854E+1
563.58	4.126E+1
563.92	5.583E+1
564.25	5.825E+1
564.59	4.854E+1
564.92	4.369E+1
565.25	1.699E+1
565.59	-3.398E+1
565.92	1.456E+1
566.26	-1.942E+1
566.59	7.524E+1
566.93	7.039E+1
567.26	1.699E+1
567.60	1.481E+2
567.93	1.456E+1
568.26	6.796E+1
568.60	8.253E+1
568.93	3.884E+1
569.27	-3.398E+1
569.60	7.039E+1
569.93	-1.942E+1
570.27	-2.427E+0
570.60	1.019E+2
570.94	1.189E+2
571.27	1.942E+1
571.60	3.884E+1
571.94	-7.282E+0
572.27	-3.155E+1
572.60	-4.126E+1
572.94	1.456E+1
573.27	4.854E+1
573.60	1.626E+2
573.94	4.612E+1
574.27	7.039E+1
574.60	1.432E+2
574.94	6.796E+1
575.27	6.554E+1
575.60	1.578E+2
575.94	8.010E+1
576.27	8.253E+1
576.60	1.456E+1
576.94	2.184E+1
577.27	1.165E+2
577.60	1.335E+2
577.94	6.554E+1
578.27	1.238E+2
578.60	1.578E+2
578.93	2.427E+1
579.27	-3.884E+1
579.60	5.097E+1
579.93	1.189E+2
580.26	1.214E+1
580.60	4.612E+1
580.93	7.767E+1
581.26	1.820E+2
581.59	1.481E+2
581.93	5.340E+1
582.26	6.068E+1
582.59	4.854E+1
582.92	1.359E+2
583.25	1.529E+2
583.59	8.010E+1
583.92	6.554E+1
584.25	8.738E+1
584.58	2.087E+2
584.91	1.286E+2
585.25	1.553E+2
585.58	1.286E+2
585.91	4.369E+1
586.24	1.335E+2
586.57	1.723E+2
586.90	1.651E+2
587.24	2.257E+2
587.57	1.869E+2
587.90	1.553E+2
588.23	1.092E+2
588.56	1.748E+2
588.89	1.748E+2
589.22	1.796E+2
589.56	1.311E+2
589.89	2.306E+2
590.22	1.311E+2
590.55	3.107E+2
590.88	2.403E+2
591.21	2.354E+2
591.54	2.112E+2
591.87	1.869E+2
592.20	2.233E+2
592.53	1.165E+2
592.87	2.451E+2
593.20	2.888E+2
593.53	3.228E+2
593.86	3.204E+2
594.19	2.670E+2
594.52	2.233E+2
594.85	3.350E+2
595.18	3.398E+2
595.51	2.864E+2
595.84	2.791E+2
596.17	4.466E+2
596.50	3.714E+2
596.83	3.252E+2
597.16	3.908E+2
597.49	4.952E+2
597.82	4.418E+2
598.15	4.612E+2
598.48	4.733E+2
598.81	4.296E+2
599.14	4.612E+2
599.47	4.733E+2
599.80	4.976E+2
600.13	5.583E+2
600.46	5.364E+2
600.79	4.733E+2
601.12	4.733E+2
601.45	6.918E+2
601.78	6.189E+2
602.11	6.262E+2
602.44	7.621E+2
602.77	6.553E+2
603.10	8.277E+2
603.42	6.214E+2
603.75	7.500E+2
604.08	8.714E+2
604.41	8.471E+2
604.74	8.228E+2
605.07	8.155E+2
605.40	9.248E+2
605.73	9.830E+2
606.06	1.022E+3
606.39	1.068E+3
606.71	1.044E+3
607.04	1.000E+3
607.37	1.117E+3
607.70	1.170E+3
608.03	1.209E+3
608.36	1.269E+3
608.69	1.384E+3
609.02	1.388E+3
609.34	1.502E+3
609.67	1.410E+3
610.00	1.566E+3
610.33	1.449E+3
610.66	1.519E+3
610.98	1.551E+3
611.31	1.728E+3
611.64	1.774E+3
611.97	1.762E+3
612.30	1.813E+3
612.63	1.801E+3
612.95	2.049E+3
613.28	2.080E+3
613.61	2.143E+3
613.94	2.255E+3
614.26	2.352E+3
614.59	2.320E+3
614.92	2.320E+3
615.25	2.481E+3
615.57	2.643E+3
615.90	2.680E+3
616.23	2.820E+3
616.56	2.825E+3
616.88	2.925E+3
617.21	3.148E+3
617.54	3.257E+3
617.87	3.289E+3
618.19	3.277E+3
618.52	3.512E+3
618.85	3.643E+3
619.17	3.779E+3
619.50	3.973E+3
619.83	3.988E+3
620.15	4.102E+3
620.48	4.257E+3
620.81	4.435E+3
621.14	4.376E+3
621.46	4.621E+3
621.79	4.784E+3
622.11	4.813E+3
622.44	5.027E+3
622.77	5.197E+3
623.09	5.398E+3
623.42	5.573E+3
623.75	5.711E+3
624.07	5.852E+3
624.40	6.231E+3
624.73	6.345E+3
625.05	6.495E+3
625.38	6.590E+3
625.70	6.944E+3
626.03	7.044E+3
626.36	7.386E+3
626.68	7.510E+3
627.01	7.806E+3
627.33	8.129E+3
627.66	8.308E+3
627.99	8.636E+3
628.31	8.813E+3
628.64	8.947E+3
628.96	9.170E+3
629.29	9.748E+3
629.61	1.013E+4
629.94	1.031E+4
630.26	1.064E+4
630.59	1.109E+4
630.91	1.104E+4
631.24	1.179E+4
631.57	1.221E+4
631.89	1.281E+4
632.22	1.330E+4
632.54	1.376E+4
632.87	1.409E+4
633.19	1.438E+4
633.52	1.502E+4
633.84	1.533E+4
634.16	1.621E+4
634.49	1.631E+4
634.81	1.650E+4
635.14	1.726E+4
635.46	1.799E+4
635.79	1.841E+4
636.11	1.903E+4
636.44	1.956E+4
636.76	2.008E+4
637.09	2.089E+4
637.41	2.171E+4
637.73	2.204E+4
638.06	2.290E+4
638.38	2.384E+4
638.71	2.473E+4
639.03	2.493E+4
639.36	2.577E+4
639.68	2.636E+4
640.00	2.755E+4
640.33	2.851E+4
640.65	2.852E+4
640.97	2.980E+4
641.30	3.070E+4
641.62	3.129E+4
641.95	3.277E+4
642.27	3.335E+4
642.59	3.377E+4
642.92	3.472E+4
643.24	3.548E+4
643.56	3.709E+4
643.89	3.753E+4
644.21	3.861E+4
644.53	3.938E+4
644.86	3.984E+4
645.18	4.104E+4
645.50	4.200E+4
645.83	4.325E+4
646.15	4.399E+4
646.47	4.487E+4
646.80	4.586E+4
647.12	4.672E+4
647.44	4.753E+4
647.76	4.856E+4
648.09	4.916E+4
648.41	4.999E+4
648.73	5.054E+4
649.05	5.165E+4
649.38	5.173E+4
649.70	5.249E+4
650.02	5.253E+4
650.34	5.341E+4
650.67	5.378E+4
650.99	5.476E+4
651.31	5.456E+4
651.63	5.550E+4
651.96	5.544E+4
652.28	5.567E+4
652.60	5.585E+4
652.92	5.596E+4
653.24	5.605E+4
653.57	5.633E+4
653.89	5.647E+4
654.21	5.641E+4
654.53	5.568E+4
654.85	5.661E+4
655.18	5.611E+4
655.50	5.576E+4
655.82	5.537E+4
656.14	5.476E+4
656.46	5.433E+4
656.78	5.395E+4
657.10	5.359E+4
657.43	5.308E+4
657.75	5.226E+4
658.07	5.130E+4
658.39	5.055E+4
658.71	4.944E+4
659.03	4.851E+4
659.35	4.746E+4
659.67	4.608E+4
659.99	4.528E+4
660.32	4.397E+4
660.64	4.289E+4
660.96	4.121E+4
661.28	3.985E+4
661.60	3.871E+4
661.92	3.731E+4
662.24	3.593E+4
662.56	3.426E+4
662.88	3.337E+4
663.20	3.207E+4
663.52	3.087E+4
663.84	2.964E+4
664.16	2.858E+4
664.48	2.722E+4
664.80	2.600E+4
665.12	2.511E+4
665.44	2.375E+4
665.76	2.295E+4
666.08	2.152E+4
666.40	2.074E+4
666.72	1.956E+4
667.04	1.890E+4
667.36	1.813E+4
667.68	1.762E+4
668.00	1.658E+4
668.32	1.607E+4
668.64	1.508E+4
668.96	1.437E+4
669.28	1.370E+4
669.60	1.333E+4
669.92	1.273E+4
670.24	1.209E+4
670.56	1.155E+4
670.88	1.113E+4
671.20	1.061E+4
671.52	1.015E+4
671.84	9.486E+3
672.16	9.296E+3
672.47	8.794E+3
672.79	8.141E+3
673.11	7.925E+3
673.43	7.432E+3
673.75	7.197E+3
674.07	6.884E+3
674.39	6.396E+3
674.71	6.359E+3
675.03	5.852E+3
675.34	5.731E+3
675.66	5.136E+3
675.98	5.240E+3
676.30	4.903E+3
676.62	4.731E+3
676.94	4.367E+3
677.25	4.117E+3
677.57	3.973E+3
677.89	3.937E+3
678.21	3.668E+3
678.53	3.549E+3
678.85	3.316E+3
679.16	3.124E+3
679.48	3.085E+3
679.80	2.820E+3
680.12	2.721E+3
680.44	2.638E+3
680.75	2.488E+3
681.07	2.318E+3
681.39	2.221E+3
681.71	2.046E+3
682.02	2.002E+3
682.34	1.874E+3
682.66	1.825E+3
682.98	1.505E+3
683.29	1.483E+3
683.61	1.512E+3
683.93	1.413E+3
684.25	1.466E+3
684.56	1.243E+3
684.88	1.226E+3
685.20	1.138E+3
685.51	1.085E+3
685.83	1.029E+3
686.15	8.592E+2
686.47	9.345E+2
686.78	9.612E+2
687.10	8.447E+2
687.42	8.058E+2
687.73	8.131E+2
688.05	6.845E+2
688.37	7.719E+2
688.68	8.592E+2
689.00	6.942E+2
689.32	6.432E+2
689.63	5.898E+2
689.95	5.753E+2
690.26	4.782E+2
690.58	4.345E+2
690.90	3.932E+2
691.21	4.248E+2
691.53	3.956E+2
691.85	4.782E+2
692.16	4.782E+2
692.48	4.248E+2
692.79	3.325E+2
693.11	3.422E+2
693.42	3.786E+2
693.74	2.816E+2
694.06	2.864E+2
694.37	3.034E+2
694.69	2.694E+2
695.00	3.155E+2
695.32	3.252E+2
695.63	2.160E+2
695.95	2.524E+2
696.26	1.966E+2
696.58	2.646E+2
696.90	1.820E+2
697.21	1.796E+2
697.53	8.738E+1
697.84	1.675E+2
698.16	1.651E+2
698.47	1.748E+2
698.79	2.160E+2
699.10	1.117E+2
699.42	1.796E+2
699.73	1.505E+2
700.05	1.796E+2
700.36	8.981E+1
700.68	1.578E+2
700.99	4.612E+1
701.30	1.723E+2
701.62	2.112E+2
701.93	1.456E+2
702.25	1.286E+2
702.56	1.602E+2
702.88	7.282E+1
703.19	3.155E+1
703.50	-9.709E+0
703.82	6.554E+1
704.13	1.092E+2
704.45	8.981E+1
704.76	1.165E+2
705.08	1.408E+2
705.39	0.000E+0
705.70	1.505E+2
706.02	1.214E+2
706.33	5.340E+1
706.64	1.869E+2
706.96	5.825E+1
707.27	8.981E+1
707.59	1.578E+2
707.90	-6.068E+1
708.21	9.709E+1
708.53	-3.884E+1
708.84	9.952E+1
709.15	-4.854E+0
709.47	1.384E+2
709.78	-5.340E+1
710.09	1.456E+1
710.41	-7.282E+1
710.72	3.641E+1
711.03	0.000E+0
711.34	1.214E+1
711.66	9.952E+1
711.97	7.524E+1
712.28	-2.670E+1
712.60	6.311E+1
712.91	1.068E+2
713.22	1.311E+2
713.53	1.189E+2
713.85	4.369E+1
714.16	6.068E+1
714.47	5.825E+1
714.78	3.155E+1
715.10	3.641E+1
715.41	8.495E+1
715.72	1.456E+1
716.03	2.427E+1
716.35	-6.068E+1
716.66	-7.039E+1
716.97	7.767E+1
717.28	-2.427E+0
717.59	8.010E+1
717.91	5.340E+1
718.22	6.554E+1
718.53	8.253E+1
718.84	7.524E+1
719.15	0.000E+0
719.46	6.554E+1
719.78	-6.554E+1
720.09	8.981E+1
720.40	-2.427E+0
720.71	1.456E+1
721.02	-7.282E+0
721.33	5.097E+1
721.65	1.141E+2
721.96	-3.398E+1
722.27	-5.097E+1
722.58	6.554E+1
722.89	8.495E+1
723.20	-3.884E+1
723.51	3.155E+1
723.82	1.456E+1
724.13	1.456E+1
724.45	3.398E+1
724.76	8.253E+1
725.07	7.767E+1
725.38	-2.184E+1
725.69	3.641E+1
726.00	5.583E+1
726.31	9.952E+1
726.62	6.796E+1
726.93	-2.670E+1
727.24	-3.398E+1
727.55	-3.641E+1
727.86	2.913E+1
728.17	3.398E+1
728.48	-3.155E+1
728.79	2.670E+1
729.10	3.398E+1
729.41	8.738E+1
729.72	6.068E+1
730.03	-2.427E+0
730.34	1.942E+1
730.65	5.097E+1
730.96	-4.854E+0
731.27	1.918E+2
731.58	-4.854E+1
731.89	-1.456E+1
732.20	3.155E+1
732.51	-4.612E+1
732.82	-2.184E+1
733.13	-1.456E+1
733.44	1.214E+1
733.75	0.000E+0
734.06	-7.282E+0
734.37	-4.126E+1
734.68	7.039E+1
734.98	-2.913E+1
735.29	-5.340E+1
735.60	-2.184E+1
735.91	-9.709E+0
736.22	-4.126E+1
736.53	-5.340E+1
736.84	1.214E+1
737.15	3.884E+1
737.46	4.854E+1
737.77	8.495E+1
738.07	-7.282E+0
738.38	9.952E+1
738.69	1.942E+1
739.00	-4.854E+0
739.31	1.214E+1
739.62	3.641E+1
739.92	3.641E+1
740.23	6.311E+1
740.54	2.427E+0
740.85	-3.155E+1
741.16	0.000E+0
741.47	-1.214E+1
741.77	-7.039E+1
742.08	-4.612E+1
742.39	-5.340E+1
742.70	-3.884E+1
743.01	6.068E+1
743.31	-3.641E+1
743.62	2.184E+1
743.93	-5.583E+1
744.24	-5.340E+1
744.54	-2.913E+1
744.85	-2.427E+0
745.16	-4.612E+1
745.47	7.282E+0
745.77	7.524E+1
746.08	1.942E+1
746.39	-5.097E+1
746.70	-7.282E+0
747.00	5.097E+1
747.31	4.369E+1
747.62	-1.456E+1
747.92	3.398E+1
748.23	6.796E+1
748.54	4.854E+0
748.84	-2.427E+0
749.15	4.126E+1
749.46	-9.466E+1
749.76	1.019E+2
750.07	7.524E+1
750.38	9.466E+1
750.68	3.398E+1
750.99	3.641E+1
751.30	-3.155E+1
751.60	9.709E+0
751.91	8.495E+1
752.22	-3.641E+1
752.52	2.427E+1
752.83	9.952E+1
753.14	-1.456E+1
753.44	4.854E+1
753.75	2.184E+1
754.05	-2.670E+1
754.36	-7.524E+1
754.67	-4.126E+1
754.97	-3.398E+1
755.28	-2.913E+1
755.58	3.155E+1
755.89	4.612E+1
756.19	2.184E+1
756.50	-2.184E+1
756.81	3.884E+1
757.11	3.884E+1
757.42	0.000E+0
757.72	-4.854E+1
758.03	1.942E+1
758.33	-6.311E+1
758.64	0.000E+0
758.94	1.942E+1
759.25	-2.427E+1
759.55	1.117E+2
759.86	-1.699E+1
760.16	-1.456E+1
760.47	-2.427E+1
760.77	-1.699E+1
761.08	-6.068E+1
761.38	4.369E+1
761.69	-6.554E+1
761.99	1.214E+1
762.30	8.253E+1
762.60	-2.427E+0
762.91	-4.612E+1
763.21	0.000E+0
763.51	6.068E+1
763.82	5.583E+1
764.12	-3.155E+1
764.43	-2.913E+1
764.73	0.000E+0
765.04	3.398E+1
765.34	-9.709E+0
765.64	-9.709E+0
765.95	3.884E+1
766.25	1.456E+1
766.56	1.699E+1
766.86	-4.854E+1
767.16	-6.796E+1
767.47	2.913E+1
767.77	-1.044E+2
768.07	3.884E+1
768.38	0.000E+0
768.68	2.913E+1
768.98	6.796E+1
769.29	7.282E+1
769.59	-4.369E+1
769.89	-3.398E+1
770.20	-1.456E+1
770.50	2.913E+1
770.80	-7.524E+1
771.11	1.699E+1
771.41	-3.641E+1
771.71	-4.612E+1
772.02	3.884E+1
772.32	3.884E+1
772.62	2.427E+1
772.93	-3.398E+1
773.23	-1.699E+1
773.53	2.913E+1
773.83	-1.456E+1
774.14	-7.039E+1
774.44	-1.699E+1
774.74	3.884E+1
775.04	-1.942E+1
775.35	6.554E+1
775.65	-9.709E+0
775.95	-1.456E+1
776.25	2.427E+1
776.55	6.311E+1
776.86	-9.709E+0
777.16	-2.427E+1
777.46	-4.612E+1
777.76	4.126E+1
778.06	-1.214E+1
778.37	3.398E+1
778.67	6.068E+1
778.97	-7.282E+0
779.27	7.282E+0
779.57	-3.398E+1
779.88	9.952E+1
780.18	-6.311E+1
780.48	1.942E+1
780.78	-9.709E+1
781.08	1.214E+1
781.38	1.456E+1
781.68	-3.155E+1
781.98	-1.942E+1
782.29	-9.709E+0
782.59	-1.117E+2
782.89	1.214E+1
783.19	1.456E+1
783.49	8.253E+1
783.79	-1.942E+1
784.09	3.155E+1
784.39	-7.282E+0
784.69	-7.282E+0
784.99	-3.641E+1
785.30	-2.427E+1
785.60	1.165E+2
785.90	-2.184E+1
786.20	4.126E+1
786.50	1.165E+2
786.80	2.427E+0
787.10	5.340E+1
787.40	7.282E+0
787.70	2.670E+1
788.00	-5.340E+1
788.30	3.155E+1
788.60	1.699E+1
788.90	4.369E+1
789.20	-3.641E+1
789.50	7.282E+0
789.80	6.311E+1
790.10	6.796E+1
790.40	-1.699E+1
790.70	6.554E+1
791.00	1.699E+1
791.30	-2.670E+1
791.60	8.738E+1
791.90	6.068E+1
792.20	-2.184E+1
792.50	8.253E+1
792.79	-6.554E+1
793.09	1.942E+1
793.39	-9.709E+0
793.69	1.529E+2
793.99	1.044E+2
794.29	6.796E+1
794.59	-3.884E+1
794.89	0.000E+0
795.19	3.398E+1
795.49	-3.884E+1
795.79	-3.398E+1
796.08	8.253E+1
796.38	4.854E+1
796.68	6.068E+1
796.98	7.767E+1
797.28	4.612E+1
797.58	-6.068E+1
797.88	-6.796E+1
798.17	4.612E+1
798.47	-3.884E+1
798.77	-1.942E+1
799.07	1.019E+2
799.37	3.884E+1
799.67	5.097E+1
799.96	2.427E+1
800.26	0.000E+0
800.56	-7.282E+0
800.86	1.165E+2
801.16	-1.214E+1
801.45	4.126E+1
801.75	2.427E+1
802.05	0.000E+0
802.35	4.854E+0
802.64	-1.942E+1
802.94	4.854E+1
803.24	1.214E+1
803.54	-1.456E+1
803.83	-3.641E+1
804.13	-4.369E+1
804.43	-9.709E+0
804.73	-2.427E+1
805.02	-4.612E+1
805.32	9.709E+0
805.62	2.184E+1
805.91	-9.709E+0
806.21	-1.214E+1
806.51	1.651E+2
806.81	0.000E+0
807.10	3.398E+1
807.40	-4.854E+0
807.70	-4.612E+1
807.99	8.738E+1
808.29	6.311E+1
808.59	-2.184E+1
808.88	-1.214E+1
809.18	7.282E+1
809.47	-3.884E+1
809.77	1.699E+1
810.07	7.282E+1
810.36	8.495E+1
810.66	-2.427E+0
810.96	2.427E+1
811.25	-7.524E+1
811.55	7.282E+0
811.84	5.825E+1
812.14	-9.466E+1
812.44	3.641E+1
812.73	-4.612E+1
813.03	-8.981E+1
813.32	9.709E+0
813.62	-2.184E+1
813.91	1.214E+2
814.21	-4.126E+1
814.51	7.282E+1
814.80	-1.068E+2
815.10	9.709E+0
815.39	-9.952E+1
815.69	-1.942E+1
815.98	4.126E+1
816.28	-4.854E+1
816.57	-1.942E+1
816.87	1.214E+1
817.16	-5.825E+1
817.46	-9.709E+1
817.75	-4.854E+0
818.05	1.942E+1
818.34	-1.456E+1
818.64	-9.709E+1
818.93	-6.311E+1
819.23	-3.641E+1
819.52	7.282E+1
819.82	-3.155E+1
820.11	3.398E+1
820.40	2.184E+1
820.70	-2.427E+0
820.99	-2.184E+1
821.29	1.456E+1
821.58	-3.641E+1
821.88	-8.010E+1
822.17	-2.913E+1
822.46	6.554E+1
822.76	7.282E+0
823.05	-8.738E+1
823.35	-4.854E+1
823.64	4.854E+1
823.93	8.738E+1
824.23	-1.214E+1
824.52	7.767E+1
824.81	-2.427E+1
825.11	-5.340E+1
825.40	-8.253E+1
825.69	-2.670E+1
825.99	6.311E+1
826.28	-1.286E+2
826.58	7.282E+0
826.87	7.282E+0
827.16	9.709E+0
827.45	-1.699E+1
827.75	-1.699E+1
828.04	-1.942E+1
828.33	-1.214E+2
828.63	-2.427E+1
828.92	-8.738E+1
829.21	-2.427E+1
829.51	0.000E+0
829.80	2.670E+1
830.09	-4.126E+1
830.38	1.942E+1
830.68	6.554E+1
830.97	3.884E+1
831.26	1.456E+1
831.55	-7.524E+1
831.85	-6.311E+1
832.14	-8.010E+1
832.43	0.000E+0
832.72	-2.427E+0
833.01	6.796E+1
833.31	-9.466E+1
833.60	7.524E+1
833.89	-1.942E+1
834.18	-3.884E+1
834.47	1.942E+1
834.77	-1.699E+1
835.06	2.670E+1
835.35	9.709E+1
835.64	5.825E+1
835.93	7.282E+1
836.22	4.126E+1
836.52	-3.155E+1
836.81	0.000E+0
837.10	-1.456E+1
837.39	7.282E+0
837.68	3.398E+1
837.97	9.223E+1
838.26	6.311E+1
838.55	1.699E+1
838.85	5.097E+1
839.14	6.554E+1
839.43	5.097E+1
839.72	7.039E+1
840.01	-4.369E+1
840.30	-8.738E+1
840.59	7.282E+0
840.88	1.214E+1
841.17	-6.068E+1
841.46	9.952E+1
841.75	-5.825E+1
842.04	1.214E+1
842.33	-3.155E+1
842.62	-6.554E+1
842.91	1.044E+2
843.21	7.282E+1
843.50	3.155E+1
843.79	3.398E+1
844.08	1.456E+1
844.37	-6.796E+1
844.66	7.282E+0
844.95	2.184E+1
845.24	5.583E+1
845.53	6.554E+1
845.81	1.456E+1
846.10	-2.427E+1
846.39	5.583E+1
846.68	-3.641E+1
846.97	9.709E+0
847.26	6.068E+1
847.55	1.699E+1
847.84	5.825E+1
848.13	-2.184E+1
848.42	-4.854E+1
848.71	4.369E+1
849.00	4.612E+1
849.29	3.398E+1
849.58	6.554E+1
849.87	1.456E+1
850.15	2.670E+1
850.44	-4.854E+1
850.73	7.282E+0
851.02	5.583E+1
851.31	-4.126E+1
851.60	2.184E+1
851.89	3.884E+1
852.18	-2.427E+0
852.46	7.524E+1
852.75	-1.942E+1
853.04	-1.214E+1
853.33	-5.340E+1
853.62	-9.709E+0
853.91	-8.738E+1
854.19	9.709E+0
854.48	-4.854E+0
854.77	5.097E+1
855.06	4.369E+1
855.35	2.427E+1
855.63	1.456E+1
855.92	2.427E+0
856.21	2.670E+1
856.50	1.675E+2
856.79	6.068E+1
857.07	-1.092E+2
857.36	7.767E+1
857.65	-2.670E+1
857.94	2.913E+1
858.22	-2.184E+1
858.51	-2.913E+1
858.80	2.427E+1
859.08	8.738E+1
859.37	5.825E+1
859.66	1.214E+1
859.95	6.796E+1
860.23	-3.641E+1
860.52	4.854E+0
860.81	9.223E+1
861.09	1.699E+1
861.38	-4.369E+1
861.67	8.738E+1
861.95	-1.044E+2
862.24	7.039E+1
862.53	4.612E+1
862.81	6.068E+1
863.10	-4.369E+1
863.39	-1.456E+1
863.67	-6.554E+1
863.96	-4.854E+0
864.25	2.427E+0
864.53	8.495E+1
864.82	-7.282E+0
865.10	-2.427E+1
865.39	-3.155E+1
865.68	-1.942E+1
865.96	1.699E+1
866.25	-2.913E+1
866.53	-2.913E+1
866.82	-2.913E+1