Wavelength	Intensity	Ocean Optics Flame
nm	counts
187.89	4.854E+1
188.27	4.854E+0
188.64	-1.019E+2
189.02	-3.398E+1
189.40	6.068E+1
189.78	-5.340E+1
190.15	3.641E+1
190.53	-8.010E+1
190.91	8.495E+1
191.29	1.456E+1
191.66	-1.214E+1
192.04	5.825E+1
192.42	8.010E+1
192.80	1.942E+1
193.17	7.524E+1
193.55	-1.238E+2
193.93	-8.738E+1
194.30	7.282E+0
194.68	-7.282E+1
195.06	-4.612E+1
195.44	4.854E+1
195.81	1.408E+2
196.19	-3.884E+1
196.57	-1.214E+1
196.94	7.282E+0
197.32	-1.456E+1
197.70	8.981E+1
198.07	9.709E+0
198.45	-7.282E+0
198.83	-4.854E+0
199.20	-7.524E+1
199.58	-4.126E+1
199.96	1.942E+1
200.33	-2.670E+1
200.71	4.126E+1
201.09	-1.214E+1
201.46	-8.495E+1
201.84	1.456E+1
202.22	-5.825E+1
202.59	6.311E+1
202.97	4.612E+1
203.34	1.699E+1
203.72	1.699E+1
204.10	3.884E+1
204.47	2.427E+0
204.85	3.641E+1
205.23	-2.670E+1
205.60	-4.369E+1
205.98	-4.854E+1
206.35	1.578E+2
206.73	-2.427E+0
207.11	-4.126E+1
207.48	4.612E+1
207.86	-1.068E+2
208.23	7.282E+1
208.61	4.369E+1
208.98	8.253E+1
209.36	2.670E+1
209.74	6.311E+1
210.11	2.427E+0
210.49	1.092E+2
210.86	-8.495E+1
211.24	2.670E+1
211.61	-9.466E+1
211.99	3.641E+1
212.36	2.670E+1
212.74	4.854E+1
213.11	1.214E+2
213.49	8.010E+1
213.87	1.699E+1
214.24	2.184E+1
214.62	7.282E+1
214.99	2.184E+1
215.37	1.214E+1
215.74	1.456E+1
216.12	-7.282E+0
216.49	2.427E+0
216.87	2.670E+1
217.24	-4.369E+1
217.62	7.039E+1
217.99	-2.913E+1
218.37	-5.097E+1
218.74	1.359E+2
219.11	-1.699E+1
219.49	-1.456E+1
219.86	-2.913E+1
220.24	1.456E+1
220.61	4.854E+0
220.99	-1.214E+1
221.36	2.015E+2
221.74	9.709E+0
222.11	4.126E+1
222.49	1.286E+2
222.86	-7.282E+0
223.23	-4.854E+0
223.61	2.427E+1
223.98	9.709E+0
224.36	1.019E+2
224.73	-3.398E+1
225.11	-2.670E+1
225.48	4.126E+1
225.85	-1.456E+1
226.23	1.699E+1
226.60	1.699E+1
226.98	-2.427E+0
227.35	5.097E+1
227.72	1.214E+1
228.10	4.854E+1
228.47	1.699E+1
228.84	7.767E+1
229.22	5.583E+1
229.59	-4.612E+1
229.97	-1.311E+2
230.34	1.019E+2
230.71	8.738E+1
231.09	8.495E+1
231.46	4.612E+1
231.83	-1.529E+2
232.21	3.641E+1
232.58	4.854E+1
232.95	1.456E+2
233.33	8.495E+1
233.70	-1.699E+1
234.07	8.738E+1
234.45	4.854E+0
234.82	1.262E+2
235.19	3.641E+1
235.57	-7.282E+1
235.94	9.709E+0
236.31	-5.583E+1
236.69	-5.340E+1
237.06	7.282E+0
237.43	7.039E+1
237.80	-1.456E+1
238.18	4.854E+0
238.55	2.184E+1
238.92	-3.155E+1
239.30	6.068E+1
239.67	3.155E+1
240.04	-7.039E+1
240.41	5.825E+1
240.79	-7.282E+0
241.16	8.981E+1
241.53	-4.854E+0
241.90	-4.126E+1
242.28	5.825E+1
242.65	1.578E+2
243.02	-5.097E+1
243.39	4.612E+1
243.77	2.913E+1
244.14	8.738E+1
244.51	-3.398E+1
244.88	3.884E+1
245.25	4.126E+1
245.63	5.340E+1
246.00	8.738E+1
246.37	1.699E+1
246.74	-2.427E+1
247.11	4.126E+1
247.49	7.039E+1
247.86	5.825E+1
248.23	7.767E+1
248.60	-7.524E+1
248.97	1.117E+2
249.35	3.884E+1
249.72	6.311E+1
250.09	-7.282E+1
250.46	-7.282E+0
250.83	4.126E+1
251.20	-9.709E+0
251.58	3.641E+1
251.95	-2.670E+1
252.32	-4.126E+1
252.69	7.039E+1
253.06	8.738E+1
253.43	-2.670E+1
253.80	5.825E+1
254.17	1.845E+2
254.55	9.223E+1
254.92	4.854E+1
255.29	-7.524E+1
255.66	-6.796E+1
256.03	2.427E+1
256.40	5.097E+1
256.77	-2.427E+1
257.14	2.427E+1
257.51	1.942E+1
257.88	4.126E+1
258.26	-1.942E+1
258.63	8.495E+1
259.00	2.427E+0
259.37	-7.282E+1
259.74	-3.884E+1
260.11	4.369E+1
260.48	4.612E+1
260.85	1.456E+1
261.22	-6.554E+1
261.59	-5.340E+1
261.96	-2.184E+1
262.33	9.709E+0
262.70	-6.068E+1
263.07	-2.913E+1
263.44	2.184E+1
263.81	2.427E+1
264.18	4.854E+0
264.55	1.942E+1
264.92	-3.398E+1
265.29	2.039E+2
265.66	-4.126E+1
266.03	8.010E+1
266.40	8.253E+1
266.77	-4.612E+1
267.14	1.942E+1
267.51	-4.854E+0
267.88	-7.524E+1
268.25	1.189E+2
268.62	-5.583E+1
268.99	2.427E+1
269.36	8.010E+1
269.73	-1.529E+2
270.10	8.010E+1
270.47	-1.044E+2
270.84	2.184E+1
271.21	8.010E+1
271.58	9.952E+1
271.95	3.641E+1
272.32	4.854E+0
272.69	-5.583E+1
273.06	1.942E+1
273.43	1.019E+2
273.80	-8.010E+1
274.17	1.044E+2
274.53	4.369E+1
274.90	1.214E+2
275.27	8.981E+1
275.64	-4.854E+1
276.01	-9.709E+0
276.38	7.039E+1
276.75	2.427E+0
277.12	-3.641E+1
277.49	-3.884E+1
277.86	7.767E+1
278.22	1.214E+1
278.59	4.854E+0
278.96	0.000E+0
279.33	8.253E+1
279.70	3.884E+1
280.07	-3.884E+1
280.44	-2.427E+0
280.80	-9.709E+0
281.17	5.097E+1
281.54	2.913E+1
281.91	0.000E+0
282.28	-1.699E+1
282.65	-2.913E+1
283.02	-1.141E+2
283.38	8.253E+1
283.75	-4.854E+0
284.12	5.340E+1
284.49	1.942E+1
284.86	-8.981E+1
285.22	6.068E+1
285.59	5.097E+1
285.96	-3.641E+1
286.33	5.825E+1
286.70	3.398E+1
287.06	1.553E+2
287.43	1.214E+1
287.80	-4.369E+1
288.17	1.262E+2
288.53	-2.184E+1
288.90	9.709E+0
289.27	-5.097E+1
289.64	7.039E+1
290.01	-9.709E+0
290.37	-1.456E+1
290.74	1.942E+1
291.11	5.583E+1
291.48	-2.184E+1
291.84	2.427E+1
292.21	2.670E+1
292.58	8.253E+1
292.94	4.612E+1
293.31	-3.155E+1
293.68	2.184E+1
294.05	1.262E+2
294.41	5.097E+1
294.78	-7.282E+0
295.15	-6.554E+1
295.51	-8.495E+1
295.88	6.796E+1
296.25	0.000E+0
296.61	-4.854E+0
296.98	2.427E+1
297.35	-4.612E+1
297.72	2.427E+1
298.08	-2.913E+1
298.45	2.670E+1
298.82	4.126E+1
299.18	-3.641E+1
299.55	6.554E+1
299.91	3.398E+1
300.28	4.369E+1
300.65	-3.641E+1
301.01	-7.282E+0
301.38	2.427E+1
301.75	-4.126E+1
302.11	-2.670E+1
302.48	1.019E+2
302.85	6.311E+1
303.21	-1.214E+1
303.58	1.117E+2
303.94	-2.670E+1
304.31	9.466E+1
304.68	2.670E+1
305.04	2.427E+1
305.41	6.554E+1
305.77	-6.796E+1
306.14	-8.253E+1
306.51	3.398E+1
306.87	-2.184E+1
307.24	-1.384E+2
307.60	-1.942E+1
307.97	6.554E+1
308.33	2.184E+1
308.70	1.942E+1
309.07	-1.189E+2
309.43	5.825E+1
309.80	9.709E+1
310.16	9.223E+1
310.53	1.942E+1
310.89	7.282E+0
311.26	-2.427E+1
311.62	2.913E+1
311.99	5.097E+1
312.35	-5.825E+1
312.72	3.641E+1
313.08	3.155E+1
313.45	-5.340E+1
313.81	7.282E+0
314.18	5.825E+1
314.54	3.155E+1
314.91	-2.184E+1
315.27	1.286E+2
315.64	5.340E+1
316.00	-4.854E+1
316.37	5.340E+1
316.73	8.738E+1
317.10	-2.427E+1
317.46	-3.641E+1
317.83	2.913E+1
318.19	3.641E+1
318.56	2.913E+1
318.92	4.126E+1
319.28	6.796E+1
319.65	3.884E+1
320.01	-2.913E+1
320.38	4.369E+1
320.74	3.155E+1
321.11	8.738E+1
321.47	4.369E+1
321.83	3.398E+1
322.20	-2.184E+1
322.56	2.184E+1
322.93	0.000E+0
323.29	-2.427E+0
323.66	5.583E+1
324.02	1.044E+2
324.38	-2.427E+0
324.75	9.223E+1
325.11	5.340E+1
325.47	2.670E+1
325.84	-9.709E+0
326.20	6.554E+1
326.57	7.524E+1
326.93	5.097E+1
327.29	5.097E+1
327.66	-1.942E+1
328.02	5.583E+1
328.38	-6.311E+1
328.75	3.155E+1
329.11	6.796E+1
329.47	7.767E+1
329.84	-3.641E+1
330.20	7.282E+0
330.56	8.010E+1
330.93	-5.340E+1
331.29	4.854E+0
331.65	0.000E+0
332.02	-1.214E+1
332.38	-1.456E+1
332.74	3.641E+1
333.10	8.495E+1
333.47	5.825E+1
333.83	1.019E+2
334.19	1.529E+2
334.56	4.854E+0
334.92	1.238E+2
335.28	3.398E+1
335.64	-3.641E+1
336.01	-5.825E+1
336.37	4.126E+1
336.73	-2.427E+0
337.09	4.126E+1
337.46	4.854E+0
337.82	4.854E+0
338.18	2.427E+0
338.54	2.670E+1
338.91	4.126E+1
339.27	1.044E+2
339.63	-5.097E+1
339.99	-1.214E+1
340.36	-8.738E+1
340.72	-4.612E+1
341.08	-4.854E+0
341.44	3.398E+1
341.80	5.097E+1
342.17	-1.456E+1
342.53	-3.398E+1
342.89	3.155E+1
343.25	1.189E+2
343.61	8.981E+1
343.98	4.126E+1
344.34	1.699E+1
344.70	-4.854E+0
345.06	3.641E+1
345.42	1.699E+1
345.78	-2.184E+1
346.14	0.000E+0
346.51	7.039E+1
346.87	2.427E+0
347.23	-1.456E+1
347.59	-2.913E+1
347.95	2.913E+1
348.31	6.554E+1
348.67	9.709E+0
349.04	5.583E+1
349.40	8.253E+1
349.76	-1.456E+1
350.12	2.913E+1
350.48	1.942E+1
350.84	3.398E+1
351.20	7.039E+1
351.56	-1.699E+1
351.92	4.369E+1
352.28	-6.311E+1
352.65	7.524E+1
353.01	-4.854E+1
353.37	1.942E+1
353.73	8.981E+1
354.09	2.670E+1
354.45	-5.340E+1
354.81	-4.854E+1
355.17	-2.427E+1
355.53	5.097E+1
355.89	1.699E+1
356.25	1.214E+1
356.61	-1.942E+1
356.97	-5.583E+1
357.33	1.699E+1
357.69	-1.456E+1
358.05	6.554E+1
358.41	4.854E+0
358.77	-2.913E+1
359.13	-5.583E+1
359.49	8.981E+1
359.85	2.913E+1
360.21	-2.427E+0
360.57	7.767E+1
360.93	-1.456E+1
361.29	-3.398E+1
361.65	-4.369E+1
362.01	-8.495E+1
362.37	4.369E+1
362.73	7.524E+1
363.09	-4.612E+1
363.45	7.524E+1
363.81	-5.583E+1
364.17	8.495E+1
364.53	-5.097E+1
364.89	-4.854E+1
365.25	3.884E+1
365.61	4.854E+0
365.97	0.000E+0
366.33	-2.427E+0
366.69	-2.427E+1
367.05	9.709E+0
367.40	-1.699E+1
367.76	2.913E+1
368.12	-5.340E+1
368.48	-2.184E+1
368.84	-1.456E+1
369.20	-2.670E+1
369.56	4.854E+0
369.92	-6.068E+1
370.28	5.825E+1
370.63	-7.282E+0
370.99	4.369E+1
371.35	-2.670E+1
371.71	1.456E+1
372.07	1.942E+1
372.43	-3.398E+1
372.79	4.612E+1
373.15	4.126E+1
373.50	-3.155E+1
373.86	0.000E+0
374.22	4.126E+1
374.58	3.884E+1
374.94	2.913E+1
375.30	3.398E+1
375.65	5.340E+1
376.01	8.253E+1
376.37	4.369E+1
376.73	-4.854E+0
377.09	-9.952E+1
377.44	-7.039E+1
377.80	-2.670E+1
378.16	-1.044E+2
378.52	3.155E+1
378.88	-5.097E+1
379.23	5.097E+1
379.59	1.699E+1
379.95	4.369E+1
380.31	2.184E+1
380.66	4.126E+1
381.02	-3.155E+1
381.38	7.524E+1
381.74	-3.155E+1
382.09	5.825E+1
382.45	6.068E+1
382.81	0.000E+0
383.17	-2.184E+1
383.52	8.253E+1
383.88	1.456E+1
384.24	9.709E+1
384.60	-9.709E+0
384.95	-2.427E+0
385.31	-2.670E+1
385.67	-5.097E+1
386.02	7.282E+1
386.38	9.709E+1
386.74	5.825E+1
387.10	5.340E+1
387.45	-8.738E+1
387.81	3.155E+1
388.17	-3.398E+1
388.52	-6.796E+1
388.88	1.214E+1
389.24	4.369E+1
389.59	-1.456E+1
389.95	-1.214E+1
390.31	1.456E+1
390.66	3.641E+1
391.02	-1.214E+1
391.38	5.097E+1
391.73	-2.427E+1
392.09	3.641E+1
392.44	2.427E+1
392.80	9.466E+1
393.16	6.068E+1
393.51	9.466E+1
393.87	-3.641E+1
394.23	2.670E+1
394.58	3.155E+1
394.94	-3.884E+1
395.29	-9.709E+0
395.65	-2.427E+0
396.01	4.854E+1
396.36	-4.854E+1
396.72	4.854E+0
397.07	-1.068E+2
397.43	4.854E+0
397.78	1.019E+2
398.14	9.709E+0
398.50	1.772E+2
398.85	-3.398E+1
399.21	7.282E+0
399.56	6.554E+1
399.92	-2.913E+1
400.27	7.039E+1
400.63	2.670E+1
400.98	-6.311E+1
401.34	4.612E+1
401.69	2.913E+1
402.05	1.942E+1
402.40	-4.854E+1
402.76	-8.981E+1
403.11	3.641E+1
403.47	-1.942E+1
403.82	7.767E+1
404.18	4.854E+1
404.53	-4.126E+1
404.89	2.913E+1
405.24	-4.854E+0
405.60	-6.796E+1
405.95	9.709E+0
406.31	5.097E+1
406.66	2.913E+1
407.02	-5.097E+1
407.37	3.884E+1
407.73	4.369E+1
408.08	9.709E+0
408.44	4.854E+0
408.79	4.369E+1
409.14	-2.427E+1
409.50	3.155E+1
409.85	1.456E+1
410.21	1.092E+2
410.56	9.952E+1
410.92	1.869E+2
411.27	-4.854E+1
411.62	-2.670E+1
411.98	7.524E+1
412.33	-1.044E+2
412.69	2.913E+1
413.04	2.427E+1
413.39	3.155E+1
413.75	3.884E+1
414.10	-3.641E+1
414.45	1.942E+1
414.81	5.097E+1
415.16	-3.155E+1
415.52	-6.311E+1
415.87	-2.670E+1
416.22	-6.311E+1
416.58	1.359E+2
416.93	6.311E+1
417.28	1.214E+1
417.64	7.767E+1
417.99	-2.184E+1
418.34	2.427E+1
418.70	3.155E+1
419.05	4.126E+1
419.40	3.884E+1
419.76	9.709E+0
420.11	1.214E+1
420.46	-6.554E+1
420.81	-8.981E+1
421.17	7.767E+1
421.52	2.913E+1
421.87	-5.583E+1
422.23	3.155E+1
422.58	1.092E+2
422.93	4.369E+1
423.28	9.223E+1
423.64	9.709E+0
423.99	6.068E+1
424.34	-4.854E+0
424.69	1.092E+2
425.05	-8.981E+1
425.40	-7.767E+1
425.75	1.699E+1
426.10	-6.554E+1
426.46	1.141E+2
426.81	5.340E+1
427.16	-1.456E+1
427.51	7.524E+1
427.87	4.854E+1
428.22	-3.641E+1
428.57	2.184E+1
428.92	1.214E+1
429.27	-8.495E+1
429.63	-5.340E+1
429.98	-3.641E+1
430.33	-5.583E+1
430.68	-7.039E+1
431.03	-3.155E+1
431.38	4.126E+1
431.74	7.282E+0
432.09	1.942E+1
432.44	8.010E+1
432.79	6.311E+1
433.14	-1.311E+2
433.49	-5.825E+1
433.85	-4.854E+1
434.20	7.282E+0
434.55	7.039E+1
434.90	2.427E+0
435.25	-2.913E+1
435.60	7.282E+1
435.95	2.427E+0
436.30	-5.825E+1
436.66	1.189E+2
437.01	-9.709E+0
437.36	-2.184E+1
437.71	-1.942E+1
438.06	4.369E+1
438.41	7.039E+1
438.76	-1.456E+1
439.11	-1.165E+2
439.46	1.456E+1
439.81	-5.583E+1
440.16	3.398E+1
440.52	4.126E+1
440.87	5.340E+1
441.22	4.612E+1
441.57	-1.456E+1
441.92	6.554E+1
442.27	-8.981E+1
442.62	7.282E+0
442.97	1.699E+1
443.32	5.583E+1
443.67	7.282E+1
444.02	9.709E+1
444.37	7.282E+0
444.72	6.068E+1
445.07	1.286E+2
445.42	-3.641E+1
445.77	-1.456E+1
446.12	9.709E+0
446.47	-2.427E+1
446.82	6.311E+1
447.17	8.981E+1
447.52	4.612E+1
447.87	5.340E+1
448.22	-7.282E+0
448.57	7.524E+1
448.92	1.699E+1
449.27	-1.699E+1
449.62	-6.554E+1
449.97	5.340E+1
450.32	-4.126E+1
450.66	4.854E+0
451.01	-8.253E+1
451.36	-2.427E+0
451.71	-4.612E+1
452.06	4.369E+1
452.41	1.189E+2
452.76	-2.184E+1
453.11	5.340E+1
453.46	8.010E+1
453.81	7.282E+0
454.16	-5.097E+1
454.51	0.000E+0
454.85	-5.097E+1
455.20	-6.554E+1
455.55	1.553E+2
455.90	5.340E+1
456.25	-2.913E+1
456.60	-4.126E+1
456.95	4.854E+1
457.30	1.942E+1
457.64	2.670E+1
457.99	6.796E+1
458.34	-1.238E+2
458.69	2.913E+1
459.04	-3.884E+1
459.39	5.097E+1
459.73	-5.825E+1
460.08	-3.398E+1
460.43	9.223E+1
460.78	0.000E+0
461.13	-2.913E+1
461.48	6.796E+1
461.82	2.184E+1
462.17	1.214E+1
462.52	8.253E+1
462.87	-7.767E+1
463.21	6.796E+1
463.56	4.612E+1
463.91	2.427E+0
464.26	6.554E+1
464.61	-9.223E+1
464.95	0.000E+0
465.30	3.884E+1
465.65	-2.913E+1
466.00	-2.184E+1
466.34	-1.214E+1
466.69	-1.942E+1
467.04	7.767E+1
467.39	6.796E+1
467.73	-4.369E+1
468.08	5.583E+1
468.43	-9.709E+0
468.77	3.398E+1
469.12	-5.340E+1
469.47	7.282E+0
469.82	4.126E+1
470.16	-4.854E+0
470.51	8.495E+1
470.86	-4.612E+1
471.20	3.641E+1
471.55	-3.155E+1
471.90	3.641E+1
472.24	-2.184E+1
472.59	7.282E+0
472.94	-3.155E+1
473.28	3.398E+1
473.63	1.092E+2
473.98	7.282E+0
474.32	-1.942E+1
474.67	-1.214E+1
475.02	7.524E+1
475.36	1.019E+2
475.71	-2.184E+1
476.06	9.709E+0
476.40	1.262E+2
476.75	-5.583E+1
477.09	-7.282E+0
477.44	-6.068E+1
477.79	-7.767E+1
478.13	-5.825E+1
478.48	7.767E+1
478.82	9.466E+1
479.17	-1.456E+1
479.52	-6.796E+1
479.86	-1.456E+2
480.21	-3.884E+1
480.55	9.709E+0
480.90	2.427E+0
481.24	4.854E+1
481.59	-3.884E+1
481.94	-4.854E+0
482.28	2.913E+1
482.63	0.000E+0
482.97	-4.854E+0
483.32	-4.854E+0
483.66	4.126E+1
484.01	1.214E+2
484.35	-8.253E+1
484.70	-1.214E+1
485.04	-2.427E+0
485.39	7.524E+1
485.73	6.068E+1
486.08	-9.952E+1
486.42	-2.670E+1
486.77	3.398E+1
487.11	1.262E+2
487.46	1.699E+1
487.80	8.253E+1
488.15	-3.884E+1
488.49	2.427E+0
488.84	-9.709E+0
489.18	1.942E+1
489.53	-4.126E+1
489.87	8.738E+1
490.21	1.942E+1
490.56	-8.738E+1
490.90	4.854E+0
491.25	-4.612E+1
491.59	3.884E+1
491.94	1.942E+1
492.28	-1.942E+1
492.62	3.641E+1
492.97	4.126E+1
493.31	-7.767E+1
493.66	2.913E+1
494.00	-9.709E+0
494.34	1.214E+1
494.69	-5.583E+1
495.03	1.942E+1
495.38	-4.854E+1
495.72	2.913E+1
496.06	7.767E+1
496.41	5.340E+1
496.75	1.942E+1
497.09	4.369E+1
497.44	7.767E+1
497.78	-9.709E+0
498.13	1.092E+2
498.47	1.456E+1
498.81	-4.612E+1
499.16	-1.942E+1
499.50	5.340E+1
499.84	1.699E+1
500.19	4.612E+1
500.53	3.641E+1
500.87	3.884E+1
501.21	6.554E+1
501.56	2.670E+1
501.90	7.282E+0
502.24	-7.524E+1
502.59	-9.709E+0
502.93	-3.641E+1
503.27	2.184E+1
503.61	1.165E+2
503.96	8.253E+1
504.30	3.884E+1
504.64	5.340E+1
504.99	5.340E+1
505.33	-9.709E+0
505.67	1.238E+2
506.01	1.311E+2
506.36	8.981E+1
506.70	7.282E+0
507.04	-9.709E+0
507.38	-1.942E+1
507.72	-2.670E+1
508.07	-2.184E+1
508.41	-8.981E+1
508.75	1.456E+2
509.09	2.913E+1
509.44	7.282E+0
509.78	-4.854E+0
510.12	-1.092E+2
510.46	-4.854E+1
510.80	2.913E+1
511.14	1.942E+1
511.49	4.612E+1
511.83	-2.184E+1
512.17	1.408E+2
512.51	5.825E+1
512.85	-7.767E+1
513.19	-2.427E+0
513.54	-9.709E+0
513.88	3.641E+1
514.22	4.369E+1
514.56	-1.456E+1
514.90	-3.155E+1
515.24	1.942E+1
515.58	8.010E+1
515.93	-5.583E+1
516.27	6.068E+1
516.61	-5.097E+1
516.95	-7.282E+1
517.29	1.117E+2
517.63	6.554E+1
517.97	1.189E+2
518.31	7.282E+1
518.65	-3.155E+1
518.99	8.981E+1
519.33	6.554E+1
519.67	1.117E+2
520.02	-2.670E+1
520.36	1.699E+1
520.70	-8.010E+1
521.04	1.165E+2
521.38	4.612E+1
521.72	-2.184E+1
522.06	4.369E+1
522.40	0.000E+0
522.74	5.340E+1
523.08	1.699E+1
523.42	2.913E+1
523.76	8.495E+1
524.10	1.942E+1
524.44	4.126E+1
524.78	7.524E+1
525.12	6.311E+1
525.46	5.097E+1
525.80	-9.709E+0
526.14	0.000E+0
526.48	2.427E+1
526.82	7.039E+1
527.16	-4.126E+1
527.50	9.709E+0
527.84	7.767E+1
528.18	2.670E+1
528.52	8.495E+1
528.86	-7.282E+1
529.20	-1.942E+1
529.54	-7.282E+1
529.87	-1.214E+1
530.21	3.155E+1
530.55	-8.495E+1
530.89	-3.884E+1
531.23	4.126E+1
531.57	1.214E+1
531.91	5.583E+1
532.25	-6.311E+1
532.59	5.340E+1
532.93	1.456E+1
533.27	3.641E+1
533.60	1.214E+2
533.94	-7.282E+0
534.28	-5.583E+1
534.62	-6.068E+1
534.96	-5.340E+1
535.30	-7.282E+0
535.64	1.456E+1
535.98	-1.286E+2
536.31	-6.311E+1
536.65	-1.092E+2
536.99	7.282E+0
537.33	9.466E+1
537.67	1.481E+2
538.01	4.126E+1
538.34	-2.670E+1
538.68	-7.282E+1
539.02	-2.427E+1
539.36	-4.612E+1
539.70	3.155E+1
540.03	-6.068E+1
540.37	4.612E+1
540.71	-1.214E+1
541.05	-1.262E+2
541.39	-5.583E+1
541.72	-4.369E+1
542.06	1.699E+1
542.40	1.214E+1
542.74	0.000E+0
543.07	3.641E+1
543.41	-2.184E+1
543.75	5.097E+1
544.09	3.641E+1
544.42	1.505E+2
544.76	4.612E+1
545.10	1.942E+1
545.44	-4.369E+1
545.77	4.369E+1
546.11	5.097E+1
546.45	-5.583E+1
546.78	1.456E+1
547.12	-2.670E+1
547.46	7.282E+0
547.80	4.854E+0
548.13	2.913E+1
548.47	8.981E+1
548.81	1.942E+1
549.14	5.097E+1
549.48	6.068E+1
549.82	1.942E+1
550.15	-4.854E+0
550.49	1.359E+2
550.83	-2.427E+1
551.16	-7.282E+0
551.50	-2.427E+1
551.84	1.699E+1
552.17	6.311E+1
552.51	1.214E+1
552.84	4.854E+1
553.18	-8.495E+1
553.52	-4.126E+1
553.85	-2.427E+0
554.19	2.913E+1
554.53	-3.884E+1
554.86	3.398E+1
555.20	-9.709E+0
555.53	-4.126E+1
555.87	1.456E+1
556.20	-7.282E+1
556.54	1.141E+2
556.88	-1.456E+1
557.21	-1.942E+1
557.55	-7.039E+1
557.88	3.155E+1
558.22	-3.398E+1
558.55	3.641E+1
558.89	1.456E+1
559.23	-9.466E+1
559.56	1.699E+1
559.90	3.155E+1
560.23	2.427E+0
560.57	1.044E+2
560.90	-3.884E+1
561.24	5.097E+1
561.57	-6.068E+1
561.91	6.554E+1
562.24	5.097E+1
562.58	-7.767E+1
562.91	-7.039E+1
563.25	2.913E+1
563.58	-7.282E+1
563.92	-2.913E+1
564.25	1.942E+1
564.59	7.282E+1
564.92	1.117E+2
565.25	3.155E+1
565.59	7.282E+1
565.92	-1.942E+1
566.26	3.155E+1
566.59	-1.214E+1
566.93	-7.767E+1
567.26	2.184E+1
567.60	8.253E+1
567.93	-9.709E+0
568.26	-2.427E+0
568.60	5.825E+1
568.93	1.456E+1
569.27	1.214E+1
569.60	1.019E+2
569.93	7.282E+0
570.27	4.854E+1
570.60	-9.466E+1
570.94	3.398E+1
571.27	6.554E+1
571.60	-6.796E+1
571.94	1.068E+2
572.27	9.223E+1
572.60	-2.184E+1
572.94	-6.796E+1
573.27	4.369E+1
573.60	1.942E+1
573.94	6.554E+1
574.27	-3.884E+1
574.60	1.942E+1
574.94	3.641E+1
575.27	4.854E+1
575.60	5.340E+1
575.94	1.456E+1
576.27	-1.456E+1
576.60	8.253E+1
576.94	1.699E+2
577.27	-3.155E+1
577.60	8.010E+1
577.94	4.126E+1
578.27	1.286E+2
578.60	3.641E+1
578.93	-2.184E+1
579.27	1.456E+1
579.60	-2.427E+0
579.93	1.214E+1
580.26	1.942E+1
580.60	1.165E+2
580.93	6.554E+1
581.26	5.097E+1
581.59	-5.340E+1
581.93	6.796E+1
582.26	4.854E+1
582.59	1.553E+2
582.92	6.311E+1
583.25	1.044E+2
583.59	1.311E+2
583.92	5.825E+1
584.25	1.068E+2
584.58	2.670E+1
584.91	1.529E+2
585.25	8.010E+1
585.58	1.068E+2
585.91	9.709E+1
586.24	4.369E+1
586.57	1.044E+2
586.90	9.223E+1
587.24	4.854E+1
587.57	6.311E+1
587.90	1.820E+2
588.23	5.825E+1
588.56	1.238E+2
588.89	1.311E+2
589.22	1.820E+2
589.56	1.384E+2
589.89	1.311E+2
590.22	2.670E+2
590.55	1.529E+2
590.88	1.796E+2
591.21	1.699E+2
591.54	2.791E+2
591.87	2.694E+2
592.20	2.791E+2
592.53	2.257E+2
592.87	1.869E+2
593.20	2.646E+2
593.53	2.791E+2
593.86	1.869E+2
594.19	3.058E+2
594.52	3.058E+2
594.85	2.015E+2
595.18	2.403E+2
595.51	2.718E+2
595.84	1.432E+2
596.17	3.277E+2
596.50	2.257E+2
596.83	2.524E+2
597.16	2.039E+2
597.49	3.714E+2
597.82	4.126E+2
598.15	3.981E+2
598.48	4.369E+2
598.81	4.369E+2
599.14	2.597E+2
599.47	3.811E+2
599.80	4.126E+2
600.13	4.709E+2
600.46	4.757E+2
600.79	5.971E+2
601.12	4.854E+2
601.45	5.219E+2
601.78	5.121E+2
602.11	5.971E+2
602.44	5.170E+2
602.77	5.777E+2
603.10	6.990E+2
603.42	5.534E+2
603.75	6.335E+2
604.08	7.015E+2
604.41	7.937E+2
604.74	7.816E+2
605.07	8.787E+2
605.40	8.641E+2
605.73	8.374E+2
606.06	8.495E+2
606.39	9.393E+2
606.71	1.022E+3
607.04	1.044E+3
607.37	9.248E+2
607.70	1.104E+3
608.03	1.087E+3
608.36	1.238E+3
608.69	1.245E+3
609.02	1.187E+3
609.34	1.209E+3
609.67	1.354E+3
610.00	1.250E+3
610.33	1.461E+3
610.66	1.430E+3
610.98	1.546E+3
611.31	1.585E+3
611.64	1.697E+3
611.97	1.760E+3
612.30	1.789E+3
612.63	1.901E+3
612.95	1.915E+3
613.28	2.019E+3
613.61	2.075E+3
613.94	2.189E+3
614.26	2.194E+3
614.59	2.160E+3
614.92	2.359E+3
615.25	2.481E+3
615.57	2.502E+3
615.90	2.825E+3
616.23	2.692E+3
616.56	2.777E+3
616.88	2.939E+3
617.21	2.981E+3
617.54	3.058E+3
617.87	3.134E+3
618.19	3.350E+3
618.52	3.600E+3
618.85	3.626E+3
619.17	3.816E+3
619.50	3.830E+3
619.83	4.078E+3
620.15	4.102E+3
620.48	4.231E+3
620.81	4.427E+3
621.14	4.760E+3
621.46	4.825E+3
621.79	4.789E+3
622.11	5.170E+3
622.44	5.219E+3
622.77	5.362E+3
623.09	5.689E+3
623.42	5.852E+3
623.75	6.172E+3
624.07	6.303E+3
624.40	6.386E+3
624.73	6.573E+3
625.05	6.976E+3
625.38	7.087E+3
625.70	7.512E+3
626.03	7.566E+3
626.36	7.952E+3
626.68	8.357E+3
627.01	8.549E+3
627.33	8.840E+3
627.66	9.153E+3
627.99	9.534E+3
628.31	9.867E+3
628.64	1.037E+4
628.96	1.057E+4
629.29	1.122E+4
629.61	1.153E+4
629.94	1.155E+4
630.26	1.233E+4
630.59	1.279E+4
630.91	1.329E+4
631.24	1.363E+4
631.57	1.415E+4
631.89	1.481E+4
632.22	1.535E+4
632.54	1.592E+4
632.87	1.629E+4
633.19	1.717E+4
633.52	1.756E+4
633.84	1.838E+4
634.16	1.889E+4
634.49	1.944E+4
634.81	2.014E+4
635.14	2.053E+4
635.46	2.166E+4
635.79	2.208E+4
636.11	2.326E+4
636.44	2.381E+4
636.76	2.446E+4
637.09	2.561E+4
637.41	2.654E+4
637.73	2.724E+4
638.06	2.821E+4
638.38	2.870E+4
638.71	2.998E+4
639.03	3.077E+4
639.36	3.131E+4
639.68	3.221E+4
640.00	3.358E+4
640.33	3.426E+4
640.65	3.483E+4
640.97	3.598E+4
641.30	3.705E+4
641.62	3.779E+4
641.95	3.877E+4
642.27	3.954E+4
642.59	4.020E+4
642.92	4.163E+4
643.24	4.203E+4
643.56	4.311E+4
643.89	4.357E+4
644.21	4.486E+4
644.53	4.532E+4
644.86	4.584E+4
645.18	4.676E+4
645.50	4.711E+4
645.83	4.797E+4
646.15	4.847E+4
646.47	4.856E+4
646.80	4.929E+4
647.12	4.977E+4
647.44	4.950E+4
647.76	5.015E+4
648.09	5.028E+4
648.41	5.039E+4
648.73	5.015E+4
649.05	5.019E+4
649.38	4.951E+4
649.70	4.969E+4
650.02	4.969E+4
650.34	4.881E+4
650.67	4.832E+4
650.99	4.783E+4
651.31	4.714E+4
651.63	4.698E+4
651.96	4.592E+4
652.28	4.546E+4
652.60	4.461E+4
652.92	4.344E+4
653.24	4.271E+4
653.57	4.176E+4
653.89	4.073E+4
654.21	3.979E+4
654.53	3.860E+4
654.85	3.721E+4
655.18	3.606E+4
655.50	3.508E+4
655.82	3.372E+4
656.14	3.246E+4
656.46	3.135E+4
656.78	3.002E+4
657.10	2.894E+4
657.43	2.774E+4
657.75	2.631E+4
658.07	2.580E+4
658.39	2.413E+4
658.71	2.296E+4
659.03	2.223E+4
659.35	2.099E+4
659.67	2.019E+4
659.99	1.960E+4
660.32	1.872E+4
660.64	1.770E+4
660.96	1.704E+4
661.28	1.584E+4
661.60	1.553E+4
661.92	1.468E+4
662.24	1.401E+4
662.56	1.305E+4
662.88	1.275E+4
663.20	1.199E+4
663.52	1.159E+4
663.84	1.103E+4
664.16	1.032E+4
664.48	9.859E+3
664.80	9.634E+3
665.12	8.995E+3
665.44	8.665E+3
665.76	8.270E+3
666.08	7.682E+3
666.40	7.333E+3
666.72	7.080E+3
667.04	6.634E+3
667.36	6.328E+3
667.68	6.216E+3
668.00	5.721E+3
668.32	5.478E+3
668.64	5.330E+3
668.96	5.019E+3
669.28	4.651E+3
669.60	4.522E+3
669.92	4.342E+3
670.24	3.990E+3
670.56	3.869E+3
670.88	3.602E+3
671.20	3.464E+3
671.52	3.347E+3
671.84	3.238E+3
672.16	2.949E+3
672.47	2.825E+3
672.79	2.602E+3
673.11	2.570E+3
673.43	2.430E+3
673.75	2.165E+3
674.07	2.199E+3
674.39	2.121E+3
674.71	1.908E+3
675.03	1.937E+3
675.34	1.626E+3
675.66	1.677E+3
675.98	1.527E+3
676.30	1.415E+3
676.62	1.420E+3
676.94	1.226E+3
677.25	1.223E+3
677.57	1.235E+3
677.89	1.163E+3
678.21	1.138E+3
678.53	8.956E+2
678.85	1.015E+3
679.16	9.126E+2
679.48	9.782E+2
679.80	8.204E+2
680.12	7.087E+2
680.44	7.306E+2
680.75	6.117E+2
681.07	7.063E+2
681.39	6.481E+2
681.71	6.359E+2
682.02	5.534E+2
682.34	5.340E+2
682.66	4.927E+2
682.98	3.714E+2
683.29	5.364E+2
683.61	4.418E+2
683.93	4.272E+2
684.25	4.053E+2
684.56	3.932E+2
684.88	2.913E+2
685.20	3.811E+2
685.51	3.884E+2
685.83	3.228E+2
686.15	1.578E+2
686.47	2.476E+2
686.78	3.010E+2
687.10	3.204E+2
687.42	3.058E+2
687.73	2.184E+2
688.05	3.374E+2
688.37	2.864E+2
688.68	1.990E+2
689.00	2.306E+2
689.32	3.083E+2
689.63	1.384E+2
689.95	1.092E+2
690.26	1.481E+2
690.58	1.772E+2
690.90	6.068E+1
691.21	-2.427E+1
691.53	2.816E+2
691.85	7.767E+1
692.16	1.990E+2
692.48	5.340E+1
692.79	6.554E+1
693.11	6.796E+1
693.42	1.699E+2
693.74	6.068E+1
694.06	2.063E+2
694.37	2.913E+1
694.69	1.408E+2
695.00	5.583E+1
695.32	5.825E+1
695.63	-9.709E+0
695.95	8.738E+1
696.26	8.981E+1
696.58	9.466E+1
696.90	1.602E+2
697.21	6.311E+1
697.53	2.233E+2
697.84	1.553E+2
698.16	-2.427E+0
698.47	7.524E+1
698.79	1.044E+2
699.10	7.767E+1
699.42	-4.854E+0
699.73	4.126E+1
700.05	-3.398E+1
700.36	3.884E+1
700.68	3.884E+1
700.99	3.155E+1
701.30	4.854E+0
701.62	3.641E+1
701.93	-1.019E+2
702.25	-1.942E+1
702.56	4.854E+0
702.88	4.612E+1
703.19	-1.699E+1
703.50	1.699E+1
703.82	-1.456E+1
704.13	8.495E+1
704.45	-1.214E+1
704.76	-5.340E+1
705.08	-2.670E+1
705.39	-3.155E+1
705.70	7.282E+0
706.02	7.282E+0
706.33	6.068E+1
706.64	1.942E+1
706.96	-1.456E+1
707.27	-3.398E+1
707.59	4.612E+1
707.90	-2.427E+0
708.21	-1.019E+2
708.53	-1.699E+1
708.84	3.641E+1
709.15	4.369E+1
709.47	7.039E+1
709.78	4.126E+1
710.09	2.184E+1
710.41	-7.282E+0
710.72	2.184E+1
711.03	-1.019E+2
711.34	6.796E+1
711.66	1.942E+1
711.97	1.019E+2
712.28	3.398E+1
712.60	-8.495E+1
712.91	-1.456E+1
713.22	4.854E+0
713.53	7.039E+1
713.85	8.981E+1
714.16	1.214E+1
714.47	-4.612E+1
714.78	-1.699E+1
715.10	-2.913E+1
715.41	4.854E+0
715.72	2.039E+2
716.03	2.913E+1
716.35	7.282E+1
716.66	4.854E+0
716.97	7.282E+0
717.28	-9.709E+0
717.59	1.942E+1
717.91	1.335E+2
718.22	-3.641E+1
718.53	-5.583E+1
718.84	2.913E+1
719.15	2.427E+1
719.46	-8.495E+1
719.78	0.000E+0
720.09	5.825E+1
720.40	3.398E+1
720.71	-2.184E+1
721.02	-3.155E+1
721.33	-4.854E+1
721.65	2.913E+1
721.96	2.184E+1
722.27	-2.184E+1
722.58	1.214E+1
722.89	9.709E+0
723.20	-3.884E+1
723.51	5.340E+1
723.82	1.214E+1
724.13	-5.340E+1
724.45	6.311E+1
724.76	9.709E+1
725.07	2.427E+0
725.38	2.184E+1
725.69	7.282E+0
726.00	-7.282E+0
726.31	-5.340E+1
726.62	2.913E+1
726.93	-1.456E+1
727.24	-1.335E+2
727.55	-2.427E+0
727.86	-7.282E+0
728.17	-4.854E+0
728.48	4.612E+1
728.79	2.427E+1
729.10	-3.155E+1
729.41	-1.238E+2
729.72	-9.952E+1
730.03	6.068E+1
730.34	3.641E+1
730.65	1.044E+2
730.96	8.253E+1
731.27	3.884E+1
731.58	-6.554E+1
731.89	2.184E+1
732.20	4.612E+1
732.51	8.495E+1
732.82	4.369E+1
733.13	-7.282E+0
733.44	7.524E+1
733.75	-3.155E+1
734.06	-7.282E+0
734.37	-1.214E+1
734.68	-3.155E+1
734.98	1.214E+1
735.29	7.767E+1
735.60	7.282E+0
735.91	1.432E+2
736.22	1.311E+2
736.53	8.010E+1
736.84	0.000E+0
737.15	-4.369E+1
737.46	-1.117E+2
737.77	7.524E+1
738.07	-2.427E+0
738.38	1.942E+1
738.69	5.583E+1
739.00	4.612E+1
739.31	2.913E+1
739.62	6.068E+1
739.92	6.796E+1
740.23	0.000E+0
740.54	8.495E+1
740.85	4.854E+1
741.16	3.884E+1
741.47	7.767E+1
741.77	2.913E+1
742.08	5.583E+1
742.39	8.738E+1
742.70	-4.854E+0
743.01	-6.311E+1
743.31	4.854E+0
743.62	-1.699E+1
743.93	-4.854E+1
744.24	2.184E+1
744.54	9.952E+1
744.85	-3.641E+1
745.16	-1.019E+2
745.47	1.359E+2
745.77	6.796E+1
746.08	4.854E+1
746.39	-2.913E+1
746.70	1.214E+1
747.00	1.942E+1
747.31	9.223E+1
747.62	3.884E+1
747.92	-9.709E+0
748.23	1.044E+2
748.54	0.000E+0
748.84	4.612E+1
749.15	3.884E+1
749.46	1.456E+1
749.76	-7.282E+0
750.07	-1.456E+1
750.38	1.699E+1
750.68	-6.311E+1
750.99	-3.155E+1
751.30	4.854E+1
751.60	2.184E+1
751.91	-4.126E+1
752.22	-6.554E+1
752.52	8.010E+1
752.83	4.854E+0
753.14	-8.738E+1
753.44	1.214E+1
753.75	8.738E+1
754.05	-5.340E+1
754.36	-2.184E+1
754.67	-1.942E+1
754.97	-8.495E+1
755.28	0.000E+0
755.58	-2.184E+1
755.89	7.282E+0
756.19	-9.223E+1
756.50	-1.456E+1
756.81	3.398E+1
757.11	-7.282E+0
757.42	7.282E+0
757.72	6.068E+1
758.03	-6.068E+1
758.33	-2.427E+0
758.64	7.767E+1
758.94	-2.670E+1
759.25	-8.738E+1
759.55	-1.699E+1
759.86	3.641E+1
760.16	-4.854E+0
760.47	3.398E+1
760.77	-1.505E+2
761.08	-2.913E+1
761.38	-9.709E+0
761.69	-3.641E+1
761.99	5.097E+1
762.30	2.184E+1
762.60	-3.398E+1
762.91	-2.427E+1
763.21	8.981E+1
763.51	-7.524E+1
763.82	2.670E+1
764.12	2.427E+0
764.43	7.282E+0
764.73	4.369E+1
765.04	5.825E+1
765.34	3.155E+1
765.64	2.427E+1
765.95	1.699E+1
766.25	2.184E+1
766.56	-7.767E+1
766.86	1.019E+2
767.16	-1.699E+1
767.47	-1.699E+1
767.77	-5.340E+1
768.07	4.369E+1
768.38	1.699E+1
768.68	-2.184E+1
768.98	-8.495E+1
769.29	7.524E+1
769.59	-6.554E+1
769.89	2.427E+1
770.20	6.554E+1
770.50	2.670E+1
770.80	-3.884E+1
771.11	-5.340E+1
771.41	3.155E+1
771.71	1.286E+2
772.02	-1.456E+1
772.32	-7.767E+1
772.62	-1.214E+1
772.93	-4.854E+1
773.23	1.408E+2
773.53	3.641E+1
773.83	9.223E+1
774.14	3.641E+1
774.44	0.000E+0
774.74	6.068E+1
775.04	8.253E+1
775.35	5.097E+1
775.65	-6.554E+1
775.95	6.796E+1
776.25	7.282E+1
776.55	-7.282E+0
776.86	-3.398E+1
777.16	3.884E+1
777.46	8.253E+1
777.76	6.068E+1
778.06	-2.913E+1
778.37	2.184E+1
778.67	-2.913E+1
778.97	1.481E+2
779.27	-8.253E+1
779.57	6.311E+1
779.88	3.398E+1
780.18	-1.456E+1
780.48	6.311E+1
780.78	-2.184E+1
781.08	7.039E+1
781.38	-4.612E+1
781.68	-2.670E+1
781.98	9.466E+1
782.29	-9.709E+0
782.59	8.253E+1
782.89	-3.155E+1
783.19	9.709E+0
783.49	-6.311E+1
783.79	4.369E+1
784.09	-2.670E+1
784.39	1.214E+1
784.69	1.942E+1
784.99	-6.554E+1
785.30	-5.583E+1
785.60	3.641E+1
785.90	8.495E+1
786.20	3.398E+1
786.50	-3.641E+1
786.80	-6.796E+1
787.10	1.942E+1
787.40	1.044E+2
787.70	8.010E+1
788.00	8.010E+1
788.30	-9.709E+0
788.60	-9.709E+0
788.90	-1.699E+1
789.20	-8.010E+1
789.50	4.369E+1
789.80	-3.884E+1
790.10	2.913E+1
790.40	-1.214E+1
790.70	-7.282E+0
791.00	1.214E+1
791.30	-6.311E+1
791.60	-1.942E+1
791.90	-4.369E+1
792.20	-1.214E+1
792.50	-6.796E+1
792.79	1.238E+2
793.09	-4.854E+0
793.39	-4.612E+1
793.69	8.253E+1
793.99	-1.942E+1
794.29	2.670E+1
794.59	4.612E+1
794.89	1.214E+1
795.19	8.495E+1
795.49	5.340E+1
795.79	9.952E+1
796.08	-3.398E+1
796.38	9.952E+1
796.68	-3.641E+1
796.98	-5.097E+1
797.28	-7.524E+1
797.58	-4.126E+1
797.88	-2.427E+0
798.17	1.214E+1
798.47	9.952E+1
798.77	-1.214E+1
799.07	-9.709E+0
799.37	4.612E+1
799.67	-1.699E+1
799.96	1.699E+1
800.26	-3.155E+1
800.56	6.311E+1
800.86	9.709E+0
801.16	-6.068E+1
801.45	1.699E+1
801.75	-9.709E+0
802.05	-7.039E+1
802.35	-4.854E+1
802.64	2.427E+0
802.94	-6.554E+1
803.24	2.913E+1
803.54	1.092E+2
803.83	-1.942E+1
804.13	4.854E+0
804.43	1.165E+2
804.73	-4.854E+1
805.02	-8.253E+1
805.32	9.709E+0
805.62	7.524E+1
805.91	-4.854E+0
806.21	-4.854E+1
806.51	8.981E+1
806.81	3.884E+1
807.10	-1.044E+2
807.40	-3.641E+1
807.70	-7.282E+1
807.99	1.699E+1
808.29	-4.854E+1
808.59	0.000E+0
808.88	7.524E+1
809.18	1.189E+2
809.47	8.253E+1
809.77	0.000E+0
810.07	-2.913E+1
810.36	-9.466E+1
810.66	2.427E+1
810.96	-6.554E+1
811.25	9.709E+1
811.55	3.884E+1
811.84	-5.825E+1
812.14	-5.097E+1
812.44	3.884E+1
812.73	8.738E+1
813.03	3.884E+1
813.32	1.456E+1
813.62	-4.126E+1
813.91	-9.709E+0
814.21	4.369E+1
814.51	-9.709E+1
814.80	7.282E+0
815.10	3.398E+1
815.39	-1.456E+1
815.69	-3.155E+1
815.98	-1.019E+2
816.28	1.699E+1
816.57	3.155E+1
816.87	-5.097E+1
817.16	8.253E+1
817.46	-1.044E+2
817.75	7.039E+1
818.05	-4.854E+0
818.34	1.214E+1
818.64	6.554E+1
818.93	7.767E+1
819.23	1.165E+2
819.52	2.184E+1
819.82	-4.369E+1
820.11	6.068E+1
820.40	-2.913E+1
820.70	4.854E+1
820.99	1.092E+2
821.29	-8.010E+1
821.58	1.262E+2
821.88	8.253E+1
822.17	1.602E+2
822.46	1.165E+2
822.76	-2.427E+0
823.05	9.709E+1
823.35	-1.699E+1
823.64	-1.699E+1
823.93	4.854E+1
824.23	1.019E+2
824.52	7.767E+1
824.81	-9.709E+1
825.11	3.398E+1
825.40	1.214E+2
825.69	2.670E+1
825.99	1.942E+1
826.28	-7.282E+1
826.58	4.612E+1
826.87	2.670E+1
827.16	1.456E+1
827.45	1.942E+1
827.75	-7.282E+0
828.04	-5.825E+1
828.33	2.670E+1
828.63	6.554E+1
828.92	2.913E+1
829.21	2.427E+0
829.51	-1.456E+1
829.80	-2.184E+1
830.09	-6.796E+1
830.38	-9.709E+1
830.68	-3.155E+1
830.97	3.155E+1
831.26	0.000E+0
831.55	9.709E+0
831.85	7.282E+1
832.14	7.282E+0
832.43	-2.427E+1
832.72	9.709E+1
833.01	-9.709E+0
833.31	3.155E+1
833.60	9.709E+1
833.89	-4.126E+1
834.18	-1.942E+1
834.47	5.340E+1
834.77	7.282E+0
835.06	-1.456E+1
835.35	5.825E+1
835.64	3.884E+1
835.93	3.155E+1
836.22	1.214E+1
836.52	-3.155E+1
836.81	1.456E+1
837.10	-1.456E+1
837.39	7.524E+1
837.68	4.854E+1
837.97	-7.039E+1
838.26	-3.155E+1
838.55	-3.155E+1
838.85	4.854E+0
839.14	5.340E+1
839.43	-4.126E+1
839.72	4.126E+1
840.01	9.709E+0
840.30	-8.010E+1
840.59	-8.010E+1
840.88	-4.854E+0
841.17	-1.456E+1
841.46	1.456E+1
841.75	-6.311E+1
842.04	2.427E+0
842.33	-2.427E+0
842.62	-4.612E+1
842.91	2.184E+1
843.21	2.184E+1
843.50	6.068E+1
843.79	3.398E+1
844.08	-4.854E+0
844.37	-3.155E+1
844.66	1.456E+1
844.95	3.155E+1
845.24	-2.184E+1
845.53	1.286E+2
845.81	-1.942E+1
846.10	1.214E+1
846.39	4.854E+0
846.68	-1.942E+1
846.97	-2.427E+1
847.26	-3.398E+1
847.55	-2.184E+1
847.84	4.612E+1
848.13	-1.068E+2
848.42	-1.699E+1
848.71	7.282E+0
849.00	1.699E+1
849.29	1.068E+2
849.58	-6.796E+1
849.87	4.369E+1
850.15	2.184E+1
850.44	-1.214E+1
850.73	-4.369E+1
851.02	-7.767E+1
851.31	2.670E+1
851.60	-5.825E+1
851.89	-4.612E+1
852.18	6.068E+1
852.46	-3.398E+1
852.75	5.097E+1
853.04	1.942E+1
853.33	6.554E+1
853.62	-5.825E+1
853.91	-2.427E+0
854.19	5.097E+1
854.48	1.456E+1
854.77	-2.427E+1
855.06	-2.427E+1
855.35	4.126E+1
855.63	9.952E+1
855.92	1.214E+1
856.21	-6.068E+1
856.50	-4.612E+1
856.79	1.214E+1
857.07	-9.709E+0
857.36	-3.641E+1
857.65	-9.709E+1
857.94	2.427E+1
858.22	7.039E+1
858.51	-4.854E+0
858.80	1.456E+1
859.08	-1.942E+1
859.37	2.184E+1
859.66	-4.612E+1
859.95	-1.214E+1
860.23	-4.126E+1
860.52	6.311E+1
860.81	3.398E+1
861.09	-1.699E+1
861.38	-7.282E+0
861.67	-1.699E+1
861.95	-2.184E+1
862.24	-7.282E+0
862.53	8.253E+1
862.81	4.854E+1
863.10	-1.165E+2
863.39	-7.282E+0
863.67	6.796E+1
863.96	-7.282E+0
864.25	-6.311E+1
864.53	4.369E+1
864.82	1.456E+1
865.10	-3.884E+1
865.39	-7.282E+0
865.68	1.529E+2
865.96	2.670E+1
866.25	4.612E+1
866.53	4.612E+1
866.82	4.612E+1