Wavelength	Intensity	Ocean Optics Flame
nm	counts
187.89	-4.369E+1
188.27	-1.942E+1
188.64	-4.126E+1
189.02	4.854E+0
189.40	-2.184E+1
189.78	2.427E+0
190.15	-4.854E+0
190.53	1.044E+2
190.91	-4.126E+1
191.29	1.553E+2
191.66	6.554E+1
192.04	-7.282E+0
192.42	3.155E+1
192.80	9.709E+0
193.17	-1.942E+1
193.55	-4.126E+1
193.93	2.670E+1
194.30	-2.427E+0
194.68	3.884E+1
195.06	-2.913E+1
195.44	-4.612E+1
195.81	-2.184E+1
196.19	4.126E+1
196.57	9.709E+0
196.94	8.738E+1
197.32	-4.854E+1
197.70	-7.282E+0
198.07	-4.854E+1
198.45	-3.884E+1
198.83	-1.456E+1
199.20	1.019E+2
199.58	3.398E+1
199.96	3.884E+1
200.33	6.311E+1
200.71	7.282E+0
201.09	5.097E+1
201.46	-5.583E+1
201.84	0.000E+0
202.22	7.039E+1
202.59	5.583E+1
202.97	3.641E+1
203.34	-2.670E+1
203.72	4.369E+1
204.10	6.554E+1
204.47	7.282E+0
204.85	-7.282E+0
205.23	5.583E+1
205.60	7.524E+1
205.98	6.068E+1
206.35	7.767E+1
206.73	-2.913E+1
207.11	8.010E+1
207.48	-3.398E+1
207.86	4.854E+0
208.23	2.427E+1
208.61	1.942E+1
208.98	-6.554E+1
209.36	8.981E+1
209.74	3.641E+1
210.11	8.010E+1
210.49	3.884E+1
210.86	2.913E+1
211.24	-1.699E+1
211.61	2.913E+1
211.99	-7.282E+0
212.36	3.884E+1
212.74	8.253E+1
213.11	4.612E+1
213.49	2.913E+1
213.87	5.825E+1
214.24	5.825E+1
214.62	3.155E+1
214.99	-1.214E+1
215.37	4.369E+1
215.74	3.398E+1
216.12	-1.456E+1
216.49	8.981E+1
216.87	5.340E+1
217.24	1.092E+2
217.62	2.427E+0
217.99	6.554E+1
218.37	7.282E+1
218.74	8.981E+1
219.11	-1.699E+1
219.49	0.000E+0
219.86	2.913E+1
220.24	-3.155E+1
220.61	9.952E+1
220.99	2.427E+1
221.36	7.282E+1
221.74	9.709E+0
222.11	-2.427E+1
222.49	-4.126E+1
222.86	1.214E+1
223.23	-2.184E+1
223.61	1.019E+2
223.98	3.641E+1
224.36	7.524E+1
224.73	7.039E+1
225.11	-5.825E+1
225.48	-6.554E+1
225.85	6.796E+1
226.23	-4.126E+1
226.60	2.184E+1
226.98	4.369E+1
227.35	1.262E+2
227.72	-4.369E+1
228.10	1.214E+1
228.47	9.709E+0
228.84	2.184E+1
229.22	-1.456E+1
229.59	6.068E+1
229.97	2.184E+1
230.34	4.854E+1
230.71	-4.612E+1
231.09	-5.583E+1
231.46	-2.670E+1
231.83	-6.068E+1
232.21	9.223E+1
232.58	1.602E+2
232.95	1.214E+1
233.33	1.214E+1
233.70	1.456E+1
234.07	5.097E+1
234.45	-2.670E+1
234.82	2.913E+1
235.19	4.854E+0
235.57	-8.495E+1
235.94	5.097E+1
236.31	1.189E+2
236.69	1.359E+2
237.06	-3.641E+1
237.43	8.495E+1
237.80	3.641E+1
238.18	-2.913E+1
238.55	-7.282E+1
238.92	2.427E+1
239.30	6.796E+1
239.67	-2.670E+1
240.04	-1.942E+1
240.41	4.612E+1
240.79	-4.612E+1
241.16	0.000E+0
241.53	-2.184E+1
241.90	-5.825E+1
242.28	-4.854E+0
242.65	6.311E+1
243.02	3.398E+1
243.39	-9.466E+1
243.77	-1.068E+2
244.14	8.981E+1
244.51	7.039E+1
244.88	4.126E+1
245.25	4.369E+1
245.63	-1.942E+1
246.00	-6.068E+1
246.37	3.155E+1
246.74	2.427E+0
247.11	1.820E+2
247.49	2.913E+1
247.86	1.699E+1
248.23	3.398E+1
248.60	4.612E+1
248.97	6.311E+1
249.35	4.854E+1
249.72	-7.282E+1
250.09	-2.427E+0
250.46	2.427E+1
250.83	3.641E+1
251.20	1.456E+1
251.58	-4.612E+1
251.95	2.427E+1
252.32	9.466E+1
252.69	-4.854E+0
253.06	8.010E+1
253.43	-2.670E+1
253.80	4.612E+1
254.17	7.767E+1
254.55	-2.670E+1
254.92	1.699E+1
255.29	2.427E+1
255.66	-3.641E+1
256.03	3.398E+1
256.40	1.214E+1
256.77	1.044E+2
257.14	-8.010E+1
257.51	-6.311E+1
257.88	4.612E+1
258.26	7.282E+0
258.63	4.854E+0
259.00	7.282E+0
259.37	2.670E+1
259.74	-2.427E+0
260.11	1.141E+2
260.48	-3.155E+1
260.85	3.155E+1
261.22	2.184E+1
261.59	1.262E+2
261.96	1.335E+2
262.33	7.282E+0
262.70	-3.398E+1
263.07	4.854E+1
263.44	-2.427E+1
263.81	-3.398E+1
264.18	1.214E+1
264.55	2.184E+1
264.92	9.709E+0
265.29	8.981E+1
265.66	-2.184E+1
266.03	8.253E+1
266.40	4.854E+1
266.77	5.825E+1
267.14	5.825E+1
267.51	4.854E+1
267.88	2.184E+1
268.25	4.854E+1
268.62	5.825E+1
268.99	-9.709E+0
269.36	-4.369E+1
269.73	8.981E+1
270.10	-3.884E+1
270.47	8.253E+1
270.84	6.311E+1
271.21	7.524E+1
271.58	3.155E+1
271.95	9.709E+1
272.32	1.481E+2
272.69	3.641E+1
273.06	-1.456E+1
273.43	-9.709E+0
273.80	-2.913E+1
274.17	9.223E+1
274.53	2.184E+1
274.90	-2.184E+1
275.27	3.398E+1
275.64	1.068E+2
276.01	2.427E+0
276.38	2.913E+1
276.75	5.825E+1
277.12	-1.189E+2
277.49	-1.456E+1
277.86	-5.583E+1
278.22	8.738E+1
278.59	6.796E+1
278.96	6.554E+1
279.33	6.068E+1
279.70	-4.126E+1
280.07	-5.340E+1
280.44	1.942E+1
280.80	4.854E+0
281.17	7.282E+1
281.54	-1.699E+1
281.91	3.155E+1
282.28	-4.854E+1
282.65	8.981E+1
283.02	-7.282E+0
283.38	1.942E+1
283.75	-3.641E+1
284.12	-4.854E+0
284.49	1.456E+1
284.86	9.709E+0
285.22	2.913E+1
285.59	4.854E+0
285.96	2.184E+1
286.33	2.670E+1
286.70	5.340E+1
287.06	-3.398E+1
287.43	-2.670E+1
287.80	-8.010E+1
288.17	4.126E+1
288.53	7.282E+0
288.90	3.155E+1
289.27	0.000E+0
289.64	1.699E+1
290.01	1.699E+1
290.37	-4.369E+1
290.74	-9.709E+0
291.11	4.854E+0
291.48	0.000E+0
291.84	9.709E+0
292.21	-2.184E+1
292.58	-8.253E+1
292.94	2.427E+0
293.31	-3.398E+1
293.68	2.913E+1
294.05	4.126E+1
294.41	2.184E+1
294.78	-5.825E+1
295.15	-9.952E+1
295.51	1.456E+1
295.88	3.155E+1
296.25	-2.427E+0
296.61	1.942E+1
296.98	6.311E+1
297.35	-6.554E+1
297.72	5.825E+1
298.08	-1.942E+1
298.45	4.369E+1
298.82	2.670E+1
299.18	-2.184E+1
299.55	-3.398E+1
299.91	7.767E+1
300.28	4.612E+1
300.65	4.854E+0
301.01	4.126E+1
301.38	-5.097E+1
301.75	3.398E+1
302.11	1.456E+1
302.48	7.039E+1
302.85	6.796E+1
303.21	4.854E+0
303.58	7.282E+0
303.94	1.578E+2
304.31	6.796E+1
304.68	-4.854E+0
305.04	1.238E+2
305.41	1.456E+1
305.77	-2.913E+1
306.14	7.282E+1
306.51	-4.126E+1
306.87	7.282E+0
307.24	3.155E+1
307.60	-9.709E+0
307.97	1.699E+1
308.33	4.369E+1
308.70	0.000E+0
309.07	7.039E+1
309.43	5.825E+1
309.80	-6.796E+1
310.16	4.126E+1
310.53	4.854E+1
310.89	1.456E+1
311.26	5.825E+1
311.62	4.854E+1
311.99	-1.214E+1
312.35	-1.456E+1
312.72	6.554E+1
313.08	1.408E+2
313.45	1.456E+1
313.81	4.369E+1
314.18	-2.427E+0
314.54	5.097E+1
314.91	1.214E+1
315.27	2.427E+0
315.64	-3.641E+1
316.00	4.854E+1
316.37	-1.699E+1
316.73	7.767E+1
317.10	1.942E+1
317.46	5.340E+1
317.83	1.651E+2
318.19	2.427E+1
318.56	0.000E+0
318.92	4.854E+0
319.28	-5.097E+1
319.65	9.709E+1
320.01	3.155E+1
320.38	8.253E+1
320.74	5.097E+1
321.11	2.427E+0
321.47	-4.854E+1
321.83	5.097E+1
322.20	-2.670E+1
322.56	5.583E+1
322.93	-2.427E+0
323.29	9.709E+0
323.66	-3.398E+1
324.02	-1.044E+2
324.38	-3.884E+1
324.75	7.282E+0
325.11	0.000E+0
325.47	-7.524E+1
325.84	1.942E+1
326.20	4.369E+1
326.57	4.854E+0
326.93	6.311E+1
327.29	-3.155E+1
327.66	5.825E+1
328.02	-2.184E+1
328.38	1.238E+2
328.75	2.427E+0
329.11	6.796E+1
329.47	3.398E+1
329.84	1.214E+2
330.20	2.913E+1
330.56	8.495E+1
330.93	3.398E+1
331.29	3.641E+1
331.65	5.583E+1
332.02	6.311E+1
332.38	-2.913E+1
332.74	7.282E+0
333.10	-3.155E+1
333.47	6.068E+1
333.83	5.097E+1
334.19	-4.854E+0
334.56	-6.068E+1
334.92	5.340E+1
335.28	-7.282E+0
335.64	8.253E+1
336.01	-3.641E+1
336.37	9.709E+0
336.73	-2.184E+1
337.09	7.282E+0
337.46	2.670E+1
337.82	-7.282E+0
338.18	0.000E+0
338.54	2.670E+1
338.91	0.000E+0
339.27	1.699E+1
339.63	1.456E+1
339.99	-9.709E+1
340.36	9.952E+1
340.72	1.942E+1
341.08	-2.670E+1
341.44	1.529E+2
341.80	-1.456E+1
342.17	-6.068E+1
342.53	5.340E+1
342.89	3.155E+1
343.25	-6.554E+1
343.61	-4.126E+1
343.98	2.427E+0
344.34	3.155E+1
344.70	6.554E+1
345.06	-1.456E+1
345.42	-3.155E+1
345.78	1.456E+1
346.14	4.612E+1
346.51	2.913E+1
346.87	6.554E+1
347.23	1.432E+2
347.59	3.641E+1
347.95	-4.854E+1
348.31	-9.709E+0
348.67	-4.854E+0
349.04	1.214E+1
349.40	8.738E+1
349.76	-4.854E+0
350.12	5.825E+1
350.48	3.155E+1
350.84	1.335E+2
351.20	2.427E+1
351.56	2.184E+1
351.92	7.282E+1
352.28	5.340E+1
352.65	4.854E+0
353.01	-6.068E+1
353.37	-3.884E+1
353.73	-1.699E+1
354.09	-4.612E+1
354.45	-2.184E+1
354.81	3.155E+1
355.17	6.311E+1
355.53	-8.010E+1
355.89	-8.495E+1
356.25	1.214E+1
356.61	1.723E+2
356.97	1.141E+2
357.33	7.767E+1
357.69	6.796E+1
358.05	9.466E+1
358.41	5.583E+1
358.77	-5.583E+1
359.13	1.117E+2
359.49	1.262E+2
359.85	1.141E+2
360.21	-2.913E+1
360.57	2.184E+1
360.93	-8.010E+1
361.29	1.019E+2
361.65	-1.699E+1
362.01	2.913E+1
362.37	-4.612E+1
362.73	5.825E+1
363.09	-5.583E+1
363.45	-3.398E+1
363.81	2.427E+1
364.17	1.214E+1
364.53	1.019E+2
364.89	4.854E+0
365.25	9.952E+1
365.61	2.184E+1
365.97	-1.942E+1
366.33	1.699E+1
366.69	3.641E+1
367.05	7.282E+0
367.40	-7.039E+1
367.76	8.738E+1
368.12	-5.340E+1
368.48	6.068E+1
368.84	3.398E+1
369.20	1.456E+1
369.56	2.427E+1
369.92	4.126E+1
370.28	-2.427E+0
370.63	2.427E+0
370.99	-1.214E+1
371.35	2.184E+1
371.71	-4.854E+0
372.07	-9.709E+0
372.43	-1.262E+2
372.79	3.884E+1
373.15	-3.398E+1
373.50	-1.238E+2
373.86	3.398E+1
374.22	-4.854E+0
374.58	-9.709E+0
374.94	2.670E+1
375.30	-4.854E+1
375.65	5.097E+1
376.01	2.184E+1
376.37	2.427E+1
376.73	4.854E+0
377.09	-6.796E+1
377.44	1.189E+2
377.80	1.286E+2
378.16	7.524E+1
378.52	7.039E+1
378.88	7.767E+1
379.23	9.709E+1
379.59	9.952E+1
379.95	1.335E+2
380.31	-3.641E+1
380.66	2.427E+1
381.02	-8.253E+1
381.38	2.427E+0
381.74	-5.340E+1
382.09	-5.825E+1
382.45	7.282E+0
382.81	1.214E+1
383.17	-2.427E+1
383.52	6.554E+1
383.88	5.340E+1
384.24	2.427E+1
384.60	8.495E+1
384.95	7.524E+1
385.31	-1.214E+1
385.67	-1.286E+2
386.02	6.068E+1
386.38	6.311E+1
386.74	-8.981E+1
387.10	8.981E+1
387.45	4.854E+1
387.81	-9.466E+1
388.17	-4.126E+1
388.52	-4.126E+1
388.88	6.554E+1
389.24	-9.709E+0
389.59	6.796E+1
389.95	-2.427E+1
390.31	1.262E+2
390.66	2.427E+0
391.02	3.398E+1
391.38	2.427E+1
391.73	4.612E+1
392.09	4.854E+1
392.44	4.854E+0
392.80	7.039E+1
393.16	6.068E+1
393.51	2.913E+1
393.87	1.942E+1
394.23	-1.214E+1
394.58	8.253E+1
394.94	9.709E+0
395.29	2.427E+1
395.65	3.398E+1
396.01	6.311E+1
396.36	-8.010E+1
396.72	3.398E+1
397.07	1.699E+1
397.43	6.068E+1
397.78	7.039E+1
398.14	5.825E+1
398.50	8.495E+1
398.85	9.709E+0
399.21	2.427E+1
399.56	1.456E+2
399.92	3.398E+1
400.27	0.000E+0
400.63	-6.796E+1
400.98	-2.670E+1
401.34	1.456E+1
401.69	3.641E+1
402.05	8.738E+1
402.40	9.223E+1
402.76	4.854E+1
403.11	-8.010E+1
403.47	-7.767E+1
403.82	-2.427E+1
404.18	-8.010E+1
404.53	9.709E+0
404.89	2.427E+0
405.24	8.738E+1
405.60	-3.155E+1
405.95	3.155E+1
406.31	2.913E+1
406.66	1.699E+1
407.02	5.340E+1
407.37	4.126E+1
407.73	3.398E+1
408.08	5.340E+1
408.44	6.796E+1
408.79	1.214E+1
409.14	-4.369E+1
409.50	-7.282E+0
409.85	-5.097E+1
410.21	-9.709E+0
410.56	-5.583E+1
410.92	-1.699E+1
411.27	3.398E+1
411.62	8.253E+1
411.98	-5.825E+1
412.33	-1.942E+1
412.69	1.044E+2
413.04	-7.282E+0
413.39	5.583E+1
413.75	3.398E+1
414.10	-4.854E+1
414.45	4.369E+1
414.81	8.010E+1
415.16	-5.097E+1
415.52	8.010E+1
415.87	1.942E+1
416.22	2.184E+1
416.58	1.699E+1
416.93	1.942E+1
417.28	1.214E+1
417.64	1.456E+1
417.99	4.369E+1
418.34	0.000E+0
418.70	1.456E+1
419.05	-2.427E+1
419.40	-8.495E+1
419.76	7.039E+1
420.11	5.340E+1
420.46	2.670E+1
420.81	1.214E+1
421.17	-7.282E+0
421.52	-1.214E+1
421.87	-3.641E+1
422.23	-3.155E+1
422.58	1.092E+2
422.93	-8.981E+1
423.28	3.155E+1
423.64	1.044E+2
423.99	6.796E+1
424.34	7.282E+1
424.69	7.767E+1
425.05	0.000E+0
425.40	5.097E+1
425.75	4.854E+0
426.10	-5.583E+1
426.46	3.884E+1
426.81	-9.709E+1
427.16	1.214E+1
427.51	8.495E+1
427.87	-5.825E+1
428.22	-3.884E+1
428.57	-2.913E+1
428.92	-3.641E+1
429.27	-3.884E+1
429.63	-9.709E+0
429.98	1.408E+2
430.33	9.223E+1
430.68	4.854E+0
431.03	5.825E+1
431.38	3.398E+1
431.74	-2.670E+1
432.09	-2.427E+0
432.44	-4.126E+1
432.79	3.884E+1
433.14	7.524E+1
433.49	-1.117E+2
433.85	2.427E+0
434.20	-2.670E+1
434.55	1.456E+1
434.90	7.282E+1
435.25	-6.068E+1
435.60	4.854E+1
435.95	-2.184E+1
436.30	5.583E+1
436.66	-4.126E+1
437.01	2.913E+1
437.36	-6.796E+1
437.71	-7.039E+1
438.06	-2.427E+1
438.41	-4.369E+1
438.76	4.854E+0
439.11	0.000E+0
439.46	7.282E+0
439.81	-2.670E+1
440.16	-2.670E+1
440.52	-1.214E+1
440.87	7.282E+1
441.22	3.155E+1
441.57	5.583E+1
441.92	2.427E+1
442.27	-4.854E+1
442.62	3.155E+1
442.97	4.854E+0
443.32	3.398E+1
443.67	-9.952E+1
444.02	8.738E+1
444.37	-5.097E+1
444.72	2.427E+0
445.07	4.612E+1
445.42	-7.282E+1
445.77	3.398E+1
446.12	-3.398E+1
446.47	-7.039E+1
446.82	4.854E+0
447.17	1.214E+1
447.52	6.068E+1
447.87	3.155E+1
448.22	1.456E+1
448.57	3.155E+1
448.92	4.854E+1
449.27	8.738E+1
449.62	-1.942E+1
449.97	6.554E+1
450.32	2.427E+1
450.66	1.942E+1
451.01	-1.456E+1
451.36	9.223E+1
451.71	4.854E+0
452.06	8.495E+1
452.41	-8.253E+1
452.76	-1.214E+1
453.11	8.495E+1
453.46	-4.612E+1
453.81	1.092E+2
454.16	6.554E+1
454.51	8.738E+1
454.85	9.466E+1
455.20	7.767E+1
455.55	5.583E+1
455.90	-4.612E+1
456.25	0.000E+0
456.60	5.097E+1
456.95	1.456E+1
457.30	2.670E+1
457.64	7.524E+1
457.99	4.854E+0
458.34	-7.767E+1
458.69	7.039E+1
459.04	6.796E+1
459.39	-2.427E+1
459.73	-1.699E+1
460.08	-3.884E+1
460.43	7.039E+1
460.78	9.709E+1
461.13	-3.155E+1
461.48	2.427E+1
461.82	9.709E+0
462.17	5.583E+1
462.52	-2.913E+1
462.87	7.039E+1
463.21	-1.699E+1
463.56	0.000E+0
463.91	4.854E+1
464.26	-4.854E+0
464.61	1.214E+1
464.95	-8.010E+1
465.30	0.000E+0
465.65	1.942E+1
466.00	-1.699E+1
466.34	1.117E+2
466.69	1.019E+2
467.04	1.456E+1
467.39	-4.854E+0
467.73	0.000E+0
468.08	1.699E+1
468.43	4.126E+1
468.77	-3.155E+1
469.12	1.335E+2
469.47	-9.709E+0
469.82	-4.369E+1
470.16	3.398E+1
470.51	1.214E+1
470.86	-2.427E+1
471.20	-9.709E+0
471.55	2.670E+1
471.90	-2.184E+1
472.24	-1.214E+1
472.59	3.155E+1
472.94	5.340E+1
473.28	7.524E+1
473.63	-9.709E+0
473.98	-3.398E+1
474.32	1.456E+1
474.67	-1.699E+1
475.02	-9.709E+0
475.36	2.427E+1
475.71	9.466E+1
476.06	1.214E+1
476.40	7.524E+1
476.75	6.796E+1
477.09	2.427E+0
477.44	-2.184E+1
477.79	6.554E+1
478.13	1.214E+1
478.48	-1.942E+1
478.82	4.854E+0
479.17	-5.825E+1
479.52	-1.699E+1
479.86	3.641E+1
480.21	2.427E+1
480.55	2.670E+1
480.90	-3.884E+1
481.24	1.335E+2
481.59	1.942E+1
481.94	-9.952E+1
482.28	1.699E+1
482.63	7.282E+1
482.97	4.854E+1
483.32	1.068E+2
483.66	-8.010E+1
484.01	6.068E+1
484.35	5.583E+1
484.70	4.854E+0
485.04	4.369E+1
485.39	-2.427E+0
485.73	9.223E+1
486.08	-3.641E+1
486.42	-1.214E+1
486.77	7.282E+0
487.11	2.670E+1
487.46	-8.010E+1
487.80	-4.854E+0
488.15	0.000E+0
488.49	-7.039E+1
488.84	1.214E+1
489.18	1.335E+2
489.53	-2.427E+0
489.87	2.427E+1
490.21	8.253E+1
490.56	-7.282E+0
490.90	6.068E+1
491.25	7.039E+1
491.59	-5.097E+1
491.94	3.155E+1
492.28	1.044E+2
492.62	-3.641E+1
492.97	5.825E+1
493.31	-9.709E+0
493.66	9.952E+1
494.00	4.369E+1
494.34	1.238E+2
494.69	-4.854E+0
495.03	2.427E+1
495.38	4.612E+1
495.72	-2.670E+1
496.06	-4.854E+0
496.41	-3.641E+1
496.75	-5.583E+1
497.09	1.456E+1
497.44	2.184E+1
497.78	-6.554E+1
498.13	-5.825E+1
498.47	1.214E+1
498.81	-2.427E+0
499.16	6.311E+1
499.50	9.709E+0
499.84	5.825E+1
500.19	4.369E+1
500.53	-7.282E+0
500.87	5.583E+1
501.21	-1.942E+1
501.56	-4.369E+1
501.90	7.282E+0
502.24	5.583E+1
502.59	-2.913E+1
502.93	4.854E+1
503.27	-4.126E+1
503.61	1.942E+1
503.96	9.709E+1
504.30	0.000E+0
504.64	1.942E+1
504.99	0.000E+0
505.33	1.214E+2
505.67	-3.398E+1
506.01	-4.854E+1
506.36	8.253E+1
506.70	6.311E+1
507.04	1.214E+1
507.38	2.427E+0
507.72	9.709E+1
508.07	2.427E+0
508.41	-8.495E+1
508.75	-3.398E+1
509.09	-1.699E+1
509.44	-1.942E+1
509.78	5.583E+1
510.12	5.340E+1
510.46	6.554E+1
510.80	0.000E+0
511.14	5.825E+1
511.49	-9.709E+0
511.83	4.612E+1
512.17	-3.884E+1
512.51	2.913E+1
512.85	2.427E+1
513.19	-2.427E+1
513.54	6.796E+1
513.88	3.884E+1
514.22	8.738E+1
514.56	-7.282E+0
514.90	8.495E+1
515.24	-2.427E+1
515.58	6.311E+1
515.93	1.456E+1
516.27	4.854E+0
516.61	-5.340E+1
516.95	1.189E+2
517.29	-2.670E+1
517.63	-9.466E+1
517.97	-4.126E+1
518.31	2.670E+1
518.65	1.019E+2
518.99	2.427E+0
519.33	1.335E+2
519.67	6.796E+1
520.02	1.068E+2
520.36	-1.214E+1
520.70	8.253E+1
521.04	-2.913E+1
521.38	1.456E+1
521.72	-4.854E+0
522.06	-1.699E+1
522.40	2.427E+0
522.74	6.311E+1
523.08	-1.699E+1
523.42	-3.155E+1
523.76	9.709E+0
524.10	-8.738E+1
524.44	3.155E+1
524.78	-4.126E+1
525.12	-1.699E+1
525.46	9.709E+1
525.80	1.019E+2
526.14	8.981E+1
526.48	4.854E+1
526.82	2.913E+1
527.16	3.398E+1
527.50	5.097E+1
527.84	-7.282E+1
528.18	5.340E+1
528.52	5.825E+1
528.86	9.952E+1
529.20	9.709E+0
529.54	-4.126E+1
529.87	1.699E+1
530.21	-4.854E+1
530.55	6.311E+1
530.89	6.311E+1
531.23	9.223E+1
531.57	-8.495E+1
531.91	-2.913E+1
532.25	7.039E+1
532.59	5.097E+1
532.93	-3.155E+1
533.27	6.068E+1
533.60	7.767E+1
533.94	-4.854E+1
534.28	-2.427E+1
534.62	-9.466E+1
534.96	2.670E+1
535.30	4.369E+1
535.64	3.884E+1
535.98	-5.097E+1
536.31	-8.495E+1
536.65	-5.340E+1
536.99	-4.612E+1
537.33	3.398E+1
537.67	1.942E+1
538.01	2.670E+1
538.34	4.126E+1
538.68	-4.854E+0
539.02	8.010E+1
539.36	-4.369E+1
539.70	-1.699E+1
540.03	-3.398E+1
540.37	-2.670E+1
540.71	6.311E+1
541.05	1.214E+1
541.39	2.670E+1
541.72	-3.155E+1
542.06	-5.583E+1
542.40	-5.097E+1
542.74	1.942E+1
543.07	-2.184E+1
543.41	3.884E+1
543.75	1.286E+2
544.09	-1.456E+1
544.42	5.825E+1
544.76	2.670E+1
545.10	4.369E+1
545.44	-6.311E+1
545.77	1.044E+2
546.11	3.398E+1
546.45	4.854E+0
546.78	-7.524E+1
547.12	7.282E+0
547.46	2.427E+0
547.80	1.092E+2
548.13	-6.554E+1
548.47	-9.466E+1
548.81	5.825E+1
549.14	-4.126E+1
549.48	4.854E+0
549.82	-5.340E+1
550.15	4.126E+1
550.49	0.000E+0
550.83	8.495E+1
551.16	1.044E+2
551.50	-7.282E+0
551.84	0.000E+0
552.17	2.913E+1
552.51	-2.913E+1
552.84	-6.311E+1
553.18	-4.369E+1
553.52	-9.709E+0
553.85	-1.262E+2
554.19	-9.709E+0
554.53	5.097E+1
554.86	1.699E+1
555.20	-2.427E+1
555.53	-3.884E+1
555.87	5.825E+1
556.20	-4.126E+1
556.54	-4.369E+1
556.88	-6.554E+1
557.21	4.369E+1
557.55	4.854E+0
557.88	5.340E+1
558.22	-6.068E+1
558.55	4.854E+1
558.89	-2.184E+1
559.23	6.068E+1
559.56	1.092E+2
559.90	2.670E+1
560.23	-4.854E+0
560.57	1.214E+2
560.90	-9.709E+1
561.24	5.340E+1
561.57	6.311E+1
561.91	4.612E+1
562.24	9.466E+1
562.58	-1.456E+1
562.91	-8.010E+1
563.25	2.670E+1
563.58	-1.214E+1
563.92	2.427E+1
564.25	3.155E+1
564.59	1.214E+1
564.92	1.068E+2
565.25	8.495E+1
565.59	4.126E+1
565.92	-2.427E+1
566.26	6.068E+1
566.59	-1.456E+1
566.93	-4.126E+1
567.26	1.165E+2
567.60	2.670E+1
567.93	8.495E+1
568.26	-7.039E+1
568.60	3.884E+1
568.93	9.709E+1
569.27	1.699E+1
569.60	1.699E+1
569.93	9.709E+0
570.27	-3.884E+1
570.60	2.913E+1
570.94	9.952E+1
571.27	-4.126E+1
571.60	-3.884E+1
571.94	9.709E+0
572.27	-4.369E+1
572.60	2.427E+1
572.94	-4.854E+0
573.27	1.456E+1
573.60	7.767E+1
573.94	2.670E+1
574.27	5.583E+1
574.60	6.068E+1
574.94	2.427E+0
575.27	5.340E+1
575.60	1.699E+1
575.94	-7.282E+0
576.27	8.495E+1
576.60	8.253E+1
576.94	5.097E+1
577.27	8.738E+1
577.60	4.612E+1
577.94	4.612E+1
578.27	1.384E+2
578.60	-1.214E+1
578.93	1.748E+2
579.27	7.524E+1
579.60	7.524E+1
579.93	8.253E+1
580.26	1.019E+2
580.60	2.913E+1
580.93	-4.854E+0
581.26	7.282E+0
581.59	-1.214E+1
581.93	6.554E+1
582.26	8.253E+1
582.59	7.282E+0
582.92	7.282E+1
583.25	5.340E+1
583.59	1.820E+2
583.92	2.015E+2
584.25	8.738E+1
584.58	-8.010E+1
584.91	4.612E+1
585.25	2.039E+2
585.58	1.966E+2
585.91	5.340E+1
586.24	2.160E+2
586.57	1.359E+2
586.90	3.398E+1
587.24	9.223E+1
587.57	2.549E+2
587.90	6.554E+1
588.23	9.709E+1
588.56	1.675E+2
588.89	1.238E+2
589.22	1.820E+2
589.56	7.039E+1
589.89	2.136E+2
590.22	1.286E+2
590.55	1.553E+2
590.88	9.709E+1
591.21	2.063E+2
591.54	2.282E+2
591.87	1.505E+2
592.20	1.214E+2
592.53	2.718E+2
592.87	2.379E+2
593.20	1.723E+2
593.53	2.403E+2
593.86	2.694E+2
594.19	2.330E+2
594.52	2.403E+2
594.85	2.694E+2
595.18	2.403E+2
595.51	2.864E+2
595.84	3.398E+2
596.17	1.796E+2
596.50	3.374E+2
596.83	3.010E+2
597.16	3.762E+2
597.49	4.466E+2
597.82	3.277E+2
598.15	3.592E+2
598.48	3.884E+2
598.81	4.709E+2
599.14	3.447E+2
599.47	4.879E+2
599.80	4.903E+2
600.13	5.534E+2
600.46	5.510E+2
600.79	6.529E+2
601.12	5.364E+2
601.45	4.733E+2
601.78	6.456E+2
602.11	4.612E+2
602.44	5.413E+2
602.77	6.626E+2
603.10	6.287E+2
603.42	7.160E+2
603.75	7.306E+2
604.08	6.214E+2
604.41	7.354E+2
604.74	7.888E+2
605.07	8.325E+2
605.40	8.228E+2
605.73	8.350E+2
606.06	8.277E+2
606.39	9.757E+2
606.71	9.248E+2
607.04	1.087E+3
607.37	1.102E+3
607.70	1.131E+3
608.03	1.250E+3
608.36	1.260E+3
608.69	1.257E+3
609.02	1.274E+3
609.34	1.459E+3
609.67	1.442E+3
610.00	1.507E+3
610.33	1.502E+3
610.66	1.413E+3
610.98	1.651E+3
611.31	1.541E+3
611.64	1.748E+3
611.97	1.782E+3
612.30	1.871E+3
612.63	1.956E+3
612.95	2.027E+3
613.28	1.927E+3
613.61	2.163E+3
613.94	2.308E+3
614.26	2.216E+3
614.59	2.262E+3
614.92	2.541E+3
615.25	2.765E+3
615.57	2.643E+3
615.90	2.777E+3
616.23	2.748E+3
616.56	2.898E+3
616.88	2.874E+3
617.21	3.049E+3
617.54	3.155E+3
617.87	3.272E+3
618.19	3.430E+3
618.52	3.461E+3
618.85	3.587E+3
619.17	3.820E+3
619.50	3.913E+3
619.83	3.888E+3
620.15	4.172E+3
620.48	4.352E+3
620.81	4.260E+3
621.14	4.500E+3
621.46	4.619E+3
621.79	4.799E+3
622.11	4.888E+3
622.44	5.204E+3
622.77	5.269E+3
623.09	5.624E+3
623.42	5.721E+3
623.75	6.007E+3
624.07	6.291E+3
624.40	6.340E+3
624.73	6.549E+3
625.05	6.641E+3
625.38	6.837E+3
625.70	7.092E+3
626.03	7.228E+3
626.36	7.789E+3
626.68	7.821E+3
627.01	8.311E+3
627.33	8.231E+3
627.66	8.711E+3
627.99	9.075E+3
628.31	9.318E+3
628.64	9.665E+3
628.96	1.001E+4
629.29	1.036E+4
629.61	1.098E+4
629.94	1.120E+4
630.26	1.133E+4
630.59	1.194E+4
630.91	1.232E+4
631.24	1.277E+4
631.57	1.312E+4
631.89	1.359E+4
632.22	1.408E+4
632.54	1.461E+4
632.87	1.495E+4
633.19	1.574E+4
633.52	1.629E+4
633.84	1.675E+4
634.16	1.713E+4
634.49	1.769E+4
634.81	1.833E+4
635.14	1.913E+4
635.46	1.938E+4
635.79	2.018E+4
636.11	2.080E+4
636.44	2.133E+4
636.76	2.196E+4
637.09	2.325E+4
637.41	2.375E+4
637.73	2.425E+4
638.06	2.533E+4
638.38	2.614E+4
638.71	2.688E+4
639.03	2.790E+4
639.36	2.844E+4
639.68	2.934E+4
640.00	3.060E+4
640.33	3.137E+4
640.65	3.212E+4
640.97	3.276E+4
641.30	3.353E+4
641.62	3.429E+4
641.95	3.565E+4
642.27	3.651E+4
642.59	3.772E+4
642.92	3.862E+4
643.24	3.922E+4
643.56	4.028E+4
643.89	4.095E+4
644.21	4.234E+4
644.53	4.290E+4
644.86	4.368E+4
645.18	4.485E+4
645.50	4.541E+4
645.83	4.662E+4
646.15	4.789E+4
646.47	4.767E+4
646.80	4.865E+4
647.12	4.964E+4
647.44	5.008E+4
647.76	5.064E+4
648.09	5.118E+4
648.41	5.178E+4
648.73	5.228E+4
649.05	5.282E+4
649.38	5.263E+4
649.70	5.302E+4
650.02	5.329E+4
650.34	5.330E+4
650.67	5.382E+4
650.99	5.383E+4
651.31	5.381E+4
651.63	5.389E+4
651.96	5.384E+4
652.28	5.403E+4
652.60	5.331E+4
652.92	5.283E+4
653.24	5.277E+4
653.57	5.261E+4
653.89	5.175E+4
654.21	5.113E+4
654.53	5.020E+4
654.85	5.055E+4
655.18	4.893E+4
655.50	4.825E+4
655.82	4.757E+4
656.14	4.666E+4
656.46	4.542E+4
656.78	4.389E+4
657.10	4.261E+4
657.43	4.174E+4
657.75	4.071E+4
658.07	3.917E+4
658.39	3.809E+4
658.71	3.677E+4
659.03	3.536E+4
659.35	3.409E+4
659.67	3.282E+4
659.99	3.198E+4
660.32	3.036E+4
660.64	2.891E+4
660.96	2.817E+4
661.28	2.663E+4
661.60	2.586E+4
661.92	2.481E+4
662.24	2.339E+4
662.56	2.242E+4
662.88	2.169E+4
663.20	2.035E+4
663.52	1.954E+4
663.84	1.872E+4
664.16	1.793E+4
664.48	1.708E+4
664.80	1.635E+4
665.12	1.522E+4
665.44	1.507E+4
665.76	1.426E+4
666.08	1.342E+4
666.40	1.273E+4
666.72	1.231E+4
667.04	1.175E+4
667.36	1.118E+4
667.68	1.060E+4
668.00	1.022E+4
668.32	9.689E+3
668.64	9.274E+3
668.96	8.908E+3
669.28	8.427E+3
669.60	8.041E+3
669.92	7.675E+3
670.24	7.294E+3
670.56	6.847E+3
670.88	6.762E+3
671.20	6.265E+3
671.52	5.881E+3
671.84	5.726E+3
672.16	5.430E+3
672.47	5.036E+3
672.79	4.886E+3
673.11	4.469E+3
673.43	4.388E+3
673.75	4.197E+3
674.07	4.070E+3
674.39	3.879E+3
674.71	3.566E+3
675.03	3.563E+3
675.34	3.262E+3
675.66	3.024E+3
675.98	2.949E+3
676.30	2.825E+3
676.62	2.583E+3
676.94	2.573E+3
677.25	2.391E+3
677.57	2.204E+3
677.89	2.204E+3
678.21	1.932E+3
678.53	2.029E+3
678.85	1.925E+3
679.16	1.699E+3
679.48	1.728E+3
679.80	1.476E+3
680.12	1.437E+3
680.44	1.265E+3
680.75	1.359E+3
681.07	1.209E+3
681.39	1.286E+3
681.71	1.136E+3
682.02	1.046E+3
682.34	1.102E+3
682.66	1.041E+3
682.98	9.733E+2
683.29	9.126E+2
683.61	8.204E+2
683.93	8.520E+2
684.25	7.306E+2
684.56	7.282E+2
684.88	6.990E+2
685.20	6.820E+2
685.51	6.796E+2
685.83	5.898E+2
686.15	4.952E+2
686.47	5.728E+2
686.78	5.121E+2
687.10	5.534E+2
687.42	4.976E+2
687.73	4.175E+2
688.05	3.932E+2
688.37	3.617E+2
688.68	4.466E+2
689.00	3.665E+2
689.32	3.689E+2
689.63	3.422E+2
689.95	3.107E+2
690.26	2.282E+2
690.58	2.840E+2
690.90	2.913E+2
691.21	1.772E+2
691.53	1.990E+2
691.85	1.675E+2
692.16	2.621E+2
692.48	1.651E+2
692.79	1.189E+2
693.11	3.034E+2
693.42	1.845E+2
693.74	2.913E+2
694.06	1.456E+2
694.37	1.044E+2
694.69	3.155E+1
695.00	1.019E+2
695.32	1.117E+2
695.63	1.359E+2
695.95	1.141E+2
696.26	5.583E+1
696.58	1.481E+2
696.90	1.286E+2
697.21	1.456E+1
697.53	1.214E+2
697.84	8.738E+1
698.16	1.238E+2
698.47	1.189E+2
698.79	6.554E+1
699.10	1.286E+2
699.42	-8.253E+1
699.73	1.214E+2
700.05	-1.699E+1
700.36	-2.913E+1
700.68	8.010E+1
700.99	1.214E+1
701.30	8.495E+1
701.62	-4.612E+1
701.93	7.282E+1
702.25	5.583E+1
702.56	2.015E+2
702.88	3.641E+1
703.19	1.238E+2
703.50	7.524E+1
703.82	1.311E+2
704.13	9.466E+1
704.45	6.068E+1
704.76	6.068E+1
705.08	-1.214E+1
705.39	5.097E+1
705.70	-2.427E+0
706.02	8.253E+1
706.33	1.626E+2
706.64	7.524E+1
706.96	4.854E+1
707.27	-3.398E+1
707.59	4.126E+1
707.90	9.709E+1
708.21	3.155E+1
708.53	5.825E+1
708.84	-1.699E+1
709.15	-4.854E+0
709.47	1.068E+2
709.78	4.612E+1
710.09	1.456E+1
710.41	9.709E+0
710.72	6.068E+1
711.03	-2.913E+1
711.34	2.427E+1
711.66	-2.427E+0
711.97	-1.942E+1
712.28	4.854E+1
712.60	1.019E+2
712.91	5.097E+1
713.22	-9.709E+1
713.53	5.340E+1
713.85	3.398E+1
714.16	1.044E+2
714.47	-4.369E+1
714.78	-1.942E+1
715.10	3.155E+1
715.41	-4.612E+1
715.72	1.214E+1
716.03	-1.699E+1
716.35	6.796E+1
716.66	1.942E+1
716.97	2.913E+1
717.28	9.709E+0
717.59	-9.709E+1
717.91	-1.456E+1
718.22	7.282E+1
718.53	7.767E+1
718.84	1.359E+2
719.15	6.311E+1
719.46	-5.583E+1
719.78	3.155E+1
720.09	7.767E+1
720.40	9.709E+1
720.71	4.612E+1
721.02	-3.641E+1
721.33	2.913E+1
721.65	1.214E+2
721.96	5.340E+1
722.27	6.554E+1
722.58	8.981E+1
722.89	-9.709E+0
723.20	-1.189E+2
723.51	3.641E+1
723.82	1.189E+2
724.13	1.068E+2
724.45	-6.796E+1
724.76	-1.505E+2
725.07	-2.427E+1
725.38	9.709E+0
725.69	1.456E+1
726.00	5.825E+1
726.31	3.641E+1
726.62	1.092E+2
726.93	-8.253E+1
727.24	-2.427E+0
727.55	-4.854E+0
727.86	4.612E+1
728.17	0.000E+0
728.48	7.039E+1
728.79	-3.155E+1
729.10	8.010E+1
729.41	-2.427E+0
729.72	9.223E+1
730.03	4.854E+0
730.34	2.913E+1
730.65	5.097E+1
730.96	6.554E+1
731.27	-1.214E+1
731.58	8.981E+1
731.89	1.456E+1
732.20	-2.913E+1
732.51	2.913E+1
732.82	1.456E+1
733.13	-6.068E+1
733.44	2.427E+0
733.75	1.311E+2
734.06	1.942E+1
734.37	-1.214E+1
734.68	-4.126E+1
734.98	-4.126E+1
735.29	2.670E+1
735.60	8.253E+1
735.91	8.010E+1
736.22	4.854E+0
736.53	4.126E+1
736.84	-1.699E+1
737.15	-2.670E+1
737.46	2.670E+1
737.77	5.583E+1
738.07	2.427E+0
738.38	-1.456E+1
738.69	-2.427E+0
739.00	-2.184E+1
739.31	-8.495E+1
739.62	9.709E+0
739.92	-1.214E+1
740.23	2.184E+1
740.54	3.884E+1
740.85	-1.214E+1
741.16	-3.884E+1
741.47	-1.189E+2
741.77	-2.427E+0
742.08	-6.796E+1
742.39	2.670E+1
742.70	-1.262E+2
743.01	-1.699E+1
743.31	5.097E+1
743.62	-1.456E+1
743.93	-2.184E+1
744.24	-2.913E+1
744.54	-2.427E+1
744.85	-1.456E+1
745.16	-4.126E+1
745.47	-1.942E+1
745.77	9.709E+0
746.08	1.214E+1
746.39	7.282E+0
746.70	-7.282E+1
747.00	-4.854E+1
747.31	0.000E+0
747.62	-6.796E+1
747.92	4.612E+1
748.23	-2.427E+0
748.54	-4.854E+1
748.84	5.825E+1
749.15	9.709E+0
749.46	-1.699E+1
749.76	1.214E+1
750.07	4.854E+0
750.38	1.456E+1
750.68	9.709E+0
750.99	-6.068E+1
751.30	3.884E+1
751.60	5.583E+1
751.91	4.126E+1
752.22	9.223E+1
752.52	-2.427E+1
752.83	3.884E+1
753.14	-7.039E+1
753.44	1.019E+2
753.75	4.126E+1
754.05	1.699E+1
754.36	1.456E+1
754.67	9.466E+1
754.97	7.282E+0
755.28	1.942E+1
755.58	3.155E+1
755.89	1.141E+2
756.19	1.214E+1
756.50	-2.427E+0
756.81	-6.311E+1
757.11	1.044E+2
757.42	1.699E+1
757.72	6.068E+1
758.03	-1.214E+2
758.33	6.068E+1
758.64	7.767E+1
758.94	-1.311E+2
759.25	1.214E+1
759.55	-1.214E+1
759.86	-6.554E+1
760.16	9.709E+0
760.47	7.282E+0
760.77	9.709E+0
761.08	-1.942E+1
761.38	5.340E+1
761.69	0.000E+0
761.99	5.340E+1
762.30	1.262E+2
762.60	3.884E+1
762.91	3.155E+1
763.21	-2.427E+1
763.51	-3.641E+1
763.82	-4.369E+1
764.12	-6.796E+1
764.43	-2.184E+1
764.73	5.583E+1
765.04	6.311E+1
765.34	-7.039E+1
765.64	-2.913E+1
765.95	4.854E+0
766.25	2.427E+0
766.56	-3.641E+1
766.86	4.126E+1
767.16	-4.854E+1
767.47	2.427E+0
767.77	0.000E+0
768.07	-1.044E+2
768.38	3.884E+1
768.68	-2.427E+1
768.98	-2.427E+1
769.29	9.709E+0
769.59	2.184E+1
769.89	-4.854E+0
770.20	1.214E+1
770.50	5.583E+1
770.80	-2.427E+1
771.11	8.738E+1
771.41	2.427E+0
771.71	-7.282E+1
772.02	7.282E+1
772.32	-5.097E+1
772.62	-2.913E+1
772.93	4.854E+0
773.23	-4.612E+1
773.53	1.384E+2
773.83	4.126E+1
774.14	-3.398E+1
774.44	-3.155E+1
774.74	6.068E+1
775.04	-5.583E+1
775.35	-4.854E+0
775.65	2.184E+1
775.95	-2.913E+1
776.25	9.466E+1
776.55	3.884E+1
776.86	2.184E+1
777.16	4.854E+1
777.46	9.709E+0
777.76	8.495E+1
778.06	0.000E+0
778.37	-7.767E+1
778.67	9.223E+1
778.97	4.369E+1
779.27	4.854E+0
779.57	-4.854E+1
779.88	-1.942E+1
780.18	-6.068E+1
780.48	2.670E+1
780.78	8.010E+1
781.08	1.019E+2
781.38	6.311E+1
781.68	3.155E+1
781.98	9.466E+1
782.29	2.427E+1
782.59	-7.524E+1
782.89	-2.427E+0
783.19	6.068E+1
783.49	5.097E+1
783.79	-7.282E+0
784.09	8.738E+1
784.39	1.942E+1
784.69	-2.913E+1
784.99	9.709E+0
785.30	-3.641E+1
785.60	-6.311E+1
785.90	1.456E+1
786.20	-6.311E+1
786.50	-7.282E+1
786.80	7.282E+0
787.10	2.184E+1
787.40	-5.097E+1
787.70	6.068E+1
788.00	-2.184E+1
788.30	6.311E+1
788.60	-1.699E+1
788.90	2.913E+1
789.20	5.340E+1
789.50	2.427E+1
789.80	-7.282E+0
790.10	5.825E+1
790.40	3.398E+1
790.70	5.583E+1
791.00	-3.155E+1
791.30	3.155E+1
791.60	-9.709E+0
791.90	7.282E+0
792.20	-3.398E+1
792.50	1.456E+1
792.79	5.097E+1
793.09	2.913E+1
793.39	-2.427E+0
793.69	-1.141E+2
793.99	1.699E+1
794.29	-4.854E+1
794.59	1.456E+1
794.89	7.282E+0
795.19	-2.913E+1
795.49	3.641E+1
795.79	9.709E+0
796.08	8.981E+1
796.38	6.068E+1
796.68	-3.398E+1
796.98	0.000E+0
797.28	1.456E+1
797.58	-1.214E+1
797.88	1.699E+1
798.17	7.282E+0
798.47	6.311E+1
798.77	1.214E+1
799.07	7.282E+1
799.37	5.340E+1
799.67	1.311E+2
799.96	-2.670E+1
800.26	-9.709E+0
800.56	1.699E+1
800.86	-9.466E+1
801.16	1.626E+2
801.45	7.767E+1
801.75	-2.913E+1
802.05	-2.670E+1
802.35	5.583E+1
802.64	2.184E+1
802.94	3.398E+1
803.24	-7.282E+1
803.54	-8.010E+1
803.83	7.524E+1
804.13	-4.126E+1
804.43	4.126E+1
804.73	-2.670E+1
805.02	-1.189E+2
805.32	-5.825E+1
805.62	1.214E+1
805.91	-8.738E+1
806.21	-7.524E+1
806.51	2.670E+1
806.81	1.117E+2
807.10	4.612E+1
807.40	-4.369E+1
807.70	-7.039E+1
807.99	-2.184E+1
808.29	-2.184E+1
808.59	-1.942E+1
808.88	4.612E+1
809.18	4.612E+1
809.47	1.699E+1
809.77	7.282E+0
810.07	4.854E+1
810.36	-3.641E+1
810.66	-3.155E+1
810.96	4.369E+1
811.25	6.311E+1
811.55	-5.825E+1
811.84	1.044E+2
812.14	-7.767E+1
812.44	-5.583E+1
812.73	3.641E+1
813.03	3.884E+1
813.32	4.369E+1
813.62	4.854E+0
813.91	-3.155E+1
814.21	2.427E+0
814.51	-4.854E+0
814.80	-5.097E+1
815.10	6.068E+1
815.39	2.913E+1
815.69	4.854E+1
815.98	-7.524E+1
816.28	5.340E+1
816.57	7.039E+1
816.87	2.427E+1
817.16	-6.796E+1
817.46	4.369E+1
817.75	1.699E+1
818.05	-2.427E+0
818.34	8.981E+1
818.64	1.456E+1
818.93	-7.524E+1
819.23	1.456E+1
819.52	-9.709E+0
819.82	-5.583E+1
820.11	2.184E+1
820.40	3.155E+1
820.70	-8.495E+1
820.99	-1.942E+1
821.29	6.796E+1
821.58	-4.369E+1
821.88	1.456E+1
822.17	2.670E+1
822.46	1.456E+1
822.76	-2.427E+1
823.05	-4.612E+1
823.35	-2.184E+1
823.64	-4.369E+1
823.93	4.126E+1
824.23	3.155E+1
824.52	-4.126E+1
824.81	1.214E+1
825.11	-4.612E+1
825.40	-2.427E+1
825.69	-9.466E+1
825.99	-2.427E+1
826.28	-8.253E+1
826.58	8.981E+1
826.87	3.641E+1
827.16	8.253E+1
827.45	-2.427E+0
827.75	6.068E+1
828.04	5.097E+1
828.33	-4.854E+0
828.63	7.282E+0
828.92	6.796E+1
829.21	-9.709E+0
829.51	-1.456E+1
829.80	-6.068E+1
830.09	-2.913E+1
830.38	3.398E+1
830.68	2.913E+1
830.97	5.583E+1
831.26	0.000E+0
831.55	0.000E+0
831.85	1.214E+1
832.14	2.913E+1
832.43	1.189E+2
832.72	-1.068E+2
833.01	3.398E+1
833.31	-9.952E+1
833.60	0.000E+0
833.89	-1.456E+1
834.18	6.796E+1
834.47	7.039E+1
834.77	4.126E+1
835.06	1.942E+1
835.35	4.126E+1
835.64	8.253E+1
835.93	-7.524E+1
836.22	-2.427E+0
836.52	1.942E+1
836.81	-8.738E+1
837.10	1.214E+1
837.39	1.699E+1
837.68	1.456E+1
837.97	-9.709E+0
838.26	9.709E+0
838.55	5.825E+1
838.85	-7.524E+1
839.14	-5.097E+1
839.43	-4.854E+0
839.72	1.456E+1
840.01	-1.165E+2
840.30	-4.854E+1
840.59	-7.282E+0
840.88	4.126E+1
841.17	-2.427E+0
841.46	-3.884E+1
841.75	-2.427E+1
842.04	-2.184E+1
842.33	1.699E+1
842.62	2.913E+1
842.91	-1.456E+1
843.21	6.554E+1
843.50	-1.942E+1
843.79	-3.155E+1
844.08	-4.854E+0
844.37	-2.184E+1
844.66	-1.699E+1
844.95	4.854E+0
845.24	2.670E+1
845.53	2.184E+1
845.81	-4.369E+1
846.10	7.282E+0
846.39	1.092E+2
846.68	5.340E+1
846.97	-5.097E+1
847.26	-8.981E+1
847.55	8.981E+1
847.84	-7.282E+0
848.13	2.427E+0
848.42	0.000E+0
848.71	-3.155E+1
849.00	-4.854E+0
849.29	-2.670E+1
849.58	1.068E+2
849.87	0.000E+0
850.15	-1.699E+1
850.44	3.155E+1
850.73	-1.141E+2
851.02	1.942E+1
851.31	-2.913E+1
851.60	-9.709E+0
851.89	9.709E+0
852.18	-2.913E+1
852.46	2.427E+1
852.75	9.709E+0
853.04	-7.767E+1
853.33	7.282E+1
853.62	0.000E+0
853.91	-7.039E+1
854.19	4.369E+1
854.48	-1.456E+1
854.77	2.184E+1
855.06	-1.942E+1
855.35	3.641E+1
855.63	-6.554E+1
855.92	4.612E+1
856.21	3.398E+1
856.50	-4.854E+0
856.79	5.097E+1
857.07	-7.524E+1
857.36	6.554E+1
857.65	-1.092E+2
857.94	3.155E+1
858.22	-2.913E+1
858.51	-6.796E+1
858.80	-4.369E+1
859.08	-8.738E+1
859.37	4.854E+1
859.66	4.854E+1
859.95	1.942E+1
860.23	-5.583E+1
860.52	2.913E+1
860.81	4.854E+0
861.09	-3.398E+1
861.38	-1.456E+1
861.67	-5.583E+1
861.95	-2.427E+1
862.24	1.214E+1
862.53	5.097E+1
862.81	3.155E+1
863.10	5.340E+1
863.39	-7.039E+1
863.67	2.670E+1
863.96	1.942E+1
864.25	-1.068E+2
864.53	-7.524E+1
864.82	6.068E+1
865.10	-6.554E+1
865.39	1.262E+2
865.68	-3.884E+1
865.96	6.311E+1
866.25	0.000E+0
866.53	0.000E+0
866.82	0.000E+0