/* F3 - Waermeleitung in Kristallen - HZB - Hanjo Ryll, Bastian Klemke
/* Spannung am Agilent 6.667000E+0 V
/* Pulszeit am Agilent 5.000000E-2 s
/* t [s]   R1 [Ohm]  R2 [Ohm] 
-2.500000E+0     1.296848E+2     1.157342E+2
-2.474921E+0     1.296848E+2     1.157342E+2
-2.440660E+0     1.296800E+2     1.157298E+2
-2.412573E+0     1.296762E+2     1.157372E+2
-2.382640E+0     1.296841E+2     1.157212E+2
-2.350219E+0     1.296753E+2     1.157375E+2
-2.321963E+0     1.296888E+2     1.157375E+2
-2.289510E+0     1.296844E+2     1.157301E+2
-2.254849E+0     1.296903E+2     1.157290E+2
-2.230513E+0     1.296828E+2     1.157367E+2
-2.208249E+0     1.296919E+2     1.157341E+2
-2.179936E+0     1.296843E+2     1.157400E+2
-2.149013E+0     1.296925E+2     1.157400E+2
-2.127326E+0     1.296922E+2     1.157439E+2
-2.097957E+0     1.296734E+2     1.157444E+2
-2.074883E+0     1.296919E+2     1.157421E+2
-2.051451E+0     1.296931E+2     1.157346E+2
-2.021831E+0     1.296931E+2     1.157282E+2
-1.991596E+0     1.296843E+2     1.157282E+2
-1.960616E+0     1.296801E+2     1.157257E+2
-1.930328E+0     1.296770E+2     1.157285E+2
-1.902205E+0     1.296757E+2     1.157200E+2
-1.871307E+0     1.296932E+2     1.157340E+2
-1.839489E+0     1.296879E+2     1.157340E+2
-1.812580E+0     1.296799E+2     1.157315E+2
-1.780725E+0     1.296908E+2     1.157388E+2
-1.739307E+0     1.296857E+2     1.157306E+2
-1.706165E+0     1.296851E+2     1.157277E+2
-1.675751E+0     1.296931E+2     1.157277E+2
-1.645041E+0     1.296898E+2     1.157406E+2
-1.622619E+0     1.296979E+2     1.157439E+2
-1.591619E+0     1.296799E+2     1.157331E+2
-1.563818E+0     1.296799E+2     1.157292E+2
-1.530185E+0     1.296798E+2     1.157292E+2
-1.500073E+0     1.296720E+2     1.157274E+2
-1.465862E+0     1.296792E+2     1.157257E+2
-1.442571E+0     1.296743E+2     1.157339E+2
-1.410387E+0     1.296881E+2     1.157442E+2
-1.379823E+0     1.296843E+2     1.157372E+2
-1.351134E+0     1.296843E+2     1.157372E+2
-1.322487E+0     1.296778E+2     1.157320E+2
-1.297941E+0     1.296737E+2     1.157241E+2
-1.273886E+0     1.296665E+2     1.157220E+2
-1.242661E+0     1.296728E+2     1.157273E+2
-1.217205E+0     1.296767E+2     1.157283E+2
-1.188079E+0     1.296750E+2     1.157251E+2
-1.156789E+0     1.296792E+2     1.157360E+2
-1.128757E+0     1.296859E+2     1.157273E+2
-1.102852E+0     1.296859E+2     1.157272E+2
-1.071798E+0     1.296760E+2     1.157226E+2
-1.041546E+0     1.296734E+2     1.157226E+2
-1.010878E+0     1.296746E+2     1.157226E+2
-9.850035E-1     1.296755E+2     1.157284E+2
-9.500027E-1     1.296918E+2     1.157372E+2
-9.180961E-1     1.296831E+2     1.157193E+2
-8.928657E-1     1.296831E+2     1.157193E+2
-8.651843E-1     1.296610E+2     1.157212E+2
-8.349938E-1     1.296791E+2     1.157212E+2
-8.082309E-1     1.296751E+2     1.157300E+2
-7.868581E-1     1.296835E+2     1.157195E+2
-7.618804E-1     1.296704E+2     1.157252E+2
-7.383542E-1     1.296592E+2     1.157118E+2
-7.147479E-1     1.296685E+2     1.157258E+2
-6.890159E-1     1.296733E+2     1.157258E+2
-6.661344E-1     1.296733E+2     1.157365E+2
-6.410289E-1     1.296962E+2     1.157393E+2
-6.086259E-1     1.296920E+2     1.157316E+2
-5.745282E-1     1.296766E+2     1.157294E+2
-5.471501E-1     1.296695E+2     1.157167E+2
-5.241208E-1     1.296731E+2     1.157167E+2
-4.932323E-1     1.296874E+2     1.157251E+2
-4.694114E-1     1.296844E+2     1.157234E+2
-4.437914E-1     1.296844E+2     1.157126E+2
-4.096780E-1     1.296730E+2     1.157319E+2
-3.761425E-1     1.296817E+2     1.157319E+2
-3.476620E-1     1.296738E+2     1.157319E+2
-3.202496E-1     1.296766E+2     1.157256E+2
-2.901235E-1     1.296807E+2     1.157396E+2
-2.571483E-1     1.296967E+2     1.157368E+2
-2.271323E-1     1.296967E+2     1.157327E+2
-1.995325E-1     1.296895E+2     1.157327E+2
-1.761217E-1     1.296828E+2     1.157292E+2
-1.437831E-1     1.296873E+2     1.157378E+2
-1.147828E-1     1.296835E+2     1.157319E+2
-8.482790E-2     1.296740E+2     1.157139E+2
-5.253124E-2     1.296623E+2     1.157139E+2
-2.378321E-2     1.296677E+2     1.157139E+2
4.892349E-3     1.296677E+2     1.157200E+2
0.000000E+0     1.296899E+2     1.157369E+2
2.988911E-2     1.296639E+2     1.157216E+2
5.332041E-2     1.296280E+2     1.156983E+2
8.359909E-2     1.295581E+2     1.156549E+2
1.091208E-1     1.295150E+2     1.156549E+2
1.323733E-1     1.294980E+2     1.156237E+2
1.555920E-1     1.295045E+2     1.156109E+2
1.775813E-1     1.295045E+2     1.155967E+2
2.023039E-1     1.295066E+2     1.156069E+2
2.278681E-1     1.295076E+2     1.155955E+2
2.491145E-1     1.295052E+2     1.155955E+2
2.733736E-1     1.295057E+2     1.155927E+2
3.016939E-1     1.295065E+2     1.155910E+2
3.245893E-1     1.295285E+2     1.156213E+2
3.488927E-1     1.295375E+2     1.156177E+2
3.745713E-1     1.295265E+2     1.156075E+2
3.979383E-1     1.295265E+2     1.156075E+2
4.203644E-1     1.295303E+2     1.156025E+2
4.469371E-1     1.295341E+2     1.156193E+2
4.769392E-1     1.295388E+2     1.156204E+2
5.053263E-1     1.295412E+2     1.156127E+2
5.324388E-1     1.295320E+2     1.156055E+2
5.615721E-1     1.295259E+2     1.156187E+2
6.031260E-1     1.295448E+2     1.156186E+2
6.258821E-1     1.295448E+2     1.156105E+2
6.489396E-1     1.295323E+2     1.156090E+2
6.791515E-1     1.295374E+2     1.156256E+2
7.011251E-1     1.295512E+2     1.156256E+2
7.256160E-1     1.295501E+2     1.156256E+2
7.517238E-1     1.295521E+2     1.156247E+2
7.746534E-1     1.295554E+2     1.156326E+2
8.007078E-1     1.295591E+2     1.156321E+2
8.315663E-1     1.295612E+2     1.156375E+2
8.582001E-1     1.295612E+2     1.156376E+2
8.901381E-1     1.295583E+2     1.156376E+2
9.204712E-1     1.295605E+2     1.156339E+2
9.506803E-1     1.295632E+2     1.156358E+2
9.775896E-1     1.295550E+2     1.156316E+2
1.004602E+0     1.295618E+2     1.156347E+2
1.035792E+0     1.295770E+2     1.156467E+2
1.063683E+0     1.295769E+2     1.156481E+2
1.095933E+0     1.295627E+2     1.156431E+2
1.131508E+0     1.295723E+2     1.156446E+2
1.155382E+0     1.295787E+2     1.156425E+2
1.179730E+0     1.295813E+2     1.156546E+2
1.203267E+0     1.295807E+2     1.156546E+2
1.226613E+0     1.295864E+2     1.156520E+2
1.255936E+0     1.295770E+2     1.156516E+2
1.278966E+0     1.295902E+2     1.156584E+2
1.302465E+0     1.295902E+2     1.156584E+2
1.327631E+0     1.295846E+2     1.156473E+2
1.352531E+0     1.295994E+2     1.156651E+2
1.384620E+0     1.295975E+2     1.156644E+2
1.420394E+0     1.295890E+2     1.156640E+2
1.445524E+0     1.296016E+2     1.156647E+2
1.468179E+0     1.296054E+2     1.156697E+2
1.496998E+0     1.296032E+2     1.156706E+2
1.526966E+0     1.296032E+2     1.156706E+2
1.556935E+0     1.296050E+2     1.156643E+2
1.584627E+0     1.296051E+2     1.156667E+2
1.610602E+0     1.296005E+2     1.156587E+2
1.642595E+0     1.296153E+2     1.156683E+2
1.675929E+0     1.295994E+2     1.156683E+2
1.705340E+0     1.295993E+2     1.156632E+2
1.736971E+0     1.295974E+2     1.156655E+2
1.766956E+0     1.296032E+2     1.156700E+2
1.793451E+0     1.296174E+2     1.156766E+2
1.818623E+0     1.296056E+2     1.156856E+2
1.850337E+0     1.296258E+2     1.156856E+2
1.872234E+0     1.296191E+2     1.156820E+2
1.898230E+0     1.296202E+2     1.156823E+2
1.929216E+0     1.296208E+2     1.156762E+2
1.956691E+0     1.296149E+2     1.156677E+2
1.981368E+0     1.296149E+2     1.156777E+2
2.011306E+0     1.296020E+2     1.156777E+2
2.041755E+0     1.296031E+2     1.156764E+2
2.072211E+0     1.296076E+2     1.156706E+2
2.101107E+0     1.296086E+2     1.156738E+2
2.129926E+0     1.296191E+2     1.156845E+2
2.155340E+0     1.296163E+2     1.156869E+2
2.177989E+0     1.296221E+2     1.156869E+2
2.201787E+0     1.296221E+2     1.156844E+2
2.225548E+0     1.296199E+2     1.156869E+2
2.253666E+0     1.296245E+2     1.156886E+2
2.289641E+0     1.296185E+2     1.156729E+2
2.321745E+0     1.296184E+2     1.156729E+2
2.344613E+0     1.296184E+2     1.156729E+2
2.373608E+0     1.296284E+2     1.156814E+2
2.399229E+0     1.296242E+2     1.156850E+2
2.425982E+0     1.296242E+2     1.156881E+2
2.451800E+0     1.296218E+2     1.156931E+2
2.475044E+0     1.296339E+2     1.156878E+2
2.500756E+0     1.296240E+2     1.156878E+2
2.523270E+0     1.296332E+2     1.156896E+2
2.546937E+0     1.296319E+2     1.156947E+2
2.568965E+0     1.296311E+2     1.156824E+2
2.593612E+0     1.296150E+2     1.156819E+2
2.616944E+0     1.296264E+2     1.156926E+2
2.641437E+0     1.296264E+2     1.156926E+2
2.664957E+0     1.296299E+2     1.156838E+2
2.690711E+0     1.296266E+2     1.156993E+2
2.713780E+0     1.296362E+2     1.156955E+2
2.738961E+0     1.296371E+2     1.157028E+2
2.763605E+0     1.296380E+2     1.156990E+2
2.792209E+0     1.296423E+2     1.156990E+2
2.815530E+0     1.296351E+2     1.156937E+2
2.850182E+0     1.296340E+2     1.156937E+2
2.877005E+0     1.296263E+2     1.156831E+2
2.908062E+0     1.296404E+2     1.156924E+2
2.937660E+0     1.296449E+2     1.157055E+2
2.961772E+0     1.296375E+2     1.157055E+2
2.990054E+0     1.296416E+2     1.156929E+2
3.017006E+0     1.296299E+2     1.156905E+2
3.048234E+0     1.296328E+2     1.156946E+2
3.081942E+0     1.296328E+2     1.156946E+2
3.114100E+0     1.296320E+2     1.157037E+2
3.148264E+0     1.296365E+2     1.156941E+2
3.178634E+0     1.296484E+2     1.156930E+2
3.209269E+0     1.296317E+2     1.156930E+2
3.234679E+0     1.296324E+2     1.156945E+2
3.262427E+0     1.296444E+2     1.157077E+2
3.295500E+0     1.296494E+2     1.157077E+2
3.325781E+0     1.296473E+2     1.157053E+2
3.358148E+0     1.296607E+2     1.157091E+2
3.387956E+0     1.296501E+2     1.157126E+2
3.412180E+0     1.296539E+2     1.157146E+2
3.436022E+0     1.296552E+2     1.157024E+2
3.468077E+0     1.296427E+2     1.157024E+2
3.495910E+0     1.296490E+2     1.157051E+2
3.523449E+0     1.296494E+2     1.157150E+2
3.549006E+0     1.296494E+2     1.157052E+2
3.583548E+0     1.296592E+2     1.157003E+2
3.615618E+0     1.296397E+2     1.157003E+2
3.643655E+0     1.296398E+2     1.157003E+2
3.670185E+0     1.296417E+2     1.157004E+2
3.703543E+0     1.296452E+2     1.156943E+2
3.730536E+0     1.296354E+2     1.157099E+2
3.760790E+0     1.296540E+2     1.157099E+2
3.791272E+0     1.296521E+2     1.157122E+2
3.821328E+0     1.296530E+2     1.157122E+2
3.848322E+0     1.296490E+2     1.157103E+2
3.871672E+0     1.296570E+2     1.157104E+2
3.905899E+0     1.296537E+2     1.157102E+2
3.934697E+0     1.296381E+2     1.156959E+2
3.965046E+0     1.296357E+2     1.156959E+2
3.987991E+0     1.296357E+2     1.156959E+2
4.022014E+0     1.296364E+2     1.156943E+2
4.045995E+0     1.296535E+2     1.157085E+2
4.071140E+0     1.296527E+2     1.157136E+2
4.105666E+0     1.296529E+2     1.157148E+2
4.137038E+0     1.296654E+2     1.157148E+2
4.167679E+0     1.296562E+2     1.157143E+2
4.201644E+0     1.296546E+2     1.157132E+2
4.226047E+0     1.296546E+2     1.157163E+2
4.257041E+0     1.296593E+2     1.157034E+2
4.283629E+0     1.296461E+2     1.157082E+2
4.313699E+0     1.296457E+2     1.157082E+2
4.343728E+0     1.296581E+2     1.157063E+2
4.373685E+0     1.296693E+2     1.157239E+2
4.398995E+0     1.296609E+2     1.157169E+2
4.428379E+0     1.296557E+2     1.157181E+2
4.461772E+0     1.296557E+2     1.157181E+2
4.491950E+0     1.296551E+2     1.157177E+2
4.524673E+0     1.296599E+2     1.157193E+2
4.548072E+0     1.296578E+2     1.157103E+2
4.573469E+0     1.296548E+2     1.157102E+2
4.602442E+0     1.296541E+2     1.157196E+2
4.623786E+0     1.296702E+2     1.157196E+2
4.648055E+0     1.296541E+2     1.157196E+2
4.674678E+0     1.296541E+2     1.157100E+2
4.708308E+0     1.296639E+2     1.157168E+2
4.738277E+0     1.296746E+2     1.157277E+2
4.769286E+0     1.296550E+2     1.157126E+2
4.795895E+0     1.296787E+2     1.157338E+2
4.820247E+0     1.296738E+2     1.157338E+2
4.844734E+0     1.296599E+2     1.157231E+2
4.868184E+0     1.296615E+2     1.157173E+2
4.891541E+0     1.296615E+2     1.157146E+2
4.916052E+0     1.296557E+2     1.157229E+2
4.940374E+0     1.296632E+2     1.157186E+2
4.963768E+0     1.296672E+2     1.157186E+2
4.987012E+0     1.296641E+2     1.157257E+2
5.013683E+0     1.296651E+2     1.157114E+2
