Wavelength	Intensity	Ocean Optics Flame
nm	counts
187.89	1.214E+1
188.27	-2.427E+0
188.64	-3.884E+1
189.02	-5.097E+1
189.40	-5.583E+1
189.78	-1.942E+1
190.15	-8.010E+1
190.53	1.456E+1
190.91	1.529E+2
191.29	-5.825E+1
191.66	-4.369E+1
192.04	1.432E+2
192.42	-4.126E+1
192.80	-3.641E+1
193.17	-6.796E+1
193.55	4.126E+1
193.93	9.952E+1
194.30	3.884E+1
194.68	4.854E+1
195.06	5.340E+1
195.44	1.942E+1
195.81	0.000E+0
196.19	9.709E+0
196.57	0.000E+0
196.94	1.699E+1
197.32	-4.854E+0
197.70	3.398E+1
198.07	0.000E+0
198.45	3.884E+1
198.83	-9.466E+1
199.20	-3.641E+1
199.58	6.068E+1
199.96	5.825E+1
200.33	-2.913E+1
200.71	1.384E+2
201.09	1.214E+1
201.46	-1.699E+1
201.84	8.738E+1
202.22	1.942E+1
202.59	4.854E+1
202.97	4.612E+1
203.34	-5.583E+1
203.72	-3.884E+1
204.10	0.000E+0
204.47	7.282E+1
204.85	-1.942E+1
205.23	1.044E+2
205.60	4.854E+0
205.98	2.427E+1
206.35	8.010E+1
206.73	4.854E+0
207.11	5.583E+1
207.48	-2.184E+1
207.86	1.214E+1
208.23	-1.699E+1
208.61	-2.670E+1
208.98	8.253E+1
209.36	8.981E+1
209.74	2.427E+0
210.11	3.641E+1
210.49	-2.670E+1
210.86	2.427E+0
211.24	-4.612E+1
211.61	5.097E+1
211.99	6.796E+1
212.36	2.184E+1
212.74	-3.155E+1
213.11	-5.825E+1
213.49	-4.612E+1
213.87	0.000E+0
214.24	1.456E+1
214.62	1.068E+2
214.99	5.825E+1
215.37	1.384E+2
215.74	-9.709E+0
216.12	3.641E+1
216.49	4.854E+0
216.87	3.884E+1
217.24	-2.670E+1
217.62	4.854E+1
217.99	0.000E+0
218.37	6.554E+1
218.74	0.000E+0
219.11	5.825E+1
219.49	-1.942E+1
219.86	-6.796E+1
220.24	7.282E+0
220.61	-1.942E+1
220.99	-1.019E+2
221.36	1.068E+2
221.74	8.253E+1
222.11	-7.282E+0
222.49	-2.427E+1
222.86	-2.427E+0
223.23	-9.709E+1
223.61	-7.039E+1
223.98	-5.825E+1
224.36	5.097E+1
224.73	7.282E+0
225.11	6.796E+1
225.48	-9.709E+0
225.85	1.456E+1
226.23	3.884E+1
226.60	-5.340E+1
226.98	1.942E+1
227.35	1.942E+1
227.72	-7.282E+0
228.10	1.942E+1
228.47	-5.097E+1
228.84	-3.884E+1
229.22	5.340E+1
229.59	9.466E+1
229.97	3.398E+1
230.34	-4.126E+1
230.71	3.398E+1
231.09	-8.981E+1
231.46	1.214E+1
231.83	-3.155E+1
232.21	8.495E+1
232.58	3.155E+1
232.95	5.825E+1
233.33	1.165E+2
233.70	-6.068E+1
234.07	8.010E+1
234.45	9.709E+1
234.82	4.369E+1
235.19	1.214E+2
235.57	4.854E+1
235.94	-2.184E+1
236.31	-2.913E+1
236.69	9.466E+1
237.06	-1.214E+1
237.43	-4.854E+0
237.80	-2.913E+1
238.18	2.427E+1
238.55	7.039E+1
238.92	1.699E+1
239.30	1.699E+1
239.67	4.854E+0
240.04	3.641E+1
240.41	5.340E+1
240.79	1.942E+1
241.16	-8.981E+1
241.53	6.554E+1
241.90	-9.709E+0
242.28	-3.641E+1
242.65	4.854E+1
243.02	5.583E+1
243.39	-2.427E+0
243.77	3.884E+1
244.14	5.583E+1
244.51	-4.854E+0
244.88	2.184E+1
245.25	-3.398E+1
245.63	-2.427E+1
246.00	-4.126E+1
246.37	7.039E+1
246.74	1.699E+1
247.11	2.670E+1
247.49	-2.670E+1
247.86	1.699E+1
248.23	-5.825E+1
248.60	4.612E+1
248.97	2.427E+1
249.35	2.427E+1
249.72	3.641E+1
250.09	-4.854E+1
250.46	4.854E+1
250.83	3.155E+1
251.20	5.097E+1
251.58	1.019E+2
251.95	1.942E+1
252.32	2.913E+1
252.69	-6.554E+1
253.06	3.155E+1
253.43	-3.155E+1
253.80	-1.942E+1
254.17	-9.709E+0
254.55	7.039E+1
254.92	2.427E+0
255.29	5.340E+1
255.66	-5.825E+1
256.03	9.709E+0
256.40	3.641E+1
256.77	0.000E+0
257.14	5.097E+1
257.51	-4.369E+1
257.88	-5.825E+1
258.26	-4.369E+1
258.63	3.398E+1
259.00	-4.854E+0
259.37	1.044E+2
259.74	4.854E+0
260.11	-5.097E+1
260.48	3.155E+1
260.85	-2.184E+1
261.22	6.554E+1
261.59	6.554E+1
261.96	5.097E+1
262.33	-7.039E+1
262.70	-4.854E+0
263.07	-1.699E+1
263.44	-1.456E+1
263.81	4.126E+1
264.18	-1.699E+1
264.55	-2.427E+0
264.92	0.000E+0
265.29	3.155E+1
265.66	7.524E+1
266.03	0.000E+0
266.40	2.184E+1
266.77	7.767E+1
267.14	4.854E+0
267.51	7.282E+0
267.88	0.000E+0
268.25	9.952E+1
268.62	4.854E+1
268.99	-3.155E+1
269.36	-9.709E+0
269.73	1.019E+2
270.10	6.311E+1
270.47	-3.884E+1
270.84	6.068E+1
271.21	-6.311E+1
271.58	5.097E+1
271.95	-1.214E+1
272.32	6.796E+1
272.69	-3.641E+1
273.06	-2.427E+0
273.43	-9.709E+0
273.80	-7.767E+1
274.17	-5.825E+1
274.53	6.311E+1
274.90	-6.554E+1
275.27	-2.427E+1
275.64	4.369E+1
276.01	-1.942E+1
276.38	-1.214E+1
276.75	4.126E+1
277.12	2.184E+1
277.49	-5.583E+1
277.86	1.456E+1
278.22	-1.699E+1
278.59	9.709E+1
278.96	2.670E+1
279.33	0.000E+0
279.70	-1.141E+2
280.07	-1.456E+1
280.44	1.019E+2
280.80	3.884E+1
281.17	8.253E+1
281.54	-3.884E+1
281.91	-3.641E+1
282.28	-4.126E+1
282.65	3.398E+1
283.02	-4.612E+1
283.38	-6.311E+1
283.75	4.854E+1
284.12	-7.282E+0
284.49	-2.184E+1
284.86	7.282E+0
285.22	5.097E+1
285.59	5.340E+1
285.96	7.039E+1
286.33	5.340E+1
286.70	4.126E+1
287.06	3.641E+1
287.43	8.495E+1
287.80	6.068E+1
288.17	1.214E+1
288.53	2.427E+1
288.90	8.010E+1
289.27	0.000E+0
289.64	1.456E+1
290.01	4.126E+1
290.37	7.282E+0
290.74	1.019E+2
291.11	-2.427E+1
291.48	-3.155E+1
291.84	-1.456E+1
292.21	4.854E+1
292.58	2.670E+1
292.94	2.184E+1
293.31	9.709E+1
293.68	-1.699E+1
294.05	-4.854E+1
294.41	-7.524E+1
294.78	6.554E+1
295.15	9.709E+0
295.51	1.699E+1
295.88	3.884E+1
296.25	-6.796E+1
296.61	1.214E+1
296.98	-1.942E+1
297.35	2.670E+1
297.72	0.000E+0
298.08	-9.709E+0
298.45	1.214E+1
298.82	9.709E+0
299.18	1.286E+2
299.55	9.709E+0
299.91	-2.913E+1
300.28	3.398E+1
300.65	1.456E+1
301.01	9.466E+1
301.38	6.796E+1
301.75	-9.709E+1
302.11	-2.184E+1
302.48	1.578E+2
302.85	3.884E+1
303.21	8.738E+1
303.58	3.398E+1
303.94	-1.214E+1
304.31	-1.068E+2
304.68	-3.884E+1
305.04	2.913E+1
305.41	7.039E+1
305.77	9.466E+1
306.14	-6.796E+1
306.51	8.253E+1
306.87	1.942E+1
307.24	5.097E+1
307.60	-3.641E+1
307.97	6.796E+1
308.33	6.068E+1
308.70	-4.854E+0
309.07	2.184E+1
309.43	1.456E+1
309.80	7.282E+1
310.16	4.369E+1
310.53	-1.699E+1
310.89	9.709E+0
311.26	3.641E+1
311.62	1.335E+2
311.99	7.039E+1
312.35	1.942E+1
312.72	2.427E+1
313.08	-3.155E+1
313.45	-1.044E+2
313.81	1.675E+2
314.18	2.913E+1
314.54	4.612E+1
314.91	6.068E+1
315.27	4.126E+1
315.64	-1.214E+1
316.00	-1.942E+1
316.37	4.369E+1
316.73	2.427E+0
317.10	1.699E+1
317.46	-2.670E+1
317.83	4.854E+1
318.19	2.427E+0
318.56	3.155E+1
318.92	4.369E+1
319.28	-2.427E+0
319.65	6.311E+1
320.01	2.184E+1
320.38	-2.184E+1
320.74	3.641E+1
321.11	-4.854E+1
321.47	6.068E+1
321.83	-1.699E+1
322.20	3.641E+1
322.56	2.427E+1
322.93	3.884E+1
323.29	-2.670E+1
323.66	5.340E+1
324.02	7.039E+1
324.38	2.184E+1
324.75	3.884E+1
325.11	-6.068E+1
325.47	1.214E+1
325.84	4.612E+1
326.20	1.019E+2
326.57	5.825E+1
326.93	4.369E+1
327.29	5.340E+1
327.66	-2.427E+0
328.02	-1.675E+2
328.38	-1.456E+1
328.75	4.126E+1
329.11	1.699E+1
329.47	1.942E+1
329.84	2.913E+1
330.20	1.384E+2
330.56	4.612E+1
330.93	-7.282E+0
331.29	-9.709E+0
331.65	0.000E+0
332.02	6.068E+1
332.38	3.398E+1
332.74	8.253E+1
333.10	3.398E+1
333.47	3.884E+1
333.83	5.097E+1
334.19	4.126E+1
334.56	-1.699E+1
334.92	-5.097E+1
335.28	8.738E+1
335.64	7.282E+0
336.01	5.583E+1
336.37	2.913E+1
336.73	-1.456E+1
337.09	7.282E+1
337.46	-5.340E+1
337.82	5.583E+1
338.18	-4.854E+1
338.54	-7.282E+0
338.91	-1.286E+2
339.27	7.524E+1
339.63	-5.583E+1
339.99	5.340E+1
340.36	-6.311E+1
340.72	9.223E+1
341.08	-4.126E+1
341.44	4.369E+1
341.80	2.670E+1
342.17	8.495E+1
342.53	6.068E+1
342.89	1.214E+2
343.25	-7.282E+0
343.61	9.709E+1
343.98	-1.456E+1
344.34	2.913E+1
344.70	3.155E+1
345.06	-4.126E+1
345.42	1.456E+1
345.78	2.427E+0
346.14	-8.253E+1
346.51	5.583E+1
346.87	-1.456E+1
347.23	8.981E+1
347.59	7.767E+1
347.95	7.282E+0
348.31	2.184E+1
348.67	1.214E+1
349.04	-6.068E+1
349.40	-1.165E+2
349.76	1.699E+1
350.12	1.359E+2
350.48	-1.699E+1
350.84	-7.282E+0
351.20	7.282E+1
351.56	-2.427E+0
351.92	9.709E+0
352.28	-2.427E+0
352.65	1.699E+1
353.01	-2.184E+1
353.37	-1.456E+1
353.73	1.019E+2
354.09	2.427E+0
354.45	-8.010E+1
354.81	3.155E+1
355.17	6.554E+1
355.53	4.612E+1
355.89	7.282E+0
356.25	4.369E+1
356.61	-1.699E+1
356.97	-9.709E+0
357.33	5.583E+1
357.69	1.942E+1
358.05	1.723E+2
358.41	-1.189E+2
358.77	-1.942E+1
359.13	-5.340E+1
359.49	1.117E+2
359.85	2.670E+1
360.21	-8.495E+1
360.57	4.854E+0
360.93	1.214E+1
361.29	2.427E+0
361.65	-2.184E+1
362.01	0.000E+0
362.37	-7.282E+0
362.73	-7.524E+1
363.09	-5.340E+1
363.45	-3.398E+1
363.81	4.854E+0
364.17	7.524E+1
364.53	-2.913E+1
364.89	-6.068E+1
365.25	-4.126E+1
365.61	1.044E+2
365.97	5.583E+1
366.33	1.456E+1
366.69	5.825E+1
367.05	2.184E+1
367.40	-1.699E+1
367.76	2.427E+0
368.12	-2.427E+0
368.48	9.709E+0
368.84	-1.942E+1
369.20	5.825E+1
369.56	1.699E+1
369.92	3.641E+1
370.28	1.456E+1
370.63	-5.825E+1
370.99	5.340E+1
371.35	-1.141E+2
371.71	1.141E+2
372.07	1.384E+2
372.43	4.369E+1
372.79	1.092E+2
373.15	-5.825E+1
373.50	7.039E+1
373.86	7.282E+1
374.22	2.670E+1
374.58	3.641E+1
374.94	1.117E+2
375.30	1.214E+1
375.65	5.097E+1
376.01	-1.456E+1
376.37	7.282E+0
376.73	-2.427E+0
377.09	-4.126E+1
377.44	4.126E+1
377.80	4.126E+1
378.16	2.427E+1
378.52	2.184E+1
378.88	-7.039E+1
379.23	1.092E+2
379.59	-2.670E+1
379.95	3.155E+1
380.31	5.583E+1
380.66	-2.913E+1
381.02	2.184E+1
381.38	1.141E+2
381.74	-3.641E+1
382.09	-4.126E+1
382.45	0.000E+0
382.81	-5.825E+1
383.17	7.282E+1
383.52	6.796E+1
383.88	1.068E+2
384.24	7.282E+1
384.60	-9.709E+0
384.95	-1.699E+1
385.31	6.311E+1
385.67	-1.942E+1
386.02	6.554E+1
386.38	7.767E+1
386.74	-2.427E+1
387.10	3.155E+1
387.45	0.000E+0
387.81	8.253E+1
388.17	1.942E+1
388.52	7.282E+0
388.88	-4.854E+0
389.24	-4.369E+1
389.59	2.670E+1
389.95	9.709E+0
390.31	7.039E+1
390.66	6.554E+1
391.02	1.092E+2
391.38	-9.709E+0
391.73	4.854E+1
392.09	-9.709E+0
392.44	5.825E+1
392.80	1.214E+1
393.16	5.825E+1
393.51	-9.709E+1
393.87	1.942E+1
394.23	4.854E+0
394.58	1.019E+2
394.94	8.738E+1
395.29	-1.942E+1
395.65	7.767E+1
396.01	9.466E+1
396.36	-8.981E+1
396.72	-6.796E+1
397.07	-1.456E+1
397.43	-4.854E+0
397.78	-4.854E+0
398.14	2.184E+1
398.50	6.796E+1
398.85	1.238E+2
399.21	1.214E+1
399.56	1.214E+1
399.92	1.214E+1
400.27	8.738E+1
400.63	4.612E+1
400.98	1.068E+2
401.34	1.165E+2
401.69	9.466E+1
402.05	-4.854E+0
402.40	6.311E+1
402.76	9.709E+0
403.11	9.223E+1
403.47	4.854E+0
403.82	-1.699E+1
404.18	8.495E+1
404.53	7.767E+1
404.89	-7.282E+0
405.24	9.466E+1
405.60	9.223E+1
405.95	-2.427E+0
406.31	-3.398E+1
406.66	3.155E+1
407.02	-2.427E+1
407.37	-2.670E+1
407.73	7.767E+1
408.08	4.126E+1
408.44	1.068E+2
408.79	3.155E+1
409.14	7.767E+1
409.50	-8.738E+1
409.85	8.253E+1
410.21	5.340E+1
410.56	2.694E+2
410.92	1.068E+2
411.27	1.068E+2
411.62	4.126E+1
411.98	4.126E+1
412.33	8.253E+1
412.69	1.117E+2
413.04	9.223E+1
413.39	1.602E+2
413.75	4.369E+1
414.10	2.015E+2
414.45	1.384E+2
414.81	8.495E+1
415.16	6.068E+1
415.52	1.626E+2
415.87	2.257E+2
416.22	1.238E+2
416.58	1.820E+2
416.93	2.257E+2
417.28	1.748E+2
417.64	1.626E+2
417.99	1.408E+2
418.34	2.112E+2
418.70	1.117E+2
419.05	1.796E+2
419.40	1.942E+2
419.76	1.869E+2
420.11	2.670E+2
420.46	2.063E+2
420.81	3.034E+2
421.17	3.204E+2
421.52	2.913E+2
421.87	2.888E+2
422.23	3.471E+2
422.58	4.102E+2
422.93	4.466E+2
423.28	3.738E+2
423.64	5.922E+2
423.99	3.738E+2
424.34	2.864E+2
424.69	5.388E+2
425.05	4.685E+2
425.40	6.748E+2
425.75	6.918E+2
426.10	6.820E+2
426.46	7.694E+2
426.81	8.253E+2
427.16	7.791E+2
427.51	8.228E+2
427.87	9.321E+2
428.22	1.027E+3
428.57	1.063E+3
428.92	1.218E+3
429.27	1.143E+3
429.63	1.209E+3
429.98	1.367E+3
430.33	1.473E+3
430.68	1.546E+3
431.03	1.682E+3
431.38	1.803E+3
431.74	1.820E+3
432.09	2.019E+3
432.44	1.995E+3
432.79	2.143E+3
433.14	2.456E+3
433.49	2.468E+3
433.85	2.709E+3
434.20	2.837E+3
434.55	2.837E+3
434.90	3.058E+3
435.25	3.379E+3
435.60	3.544E+3
435.95	3.782E+3
436.30	3.852E+3
436.66	4.015E+3
437.01	4.194E+3
437.36	4.320E+3
437.71	4.867E+3
438.06	4.976E+3
438.41	5.279E+3
438.76	5.393E+3
439.11	5.874E+3
439.46	6.080E+3
439.81	6.337E+3
440.16	6.750E+3
440.52	7.337E+3
440.87	7.524E+3
441.22	7.939E+3
441.57	8.551E+3
441.92	9.012E+3
442.27	9.403E+3
442.62	9.796E+3
442.97	1.016E+4
443.32	1.120E+4
443.67	1.114E+4
444.02	1.205E+4
444.37	1.291E+4
444.72	1.319E+4
445.07	1.375E+4
445.42	1.445E+4
445.77	1.555E+4
446.12	1.630E+4
446.47	1.678E+4
446.82	1.758E+4
447.17	1.818E+4
447.52	1.913E+4
447.87	1.992E+4
448.22	2.125E+4
448.57	2.170E+4
448.92	2.280E+4
449.27	2.383E+4
449.62	2.473E+4
449.97	2.583E+4
450.32	2.667E+4
450.66	2.777E+4
451.01	2.921E+4
451.36	2.974E+4
451.71	3.095E+4
452.06	3.155E+4
452.41	3.375E+4
452.76	3.457E+4
453.11	3.585E+4
453.46	3.629E+4
453.81	3.769E+4
454.16	3.777E+4
454.51	3.900E+4
454.85	4.020E+4
455.20	4.037E+4
455.55	4.202E+4
455.90	4.191E+4
456.25	4.315E+4
456.60	4.333E+4
456.95	4.369E+4
457.30	4.415E+4
457.64	4.529E+4
457.99	4.477E+4
458.34	4.509E+4
458.69	4.452E+4
459.04	4.572E+4
459.39	4.493E+4
459.73	4.507E+4
460.08	4.461E+4
460.43	4.398E+4
460.78	4.402E+4
461.13	4.443E+4
461.48	4.236E+4
461.82	4.241E+4
462.17	4.186E+4
462.52	4.147E+4
462.87	4.042E+4
463.21	4.020E+4
463.56	3.891E+4
463.91	3.827E+4
464.26	3.766E+4
464.61	3.691E+4
464.95	3.642E+4
465.30	3.603E+4
465.65	3.578E+4
466.00	3.354E+4
466.34	3.318E+4
466.69	3.222E+4
467.04	3.188E+4
467.39	3.104E+4
467.73	3.043E+4
468.08	2.912E+4
468.43	2.860E+4
468.77	2.873E+4
469.12	2.847E+4
469.47	2.748E+4
469.82	2.700E+4
470.16	2.685E+4
470.51	2.586E+4
470.86	2.540E+4
471.20	2.524E+4
471.55	2.476E+4
471.90	2.489E+4
472.24	2.390E+4
472.59	2.354E+4
472.94	2.319E+4
473.28	2.279E+4
473.63	2.262E+4
473.98	2.185E+4
474.32	2.133E+4
474.67	2.090E+4
475.02	2.099E+4
475.36	2.070E+4
475.71	1.999E+4
476.06	1.931E+4
476.40	1.912E+4
476.75	1.858E+4
477.09	1.882E+4
477.44	1.817E+4
477.79	1.771E+4
478.13	1.729E+4
478.48	1.699E+4
478.82	1.667E+4
479.17	1.631E+4
479.52	1.576E+4
479.86	1.531E+4
480.21	1.518E+4
480.55	1.486E+4
480.90	1.464E+4
481.24	1.400E+4
481.59	1.359E+4
481.94	1.329E+4
482.28	1.278E+4
482.63	1.236E+4
482.97	1.238E+4
483.32	1.177E+4
483.66	1.150E+4
484.01	1.113E+4
484.35	1.072E+4
484.70	1.050E+4
485.04	1.042E+4
485.39	9.964E+3
485.73	9.546E+3
486.08	9.114E+3
486.42	8.888E+3
486.77	8.770E+3
487.11	8.405E+3
487.46	8.398E+3
487.80	8.129E+3
488.15	7.891E+3
488.49	7.629E+3
488.84	7.425E+3
489.18	7.301E+3
489.53	7.044E+3
489.87	6.583E+3
490.21	6.386E+3
490.56	6.340E+3
490.90	6.131E+3
491.25	6.100E+3
491.59	5.777E+3
491.94	5.651E+3
492.28	5.587E+3
492.62	5.333E+3
492.97	5.223E+3
493.31	5.097E+3
493.66	4.884E+3
494.00	4.784E+3
494.34	4.422E+3
494.69	4.418E+3
495.03	4.306E+3
495.38	4.044E+3
495.72	3.898E+3
496.06	3.964E+3
496.41	3.796E+3
496.75	3.590E+3
497.09	3.556E+3
497.44	3.439E+3
497.78	3.279E+3
498.13	3.228E+3
498.47	3.063E+3
498.81	2.942E+3
499.16	2.835E+3
499.50	2.694E+3
499.84	2.721E+3
500.19	2.624E+3
500.53	2.485E+3
500.87	2.481E+3
501.21	2.333E+3
501.56	2.449E+3
501.90	2.170E+3
502.24	2.068E+3
502.59	2.095E+3
502.93	2.058E+3
503.27	2.053E+3
503.61	1.896E+3
503.96	1.791E+3
504.30	1.668E+3
504.64	1.723E+3
504.99	1.600E+3
505.33	1.612E+3
505.67	1.498E+3
506.01	1.536E+3
506.36	1.517E+3
506.70	1.384E+3
507.04	1.359E+3
507.38	1.289E+3
507.72	1.172E+3
508.07	1.316E+3
508.41	1.187E+3
508.75	1.068E+3
509.09	1.022E+3
509.44	1.155E+3
509.78	1.032E+3
510.12	1.034E+3
510.46	1.034E+3
510.80	9.952E+2
511.14	9.855E+2
511.49	9.563E+2
511.83	9.393E+2
512.17	8.859E+2
512.51	8.665E+2
512.85	8.034E+2
513.19	8.083E+2
513.54	6.845E+2
513.88	7.597E+2
514.22	6.966E+2
514.56	6.820E+2
514.90	7.233E+2
515.24	7.112E+2
515.58	7.039E+2
515.93	6.165E+2
516.27	5.995E+2
516.61	5.461E+2
516.95	6.238E+2
517.29	5.267E+2
517.63	4.830E+2
517.97	5.194E+2
518.31	4.490E+2
518.65	4.563E+2
518.99	5.049E+2
519.33	4.927E+2
519.67	4.442E+2
520.02	4.539E+2
520.36	4.418E+2
520.70	3.738E+2
521.04	4.345E+2
521.38	3.447E+2
521.72	3.204E+2
522.06	3.956E+2
522.40	3.665E+2
522.74	3.447E+2
523.08	2.937E+2
523.42	3.495E+2
523.76	3.350E+2
524.10	2.354E+2
524.44	3.762E+2
524.78	3.301E+2
525.12	2.718E+2
525.46	2.743E+2
525.80	2.864E+2
526.14	2.306E+2
526.48	1.990E+2
526.82	2.621E+2
527.16	2.306E+2
527.50	1.869E+2
527.84	2.209E+2
528.18	2.112E+2
528.52	2.913E+2
528.86	2.718E+2
529.20	2.476E+2
529.54	1.651E+2
529.87	1.578E+2
530.21	2.573E+2
530.55	1.845E+2
530.89	2.209E+2
531.23	1.359E+2
531.57	9.709E+1
531.91	1.820E+2
532.25	1.602E+2
532.59	8.495E+1
532.93	9.709E+1
533.27	1.505E+2
533.60	1.189E+2
533.94	1.044E+2
534.28	1.117E+2
534.62	9.223E+1
534.96	1.626E+2
535.30	8.981E+1
535.64	2.087E+2
535.98	1.214E+1
536.31	8.981E+1
536.65	1.092E+2
536.99	3.884E+1
537.33	1.141E+2
537.67	9.709E+0
538.01	2.913E+1
538.34	1.019E+2
538.68	6.311E+1
539.02	2.330E+2
539.36	5.825E+1
539.70	1.117E+2
540.03	6.554E+1
540.37	5.097E+1
540.71	7.767E+1
541.05	9.223E+1
541.39	1.214E+1
541.72	8.738E+1
542.06	1.481E+2
542.40	8.253E+1
542.74	1.432E+2
543.07	8.738E+1
543.41	1.408E+2
543.75	8.738E+1
544.09	8.010E+1
544.42	1.675E+2
544.76	1.942E+1
545.10	5.583E+1
545.44	6.796E+1
545.77	7.039E+1
546.11	9.223E+1
546.45	7.767E+1
546.78	-3.398E+1
547.12	1.942E+1
547.46	5.097E+1
547.80	-5.583E+1
548.13	7.282E+1
548.47	9.952E+1
548.81	1.019E+2
549.14	6.796E+1
549.48	7.524E+1
549.82	2.184E+1
550.15	8.495E+1
550.49	1.189E+2
550.83	7.767E+1
551.16	-2.427E+0
551.50	-2.670E+1
551.84	9.466E+1
552.17	6.796E+1
552.51	9.223E+1
552.84	1.699E+1
553.18	8.495E+1
553.52	2.184E+1
553.85	1.942E+1
554.19	-2.427E+0
554.53	5.340E+1
554.86	2.184E+1
555.20	7.282E+0
555.53	1.019E+2
555.87	2.427E+1
556.20	4.126E+1
556.54	1.214E+2
556.88	0.000E+0
557.21	-7.282E+0
557.55	-1.699E+1
557.88	4.369E+1
558.22	1.238E+2
558.55	-4.854E+1
558.89	4.369E+1
559.23	2.427E+0
559.56	1.214E+1
559.90	2.670E+1
560.23	1.019E+2
560.57	2.184E+1
560.90	8.495E+1
561.24	5.097E+1
561.57	1.456E+1
561.91	-2.184E+1
562.24	7.282E+0
562.58	9.709E+0
562.91	1.068E+2
563.25	2.427E+0
563.58	1.068E+2
563.92	1.553E+2
564.25	2.427E+1
564.59	7.767E+1
564.92	-6.554E+1
565.25	-1.456E+1
565.59	4.369E+1
565.92	3.155E+1
566.26	1.942E+1
566.59	-6.796E+1
566.93	4.126E+1
567.26	1.699E+1
567.60	-7.282E+0
567.93	7.767E+1
568.26	6.796E+1
568.60	8.010E+1
568.93	2.427E+0
569.27	7.767E+1
569.60	2.913E+1
569.93	-8.253E+1
570.27	3.641E+1
570.60	6.311E+1
570.94	3.884E+1
571.27	1.942E+1
571.60	-2.184E+1
571.94	1.942E+1
572.27	7.282E+0
572.60	-4.854E+1
572.94	-8.253E+1
573.27	4.854E+0
573.60	5.340E+1
573.94	2.427E+1
574.27	0.000E+0
574.60	1.214E+1
574.94	6.554E+1
575.27	6.068E+1
575.60	7.282E+0
575.94	4.369E+1
576.27	5.097E+1
576.60	3.884E+1
576.94	-3.155E+1
577.27	-6.554E+1
577.60	2.670E+1
577.94	2.427E+1
578.27	3.398E+1
578.60	-3.641E+1
578.93	-2.670E+1
579.27	-9.709E+0
579.60	3.155E+1
579.93	1.214E+1
580.26	7.282E+1
580.60	3.641E+1
580.93	4.369E+1
581.26	-6.796E+1
581.59	2.427E+1
581.93	1.238E+2
582.26	7.524E+1
582.59	3.155E+1
582.92	-3.884E+1
583.25	-1.214E+1
583.59	1.456E+1
583.92	-4.126E+1
584.25	-2.427E+0
584.58	3.398E+1
584.91	7.524E+1
585.25	-5.097E+1
585.58	3.641E+1
585.91	1.942E+1
586.24	2.184E+1
586.57	4.369E+1
586.90	-9.709E+0
587.24	9.223E+1
587.57	-3.398E+1
587.90	-5.340E+1
588.23	1.481E+2
588.56	-5.340E+1
588.89	-2.184E+1
589.22	1.141E+2
589.56	-7.282E+0
589.89	6.068E+1
590.22	-2.670E+1
590.55	0.000E+0
590.88	2.184E+1
591.21	6.068E+1
591.54	-9.223E+1
591.87	2.913E+1
592.20	7.282E+1
592.53	-9.709E+0
592.87	-4.126E+1
593.20	-1.699E+1
593.53	6.796E+1
593.86	5.097E+1
594.19	-2.913E+1
594.52	2.184E+1
594.85	9.709E+0
595.18	6.311E+1
595.51	-6.554E+1
595.84	9.709E+0
596.17	-2.670E+1
596.50	-3.884E+1
596.83	-2.427E+0
597.16	9.709E+0
597.49	-2.427E+1
597.82	-5.583E+1
598.15	0.000E+0
598.48	-3.398E+1
598.81	3.398E+1
599.14	4.126E+1
599.47	-1.699E+1
599.80	6.311E+1
600.13	1.699E+1
600.46	4.126E+1
600.79	-1.942E+1
601.12	4.854E+1
601.45	8.495E+1
601.78	-2.184E+1
602.11	9.466E+1
602.44	2.427E+1
602.77	1.456E+1
603.10	0.000E+0
603.42	-6.068E+1
603.75	1.238E+2
604.08	2.184E+1
604.41	2.670E+1
604.74	9.223E+1
605.07	4.854E+0
605.40	6.796E+1
605.73	-6.796E+1
606.06	-1.699E+1
606.39	-2.670E+1
606.71	-3.641E+1
607.04	-9.709E+0
607.37	6.311E+1
607.70	4.854E+0
608.03	6.311E+1
608.36	3.155E+1
608.69	-9.223E+1
609.02	-5.583E+1
609.34	1.214E+1
609.67	-4.126E+1
610.00	1.699E+1
610.33	-4.126E+1
610.66	-4.126E+1
610.98	-1.214E+1
611.31	4.126E+1
611.64	6.311E+1
611.97	-2.427E+0
612.30	-2.184E+1
612.63	6.068E+1
612.95	-8.253E+1
613.28	1.044E+2
613.61	7.524E+1
613.94	-8.010E+1
614.26	2.184E+1
614.59	-1.214E+1
614.92	-8.495E+1
615.25	-2.427E+1
615.57	7.524E+1
615.90	3.884E+1
616.23	-8.981E+1
616.56	0.000E+0
616.88	5.097E+1
617.21	5.340E+1
617.54	-3.884E+1
617.87	0.000E+0
618.19	-1.117E+2
618.52	-7.282E+1
618.85	5.583E+1
619.17	4.854E+1
619.50	1.117E+2
619.83	-3.641E+1
620.15	-1.699E+1
620.48	-9.709E+0
620.81	-2.427E+1
621.14	-2.670E+1
621.46	-6.311E+1
621.79	2.427E+1
622.11	-7.282E+1
622.44	-3.155E+1
622.77	4.854E+0
623.09	-4.126E+1
623.42	-7.282E+0
623.75	-2.427E+0
624.07	-3.155E+1
624.40	2.184E+1
624.73	1.942E+1
625.05	-3.641E+1
625.38	-1.942E+1
625.70	-3.398E+1
626.03	-3.155E+1
626.36	-4.854E+0
626.68	2.913E+1
627.01	-9.709E+0
627.33	3.155E+1
627.66	4.369E+1
627.99	3.641E+1
628.31	5.825E+1
628.64	-2.427E+1
628.96	-4.854E+1
629.29	3.641E+1
629.61	-3.641E+1
629.94	0.000E+0
630.26	-7.524E+1
630.59	4.854E+1
630.91	7.524E+1
631.24	-6.796E+1
631.57	9.709E+0
631.89	-1.699E+1
632.22	9.709E+0
632.54	-8.010E+1
632.87	2.427E+1
633.19	-6.796E+1
633.52	-6.311E+1
633.84	3.398E+1
634.16	2.184E+1
634.49	8.981E+1
634.81	-1.456E+1
635.14	-3.641E+1
635.46	-2.670E+1
635.79	0.000E+0
636.11	8.981E+1
636.44	6.554E+1
636.76	2.670E+1
637.09	-3.884E+1
637.41	-9.709E+0
637.73	6.554E+1
638.06	-2.184E+1
638.38	6.068E+1
638.71	7.767E+1
639.03	-1.456E+1
639.36	1.942E+1
639.68	-2.427E+0
640.00	5.583E+1
640.33	4.854E+1
640.65	4.126E+1
640.97	3.884E+1
641.30	-1.189E+2
641.62	-3.155E+1
641.95	-5.825E+1
642.27	-4.854E+0
642.59	4.854E+0
642.92	-1.456E+1
643.24	9.709E+1
643.56	3.398E+1
643.89	-5.097E+1
644.21	-6.068E+1
644.53	1.214E+1
644.86	-8.253E+1
645.18	6.068E+1
645.50	3.641E+1
645.83	-5.583E+1
646.15	-8.495E+1
646.47	3.641E+1
646.80	5.097E+1
647.12	5.097E+1
647.44	3.884E+1
647.76	4.369E+1
648.09	-2.670E+1
648.41	-3.155E+1
648.73	2.913E+1
649.05	6.796E+1
649.38	-8.981E+1
649.70	-2.184E+1
650.02	-4.854E+0
650.34	1.456E+1
650.67	1.942E+1
650.99	-1.238E+2
651.31	2.670E+1
651.63	-4.126E+1
651.96	3.641E+1
652.28	9.709E+0
652.60	-4.854E+1
652.92	-6.554E+1
653.24	-4.854E+0
653.57	5.825E+1
653.89	6.311E+1
654.21	2.913E+1
654.53	-5.583E+1
654.85	-6.068E+1
655.18	-4.369E+1
655.50	-3.641E+1
655.82	5.340E+1
656.14	8.981E+1
656.46	-2.427E+1
656.78	-5.583E+1
657.10	1.019E+2
657.43	1.529E+2
657.75	2.427E+0
658.07	2.184E+1
658.39	7.282E+0
658.71	-3.641E+1
659.03	-9.709E+0
659.35	4.126E+1
659.67	-7.282E+0
659.99	4.854E+0
660.32	1.456E+1
660.64	5.825E+1
660.96	2.184E+1
661.28	4.369E+1
661.60	8.010E+1
661.92	8.495E+1
662.24	-7.282E+1
662.56	-3.398E+1
662.88	-5.097E+1
663.20	1.092E+2
663.52	3.155E+1
663.84	3.155E+1
664.16	-3.641E+1
664.48	-2.184E+1
664.80	1.068E+2
665.12	7.039E+1
665.44	0.000E+0
665.76	-3.398E+1
666.08	7.282E+0
666.40	9.223E+1
666.72	3.884E+1
667.04	2.427E+1
667.36	5.583E+1
667.68	-9.952E+1
668.00	-3.155E+1
668.32	1.068E+2
668.64	-2.184E+1
668.96	-1.311E+2
669.28	1.942E+1
669.60	-7.282E+0
669.92	-8.738E+1
670.24	2.427E+0
670.56	-6.554E+1
670.88	-1.456E+1
671.20	-3.884E+1
671.52	9.709E+0
671.84	1.214E+1
672.16	0.000E+0
672.47	-2.427E+0
672.79	1.117E+2
673.11	1.456E+1
673.43	-4.854E+0
673.75	-1.019E+2
674.07	-2.427E+0
674.39	8.010E+1
674.71	8.495E+1
675.03	1.044E+2
675.34	3.155E+1
675.66	-8.253E+1
675.98	-8.495E+1
676.30	0.000E+0
676.62	8.253E+1
676.94	-3.398E+1
677.25	4.126E+1
677.57	-6.796E+1
677.89	5.340E+1
678.21	2.427E+0
678.53	-4.126E+1
678.85	1.699E+1
679.16	5.825E+1
679.48	7.039E+1
679.80	7.039E+1
680.12	1.456E+1
680.44	8.010E+1
680.75	5.825E+1
681.07	-7.282E+0
681.39	4.612E+1
681.71	7.282E+0
682.02	-5.825E+1
682.34	-3.398E+1
682.66	-1.214E+1
682.98	1.068E+2
683.29	4.612E+1
683.61	2.913E+1
683.93	7.524E+1
684.25	-2.184E+1
684.56	-2.427E+1
684.88	4.854E+1
685.20	-5.825E+1
685.51	-1.214E+1
685.83	-7.282E+0
686.15	-6.554E+1
686.47	3.398E+1
686.78	-6.796E+1
687.10	-7.282E+1
687.42	-4.854E+0
687.73	3.155E+1
688.05	-3.155E+1
688.37	8.738E+1
688.68	-8.981E+1
689.00	-1.699E+1
689.32	-8.010E+1
689.63	-7.767E+1
689.95	4.854E+1
690.26	3.641E+1
690.58	-1.699E+1
690.90	1.214E+1
691.21	2.427E+1
691.53	-7.282E+1
691.85	-6.068E+1
692.16	-3.155E+1
692.48	4.126E+1
692.79	3.155E+1
693.11	8.010E+1
693.42	3.155E+1
693.74	3.641E+1
694.06	8.495E+1
694.37	5.825E+1
694.69	2.670E+1
695.00	-1.699E+1
695.32	-2.427E+1
695.63	2.913E+1
695.95	-4.369E+1
696.26	-1.699E+1
696.58	3.641E+1
696.90	-2.184E+1
697.21	1.262E+2
697.53	1.189E+2
697.84	1.699E+1
698.16	1.699E+1
698.47	3.155E+1
698.79	3.884E+1
699.10	-3.155E+1
699.42	2.427E+0
699.73	-1.456E+1
700.05	2.913E+1
700.36	-1.942E+1
700.68	1.942E+1
700.99	1.019E+2
701.30	-4.126E+1
701.62	-4.854E+0
701.93	-1.019E+2
702.25	-1.456E+1
702.56	1.384E+2
702.88	-7.039E+1
703.19	6.554E+1
703.50	-8.495E+1
703.82	6.068E+1
704.13	4.126E+1
704.45	7.767E+1
704.76	1.942E+1
705.08	1.699E+1
705.39	-7.282E+1
705.70	3.155E+1
706.02	-6.796E+1
706.33	-3.884E+1
706.64	-1.117E+2
706.96	-1.699E+1
707.27	-7.282E+0
707.59	4.854E+0
707.90	-1.456E+1
708.21	1.335E+2
708.53	2.427E+1
708.84	-8.738E+1
709.15	-5.097E+1
709.47	1.214E+1
709.78	2.184E+1
710.09	4.612E+1
710.41	-9.709E+0
710.72	2.913E+1
711.03	-4.369E+1
711.34	-2.184E+1
711.66	5.097E+1
711.97	-3.398E+1
712.28	-4.369E+1
712.60	1.214E+1
712.91	3.641E+1
713.22	4.854E+0
713.53	1.214E+1
713.85	8.010E+1
714.16	4.126E+1
714.47	9.709E+0
714.78	-6.554E+1
715.10	2.427E+1
715.41	1.262E+2
715.72	2.427E+1
716.03	-8.253E+1
716.35	-3.155E+1
716.66	-1.238E+2
716.97	-4.854E+0
717.28	4.126E+1
717.59	5.583E+1
717.91	-1.044E+2
718.22	4.612E+1
718.53	9.466E+1
718.84	-3.884E+1
719.15	1.214E+1
719.46	-1.456E+1
719.78	-3.641E+1
720.09	-5.825E+1
720.40	1.456E+1
720.71	8.738E+1
721.02	-2.670E+1
721.33	1.214E+1
721.65	-4.854E+0
721.96	-8.010E+1
722.27	-7.767E+1
722.58	-6.554E+1
722.89	-1.942E+1
723.20	7.039E+1
723.51	3.155E+1
723.82	-8.738E+1
724.13	-1.311E+2
724.45	2.913E+1
724.76	2.184E+1
725.07	-2.427E+1
725.38	-4.369E+1
725.69	-2.670E+1
726.00	4.369E+1
726.31	7.282E+0
726.62	-1.335E+2
726.93	7.282E+0
727.24	-1.942E+1
727.55	5.583E+1
727.86	-2.427E+0
728.17	9.952E+1
728.48	-4.369E+1
728.79	-1.942E+1
729.10	-4.126E+1
729.41	-3.641E+1
729.72	1.384E+2
730.03	-4.126E+1
730.34	-1.942E+1
730.65	-3.884E+1
730.96	-2.427E+0
731.27	6.554E+1
731.58	6.068E+1
731.89	-6.796E+1
732.20	-7.282E+1
732.51	1.456E+1
732.82	-6.796E+1
733.13	2.670E+1
733.44	-2.427E+1
733.75	8.010E+1
734.06	5.583E+1
734.37	6.796E+1
734.68	5.340E+1
734.98	1.214E+1
735.29	2.184E+1
735.60	-5.583E+1
735.91	-6.311E+1
736.22	7.282E+0
736.53	-2.427E+0
736.84	-1.019E+2
737.15	2.184E+1
737.46	1.238E+2
737.77	-4.854E+0
738.07	-2.184E+1
738.38	-6.068E+1
738.69	-1.214E+1
739.00	5.097E+1
739.31	7.039E+1
739.62	-9.709E+0
739.92	5.097E+1
740.23	0.000E+0
740.54	-9.466E+1
740.85	9.223E+1
741.16	2.427E+1
741.47	5.097E+1
741.77	-3.884E+1
742.08	6.554E+1
742.39	1.214E+1
742.70	-4.126E+1
743.01	4.854E+1
743.31	-1.068E+2
743.62	-2.913E+1
743.93	3.398E+1
744.24	0.000E+0
744.54	-8.738E+1
744.85	-4.369E+1
745.16	2.913E+1
745.47	2.670E+1
745.77	4.369E+1
746.08	-2.427E+1
746.39	1.699E+1
746.70	6.796E+1
747.00	9.952E+1
747.31	-7.282E+0
747.62	2.427E+0
747.92	1.456E+1
748.23	-8.253E+1
748.54	-7.282E+1
748.84	-5.583E+1
749.15	-9.709E+1
749.46	2.427E+0
749.76	-7.524E+1
750.07	1.141E+2
750.38	-1.699E+1
750.68	1.456E+1
750.99	0.000E+0
751.30	4.854E+1
751.60	-3.884E+1
751.91	1.942E+1
752.22	-2.427E+0
752.52	1.165E+2
752.83	2.427E+1
753.14	-3.398E+1
753.44	-4.369E+1
753.75	-1.214E+1
754.05	1.456E+1
754.36	-2.670E+1
754.67	-2.427E+0
754.97	2.184E+1
755.28	-1.214E+1
755.58	-1.214E+1
755.89	-1.019E+2
756.19	-7.039E+1
756.50	-5.340E+1
756.81	5.583E+1
757.11	-9.709E+0
757.42	4.126E+1
757.72	1.214E+1
758.03	-2.427E+0
758.33	4.369E+1
758.64	4.854E+1
758.94	-3.641E+1
759.25	1.942E+1
759.55	1.456E+1
759.86	1.699E+1
760.16	-8.253E+1
760.47	-5.583E+1
760.77	-8.738E+1
761.08	-8.981E+1
761.38	-2.913E+1
761.69	3.641E+1
761.99	4.369E+1
762.30	-1.456E+1
762.60	1.214E+1
762.91	1.942E+1
763.21	-2.427E+0
763.51	4.612E+1
763.82	-2.427E+0
764.12	3.155E+1
764.43	-1.359E+2
764.73	-2.427E+0
765.04	-6.554E+1
765.34	5.583E+1
765.64	9.223E+1
765.95	2.427E+1
766.25	-2.427E+1
766.56	-1.456E+1
766.86	4.854E+0
767.16	1.699E+1
767.47	1.189E+2
767.77	-8.495E+1
768.07	-9.466E+1
768.38	1.214E+1
768.68	1.092E+2
768.98	-1.456E+1
769.29	-7.767E+1
769.59	-8.253E+1
769.89	1.626E+2
770.20	4.854E+1
770.50	-7.039E+1
770.80	-3.398E+1
771.11	-7.282E+0
771.41	-4.369E+1
771.71	-9.709E+0
772.02	-5.583E+1
772.32	-8.495E+1
772.62	-2.670E+1
772.93	5.583E+1
773.23	5.825E+1
773.53	1.942E+1
773.83	9.466E+1
774.14	-1.214E+1
774.44	-6.068E+1
774.74	-6.311E+1
775.04	-8.253E+1
775.35	-1.942E+1
775.65	-2.670E+1
775.95	4.612E+1
776.25	-1.214E+1
776.55	2.670E+1
776.86	1.942E+1
777.16	-5.583E+1
777.46	-6.554E+1
777.76	-2.427E+0
778.06	-4.126E+1
778.37	4.854E+0
778.67	-6.311E+1
778.97	6.068E+1
779.27	-3.641E+1
779.57	-2.427E+1
779.88	2.184E+1
780.18	3.641E+1
780.48	1.456E+1
780.78	3.641E+1
781.08	2.184E+1
781.38	-2.670E+1
781.68	3.641E+1
781.98	1.044E+2
782.29	-6.068E+1
782.59	1.141E+2
782.89	7.524E+1
783.19	9.709E+0
783.49	4.612E+1
783.79	-9.223E+1
784.09	4.854E+1
784.39	-2.427E+0
784.69	1.942E+1
784.99	1.238E+2
785.30	-4.126E+1
785.60	-5.825E+1
785.90	-3.155E+1
786.20	8.738E+1
786.50	2.427E+1
786.80	2.913E+1
787.10	5.825E+1
787.40	9.709E+0
787.70	7.767E+1
788.00	-4.612E+1
788.30	-4.854E+0
788.60	8.738E+1
788.90	-1.456E+1
789.20	-9.709E+0
789.50	1.942E+1
789.80	-1.335E+2
790.10	1.456E+1
790.40	-4.612E+1
790.70	-3.884E+1
791.00	4.854E+1
791.30	1.214E+2
791.60	-3.641E+1
791.90	4.854E+0
792.20	9.709E+0
792.50	2.913E+1
792.79	1.214E+1
793.09	5.340E+1
793.39	3.155E+1
793.69	3.884E+1
793.99	-7.282E+1
794.29	5.825E+1
794.59	3.641E+1
794.89	2.427E+1
795.19	-1.068E+2
795.49	-8.981E+1
795.79	3.398E+1
796.08	-3.884E+1
796.38	5.583E+1
796.68	-3.398E+1
796.98	1.189E+2
797.28	-4.612E+1
797.58	-2.427E+1
797.88	-6.554E+1
798.17	2.184E+1
798.47	7.282E+1
798.77	-1.456E+1
799.07	1.675E+2
799.37	-7.282E+0
799.67	1.117E+2
799.96	-2.670E+1
800.26	3.155E+1
800.56	-1.068E+2
800.86	3.155E+1
801.16	-1.214E+1
801.45	0.000E+0
801.75	-1.942E+1
802.05	2.427E+1
802.35	1.942E+1
802.64	-5.825E+1
802.94	9.709E+0
803.24	-5.825E+1
803.54	-7.039E+1
803.83	1.456E+1
804.13	-3.884E+1
804.43	3.398E+1
804.73	-1.359E+2
805.02	-5.825E+1
805.32	1.214E+1
805.62	-9.709E+0
805.91	-7.282E+0
806.21	-3.884E+1
806.51	9.709E+0
806.81	1.456E+1
807.10	1.456E+1
807.40	-2.913E+1
807.70	2.913E+1
807.99	-4.854E+1
808.29	6.068E+1
808.59	-2.427E+0
808.88	-3.884E+1
809.18	1.359E+2
809.47	-5.340E+1
809.77	-9.709E+0
810.07	-7.524E+1
810.36	4.369E+1
810.66	-1.942E+1
810.96	-5.097E+1
811.25	8.253E+1
811.55	-4.854E+1
811.84	-7.282E+0
812.14	-4.854E+1
812.44	8.010E+1
812.73	-8.010E+1
813.03	-9.709E+0
813.32	3.155E+1
813.62	-4.369E+1
813.91	9.709E+0
814.21	1.456E+1
814.51	-6.311E+1
814.80	5.097E+1
815.10	-3.641E+1
815.39	-9.709E+0
815.69	-2.184E+1
815.98	4.612E+1
816.28	3.884E+1
816.57	9.466E+1
816.87	-2.913E+1
817.16	-1.942E+1
817.46	4.369E+1
817.75	-3.884E+1
818.05	-1.942E+1
818.34	-4.854E+1
818.64	-6.311E+1
818.93	6.068E+1
819.23	4.854E+0
819.52	3.884E+1
819.82	1.456E+1
820.11	-5.097E+1
820.40	4.854E+1
820.70	7.282E+0
820.99	-9.709E+0
821.29	1.092E+2
821.58	-2.427E+0
821.88	-3.398E+1
822.17	3.884E+1
822.46	-5.340E+1
822.76	-1.942E+1
823.05	0.000E+0
823.35	-5.583E+1
823.64	9.709E+0
823.93	-4.612E+1
824.23	-1.068E+2
824.52	-4.854E+1
824.81	-2.427E+1
825.11	-1.456E+1
825.40	8.010E+1
825.69	-6.311E+1
825.99	-4.854E+0
826.28	-1.141E+2
826.58	1.214E+1
826.87	6.796E+1
827.16	-2.184E+1
827.45	-8.495E+1
827.75	-6.554E+1
828.04	-9.709E+0
828.33	-6.311E+1
828.63	-1.214E+1
828.92	-1.238E+2
829.21	-3.398E+1
829.51	5.825E+1
829.80	-7.039E+1
830.09	9.709E+0
830.38	2.184E+1
830.68	-3.155E+1
830.97	-6.796E+1
831.26	9.952E+1
831.55	9.223E+1
831.85	1.699E+1
832.14	3.884E+1
832.43	1.942E+1
832.72	-3.398E+1
833.01	6.068E+1
833.31	-3.398E+1
833.60	6.796E+1
833.89	-2.427E+1
834.18	-7.282E+0
834.47	-8.981E+1
834.77	-1.214E+1
835.06	0.000E+0
835.35	3.155E+1
835.64	8.738E+1
835.93	1.214E+1
836.22	7.767E+1
836.52	2.427E+1
836.81	7.282E+0
837.10	-4.854E+0
837.39	1.942E+1
837.68	4.854E+0
837.97	2.670E+1
838.26	4.612E+1
838.55	2.427E+0
838.85	4.369E+1
839.14	8.495E+1
839.43	1.214E+1
839.72	-4.369E+1
840.01	-2.427E+1
840.30	-5.583E+1
840.59	-7.039E+1
840.88	-3.641E+1
841.17	-5.097E+1
841.46	-2.184E+1
841.75	-1.942E+1
842.04	2.670E+1
842.33	7.282E+0
842.62	5.583E+1
842.91	9.223E+1
843.21	1.311E+2
843.50	4.369E+1
843.79	5.340E+1
844.08	9.466E+1
844.37	9.466E+1
844.66	8.495E+1
844.95	-2.670E+1
845.24	-1.214E+1
845.53	4.369E+1
845.81	3.398E+1
846.10	-4.854E+1
846.39	6.068E+1
846.68	-1.117E+2
846.97	-2.670E+1
847.26	1.044E+2
847.55	5.340E+1
847.84	7.282E+1
848.13	7.524E+1
848.42	-5.340E+1
848.71	-4.854E+1
849.00	-2.670E+1
849.29	8.010E+1
849.58	2.427E+0
849.87	9.952E+1
850.15	-2.913E+1
850.44	6.068E+1
850.73	2.427E+0
851.02	-2.670E+1
851.31	-6.311E+1
851.60	0.000E+0
851.89	-1.214E+1
852.18	1.214E+1
852.46	-1.699E+1
852.75	2.427E+0
853.04	4.854E+1
853.33	5.583E+1
853.62	-1.942E+1
853.91	-1.942E+1
854.19	-1.141E+2
854.48	4.854E+0
854.77	-9.709E+0
855.06	-2.427E+1
855.35	-1.942E+1
855.63	2.427E+0
855.92	-3.641E+1
856.21	-2.427E+1
856.50	2.427E+0
856.79	2.913E+1
857.07	-5.340E+1
857.36	9.952E+1
857.65	-7.039E+1
857.94	-1.699E+1
858.22	1.165E+2
858.51	1.699E+1
858.80	-1.238E+2
859.08	4.854E+1
859.37	-7.282E+0
859.66	-5.825E+1
859.95	-7.039E+1
860.23	-1.942E+1
860.52	3.398E+1
860.81	-3.398E+1
861.09	-2.913E+1
861.38	2.184E+1
861.67	-1.456E+1
861.95	5.583E+1
862.24	-3.641E+1
862.53	-3.398E+1
862.81	-1.117E+2
863.10	-7.282E+0
863.39	-2.913E+1
863.67	4.854E+1
863.96	-1.214E+1
864.25	-8.495E+1
864.53	-2.184E+1
864.82	2.427E+1
865.10	-7.282E+1
865.39	-1.942E+1
865.68	2.427E+1
865.96	-3.155E+1
866.25	-2.670E+1
866.53	-2.670E+1
866.82	-2.670E+1