Wavelength	Intensity	Ocean Optics Flame
nm	counts
187.89	6.554E+1
188.27	-3.884E+1
188.64	-7.282E+0
189.02	7.039E+1
189.40	-4.126E+1
189.78	-4.369E+1
190.15	-5.825E+1
190.53	-6.796E+1
190.91	4.126E+1
191.29	6.068E+1
191.66	-2.670E+1
192.04	1.019E+2
192.42	-9.709E+0
192.80	2.427E+1
193.17	4.854E+1
193.55	-4.612E+1
193.93	3.155E+1
194.30	5.340E+1
194.68	5.097E+1
195.06	1.456E+1
195.44	-9.709E+0
195.81	-1.699E+1
196.19	-2.184E+1
196.57	-4.854E+0
196.94	2.427E+0
197.32	-8.253E+1
197.70	7.282E+0
198.07	4.612E+1
198.45	3.641E+1
198.83	1.214E+1
199.20	-2.184E+1
199.58	1.699E+1
199.96	7.282E+0
200.33	9.952E+1
200.71	7.524E+1
201.09	7.039E+1
201.46	8.253E+1
201.84	-2.427E+0
202.22	8.981E+1
202.59	5.340E+1
202.97	-1.942E+1
203.34	1.699E+1
203.72	5.340E+1
204.10	1.505E+2
204.47	5.097E+1
204.85	-4.369E+1
205.23	6.796E+1
205.60	2.184E+1
205.98	-2.427E+0
206.35	3.884E+1
206.73	-1.699E+1
207.11	9.709E+0
207.48	0.000E+0
207.86	7.282E+1
208.23	6.796E+1
208.61	-2.913E+1
208.98	-8.738E+1
209.36	-1.311E+2
209.74	6.554E+1
210.11	-1.262E+2
210.49	1.068E+2
210.86	2.913E+1
211.24	5.583E+1
211.61	1.942E+1
211.99	6.796E+1
212.36	3.398E+1
212.74	4.854E+1
213.11	1.165E+2
213.49	-4.369E+1
213.87	-3.884E+1
214.24	-7.282E+0
214.62	-2.913E+1
214.99	-1.942E+1
215.37	3.155E+1
215.74	-1.942E+1
216.12	3.155E+1
216.49	7.767E+1
216.87	1.942E+1
217.24	-3.398E+1
217.62	1.456E+1
217.99	3.155E+1
218.37	-1.456E+2
218.74	3.398E+1
219.11	7.524E+1
219.49	7.282E+0
219.86	1.942E+1
220.24	-9.709E+0
220.61	4.612E+1
220.99	-3.884E+1
221.36	-1.942E+1
221.74	8.738E+1
222.11	-5.825E+1
222.49	4.126E+1
222.86	-1.019E+2
223.23	5.825E+1
223.61	-2.427E+1
223.98	2.913E+1
224.36	-9.466E+1
224.73	-7.282E+0
225.11	4.854E+1
225.48	6.068E+1
225.85	4.854E+0
226.23	-2.427E+0
226.60	2.427E+1
226.98	-9.709E+0
227.35	-9.709E+0
227.72	-5.097E+1
228.10	1.456E+1
228.47	5.583E+1
228.84	-2.427E+1
229.22	2.913E+1
229.59	4.854E+1
229.97	-2.184E+1
230.34	3.884E+1
230.71	6.068E+1
231.09	1.117E+2
231.46	-8.738E+1
231.83	2.427E+0
232.21	-2.427E+1
232.58	5.097E+1
232.95	-3.641E+1
233.33	0.000E+0
233.70	-1.456E+1
234.07	-7.282E+0
234.45	-7.039E+1
234.82	1.214E+1
235.19	-1.456E+1
235.57	9.952E+1
235.94	6.554E+1
236.31	2.427E+1
236.69	8.981E+1
237.06	-2.427E+0
237.43	-3.398E+1
237.80	4.612E+1
238.18	-2.184E+1
238.55	-4.854E+1
238.92	6.068E+1
239.30	1.214E+1
239.67	-6.796E+1
240.04	2.427E+1
240.41	9.709E+0
240.79	-2.184E+1
241.16	-9.223E+1
241.53	4.369E+1
241.90	2.184E+1
242.28	1.942E+1
242.65	-3.155E+1
243.02	1.214E+1
243.39	-1.214E+1
243.77	-3.884E+1
244.14	-2.913E+1
244.51	-2.913E+1
244.88	6.796E+1
245.25	9.709E+0
245.63	1.748E+2
246.00	1.942E+1
246.37	-1.456E+1
246.74	8.253E+1
247.11	1.456E+1
247.49	9.709E+0
247.86	-4.854E+1
248.23	-6.554E+1
248.60	-5.583E+1
248.97	-2.427E+0
249.35	-9.709E+1
249.72	2.427E+1
250.09	-2.427E+1
250.46	-1.456E+1
250.83	-7.282E+0
251.20	-8.738E+1
251.58	-4.126E+1
251.95	-1.699E+1
252.32	3.641E+1
252.69	-2.184E+1
253.06	5.825E+1
253.43	5.825E+1
253.80	4.854E+1
254.17	7.767E+1
254.55	2.427E+1
254.92	4.369E+1
255.29	-6.311E+1
255.66	-4.854E+0
256.03	2.427E+1
256.40	6.554E+1
256.77	2.670E+1
257.14	2.670E+1
257.51	-7.282E+0
257.88	4.612E+1
258.26	-7.282E+0
258.63	-1.456E+1
259.00	1.699E+1
259.37	3.398E+1
259.74	6.554E+1
260.11	8.253E+1
260.48	-2.184E+1
260.85	-1.942E+1
261.22	6.554E+1
261.59	3.155E+1
261.96	-1.214E+1
262.33	9.709E+0
262.70	7.282E+1
263.07	4.369E+1
263.44	-7.282E+1
263.81	2.913E+1
264.18	1.165E+2
264.55	9.466E+1
264.92	-7.524E+1
265.29	1.214E+1
265.66	5.340E+1
266.03	6.311E+1
266.40	1.019E+2
266.77	3.155E+1
267.14	2.427E+1
267.51	4.612E+1
267.88	-4.126E+1
268.25	-4.126E+1
268.62	3.155E+1
268.99	2.670E+1
269.36	1.238E+2
269.73	7.767E+1
270.10	4.612E+1
270.47	2.670E+1
270.84	-2.184E+1
271.21	-4.612E+1
271.58	1.456E+1
271.95	-2.427E+1
272.32	-2.427E+1
272.69	1.384E+2
273.06	-2.184E+1
273.43	2.427E+0
273.80	1.214E+1
274.17	-3.641E+1
274.53	-2.427E+0
274.90	5.583E+1
275.27	0.000E+0
275.64	5.097E+1
276.01	1.456E+1
276.38	-8.981E+1
276.75	4.854E+1
277.12	1.456E+1
277.49	5.825E+1
277.86	-3.155E+1
278.22	1.456E+1
278.59	5.340E+1
278.96	-7.282E+0
279.33	3.398E+1
279.70	2.184E+1
280.07	-2.184E+1
280.44	1.044E+2
280.80	-5.097E+1
281.17	1.044E+2
281.54	2.670E+1
281.91	9.709E+0
282.28	-4.369E+1
282.65	-2.427E+1
283.02	-3.398E+1
283.38	1.092E+2
283.75	5.340E+1
284.12	-3.641E+1
284.49	8.495E+1
284.86	-1.214E+1
285.22	2.913E+1
285.59	5.583E+1
285.96	8.010E+1
286.33	2.913E+1
286.70	4.854E+0
287.06	-2.913E+1
287.43	1.942E+1
287.80	3.155E+1
288.17	5.340E+1
288.53	-2.670E+1
288.90	3.398E+1
289.27	3.884E+1
289.64	4.854E+0
290.01	-3.155E+1
290.37	8.010E+1
290.74	6.068E+1
291.11	4.369E+1
291.48	8.495E+1
291.84	6.796E+1
292.21	7.282E+0
292.58	-8.738E+1
292.94	-4.612E+1
293.31	2.670E+1
293.68	9.709E+0
294.05	-4.854E+0
294.41	4.854E+1
294.78	2.670E+1
295.15	4.612E+1
295.51	-9.709E+0
295.88	-7.524E+1
296.25	-1.456E+1
296.61	-1.214E+1
296.98	2.670E+1
297.35	-3.398E+1
297.72	-5.583E+1
298.08	-4.612E+1
298.45	5.097E+1
298.82	-1.238E+2
299.18	8.981E+1
299.55	-8.738E+1
299.91	2.427E+0
300.28	2.184E+1
300.65	8.010E+1
301.01	-7.524E+1
301.38	5.340E+1
301.75	1.942E+1
302.11	-2.427E+0
302.48	-2.670E+1
302.85	-4.126E+1
303.21	5.097E+1
303.58	1.942E+1
303.94	-9.709E+1
304.31	-3.155E+1
304.68	1.092E+2
305.04	4.854E+1
305.41	-1.942E+1
305.77	4.854E+0
306.14	9.709E+0
306.51	4.612E+1
306.87	3.398E+1
307.24	0.000E+0
307.60	3.641E+1
307.97	-1.456E+1
308.33	1.942E+1
308.70	7.282E+0
309.07	3.398E+1
309.43	1.214E+1
309.80	4.612E+1
310.16	1.456E+1
310.53	1.189E+2
310.89	6.068E+1
311.26	9.709E+1
311.62	4.126E+1
311.99	-1.141E+2
312.35	1.942E+1
312.72	-9.466E+1
313.08	4.854E+1
313.45	-3.641E+1
313.81	1.141E+2
314.18	9.709E+1
314.54	-9.466E+1
314.91	-5.825E+1
315.27	-1.942E+1
315.64	2.427E+1
316.00	4.854E+1
316.37	-8.738E+1
316.73	3.884E+1
317.10	6.796E+1
317.46	1.286E+2
317.83	7.767E+1
318.19	2.913E+1
318.56	-4.854E+1
318.92	5.825E+1
319.28	-6.311E+1
319.65	6.311E+1
320.01	2.913E+1
320.38	0.000E+0
320.74	-9.709E+0
321.11	5.097E+1
321.47	7.524E+1
321.83	3.398E+1
322.20	-1.942E+1
322.56	-6.796E+1
322.93	8.981E+1
323.29	9.709E+0
323.66	-3.641E+1
324.02	0.000E+0
324.38	4.854E+1
324.75	2.427E+1
325.11	-2.913E+1
325.47	2.184E+1
325.84	2.913E+1
326.20	-3.884E+1
326.57	-7.282E+0
326.93	-7.767E+1
327.29	1.117E+2
327.66	4.854E+0
328.02	5.825E+1
328.38	3.398E+1
328.75	-2.427E+1
329.11	8.010E+1
329.47	-6.068E+1
329.84	-4.369E+1
330.20	1.214E+1
330.56	1.238E+2
330.93	2.670E+1
331.29	1.942E+1
331.65	-5.583E+1
332.02	2.670E+1
332.38	0.000E+0
332.74	-2.670E+1
333.10	-3.884E+1
333.47	7.282E+0
333.83	-1.456E+1
334.19	9.709E+1
334.56	2.913E+1
334.92	-4.854E+1
335.28	3.398E+1
335.64	-4.612E+1
336.01	-4.854E+1
336.37	2.913E+1
336.73	6.796E+1
337.09	-3.155E+1
337.46	9.466E+1
337.82	0.000E+0
338.18	-2.913E+1
338.54	-1.942E+1
338.91	4.126E+1
339.27	-2.427E+0
339.63	1.214E+2
339.99	-5.340E+1
340.36	8.738E+1
340.72	4.369E+1
341.08	3.155E+1
341.44	-4.126E+1
341.80	-8.495E+1
342.17	7.767E+1
342.53	7.282E+0
342.89	4.369E+1
343.25	2.427E+1
343.61	8.010E+1
343.98	9.709E+0
344.34	-4.369E+1
344.70	-7.282E+0
345.06	8.495E+1
345.42	2.184E+1
345.78	2.913E+1
346.14	-4.126E+1
346.51	-5.097E+1
346.87	-1.214E+1
347.23	5.583E+1
347.59	-1.019E+2
347.95	-8.495E+1
348.31	2.184E+1
348.67	9.709E+0
349.04	2.427E+0
349.40	4.126E+1
349.76	6.068E+1
350.12	-4.612E+1
350.48	9.709E+0
350.84	-5.097E+1
351.20	-4.369E+1
351.56	-4.854E+0
351.92	6.311E+1
352.28	-6.796E+1
352.65	3.884E+1
353.01	2.184E+1
353.37	7.524E+1
353.73	4.612E+1
354.09	-7.767E+1
354.45	-9.709E+1
354.81	-7.282E+0
355.17	1.068E+2
355.53	5.097E+1
355.89	-1.019E+2
356.25	0.000E+0
356.61	-1.456E+1
356.97	4.854E+1
357.33	2.427E+1
357.69	-2.427E+0
358.05	6.311E+1
358.41	9.952E+1
358.77	-9.709E+0
359.13	-2.427E+0
359.49	-1.456E+1
359.85	7.524E+1
360.21	8.253E+1
360.57	4.854E+0
360.93	2.184E+1
361.29	8.495E+1
361.65	7.524E+1
362.01	2.427E+0
362.37	-7.524E+1
362.73	8.253E+1
363.09	4.854E+1
363.45	5.583E+1
363.81	-2.427E+0
364.17	0.000E+0
364.53	3.155E+1
364.89	2.427E+1
365.25	2.427E+1
365.61	-2.184E+1
365.97	4.854E+0
366.33	2.427E+0
366.69	-1.699E+1
367.05	-2.184E+1
367.40	6.554E+1
367.76	3.155E+1
368.12	-2.670E+1
368.48	-7.767E+1
368.84	2.427E+1
369.20	8.981E+1
369.56	5.097E+1
369.92	4.369E+1
370.28	-1.262E+2
370.63	1.214E+1
370.99	5.097E+1
371.35	9.709E+0
371.71	2.184E+1
372.07	9.709E+0
372.43	3.398E+1
372.79	3.155E+1
373.15	-3.398E+1
373.50	-1.942E+1
373.86	4.854E+1
374.22	2.670E+1
374.58	-6.311E+1
374.94	-8.010E+1
375.30	5.825E+1
375.65	1.019E+2
376.01	4.854E+1
376.37	8.495E+1
376.73	5.583E+1
377.09	4.369E+1
377.44	3.155E+1
377.80	9.709E+1
378.16	1.432E+2
378.52	9.709E+1
378.88	3.155E+1
379.23	9.709E+0
379.59	-9.709E+1
379.95	6.554E+1
380.31	-1.456E+1
380.66	-2.913E+1
381.02	-4.854E+0
381.38	5.340E+1
381.74	3.641E+1
382.09	-2.184E+1
382.45	1.456E+1
382.81	2.427E+0
383.17	1.214E+1
383.52	3.884E+1
383.88	4.126E+1
384.24	1.578E+2
384.60	1.699E+1
384.95	1.019E+2
385.31	-5.340E+1
385.67	-2.670E+1
386.02	-1.214E+1
386.38	3.155E+1
386.74	-3.155E+1
387.10	3.641E+1
387.45	9.709E+0
387.81	1.214E+2
388.17	2.427E+1
388.52	2.913E+1
388.88	5.097E+1
389.24	-2.913E+1
389.59	-1.214E+1
389.95	-7.282E+0
390.31	0.000E+0
390.66	8.253E+1
391.02	7.282E+1
391.38	1.456E+1
391.73	-9.709E+0
392.09	5.340E+1
392.44	1.214E+1
392.80	2.670E+1
393.16	-1.214E+1
393.51	5.340E+1
393.87	2.184E+1
394.23	1.044E+2
394.58	6.796E+1
394.94	3.398E+1
395.29	-2.670E+1
395.65	-7.282E+0
396.01	1.626E+2
396.36	1.942E+2
396.72	9.466E+1
397.07	1.214E+2
397.43	1.432E+2
397.78	1.651E+2
398.14	3.884E+1
398.50	1.092E+2
398.85	6.554E+1
399.21	2.427E+1
399.56	3.398E+1
399.92	8.738E+1
400.27	1.141E+2
400.63	7.524E+1
400.98	2.670E+1
401.34	7.524E+1
401.69	3.398E+1
402.05	5.340E+1
402.40	3.398E+1
402.76	1.384E+2
403.11	7.282E+1
403.47	7.524E+1
403.82	9.466E+1
404.18	1.092E+2
404.53	4.854E+1
404.89	6.554E+1
405.24	4.612E+1
405.60	1.432E+2
405.95	4.854E+0
406.31	-4.854E+0
406.66	7.524E+1
407.02	1.408E+2
407.37	8.495E+1
407.73	2.063E+2
408.08	1.578E+2
408.44	8.981E+1
408.79	1.869E+2
409.14	1.068E+2
409.50	1.578E+2
409.85	1.044E+2
410.21	1.141E+2
410.56	8.495E+1
410.92	1.456E+2
411.27	9.466E+1
411.62	1.602E+2
411.98	1.723E+2
412.33	2.063E+2
412.69	1.651E+2
413.04	2.621E+2
413.39	2.063E+2
413.75	2.500E+2
414.10	2.160E+2
414.45	2.524E+2
414.81	1.456E+2
415.16	1.675E+2
415.52	2.233E+2
415.87	2.888E+2
416.22	2.573E+2
416.58	2.427E+2
416.93	2.743E+2
417.28	2.816E+2
417.64	2.767E+2
417.99	3.471E+2
418.34	4.369E+2
418.70	4.490E+2
419.05	4.806E+2
419.40	4.005E+2
419.76	4.102E+2
420.11	4.126E+2
420.46	3.738E+2
420.81	4.879E+2
421.17	5.534E+2
421.52	5.704E+2
421.87	6.966E+2
422.23	6.238E+2
422.58	7.209E+2
422.93	5.631E+2
423.28	7.961E+2
423.64	7.888E+2
423.99	8.908E+2
424.34	7.282E+2
424.69	1.024E+3
425.05	9.952E+2
425.40	1.209E+3
425.75	1.087E+3
426.10	1.155E+3
426.46	1.347E+3
426.81	1.347E+3
427.16	1.522E+3
427.51	1.587E+3
427.87	1.660E+3
428.22	1.891E+3
428.57	1.913E+3
428.92	2.131E+3
429.27	2.226E+3
429.63	2.369E+3
429.98	2.391E+3
430.33	2.553E+3
430.68	2.891E+3
431.03	3.066E+3
431.38	3.126E+3
431.74	3.231E+3
432.09	3.515E+3
432.44	3.949E+3
432.79	4.070E+3
433.14	4.092E+3
433.49	4.238E+3
433.85	4.578E+3
434.20	4.828E+3
434.55	5.022E+3
434.90	5.303E+3
435.25	5.580E+3
435.60	5.828E+3
435.95	5.937E+3
436.30	6.549E+3
436.66	6.733E+3
437.01	7.175E+3
437.36	7.505E+3
437.71	7.901E+3
438.06	8.483E+3
438.41	8.876E+3
438.76	9.049E+3
439.11	9.427E+3
439.46	9.908E+3
439.81	1.060E+4
440.16	1.086E+4
440.52	1.176E+4
440.87	1.208E+4
441.22	1.276E+4
441.57	1.330E+4
441.92	1.430E+4
442.27	1.474E+4
442.62	1.573E+4
442.97	1.611E+4
443.32	1.686E+4
443.67	1.760E+4
444.02	1.876E+4
444.37	1.932E+4
444.72	2.046E+4
445.07	2.102E+4
445.42	2.215E+4
445.77	2.334E+4
446.12	2.422E+4
446.47	2.529E+4
446.82	2.661E+4
447.17	2.723E+4
447.52	2.871E+4
447.87	2.960E+4
448.22	3.090E+4
448.57	3.139E+4
448.92	3.331E+4
449.27	3.410E+4
449.62	3.531E+4
449.97	3.611E+4
450.32	3.711E+4
450.66	3.834E+4
451.01	3.994E+4
451.36	4.058E+4
451.71	4.220E+4
452.06	4.226E+4
452.41	4.442E+4
452.76	4.529E+4
453.11	4.591E+4
453.46	4.718E+4
453.81	4.744E+4
454.16	4.706E+4
454.51	4.768E+4
454.85	4.899E+4
455.20	4.916E+4
455.55	5.062E+4
455.90	5.005E+4
456.25	5.103E+4
456.60	5.069E+4
456.95	5.072E+4
457.30	5.082E+4
457.64	5.112E+4
457.99	5.108E+4
458.34	5.062E+4
458.69	4.968E+4
459.04	5.029E+4
459.39	4.875E+4
459.73	4.973E+4
460.08	4.871E+4
460.43	4.739E+4
460.78	4.780E+4
461.13	4.745E+4
461.48	4.546E+4
461.82	4.513E+4
462.17	4.446E+4
462.52	4.380E+4
462.87	4.294E+4
463.21	4.243E+4
463.56	4.115E+4
463.91	4.064E+4
464.26	3.963E+4
464.61	3.875E+4
464.95	3.835E+4
465.30	3.751E+4
465.65	3.738E+4
466.00	3.552E+4
466.34	3.529E+4
466.69	3.456E+4
467.04	3.365E+4
467.39	3.265E+4
467.73	3.236E+4
468.08	3.065E+4
468.43	3.059E+4
468.77	3.054E+4
469.12	3.017E+4
469.47	2.982E+4
469.82	2.909E+4
470.16	2.827E+4
470.51	2.776E+4
470.86	2.746E+4
471.20	2.726E+4
471.55	2.618E+4
471.90	2.624E+4
472.24	2.581E+4
472.59	2.505E+4
472.94	2.468E+4
473.28	2.414E+4
473.63	2.389E+4
473.98	2.335E+4
474.32	2.265E+4
474.67	2.230E+4
475.02	2.197E+4
475.36	2.151E+4
475.71	2.088E+4
476.06	2.033E+4
476.40	2.024E+4
476.75	1.969E+4
477.09	1.963E+4
477.44	1.888E+4
477.79	1.856E+4
478.13	1.808E+4
478.48	1.767E+4
478.82	1.778E+4
479.17	1.708E+4
479.52	1.651E+4
479.86	1.598E+4
480.21	1.565E+4
480.55	1.526E+4
480.90	1.505E+4
481.24	1.457E+4
481.59	1.446E+4
481.94	1.401E+4
482.28	1.337E+4
482.63	1.306E+4
482.97	1.297E+4
483.32	1.249E+4
483.66	1.201E+4
484.01	1.161E+4
484.35	1.144E+4
484.70	1.103E+4
485.04	1.094E+4
485.39	1.061E+4
485.73	1.024E+4
486.08	9.777E+3
486.42	9.617E+3
486.77	9.444E+3
487.11	9.369E+3
487.46	8.801E+3
487.80	8.573E+3
488.15	8.148E+3
488.49	7.874E+3
488.84	7.845E+3
489.18	7.541E+3
489.53	7.554E+3
489.87	7.267E+3
490.21	6.981E+3
490.56	6.835E+3
490.90	6.583E+3
491.25	6.452E+3
491.59	6.226E+3
491.94	6.233E+3
492.28	5.685E+3
492.62	5.612E+3
492.97	5.624E+3
493.31	5.294E+3
493.66	5.131E+3
494.00	5.066E+3
494.34	4.689E+3
494.69	4.651E+3
495.03	4.427E+3
495.38	4.396E+3
495.72	4.386E+3
496.06	4.121E+3
496.41	3.981E+3
496.75	3.932E+3
497.09	3.641E+3
497.44	3.519E+3
497.78	3.609E+3
498.13	3.466E+3
498.47	3.393E+3
498.81	3.209E+3
499.16	3.070E+3
499.50	3.019E+3
499.84	2.961E+3
500.19	2.876E+3
500.53	2.794E+3
500.87	2.648E+3
501.21	2.607E+3
501.56	2.549E+3
501.90	2.357E+3
502.24	2.248E+3
502.59	2.187E+3
502.93	2.177E+3
503.27	2.080E+3
503.61	2.073E+3
503.96	2.153E+3
504.30	2.032E+3
504.64	1.830E+3
504.99	1.850E+3
505.33	1.721E+3
505.67	1.709E+3
506.01	1.602E+3
506.36	1.653E+3
506.70	1.502E+3
507.04	1.471E+3
507.38	1.529E+3
507.72	1.369E+3
508.07	1.386E+3
508.41	1.415E+3
508.75	1.362E+3
509.09	1.274E+3
509.44	1.180E+3
509.78	1.175E+3
510.12	1.134E+3
510.46	1.049E+3
510.80	1.124E+3
511.14	9.539E+2
511.49	9.903E+2
511.83	1.010E+3
512.17	1.000E+3
512.51	9.345E+2
512.85	9.806E+2
513.19	8.398E+2
513.54	8.884E+2
513.88	8.495E+2
514.22	8.471E+2
514.56	8.884E+2
514.90	8.034E+2
515.24	7.549E+2
515.58	6.578E+2
515.93	7.888E+2
516.27	6.044E+2
516.61	7.136E+2
516.95	7.257E+2
517.29	5.316E+2
517.63	5.777E+2
517.97	5.000E+2
518.31	6.044E+2
518.65	6.505E+2
518.99	5.146E+2
519.33	5.219E+2
519.67	4.733E+2
520.02	5.121E+2
520.36	5.146E+2
520.70	5.388E+2
521.04	3.325E+2
521.38	3.738E+2
521.72	4.976E+2
522.06	4.272E+2
522.40	4.733E+2
522.74	5.049E+2
523.08	3.519E+2
523.42	4.175E+2
523.76	4.029E+2
524.10	4.199E+2
524.44	3.981E+2
524.78	3.398E+2
525.12	3.981E+2
525.46	4.102E+2
525.80	3.447E+2
526.14	4.126E+2
526.48	2.961E+2
526.82	2.136E+2
527.16	1.675E+2
527.50	3.374E+2
527.84	2.597E+2
528.18	2.840E+2
528.52	3.058E+2
528.86	2.087E+2
529.20	1.529E+2
529.54	2.791E+2
529.87	1.238E+2
530.21	2.985E+2
530.55	2.403E+2
530.89	1.869E+2
531.23	2.282E+2
531.57	1.456E+2
531.91	1.748E+2
532.25	2.087E+2
532.59	1.772E+2
532.93	1.918E+2
533.27	2.476E+2
533.60	1.796E+2
533.94	2.597E+2
534.28	1.214E+2
534.62	9.952E+1
534.96	2.257E+2
535.30	2.063E+2
535.64	1.408E+2
535.98	1.772E+2
536.31	1.432E+2
536.65	1.845E+2
536.99	7.039E+1
537.33	2.306E+2
537.67	1.117E+2
538.01	1.262E+2
538.34	1.311E+2
538.68	9.466E+1
539.02	7.524E+1
539.36	4.126E+1
539.70	8.738E+1
540.03	1.092E+2
540.37	1.723E+2
540.71	2.039E+2
541.05	1.189E+2
541.39	1.117E+2
541.72	1.068E+2
542.06	1.189E+2
542.40	1.456E+2
542.74	1.772E+2
543.07	9.952E+1
543.41	6.796E+1
543.75	1.311E+2
544.09	8.253E+1
544.42	1.214E+2
544.76	1.990E+2
545.10	1.214E+2
545.44	1.092E+2
545.77	1.286E+2
546.11	5.583E+1
546.45	5.583E+1
546.78	3.641E+1
547.12	-2.427E+0
547.46	9.709E+1
547.80	1.359E+2
548.13	0.000E+0
548.47	1.456E+1
548.81	3.641E+1
549.14	5.825E+1
549.48	7.282E+1
549.82	5.340E+1
550.15	8.981E+1
550.49	1.068E+2
550.83	4.854E+1
551.16	8.495E+1
551.50	-1.214E+1
551.84	2.427E+1
552.17	-9.709E+0
552.51	0.000E+0
552.84	6.068E+1
553.18	1.092E+2
553.52	-7.282E+0
553.85	7.282E+1
554.19	-1.942E+1
554.53	2.427E+1
554.86	5.097E+1
555.20	1.092E+2
555.53	-6.068E+1
555.87	-2.427E+1
556.20	3.155E+1
556.54	9.709E+1
556.88	7.767E+1
557.21	2.184E+1
557.55	1.384E+2
557.88	9.223E+1
558.22	1.117E+2
558.55	-4.854E+0
558.89	7.282E+0
559.23	3.398E+1
559.56	3.155E+1
559.90	-2.427E+0
560.23	1.481E+2
560.57	3.641E+1
560.90	5.097E+1
561.24	2.670E+1
561.57	2.670E+1
561.91	-7.524E+1
562.24	7.524E+1
562.58	8.495E+1
562.91	-3.155E+1
563.25	-2.184E+1
563.58	3.884E+1
563.92	7.282E+0
564.25	-2.427E+1
564.59	5.340E+1
564.92	6.068E+1
565.25	1.456E+1
565.59	1.214E+1
565.92	7.282E+0
566.26	-2.427E+0
566.59	-3.884E+1
566.93	9.466E+1
567.26	2.913E+1
567.60	-5.097E+1
567.93	-9.709E+0
568.26	6.796E+1
568.60	9.709E+0
568.93	6.796E+1
569.27	-2.427E+1
569.60	9.709E+0
569.93	-2.427E+1
570.27	-1.942E+1
570.60	2.913E+1
570.94	2.670E+1
571.27	3.398E+1
571.60	7.039E+1
571.94	-6.311E+1
572.27	7.282E+1
572.60	8.738E+1
572.94	6.068E+1
573.27	-2.427E+1
573.60	6.554E+1
573.94	5.583E+1
574.27	5.340E+1
574.60	-2.427E+0
574.94	3.155E+1
575.27	4.126E+1
575.60	-4.854E+1
575.94	-1.699E+1
576.27	-6.796E+1
576.60	4.854E+0
576.94	-1.942E+1
577.27	5.340E+1
577.60	-1.456E+1
577.94	5.825E+1
578.27	6.554E+1
578.60	-4.854E+0
578.93	2.184E+1
579.27	7.524E+1
579.60	-3.884E+1
579.93	1.699E+1
580.26	-6.554E+1
580.60	2.913E+1
580.93	1.214E+1
581.26	2.427E+1
581.59	-3.884E+1
581.93	1.019E+2
582.26	8.738E+1
582.59	-3.641E+1
582.92	-1.699E+1
583.25	-1.942E+1
583.59	1.141E+2
583.92	-8.253E+1
584.25	-7.039E+1
584.58	-2.427E+1
584.91	5.825E+1
585.25	-9.709E+0
585.58	-2.184E+1
585.91	4.854E+1
586.24	-8.495E+1
586.57	3.884E+1
586.90	4.369E+1
587.24	-2.913E+1
587.57	-3.398E+1
587.90	0.000E+0
588.23	2.427E+1
588.56	1.699E+1
588.89	-8.738E+1
589.22	6.068E+1
589.56	9.223E+1
589.89	3.641E+1
590.22	1.214E+1
590.55	9.709E+1
590.88	4.854E+0
591.21	-4.612E+1
591.54	-8.981E+1
591.87	4.126E+1
592.20	2.427E+1
592.53	1.092E+2
592.87	2.184E+1
593.20	4.854E+1
593.53	1.699E+1
593.86	-1.214E+1
594.19	-2.427E+1
594.52	4.612E+1
594.85	-1.456E+1
595.18	6.311E+1
595.51	-1.117E+2
595.84	-5.583E+1
596.17	-6.796E+1
596.50	-4.126E+1
596.83	-3.155E+1
597.16	2.427E+0
597.49	-7.282E+1
597.82	4.854E+0
598.15	-2.670E+1
598.48	-4.854E+1
598.81	4.126E+1
599.14	-1.214E+1
599.47	-4.612E+1
599.80	-3.884E+1
600.13	6.796E+1
600.46	1.214E+2
600.79	-9.709E+0
601.12	-1.456E+1
601.45	2.427E+1
601.78	-4.854E+1
602.11	3.155E+1
602.44	7.767E+1
602.77	1.699E+1
603.10	2.670E+1
603.42	-6.311E+1
603.75	2.670E+1
604.08	1.942E+1
604.41	-3.641E+1
604.74	-4.126E+1
605.07	3.155E+1
605.40	-5.340E+1
605.73	-2.427E+1
606.06	-1.214E+1
606.39	9.709E+0
606.71	-2.670E+1
607.04	1.699E+1
607.37	3.641E+1
607.70	-7.282E+0
608.03	-5.825E+1
608.36	-3.398E+1
608.69	9.709E+0
609.02	-1.942E+1
609.34	2.670E+1
609.67	4.369E+1
610.00	-6.068E+1
610.33	6.796E+1
610.66	3.398E+1
610.98	-3.398E+1
611.31	-7.282E+0
611.64	-4.126E+1
611.97	9.709E+0
612.30	6.554E+1
612.63	4.126E+1
612.95	-2.427E+0
613.28	9.709E+1
613.61	-7.282E+1
613.94	2.184E+1
614.26	-1.456E+1
614.59	-4.612E+1
614.92	-2.427E+1
615.25	1.335E+2
615.57	6.068E+1
615.90	2.184E+1
616.23	2.913E+1
616.56	5.097E+1
616.88	2.427E+1
617.21	2.184E+1
617.54	4.126E+1
617.87	-9.709E+0
618.19	7.524E+1
618.52	-7.039E+1
618.85	-5.097E+1
619.17	-4.369E+1
619.50	4.854E+1
619.83	-1.942E+1
620.15	-6.068E+1
620.48	4.126E+1
620.81	2.670E+1
621.14	-4.854E+1
621.46	1.456E+1
621.79	-2.184E+1
622.11	3.155E+1
622.44	1.699E+1
622.77	9.223E+1
623.09	1.214E+1
623.42	-7.282E+0
623.75	-2.913E+1
624.07	-1.286E+2
624.40	2.670E+1
624.73	-7.282E+1
625.05	-6.311E+1
625.38	-5.340E+1
625.70	8.253E+1
626.03	-3.641E+1
626.36	7.282E+0
626.68	-1.699E+1
627.01	4.126E+1
627.33	1.699E+1
627.66	7.524E+1
627.99	2.427E+0
628.31	6.068E+1
628.64	-2.184E+1
628.96	-9.709E+0
629.29	5.583E+1
629.61	8.010E+1
629.94	-1.214E+1
630.26	1.942E+1
630.59	4.369E+1
630.91	9.223E+1
631.24	4.854E+1
631.57	2.427E+1
631.89	2.427E+1
632.22	3.641E+1
632.54	-3.641E+1
632.87	-5.825E+1
633.19	-2.670E+1
633.52	1.189E+2
633.84	-1.214E+1
634.16	9.709E+0
634.49	-2.427E+1
634.81	6.796E+1
635.14	7.767E+1
635.46	6.311E+1
635.79	4.854E+0
636.11	4.126E+1
636.44	-9.223E+1
636.76	3.884E+1
637.09	7.524E+1
637.41	-4.126E+1
637.73	-2.427E+0
638.06	1.699E+1
638.38	9.709E+0
638.71	2.913E+1
639.03	9.709E+0
639.36	-5.583E+1
639.68	-6.068E+1
640.00	2.427E+1
640.33	9.223E+1
640.65	1.942E+1
640.97	4.126E+1
641.30	-7.282E+0
641.62	-6.554E+1
641.95	-7.282E+0
642.27	-9.709E+0
642.59	-9.709E+1
642.92	5.340E+1
643.24	8.010E+1
643.56	4.854E+1
643.89	5.340E+1
644.21	1.505E+2
644.53	2.184E+1
644.86	8.010E+1
645.18	1.456E+1
645.50	-9.466E+1
645.83	5.583E+1
646.15	3.641E+1
646.47	7.282E+0
646.80	1.699E+1
647.12	-4.369E+1
647.44	-6.068E+1
647.76	-5.097E+1
648.09	3.641E+1
648.41	1.044E+2
648.73	-6.554E+1
649.05	1.942E+1
649.38	1.384E+2
649.70	7.282E+0
650.02	7.282E+0
650.34	-2.670E+1
650.67	4.854E+1
650.99	1.942E+1
651.31	1.044E+2
651.63	-9.466E+1
651.96	-2.184E+1
652.28	5.825E+1
652.60	1.311E+2
652.92	4.854E+1
653.24	3.641E+1
653.57	6.311E+1
653.89	-1.165E+2
654.21	2.184E+1
654.53	2.427E+1
654.85	-9.709E+0
655.18	1.214E+1
655.50	-2.427E+1
655.82	-2.913E+1
656.14	-5.097E+1
656.46	-8.253E+1
656.78	1.068E+2
657.10	7.282E+0
657.43	-3.398E+1
657.75	6.068E+1
658.07	6.554E+1
658.39	1.019E+2
658.71	-4.126E+1
659.03	1.699E+1
659.35	1.092E+2
659.67	-2.670E+1
659.99	4.126E+1
660.32	5.097E+1
660.64	5.825E+1
660.96	1.942E+1
661.28	2.913E+1
661.60	5.825E+1
661.92	4.854E+1
662.24	6.796E+1
662.56	6.796E+1
662.88	-5.825E+1
663.20	-7.282E+1
663.52	6.796E+1
663.84	2.913E+1
664.16	9.709E+0
664.48	9.709E+0
664.80	2.670E+1
665.12	1.165E+2
665.44	1.165E+2
665.76	-2.913E+1
666.08	-7.282E+1
666.40	-2.427E+0
666.72	1.456E+1
667.04	1.942E+1
667.36	1.165E+2
667.68	-5.097E+1
668.00	-6.068E+1
668.32	1.141E+2
668.64	-7.767E+1
668.96	-6.796E+1
669.28	1.942E+1
669.60	-9.709E+1
669.92	5.825E+1
670.24	7.282E+1
670.56	2.913E+1
670.88	0.000E+0
671.20	6.311E+1
671.52	8.738E+1
671.84	1.699E+1
672.16	3.884E+1
672.47	9.709E+0
672.79	-1.699E+1
673.11	9.223E+1
673.43	1.675E+2
673.75	4.854E+0
674.07	3.398E+1
674.39	9.466E+1
674.71	-6.554E+1
675.03	-7.282E+0
675.34	-6.068E+1
675.66	8.495E+1
675.98	6.068E+1
676.30	-1.699E+1
676.62	7.767E+1
676.94	-7.767E+1
677.25	3.398E+1
677.57	-1.942E+1
677.89	9.709E+0
678.21	-7.767E+1
678.53	-3.884E+1
678.85	-2.670E+1
679.16	3.398E+1
679.48	5.825E+1
679.80	2.913E+1
680.12	2.427E+1
680.44	-1.699E+1
680.75	3.155E+1
681.07	-3.884E+1
681.39	-3.884E+1
681.71	6.068E+1
682.02	-3.155E+1
682.34	1.019E+2
682.66	-3.398E+1
682.98	-5.825E+1
683.29	-9.709E+1
683.61	-9.466E+1
683.93	2.427E+0
684.25	2.427E+0
684.56	8.738E+1
684.88	9.709E+0
685.20	-3.398E+1
685.51	-8.738E+1
685.83	7.039E+1
686.15	-9.223E+1
686.47	9.709E+0
686.78	7.524E+1
687.10	1.165E+2
687.42	1.214E+1
687.73	-2.184E+1
688.05	-4.854E+0
688.37	7.524E+1
688.68	-1.942E+1
689.00	-5.583E+1
689.32	-2.427E+1
689.63	1.699E+1
689.95	5.583E+1
690.26	-6.311E+1
690.58	-2.427E+0
690.90	4.126E+1
691.21	-4.126E+1
691.53	6.554E+1
691.85	2.184E+1
692.16	-5.583E+1
692.48	2.913E+1
692.79	4.126E+1
693.11	4.854E+1
693.42	0.000E+0
693.74	4.854E+1
694.06	1.456E+1
694.37	-3.155E+1
694.69	2.427E+1
695.00	-1.456E+1
695.32	0.000E+0
695.63	1.141E+2
695.95	8.495E+1
696.26	7.039E+1
696.58	7.524E+1
696.90	1.068E+2
697.21	3.884E+1
697.53	4.854E+1
697.84	2.427E+1
698.16	2.427E+0
698.47	-4.854E+0
698.79	-9.709E+0
699.10	5.340E+1
699.42	-2.184E+1
699.73	-1.214E+2
700.05	2.670E+1
700.36	6.796E+1
700.68	5.583E+1
700.99	-5.340E+1
701.30	-6.068E+1
701.62	-8.253E+1
701.93	-3.884E+1
702.25	2.427E+0
702.56	5.583E+1
702.88	5.583E+1
703.19	-7.039E+1
703.50	4.369E+1
703.82	4.126E+1
704.13	-9.466E+1
704.45	-6.068E+1
704.76	-5.340E+1
705.08	1.214E+1
705.39	1.456E+1
705.70	1.214E+2
706.02	-5.097E+1
706.33	-4.126E+1
706.64	-2.427E+1
706.96	8.981E+1
707.27	2.670E+1
707.59	7.524E+1
707.90	-1.699E+1
708.21	5.583E+1
708.53	-9.466E+1
708.84	5.340E+1
709.15	8.738E+1
709.47	-8.495E+1
709.78	3.641E+1
710.09	5.340E+1
710.41	-2.427E+0
710.72	-1.456E+1
711.03	3.884E+1
711.34	-1.214E+1
711.66	-1.699E+1
711.97	7.767E+1
712.28	1.044E+2
712.60	3.884E+1
712.91	-3.398E+1
713.22	-6.068E+1
713.53	3.884E+1
713.85	-1.748E+2
714.16	4.369E+1
714.47	1.699E+1
714.78	0.000E+0
715.10	-1.117E+2
715.41	-8.738E+1
715.72	-3.155E+1
716.03	-1.699E+1
716.35	-1.262E+2
716.66	-6.554E+1
716.97	3.398E+1
717.28	-3.884E+1
717.59	-7.524E+1
717.91	-4.854E+0
718.22	9.709E+0
718.53	1.699E+1
718.84	0.000E+0
719.15	-1.068E+2
719.46	5.583E+1
719.78	-3.398E+1
720.09	-5.825E+1
720.40	-9.709E+0
720.71	-1.456E+1
721.02	4.612E+1
721.33	-3.641E+1
721.65	-1.262E+2
721.96	2.913E+1
722.27	-4.612E+1
722.58	4.612E+1
722.89	2.184E+1
723.20	-6.796E+1
723.51	-6.796E+1
723.82	-1.699E+1
724.13	9.709E+0
724.45	-1.942E+1
724.76	-3.884E+1
725.07	5.825E+1
725.38	9.709E+1
725.69	4.369E+1
726.00	4.854E+1
726.31	2.427E+1
726.62	2.427E+1
726.93	0.000E+0
727.24	2.670E+1
727.55	2.913E+1
727.86	-3.155E+1
728.17	1.214E+1
728.48	1.117E+2
728.79	-2.184E+1
729.10	4.854E+1
729.41	4.126E+1
729.72	8.010E+1
730.03	6.554E+1
730.34	1.286E+2
730.65	-4.854E+1
730.96	-4.854E+1
731.27	0.000E+0
731.58	5.097E+1
731.89	-5.825E+1
732.20	1.942E+1
732.51	1.456E+1
732.82	0.000E+0
733.13	-4.854E+0
733.44	7.767E+1
733.75	-1.942E+1
734.06	4.612E+1
734.37	-4.369E+1
734.68	-2.184E+1
734.98	-9.709E+0
735.29	5.340E+1
735.60	9.709E+0
735.91	5.097E+1
736.22	3.641E+1
736.53	-1.456E+1
736.84	7.282E+0
737.15	2.913E+1
737.46	6.068E+1
737.77	1.699E+1
738.07	1.141E+2
738.38	-9.466E+1
738.69	-3.884E+1
739.00	-2.913E+1
739.31	-6.068E+1
739.62	2.913E+1
739.92	-4.854E+0
740.23	8.253E+1
740.54	1.942E+1
740.85	7.039E+1
741.16	-3.398E+1
741.47	3.641E+1
741.77	-7.524E+1
742.08	0.000E+0
742.39	-4.126E+1
742.70	-4.126E+1
743.01	1.699E+1
743.31	2.427E+1
743.62	4.854E+1
743.93	2.670E+1
744.24	7.524E+1
744.54	2.913E+1
744.85	-1.214E+1
745.16	2.913E+1
745.47	-4.126E+1
745.77	3.641E+1
746.08	2.427E+1
746.39	0.000E+0
746.70	1.456E+1
747.00	8.495E+1
747.31	0.000E+0
747.62	8.981E+1
747.92	0.000E+0
748.23	9.952E+1
748.54	-4.854E+0
748.84	2.427E+1
749.15	-5.825E+1
749.46	1.456E+1
749.76	1.286E+2
750.07	6.068E+1
750.38	6.068E+1
750.68	-4.854E+0
750.99	2.427E+0
751.30	1.942E+1
751.60	-6.311E+1
751.91	7.282E+0
752.22	-7.039E+1
752.52	0.000E+0
752.83	-9.223E+1
753.14	4.126E+1
753.44	7.524E+1
753.75	2.427E+0
754.05	5.825E+1
754.36	2.184E+1
754.67	-2.184E+1
754.97	1.214E+1
755.28	1.214E+1
755.58	-1.456E+1
755.89	-2.670E+1
756.19	-8.738E+1
756.50	-4.126E+1
756.81	3.155E+1
757.11	4.612E+1
757.42	1.214E+1
757.72	0.000E+0
758.03	2.670E+1
758.33	7.767E+1
758.64	-4.369E+1
758.94	-2.670E+1
759.25	3.398E+1
759.55	3.155E+1
759.86	-2.913E+1
760.16	1.238E+2
760.47	1.699E+1
760.77	1.699E+1
761.08	0.000E+0
761.38	-5.340E+1
761.69	-5.097E+1
761.99	-9.709E+0
762.30	3.155E+1
762.60	-3.884E+1
762.91	5.583E+1
763.21	1.214E+1
763.51	-1.311E+2
763.82	-7.282E+0
764.12	5.825E+1
764.43	1.214E+1
764.73	3.398E+1
765.04	-3.641E+1
765.34	-1.456E+1
765.64	-2.913E+1
765.95	4.369E+1
766.25	4.612E+1
766.56	3.641E+1
766.86	-2.427E+0
767.16	4.854E+1
767.47	2.184E+1
767.77	-7.282E+0
768.07	2.184E+1
768.38	-1.942E+1
768.68	1.942E+1
768.98	-2.184E+1
769.29	2.670E+1
769.59	-5.097E+1
769.89	-4.369E+1
770.20	3.398E+1
770.50	-3.398E+1
770.80	-2.427E+0
771.11	5.097E+1
771.41	-3.641E+1
771.71	-3.155E+1
772.02	-2.427E+0
772.32	2.427E+1
772.62	1.214E+1
772.93	-1.699E+1
773.23	-2.670E+1
773.53	7.282E+0
773.83	-9.466E+1
774.14	1.942E+1
774.44	1.408E+2
774.74	-6.068E+1
775.04	2.427E+0
775.35	1.699E+1
775.65	1.117E+2
775.95	-4.126E+1
776.25	-6.554E+1
776.55	-1.214E+1
776.86	-2.427E+0
777.16	2.427E+0
777.46	-2.184E+1
777.76	-7.282E+0
778.06	7.524E+1
778.37	-7.282E+1
778.67	3.884E+1
778.97	5.583E+1
779.27	1.456E+1
779.57	-5.340E+1
779.88	-2.184E+1
780.18	-2.427E+1
780.48	5.340E+1
780.78	-9.952E+1
781.08	2.184E+1
781.38	-9.709E+1
781.68	-4.126E+1
781.98	-3.641E+1
782.29	1.214E+1
782.59	-2.913E+1
782.89	6.796E+1
783.19	6.068E+1
783.49	-4.369E+1
783.79	2.427E+1
784.09	-7.767E+1
784.39	-9.709E+0
784.69	-7.767E+1
784.99	-1.214E+1
785.30	-2.427E+0
785.60	0.000E+0
785.90	-1.942E+1
786.20	-3.398E+1
786.50	0.000E+0
786.80	-4.854E+1
787.10	-8.738E+1
787.40	2.427E+1
787.70	1.699E+1
788.00	-5.340E+1
788.30	-6.796E+1
788.60	9.709E+0
788.90	9.466E+1
789.20	-7.282E+0
789.50	-1.214E+1
789.80	-7.767E+1
790.10	-2.427E+1
790.40	1.456E+1
790.70	-4.612E+1
791.00	-9.223E+1
791.30	1.456E+1
791.60	9.466E+1
791.90	5.097E+1
792.20	-9.709E+0
792.50	-9.466E+1
792.79	-2.427E+0
793.09	-5.825E+1
793.39	-2.913E+1
793.69	-9.223E+1
793.99	-3.398E+1
794.29	3.641E+1
794.59	-4.854E+0
794.89	1.456E+1
795.19	4.612E+1
795.49	2.427E+0
795.79	6.068E+1
796.08	7.282E+0
796.38	-2.184E+1
796.68	1.699E+1
796.98	-7.524E+1
797.28	8.981E+1
797.58	-6.796E+1
797.88	4.854E+1
798.17	0.000E+0
798.47	-8.010E+1
798.77	-3.398E+1
799.07	2.913E+1
799.37	4.854E+0
799.67	-9.709E+0
799.96	5.583E+1
800.26	-6.554E+1
800.56	-3.398E+1
800.86	-7.282E+0
801.16	-2.913E+1
801.45	-1.165E+2
801.75	8.738E+1
802.05	-5.583E+1
802.35	-4.612E+1
802.64	-3.398E+1
802.94	4.369E+1
803.24	4.369E+1
803.54	1.456E+1
803.83	-8.738E+1
804.13	-6.068E+1
804.43	3.155E+1
804.73	1.699E+1
805.02	-2.427E+0
805.32	4.369E+1
805.62	-9.709E+0
805.91	-2.670E+1
806.21	2.427E+1
806.51	-3.641E+1
806.81	-9.952E+1
807.10	-5.340E+1
807.40	2.427E+1
807.70	1.529E+2
807.99	3.398E+1
808.29	-7.282E+0
808.59	1.699E+1
808.88	1.214E+1
809.18	1.019E+2
809.47	7.524E+1
809.77	-3.155E+1
810.07	6.796E+1
810.36	3.398E+1
810.66	1.214E+1
810.96	-3.155E+1
811.25	-5.583E+1
811.55	-1.214E+2
811.84	5.097E+1
812.14	-1.214E+1
812.44	-4.854E+0
812.73	-1.942E+1
813.03	3.155E+1
813.32	5.340E+1
813.62	-4.854E+1
813.91	8.495E+1
814.21	3.398E+1
814.51	-5.825E+1
814.80	7.282E+0
815.10	9.709E+0
815.39	-2.670E+1
815.69	-1.044E+2
815.98	-5.340E+1
816.28	-5.340E+1
816.57	-1.456E+1
816.87	-3.155E+1
817.16	-1.456E+2
817.46	-7.524E+1
817.75	3.155E+1
818.05	-7.282E+0
818.34	-2.913E+1
818.64	9.709E+0
818.93	7.767E+1
819.23	1.699E+1
819.52	-9.709E+0
819.82	5.825E+1
820.11	-1.942E+1
820.40	4.854E+0
820.70	-5.825E+1
820.99	-6.796E+1
821.29	-4.854E+0
821.58	-6.311E+1
821.88	1.044E+2
822.17	2.913E+1
822.46	-1.117E+2
822.76	-8.010E+1
823.05	5.583E+1
823.35	6.554E+1
823.64	-4.854E+0
823.93	8.495E+1
824.23	-4.369E+1
824.52	-1.214E+1
824.81	3.641E+1
825.11	5.583E+1
825.40	3.641E+1
825.69	8.981E+1
825.99	-9.709E+0
826.28	-6.796E+1
826.58	5.097E+1
826.87	-4.854E+0
827.16	2.913E+1
827.45	3.884E+1
827.75	-9.709E+1
828.04	-4.369E+1
828.33	-3.641E+1
828.63	6.311E+1
828.92	-3.884E+1
829.21	-4.854E+0
829.51	2.184E+1
829.80	-7.039E+1
830.09	7.524E+1
830.38	-3.884E+1
830.68	-7.282E+0
830.97	1.699E+1
831.26	2.427E+1
831.55	9.952E+1
831.85	3.884E+1
832.14	-3.884E+1
832.43	2.670E+1
832.72	-8.495E+1
833.01	8.738E+1
833.31	7.282E+1
833.60	4.854E+1
833.89	7.039E+1
834.18	-2.427E+1
834.47	-9.223E+1
834.77	2.427E+0
835.06	2.427E+1
835.35	-5.340E+1
835.64	-7.282E+0
835.93	7.282E+0
836.22	2.670E+1
836.52	2.670E+1
836.81	-4.612E+1
837.10	-9.709E+1
837.39	-4.854E+1
837.68	1.019E+2
837.97	-9.709E+0
838.26	-5.097E+1
838.55	-5.340E+1
838.85	-1.456E+1
839.14	-2.670E+1
839.43	-9.709E+0
839.72	7.282E+0
840.01	-7.282E+0
840.30	-7.282E+0
840.59	-9.709E+0
840.88	1.456E+1
841.17	1.456E+1
841.46	-3.884E+1
841.75	-1.165E+2
842.04	-1.456E+1
842.33	7.524E+1
842.62	3.155E+1
842.91	2.913E+1
843.21	8.253E+1
843.50	-7.282E+0
843.79	7.524E+1
844.08	2.184E+1
844.37	-9.709E+0
844.66	6.554E+1
844.95	-2.913E+1
845.24	8.253E+1
845.53	-5.340E+1
845.81	-2.427E+1
846.10	4.126E+1
846.39	-5.825E+1
846.68	8.495E+1
846.97	-1.044E+2
847.26	5.097E+1
847.55	2.184E+1
847.84	-5.825E+1
848.13	-6.311E+1
848.42	-3.884E+1
848.71	-1.699E+1
849.00	2.670E+1
849.29	-1.456E+1
849.58	-7.282E+0
849.87	-4.369E+1
850.15	-1.238E+2
850.44	2.670E+1
850.73	1.699E+1
851.02	4.854E+0
851.31	-8.010E+1
851.60	-4.854E+0
851.89	2.427E+0
852.18	-4.369E+1
852.46	-1.214E+1
852.75	-1.117E+2
853.04	-2.427E+0
853.33	-3.398E+1
853.62	1.214E+1
853.91	2.427E+1
854.19	1.214E+1
854.48	-4.126E+1
854.77	-7.282E+0
855.06	3.155E+1
855.35	2.427E+0
855.63	9.223E+1
855.92	-4.369E+1
856.21	5.583E+1
856.50	-1.092E+2
856.79	-2.427E+1
857.07	7.282E+0
857.36	2.427E+0
857.65	-2.427E+1
857.94	-4.126E+1
858.22	1.214E+1
858.51	4.126E+1
858.80	-5.097E+1
859.08	-1.214E+1
859.37	-8.495E+1
859.66	5.583E+1
859.95	6.554E+1
860.23	2.427E+0
860.52	2.184E+1
860.81	-6.311E+1
861.09	-4.126E+1
861.38	2.427E+1
861.67	1.068E+2
861.95	-7.039E+1
862.24	5.097E+1
862.53	-1.942E+1
862.81	6.068E+1
863.10	-1.942E+1
863.39	3.398E+1
863.67	-3.884E+1
863.96	-3.884E+1
864.25	0.000E+0
864.53	8.738E+1
864.82	-1.699E+1
865.10	1.942E+1
865.39	0.000E+0
865.68	3.398E+1
865.96	-8.738E+1
866.25	-5.340E+1
866.53	-5.340E+1
866.82	-5.340E+1