Wavelength	Intensity	Ocean Optics Flame
nm	counts
187.89	-2.427E+0
188.27	7.282E+0
188.64	-4.854E+1
189.02	1.214E+1
189.40	3.884E+1
189.78	5.097E+1
190.15	-8.010E+1
190.53	6.311E+1
190.91	-2.913E+1
191.29	-3.398E+1
191.66	-6.796E+1
192.04	-7.282E+0
192.42	7.039E+1
192.80	-6.796E+1
193.17	-1.675E+2
193.55	2.913E+1
193.93	-1.456E+1
194.30	1.699E+1
194.68	4.369E+1
195.06	6.068E+1
195.44	-2.913E+1
195.81	-3.641E+1
196.19	5.583E+1
196.57	-3.155E+1
196.94	-8.738E+1
197.32	7.282E+1
197.70	7.039E+1
198.07	4.126E+1
198.45	-9.223E+1
198.83	-3.398E+1
199.20	-2.427E+0
199.58	8.495E+1
199.96	4.369E+1
200.33	-6.068E+1
200.71	3.155E+1
201.09	0.000E+0
201.46	-3.398E+1
201.84	6.554E+1
202.22	5.340E+1
202.59	0.000E+0
202.97	8.253E+1
203.34	-5.583E+1
203.72	7.524E+1
204.10	4.126E+1
204.47	4.369E+1
204.85	8.495E+1
205.23	-4.126E+1
205.60	-5.583E+1
205.98	6.311E+1
206.35	1.699E+1
206.73	9.709E+0
207.11	6.554E+1
207.48	-7.767E+1
207.86	-3.641E+1
208.23	-1.553E+2
208.61	-6.796E+1
208.98	9.709E+0
209.36	5.340E+1
209.74	2.427E+0
210.11	4.369E+1
210.49	-5.340E+1
210.86	4.369E+1
211.24	-7.282E+0
211.61	9.466E+1
211.99	-1.214E+1
212.36	1.699E+1
212.74	-2.427E+0
213.11	9.223E+1
213.49	-1.214E+2
213.87	-3.155E+1
214.24	-1.044E+2
214.62	3.398E+1
214.99	6.068E+1
215.37	1.214E+1
215.74	-1.699E+1
216.12	1.092E+2
216.49	-1.214E+1
216.87	1.942E+1
217.24	-3.155E+1
217.62	-2.427E+1
217.99	-1.699E+1
218.37	1.456E+1
218.74	9.709E+0
219.11	7.282E+0
219.49	-3.155E+1
219.86	-1.699E+1
220.24	-7.282E+0
220.61	3.398E+1
220.99	-1.262E+2
221.36	2.670E+1
221.74	7.039E+1
222.11	-1.456E+1
222.49	-2.670E+1
222.86	0.000E+0
223.23	-4.854E+0
223.61	-2.913E+1
223.98	2.427E+0
224.36	8.253E+1
224.73	3.398E+1
225.11	1.699E+1
225.48	8.738E+1
225.85	-9.466E+1
226.23	-3.155E+1
226.60	3.641E+1
226.98	6.311E+1
227.35	6.311E+1
227.72	6.554E+1
228.10	-7.282E+0
228.47	-2.913E+1
228.84	-5.583E+1
229.22	1.481E+2
229.59	3.884E+1
229.97	1.044E+2
230.34	-1.456E+1
230.71	2.913E+1
231.09	-3.155E+1
231.46	-1.942E+1
231.83	-4.612E+1
232.21	2.670E+1
232.58	-1.942E+1
232.95	4.369E+1
233.33	9.223E+1
233.70	-6.311E+1
234.07	2.670E+1
234.45	1.456E+1
234.82	4.126E+1
235.19	1.141E+2
235.57	5.097E+1
235.94	9.709E+0
236.31	-5.097E+1
236.69	7.282E+1
237.06	2.913E+1
237.43	-9.709E+0
237.80	-6.796E+1
238.18	7.282E+1
238.55	-2.670E+1
238.92	-4.854E+1
239.30	4.854E+0
239.67	-1.456E+1
240.04	1.699E+1
240.41	7.282E+1
240.79	7.767E+1
241.16	-3.155E+1
241.53	2.184E+1
241.90	-7.282E+1
242.28	-7.524E+1
242.65	2.913E+1
243.02	-2.427E+0
243.39	4.854E+1
243.77	1.189E+2
244.14	5.097E+1
244.51	-4.854E+1
244.88	6.068E+1
245.25	-1.068E+2
245.63	-1.092E+2
246.00	-4.854E+0
246.37	-4.854E+0
246.74	7.039E+1
247.11	9.709E+0
247.49	-2.913E+1
247.86	7.282E+0
248.23	-6.068E+1
248.60	0.000E+0
248.97	-1.456E+1
249.35	3.398E+1
249.72	2.184E+1
250.09	1.019E+2
250.46	1.942E+1
250.83	5.583E+1
251.20	-7.039E+1
251.58	2.184E+1
251.95	7.282E+0
252.32	3.398E+1
252.69	-3.884E+1
253.06	-2.913E+1
253.43	-2.427E+0
253.80	-2.184E+1
254.17	-1.699E+1
254.55	8.253E+1
254.92	4.854E+1
255.29	1.456E+1
255.66	-1.456E+1
256.03	-3.398E+1
256.40	4.612E+1
256.77	-3.884E+1
257.14	5.097E+1
257.51	-5.097E+1
257.88	-4.612E+1
258.26	-1.165E+2
258.63	3.398E+1
259.00	-4.369E+1
259.37	1.044E+2
259.74	4.612E+1
260.11	5.340E+1
260.48	3.155E+1
260.85	-4.612E+1
261.22	1.141E+2
261.59	3.155E+1
261.96	1.699E+1
262.33	4.126E+1
262.70	2.427E+0
263.07	3.155E+1
263.44	-2.670E+1
263.81	-9.709E+0
264.18	5.340E+1
264.55	4.612E+1
264.92	1.019E+2
265.29	8.495E+1
265.66	4.854E+0
266.03	-2.184E+1
266.40	5.583E+1
266.77	1.481E+2
267.14	1.699E+1
267.51	-7.282E+0
267.88	-3.641E+1
268.25	6.796E+1
268.62	9.709E+0
268.99	-7.767E+1
269.36	2.670E+1
269.73	8.738E+1
270.10	8.253E+1
270.47	1.117E+2
270.84	8.738E+1
271.21	9.709E+0
271.58	4.369E+1
271.95	-7.282E+0
272.32	1.214E+1
272.69	-3.884E+1
273.06	-2.427E+1
273.43	-2.184E+1
273.80	-1.214E+1
274.17	-8.010E+1
274.53	4.854E+0
274.90	-2.670E+1
275.27	3.398E+1
275.64	3.398E+1
276.01	3.884E+1
276.38	-4.612E+1
276.75	2.670E+1
277.12	-5.097E+1
277.49	2.427E+0
277.86	-5.825E+1
278.22	5.340E+1
278.59	6.068E+1
278.96	5.825E+1
279.33	-1.456E+1
279.70	-9.709E+1
280.07	2.427E+0
280.44	7.282E+0
280.80	4.369E+1
281.17	6.068E+1
281.54	2.427E+1
281.91	-1.699E+1
282.28	-2.184E+1
282.65	-2.427E+0
283.02	-7.282E+1
283.38	-9.952E+1
283.75	-2.913E+1
284.12	2.427E+0
284.49	2.427E+0
284.86	4.126E+1
285.22	5.583E+1
285.59	6.796E+1
285.96	-3.641E+1
286.33	3.641E+1
286.70	4.854E+0
287.06	-3.884E+1
287.43	9.709E+0
287.80	-2.184E+1
288.17	2.184E+1
288.53	-5.097E+1
288.90	7.282E+1
289.27	1.456E+1
289.64	2.427E+0
290.01	5.583E+1
290.37	-1.456E+1
290.74	-4.612E+1
291.11	3.641E+1
291.48	-9.709E+0
291.84	-7.282E+0
292.21	-2.184E+1
292.58	1.942E+1
292.94	-2.184E+1
293.31	3.398E+1
293.68	-3.641E+1
294.05	-2.427E+1
294.41	-1.019E+2
294.78	3.398E+1
295.15	-8.981E+1
295.51	-1.214E+1
295.88	-6.068E+1
296.25	4.612E+1
296.61	7.282E+0
296.98	-8.010E+1
297.35	-5.583E+1
297.72	1.942E+1
298.08	-5.097E+1
298.45	-1.942E+1
298.82	-9.709E+0
299.18	7.767E+1
299.55	1.117E+2
299.91	-7.282E+1
300.28	3.398E+1
300.65	-8.738E+1
301.01	7.282E+1
301.38	1.286E+2
301.75	-6.068E+1
302.11	-8.981E+1
302.48	6.796E+1
302.85	3.155E+1
303.21	6.554E+1
303.58	2.670E+1
303.94	-9.952E+1
304.31	-9.709E+1
304.68	4.854E+0
305.04	4.854E+1
305.41	4.369E+1
305.77	5.097E+1
306.14	9.709E+0
306.51	-2.427E+0
306.87	4.854E+1
307.24	2.670E+1
307.60	1.456E+1
307.97	-1.456E+1
308.33	-4.854E+0
308.70	4.854E+0
309.07	1.942E+1
309.43	2.427E+0
309.80	4.126E+1
310.16	2.184E+1
310.53	7.524E+1
310.89	-2.427E+1
311.26	-1.456E+1
311.62	1.092E+2
311.99	5.340E+1
312.35	-1.214E+1
312.72	8.495E+1
313.08	1.699E+1
313.45	-9.223E+1
313.81	1.214E+1
314.18	0.000E+0
314.54	3.155E+1
314.91	-2.184E+1
315.27	-2.427E+0
315.64	-7.039E+1
316.00	3.398E+1
316.37	2.670E+1
316.73	-2.913E+1
317.10	5.340E+1
317.46	-4.612E+1
317.83	8.981E+1
318.19	-2.184E+1
318.56	-5.340E+1
318.92	2.670E+1
319.28	3.155E+1
319.65	7.282E+1
320.01	1.456E+2
320.38	-6.068E+1
320.74	4.854E+0
321.11	1.214E+1
321.47	3.155E+1
321.83	-1.942E+1
322.20	8.495E+1
322.56	2.670E+1
322.93	5.340E+1
323.29	-8.010E+1
323.66	-1.942E+1
324.02	-3.641E+1
324.38	1.456E+1
324.75	-3.155E+1
325.11	1.942E+1
325.47	5.825E+1
325.84	-1.699E+1
326.20	8.981E+1
326.57	6.554E+1
326.93	1.942E+1
327.29	3.398E+1
327.66	-9.709E+0
328.02	-1.214E+1
328.38	6.796E+1
328.75	0.000E+0
329.11	2.427E+0
329.47	5.825E+1
329.84	4.854E+0
330.20	4.369E+1
330.56	4.854E+0
330.93	2.427E+1
331.29	-4.854E+0
331.65	-7.524E+1
332.02	7.282E+0
332.38	7.282E+0
332.74	1.481E+2
333.10	2.427E+0
333.47	-2.427E+1
333.83	1.456E+1
334.19	1.214E+1
334.56	5.097E+1
334.92	-7.039E+1
335.28	5.583E+1
335.64	-6.068E+1
336.01	6.068E+1
336.37	-3.398E+1
336.73	0.000E+0
337.09	1.165E+2
337.46	-1.165E+2
337.82	2.427E+1
338.18	-2.184E+1
338.54	-5.340E+1
338.91	-3.884E+1
339.27	9.709E+1
339.63	-3.155E+1
339.99	3.641E+1
340.36	4.612E+1
340.72	4.369E+1
341.08	-2.427E+1
341.44	1.189E+2
341.80	6.554E+1
342.17	2.913E+1
342.53	1.699E+1
342.89	4.126E+1
343.25	8.253E+1
343.61	-2.913E+1
343.98	-7.767E+1
344.34	-6.068E+1
344.70	-2.184E+1
345.06	-3.155E+1
345.42	2.427E+1
345.78	4.854E+0
346.14	-2.670E+1
346.51	8.253E+1
346.87	-4.369E+1
347.23	7.039E+1
347.59	6.554E+1
347.95	1.699E+1
348.31	4.126E+1
348.67	4.612E+1
349.04	-1.044E+2
349.40	9.709E+0
349.76	9.466E+1
350.12	6.311E+1
350.48	5.340E+1
350.84	-2.427E+1
351.20	4.369E+1
351.56	3.155E+1
351.92	-2.427E+0
352.28	5.097E+1
352.65	3.155E+1
353.01	-7.282E+0
353.37	3.641E+1
353.73	1.044E+2
354.09	5.340E+1
354.45	-1.942E+1
354.81	1.942E+1
355.17	6.796E+1
355.53	2.670E+1
355.89	6.554E+1
356.25	6.311E+1
356.61	2.913E+1
356.97	1.456E+1
357.33	7.282E+0
357.69	5.340E+1
358.05	8.495E+1
358.41	-6.311E+1
358.77	3.155E+1
359.13	0.000E+0
359.49	9.466E+1
359.85	-3.641E+1
360.21	7.282E+0
360.57	1.456E+1
360.93	2.427E+1
361.29	7.767E+1
361.65	-2.427E+1
362.01	-3.155E+1
362.37	3.641E+1
362.73	-2.427E+0
363.09	-4.854E+0
363.45	3.641E+1
363.81	2.670E+1
364.17	4.369E+1
364.53	1.699E+1
364.89	7.039E+1
365.25	2.670E+1
365.61	4.369E+1
365.97	3.155E+1
366.33	3.641E+1
366.69	5.097E+1
367.05	-3.155E+1
367.40	1.699E+1
367.76	1.942E+1
368.12	1.141E+2
368.48	2.670E+1
368.84	-6.068E+1
369.20	3.155E+1
369.56	1.165E+2
369.92	7.039E+1
370.28	5.097E+1
370.63	-4.612E+1
370.99	-1.699E+1
371.35	-6.311E+1
371.71	4.854E+0
372.07	1.068E+2
372.43	2.913E+1
372.79	1.214E+2
373.15	-8.981E+1
373.50	8.495E+1
373.86	4.854E+0
374.22	9.709E+0
374.58	2.184E+1
374.94	8.253E+1
375.30	9.709E+0
375.65	6.068E+1
376.01	-2.913E+1
376.37	1.942E+1
376.73	5.583E+1
377.09	-9.709E+1
377.44	1.214E+1
377.80	-4.854E+0
378.16	-4.854E+0
378.52	1.699E+1
378.88	-9.709E+0
379.23	7.039E+1
379.59	2.427E+0
379.95	1.699E+1
380.31	7.282E+1
380.66	5.825E+1
381.02	8.010E+1
381.38	6.554E+1
381.74	4.854E+1
382.09	6.554E+1
382.45	5.825E+1
382.81	-1.942E+1
383.17	6.796E+1
383.52	7.282E+1
383.88	2.427E+1
384.24	5.825E+1
384.60	9.709E+0
384.95	2.913E+1
385.31	8.010E+1
385.67	6.068E+1
386.02	-5.340E+1
386.38	1.117E+2
386.74	4.369E+1
387.10	-6.554E+1
387.45	3.398E+1
387.81	1.141E+2
388.17	8.981E+1
388.52	5.583E+1
388.88	8.738E+1
389.24	-1.214E+1
389.59	1.165E+2
389.95	3.884E+1
390.31	6.068E+1
390.66	1.359E+2
391.02	7.524E+1
391.38	4.369E+1
391.73	2.427E+1
392.09	-5.825E+1
392.44	3.398E+1
392.80	4.854E+0
393.16	9.952E+1
393.51	3.641E+1
393.87	1.456E+1
394.23	4.612E+1
394.58	1.432E+2
394.94	1.723E+2
395.29	1.942E+1
395.65	3.155E+1
396.01	0.000E+0
396.36	-6.554E+1
396.72	4.126E+1
397.07	4.854E+0
397.43	-2.427E+0
397.78	1.068E+2
398.14	3.398E+1
398.50	9.709E+1
398.85	-7.282E+0
399.21	2.670E+1
399.56	-2.427E+1
399.92	-2.184E+1
400.27	1.068E+2
400.63	9.709E+1
400.98	6.068E+1
401.34	2.427E+0
401.69	1.359E+2
402.05	7.282E+1
402.40	8.253E+1
402.76	1.044E+2
403.11	1.432E+2
403.47	-3.884E+1
403.82	1.699E+1
404.18	5.097E+1
404.53	1.311E+2
404.89	5.340E+1
405.24	1.311E+2
405.60	7.039E+1
405.95	9.709E+1
406.31	1.699E+1
406.66	-2.670E+1
407.02	6.068E+1
407.37	1.408E+2
407.73	1.359E+2
408.08	1.529E+2
408.44	1.019E+2
408.79	6.311E+1
409.14	2.427E+0
409.50	4.854E+1
409.85	1.141E+2
410.21	1.189E+2
410.56	2.694E+2
410.92	1.869E+2
411.27	1.117E+2
411.62	7.282E+1
411.98	0.000E+0
412.33	1.311E+2
412.69	1.189E+2
413.04	1.044E+2
413.39	1.384E+2
413.75	1.117E+2
414.10	2.257E+2
414.45	1.456E+2
414.81	1.189E+2
415.16	2.112E+2
415.52	1.141E+2
415.87	2.476E+2
416.22	1.845E+2
416.58	1.505E+2
416.93	2.524E+2
417.28	2.670E+2
417.64	2.160E+2
417.99	2.670E+2
418.34	2.597E+2
418.70	1.796E+2
419.05	2.597E+2
419.40	2.985E+2
419.76	3.568E+2
420.11	3.010E+2
420.46	2.937E+2
420.81	3.714E+2
421.17	4.053E+2
421.52	3.665E+2
421.87	4.126E+2
422.23	4.782E+2
422.58	5.995E+2
422.93	6.699E+2
423.28	5.801E+2
423.64	7.937E+2
423.99	5.898E+2
424.34	5.316E+2
424.69	8.787E+2
425.05	8.107E+2
425.40	8.374E+2
425.75	8.884E+2
426.10	1.036E+3
426.46	1.007E+3
426.81	1.114E+3
427.16	1.102E+3
427.51	1.167E+3
427.87	1.308E+3
428.22	1.427E+3
428.57	1.553E+3
428.92	1.570E+3
429.27	1.670E+3
429.63	1.784E+3
429.98	1.820E+3
430.33	1.854E+3
430.68	2.141E+3
431.03	2.218E+3
431.38	2.495E+3
431.74	2.430E+3
432.09	2.888E+3
432.44	2.920E+3
432.79	3.279E+3
433.14	3.228E+3
433.49	3.262E+3
433.85	3.483E+3
434.20	3.786E+3
434.55	3.983E+3
434.90	4.269E+3
435.25	4.369E+3
435.60	4.762E+3
435.95	4.966E+3
436.30	5.221E+3
436.66	5.510E+3
437.01	5.874E+3
437.36	6.032E+3
437.71	6.595E+3
438.06	6.621E+3
438.41	7.124E+3
438.76	7.418E+3
439.11	7.806E+3
439.46	8.216E+3
439.81	8.544E+3
440.16	9.037E+3
440.52	9.675E+3
440.87	1.009E+4
441.22	1.098E+4
441.57	1.131E+4
441.92	1.186E+4
442.27	1.260E+4
442.62	1.331E+4
442.97	1.397E+4
443.32	1.435E+4
443.67	1.490E+4
444.02	1.610E+4
444.37	1.697E+4
444.72	1.769E+4
445.07	1.818E+4
445.42	1.900E+4
445.77	2.031E+4
446.12	2.066E+4
446.47	2.183E+4
446.82	2.312E+4
447.17	2.389E+4
447.52	2.496E+4
447.87	2.615E+4
448.22	2.748E+4
448.57	2.812E+4
448.92	2.961E+4
449.27	3.047E+4
449.62	3.222E+4
449.97	3.358E+4
450.32	3.431E+4
450.66	3.551E+4
451.01	3.704E+4
451.36	3.830E+4
451.71	3.969E+4
452.06	3.974E+4
452.41	4.229E+4
452.76	4.303E+4
453.11	4.470E+4
453.46	4.512E+4
453.81	4.630E+4
454.16	4.710E+4
454.51	4.749E+4
454.85	4.885E+4
455.20	4.968E+4
455.55	5.097E+4
455.90	5.094E+4
456.25	5.160E+4
456.60	5.187E+4
456.95	5.221E+4
457.30	5.219E+4
457.64	5.347E+4
457.99	5.344E+4
458.34	5.279E+4
458.69	5.184E+4
459.04	5.310E+4
459.39	5.198E+4
459.73	5.254E+4
460.08	5.188E+4
460.43	5.125E+4
460.78	5.080E+4
461.13	5.130E+4
461.48	4.907E+4
461.82	4.936E+4
462.17	4.798E+4
462.52	4.769E+4
462.87	4.686E+4
463.21	4.632E+4
463.56	4.527E+4
463.91	4.397E+4
464.26	4.359E+4
464.61	4.277E+4
464.95	4.204E+4
465.30	4.166E+4
465.65	4.053E+4
466.00	3.904E+4
466.34	3.852E+4
466.69	3.752E+4
467.04	3.686E+4
467.39	3.610E+4
467.73	3.542E+4
468.08	3.407E+4
468.43	3.332E+4
468.77	3.314E+4
469.12	3.272E+4
469.47	3.208E+4
469.82	3.153E+4
470.16	3.090E+4
470.51	3.034E+4
470.86	3.017E+4
471.20	2.951E+4
471.55	2.879E+4
471.90	2.847E+4
472.24	2.798E+4
472.59	2.738E+4
472.94	2.700E+4
473.28	2.646E+4
473.63	2.639E+4
473.98	2.532E+4
474.32	2.514E+4
474.67	2.465E+4
475.02	2.439E+4
475.36	2.379E+4
475.71	2.322E+4
476.06	2.262E+4
476.40	2.258E+4
476.75	2.191E+4
477.09	2.145E+4
477.44	2.118E+4
477.79	2.061E+4
478.13	2.000E+4
478.48	1.940E+4
478.82	1.924E+4
479.17	1.895E+4
479.52	1.828E+4
479.86	1.777E+4
480.21	1.742E+4
480.55	1.733E+4
480.90	1.665E+4
481.24	1.626E+4
481.59	1.607E+4
481.94	1.542E+4
482.28	1.499E+4
482.63	1.447E+4
482.97	1.415E+4
483.32	1.397E+4
483.66	1.314E+4
484.01	1.272E+4
484.35	1.241E+4
484.70	1.213E+4
485.04	1.195E+4
485.39	1.156E+4
485.73	1.106E+4
486.08	1.101E+4
486.42	1.043E+4
486.77	1.028E+4
487.11	9.952E+3
487.46	9.699E+3
487.80	9.367E+3
488.15	9.223E+3
488.49	8.845E+3
488.84	8.597E+3
489.18	8.301E+3
489.53	8.168E+3
489.87	7.874E+3
490.21	7.675E+3
490.56	7.541E+3
490.90	7.379E+3
491.25	7.041E+3
491.59	6.898E+3
491.94	6.595E+3
492.28	6.333E+3
492.62	6.146E+3
492.97	5.981E+3
493.31	5.726E+3
493.66	5.680E+3
494.00	5.583E+3
494.34	5.301E+3
494.69	4.898E+3
495.03	4.932E+3
495.38	4.704E+3
495.72	4.612E+3
496.06	4.524E+3
496.41	4.284E+3
496.75	4.272E+3
497.09	4.066E+3
497.44	3.859E+3
497.78	3.898E+3
498.13	3.660E+3
498.47	3.612E+3
498.81	3.561E+3
499.16	3.197E+3
499.50	3.216E+3
499.84	3.029E+3
500.19	3.160E+3
500.53	2.959E+3
500.87	2.893E+3
501.21	2.660E+3
501.56	2.689E+3
501.90	2.566E+3
502.24	2.451E+3
502.59	2.340E+3
502.93	2.393E+3
503.27	2.257E+3
503.61	2.146E+3
503.96	2.206E+3
504.30	2.039E+3
504.64	2.027E+3
504.99	1.934E+3
505.33	1.782E+3
505.67	1.789E+3
506.01	1.801E+3
506.36	1.760E+3
506.70	1.697E+3
507.04	1.638E+3
507.38	1.502E+3
507.72	1.517E+3
508.07	1.524E+3
508.41	1.427E+3
508.75	1.364E+3
509.09	1.274E+3
509.44	1.318E+3
509.78	1.277E+3
510.12	1.272E+3
510.46	1.066E+3
510.80	1.194E+3
511.14	1.087E+3
511.49	1.027E+3
511.83	1.189E+3
512.17	9.927E+2
512.51	1.029E+3
512.85	9.466E+2
513.19	9.321E+2
513.54	9.296E+2
513.88	8.714E+2
514.22	8.204E+2
514.56	8.471E+2
514.90	9.078E+2
515.24	7.621E+2
515.58	8.374E+2
515.93	7.209E+2
516.27	5.995E+2
516.61	6.772E+2
516.95	6.335E+2
517.29	6.214E+2
517.63	6.238E+2
517.97	6.651E+2
518.31	5.777E+2
518.65	5.146E+2
518.99	6.262E+2
519.33	5.388E+2
519.67	5.947E+2
520.02	5.024E+2
520.36	5.146E+2
520.70	4.539E+2
521.04	3.762E+2
521.38	3.665E+2
521.72	3.447E+2
522.06	5.097E+2
522.40	4.587E+2
522.74	3.689E+2
523.08	3.447E+2
523.42	4.053E+2
523.76	3.908E+2
524.10	3.398E+2
524.44	4.223E+2
524.78	3.519E+2
525.12	3.301E+2
525.46	3.714E+2
525.80	3.058E+2
526.14	2.451E+2
526.48	1.748E+2
526.82	2.621E+2
527.16	2.840E+2
527.50	3.277E+2
527.84	3.058E+2
528.18	3.204E+2
528.52	3.107E+2
528.86	2.451E+2
529.20	2.209E+2
529.54	2.840E+2
529.87	2.136E+2
530.21	1.990E+2
530.55	1.942E+2
530.89	2.718E+2
531.23	1.189E+2
531.57	1.699E+2
531.91	2.306E+2
532.25	2.282E+2
532.59	8.738E+1
532.93	1.578E+2
533.27	2.257E+2
533.60	1.529E+2
533.94	2.451E+2
534.28	1.214E+2
534.62	1.311E+2
534.96	2.015E+2
535.30	1.796E+2
535.64	1.918E+2
535.98	1.918E+2
536.31	1.918E+2
536.65	1.578E+2
536.99	1.481E+2
537.33	1.432E+2
537.67	1.238E+2
538.01	9.466E+1
538.34	8.738E+1
538.68	1.578E+2
539.02	1.990E+2
539.36	4.126E+1
539.70	1.675E+2
540.03	1.214E+2
540.37	6.311E+1
540.71	1.286E+2
541.05	1.238E+2
541.39	5.340E+1
541.72	1.141E+2
542.06	1.432E+2
542.40	4.854E+1
542.74	1.553E+2
543.07	1.723E+2
543.41	1.553E+2
543.75	9.466E+1
544.09	3.398E+1
544.42	1.651E+2
544.76	6.311E+1
545.10	1.311E+2
545.44	6.796E+1
545.77	6.554E+1
546.11	1.214E+2
546.45	1.238E+2
546.78	4.126E+1
547.12	1.942E+2
547.46	1.068E+2
547.80	-5.097E+1
548.13	-3.884E+1
548.47	2.184E+1
548.81	6.796E+1
549.14	8.738E+1
549.48	1.019E+2
549.82	-1.456E+1
550.15	7.039E+1
550.49	1.019E+2
550.83	5.825E+1
551.16	2.427E+0
551.50	2.184E+1
551.84	9.709E+0
552.17	-3.155E+1
552.51	7.767E+1
552.84	1.942E+1
553.18	-2.427E+0
553.52	8.738E+1
553.85	3.155E+1
554.19	-8.253E+1
554.53	6.311E+1
554.86	-6.554E+1
555.20	-3.398E+1
555.53	9.709E+1
555.87	4.612E+1
556.20	6.068E+1
556.54	9.709E+0
556.88	-4.612E+1
557.21	-4.369E+1
557.55	-4.126E+1
557.88	5.825E+1
558.22	1.456E+1
558.55	9.709E+0
558.89	8.981E+1
559.23	1.942E+1
559.56	7.282E+1
559.90	6.068E+1
560.23	5.825E+1
560.57	-4.854E+1
560.90	0.000E+0
561.24	5.097E+1
561.57	7.039E+1
561.91	5.340E+1
562.24	-3.884E+1
562.58	9.709E+0
562.91	1.019E+2
563.25	-3.398E+1
563.58	3.641E+1
563.92	1.748E+2
564.25	4.369E+1
564.59	7.039E+1
564.92	-7.524E+1
565.25	2.184E+1
565.59	1.068E+2
565.92	7.524E+1
566.26	-1.699E+1
566.59	5.340E+1
566.93	1.456E+1
567.26	-4.854E+0
567.60	3.884E+1
567.93	4.369E+1
568.26	7.039E+1
568.60	5.583E+1
568.93	-2.670E+1
569.27	-2.427E+1
569.60	1.286E+2
569.93	-8.495E+1
570.27	-9.709E+0
570.60	-5.340E+1
570.94	6.554E+1
571.27	1.311E+2
571.60	-1.942E+1
571.94	3.884E+1
572.27	-4.126E+1
572.60	-2.184E+1
572.94	-5.583E+1
573.27	-9.709E+0
573.60	1.553E+2
573.94	4.854E+0
574.27	5.097E+1
574.60	5.097E+1
574.94	6.311E+1
575.27	-2.913E+1
575.60	-7.282E+0
575.94	6.068E+1
576.27	4.612E+1
576.60	7.524E+1
576.94	1.942E+1
577.27	-5.825E+1
577.60	-3.398E+1
577.94	5.583E+1
578.27	-6.311E+1
578.60	-3.398E+1
578.93	1.456E+1
579.27	2.427E+0
579.60	7.282E+0
579.93	-3.155E+1
580.26	1.141E+2
580.60	2.184E+1
580.93	2.670E+1
581.26	-5.583E+1
581.59	5.583E+1
581.93	8.981E+1
582.26	9.709E+1
582.59	2.427E+0
582.92	3.398E+1
583.25	2.670E+1
583.59	-2.427E+0
583.92	4.854E+1
584.25	3.641E+1
584.58	2.670E+1
584.91	6.068E+1
585.25	-6.554E+1
585.58	1.456E+1
585.91	-9.709E+0
586.24	3.155E+1
586.57	5.583E+1
586.90	-7.039E+1
587.24	5.097E+1
587.57	0.000E+0
587.90	-4.369E+1
588.23	9.709E+1
588.56	-1.456E+1
588.89	1.456E+1
589.22	6.796E+1
589.56	7.282E+0
589.89	3.884E+1
590.22	-1.699E+1
590.55	1.214E+1
590.88	-9.709E+0
591.21	3.398E+1
591.54	1.456E+1
591.87	6.796E+1
592.20	2.670E+1
592.53	3.398E+1
592.87	3.155E+1
593.20	-3.155E+1
593.53	4.369E+1
593.86	-1.699E+1
594.19	-4.612E+1
594.52	5.825E+1
594.85	5.097E+1
595.18	3.155E+1
595.51	-7.524E+1
595.84	-2.427E+1
596.17	1.942E+1
596.50	8.738E+1
596.83	3.155E+1
597.16	2.427E+1
597.49	-9.952E+1
597.82	-4.369E+1
598.15	6.796E+1
598.48	1.335E+2
598.81	-3.641E+1
599.14	1.942E+1
599.47	-1.044E+2
599.80	1.942E+1
600.13	2.427E+0
600.46	8.738E+1
600.79	-3.884E+1
601.12	4.369E+1
601.45	1.456E+1
601.78	-1.456E+1
602.11	4.369E+1
602.44	5.340E+1
602.77	2.184E+1
603.10	-8.495E+1
603.42	-9.466E+1
603.75	1.529E+2
604.08	2.427E+0
604.41	1.019E+2
604.74	2.184E+1
605.07	8.495E+1
605.40	9.223E+1
605.73	-8.253E+1
606.06	6.554E+1
606.39	-9.709E+0
606.71	4.854E+0
607.04	2.670E+1
607.37	-5.097E+1
607.70	2.184E+1
608.03	6.796E+1
608.36	2.184E+1
608.69	-3.398E+1
609.02	-1.456E+1
609.34	-2.913E+1
609.67	-3.884E+1
610.00	3.155E+1
610.33	-2.670E+1
610.66	-7.524E+1
610.98	0.000E+0
611.31	4.854E+0
611.64	8.981E+1
611.97	5.825E+1
612.30	1.262E+2
612.63	9.709E+0
612.95	-5.583E+1
613.28	7.282E+1
613.61	1.456E+1
613.94	-7.767E+1
614.26	2.427E+1
614.59	2.184E+1
614.92	-1.092E+2
615.25	-2.427E+0
615.57	3.398E+1
615.90	3.641E+1
616.23	-9.223E+1
616.56	3.155E+1
616.88	1.214E+2
617.21	-5.097E+1
617.54	-1.699E+1
617.87	1.699E+1
618.19	-2.184E+1
618.52	2.427E+0
618.85	2.913E+1
619.17	-9.709E+0
619.50	8.253E+1
619.83	2.427E+0
620.15	-2.427E+0
620.48	-4.854E+0
620.81	-9.223E+1
621.14	1.699E+1
621.46	0.000E+0
621.79	1.699E+1
622.11	-4.612E+1
622.44	-3.155E+1
622.77	-5.097E+1
623.09	9.709E+0
623.42	2.427E+0
623.75	2.670E+1
624.07	-1.214E+1
624.40	4.126E+1
624.73	4.854E+0
625.05	-1.214E+1
625.38	-4.854E+0
625.70	-1.117E+2
626.03	-3.155E+1
626.36	5.583E+1
626.68	3.641E+1
627.01	-7.282E+0
627.33	3.641E+1
627.66	1.942E+1
627.99	-2.184E+1
628.31	2.913E+1
628.64	4.369E+1
628.96	-7.282E+0
629.29	-2.913E+1
629.61	2.670E+1
629.94	2.913E+1
630.26	2.427E+0
630.59	3.884E+1
630.91	1.117E+2
631.24	5.583E+1
631.57	7.767E+1
631.89	3.641E+1
632.22	3.398E+1
632.54	1.214E+1
632.87	4.854E+1
633.19	-3.398E+1
633.52	-2.184E+1
633.84	1.044E+2
634.16	-2.913E+1
634.49	1.942E+1
634.81	-8.010E+1
635.14	-1.019E+2
635.46	5.583E+1
635.79	-6.311E+1
636.11	-3.398E+1
636.44	2.913E+1
636.76	-1.626E+2
637.09	-7.524E+1
637.41	1.699E+1
637.73	8.981E+1
638.06	-1.019E+2
638.38	3.398E+1
638.71	5.825E+1
639.03	-1.214E+1
639.36	5.583E+1
639.68	-1.238E+2
640.00	3.641E+1
640.33	4.854E+1
640.65	8.738E+1
640.97	-2.427E+0
641.30	-9.223E+1
641.62	3.641E+1
641.95	-1.456E+1
642.27	-2.427E+1
642.59	7.282E+0
642.92	-2.670E+1
643.24	-9.709E+0
643.56	8.010E+1
643.89	-8.010E+1
644.21	-2.184E+1
644.53	5.097E+1
644.86	1.456E+1
645.18	2.427E+0
645.50	-1.699E+1
645.83	-5.097E+1
646.15	-9.952E+1
646.47	-3.641E+1
646.80	5.583E+1
647.12	-4.854E+0
647.44	4.612E+1
647.76	4.612E+1
648.09	-5.825E+1
648.41	-4.854E+0
648.73	6.068E+1
649.05	1.699E+1
649.38	1.942E+1
649.70	1.456E+1
650.02	1.772E+2
650.34	7.282E+1
650.67	8.738E+1
650.99	9.709E+1
651.31	1.699E+1
651.63	-4.854E+1
651.96	3.641E+1
652.28	3.884E+1
652.60	-1.117E+2
652.92	-7.039E+1
653.24	2.913E+1
653.57	-1.942E+1
653.89	4.854E+0
654.21	2.670E+1
654.53	-4.369E+1
654.85	-4.854E+1
655.18	-5.340E+1
655.50	-7.524E+1
655.82	7.767E+1
656.14	1.699E+1
656.46	-4.854E+0
656.78	3.155E+1
657.10	1.262E+2
657.43	1.893E+2
657.75	4.854E+0
658.07	-2.427E+0
658.39	-6.068E+1
658.71	1.942E+1
659.03	1.214E+1
659.35	3.155E+1
659.67	4.854E+0
659.99	-1.942E+1
660.32	1.942E+1
660.64	-1.456E+1
660.96	-8.010E+1
661.28	-7.282E+0
661.60	-3.398E+1
661.92	8.253E+1
662.24	-5.097E+1
662.56	-3.155E+1
662.88	0.000E+0
663.20	2.670E+1
663.52	-3.641E+1
663.84	6.554E+1
664.16	5.097E+1
664.48	-9.709E+0
664.80	3.641E+1
665.12	2.184E+1
665.44	7.039E+1
665.76	1.456E+1
666.08	-5.825E+1
666.40	6.311E+1
666.72	4.854E+0
667.04	-1.699E+1
667.36	-7.282E+0
667.68	-1.845E+2
668.00	2.670E+1
668.32	8.010E+1
668.64	2.913E+1
668.96	-2.184E+1
669.28	4.854E+0
669.60	2.427E+0
669.92	-1.117E+2
670.24	5.825E+1
670.56	-2.913E+1
670.88	9.952E+1
671.20	-2.427E+1
671.52	1.238E+2
671.84	-7.282E+1
672.16	-8.738E+1
672.47	1.699E+1
672.79	-2.184E+1
673.11	8.495E+1
673.43	-7.039E+1
673.75	-6.796E+1
674.07	-4.126E+1
674.39	-1.214E+1
674.71	1.019E+2
675.03	8.253E+1
675.34	3.398E+1
675.66	-3.884E+1
675.98	-2.427E+1
676.30	1.141E+2
676.62	-2.427E+0
676.94	-2.670E+1
677.25	4.854E+0
677.57	-7.039E+1
677.89	9.466E+1
678.21	7.282E+1
678.53	-7.524E+1
678.85	2.427E+0
679.16	-3.398E+1
679.48	9.709E+0
679.80	2.670E+1
680.12	6.554E+1
680.44	7.282E+1
680.75	-6.554E+1
681.07	-6.796E+1
681.39	4.854E+1
681.71	1.456E+1
682.02	4.126E+1
682.34	2.670E+1
682.66	6.311E+1
682.98	-2.913E+1
683.29	5.583E+1
683.61	-1.141E+2
683.93	3.155E+1
684.25	2.427E+0
684.56	5.825E+1
684.88	2.427E+1
685.20	-9.709E+1
685.51	6.311E+1
685.83	1.942E+1
686.15	-5.825E+1
686.47	2.427E+0
686.78	9.709E+0
687.10	-1.699E+1
687.42	8.253E+1
687.73	-1.456E+1
688.05	-9.952E+1
688.37	4.369E+1
688.68	4.126E+1
689.00	2.427E+0
689.32	-8.010E+1
689.63	9.709E+0
689.95	6.554E+1
690.26	1.214E+2
690.58	-2.670E+1
690.90	-2.184E+1
691.21	9.709E+0
691.53	1.214E+1
691.85	-8.981E+1
692.16	3.155E+1
692.48	3.398E+1
692.79	4.854E+0
693.11	1.942E+1
693.42	9.466E+1
693.74	-6.796E+1
694.06	6.068E+1
694.37	2.427E+0
694.69	-3.398E+1
695.00	-5.340E+1
695.32	7.767E+1
695.63	-5.097E+1
695.95	-4.369E+1
696.26	-6.068E+1
696.58	1.092E+2
696.90	-2.913E+1
697.21	3.641E+1
697.53	9.952E+1
697.84	1.019E+2
698.16	-5.340E+1
698.47	4.854E+0
698.79	2.427E+1
699.10	1.699E+1
699.42	1.044E+2
699.73	-2.184E+1
700.05	3.155E+1
700.36	3.155E+1
700.68	1.117E+2
700.99	6.068E+1
701.30	-9.709E+0
701.62	-4.369E+1
701.93	-2.184E+1
702.25	-1.699E+1
702.56	5.583E+1
702.88	-2.913E+1
703.19	5.583E+1
703.50	-8.253E+1
703.82	3.398E+1
704.13	-3.884E+1
704.45	6.311E+1
704.76	3.398E+1
705.08	2.427E+0
705.39	-3.641E+1
705.70	-1.942E+1
706.02	-1.699E+1
706.33	3.641E+1
706.64	-3.155E+1
706.96	1.942E+1
707.27	-5.825E+1
707.59	-9.952E+1
707.90	-1.019E+2
708.21	1.918E+2
708.53	-9.709E+0
708.84	-1.311E+2
709.15	3.641E+1
709.47	-2.184E+1
709.78	-1.214E+1
710.09	9.709E+0
710.41	1.214E+1
710.72	-8.253E+1
711.03	-6.068E+1
711.34	2.913E+1
711.66	9.709E+1
711.97	-1.044E+2
712.28	-7.524E+1
712.60	1.456E+1
712.91	-9.709E+0
713.22	-4.854E+1
713.53	1.699E+1
713.85	1.044E+2
714.16	1.214E+1
714.47	-8.738E+1
714.78	-1.456E+1
715.10	2.184E+1
715.41	4.612E+1
715.72	8.738E+1
716.03	-3.398E+1
716.35	1.699E+1
716.66	-7.524E+1
716.97	5.097E+1
717.28	-1.942E+1
717.59	8.495E+1
717.91	-1.432E+2
718.22	-2.184E+1
718.53	7.282E+1
718.84	-4.854E+0
719.15	2.670E+1
719.46	-6.311E+1
719.78	2.427E+0
720.09	-2.427E+0
720.40	2.184E+1
720.71	2.670E+1
721.02	1.699E+1
721.33	-2.184E+1
721.65	-4.612E+1
721.96	-1.117E+2
722.27	-1.214E+1
722.58	-4.369E+1
722.89	-6.554E+1
723.20	-2.913E+1
723.51	-2.184E+1
723.82	-5.583E+1
724.13	-7.282E+0
724.45	6.796E+1
724.76	-5.825E+1
725.07	-3.641E+1
725.38	1.214E+1
725.69	-3.155E+1
726.00	2.913E+1
726.31	1.942E+1
726.62	-3.155E+1
726.93	-2.913E+1
727.24	2.427E+0
727.55	2.913E+1
727.86	-8.253E+1
728.17	9.223E+1
728.48	-4.369E+1
728.79	-1.214E+1
729.10	-1.068E+2
729.41	-5.583E+1
729.72	1.189E+2
730.03	-2.427E+0
730.34	7.282E+0
730.65	-3.398E+1
730.96	2.184E+1
731.27	6.068E+1
731.58	6.068E+1
731.89	-2.913E+1
732.20	-1.189E+2
732.51	3.641E+1
732.82	1.214E+1
733.13	3.641E+1
733.44	3.398E+1
733.75	6.796E+1
734.06	2.670E+1
734.37	-7.282E+0
734.68	8.253E+1
734.98	2.670E+1
735.29	-4.854E+0
735.60	-2.184E+1
735.91	-8.253E+1
736.22	-1.214E+1
736.53	5.825E+1
736.84	-1.189E+2
737.15	-4.854E+0
737.46	9.952E+1
737.77	-9.709E+0
738.07	-1.456E+1
738.38	-6.554E+1
738.69	-6.554E+1
739.00	3.398E+1
739.31	-1.942E+1
739.62	8.010E+1
739.92	3.884E+1
740.23	7.524E+1
740.54	-5.583E+1
740.85	-1.456E+1
741.16	-2.670E+1
741.47	-4.854E+0
741.77	3.398E+1
742.08	-7.282E+0
742.39	-2.184E+1
742.70	-1.699E+1
743.01	3.641E+1
743.31	-1.335E+2
743.62	3.155E+1
743.93	4.126E+1
744.24	-1.214E+1
744.54	2.184E+1
744.85	6.796E+1
745.16	-1.942E+1
745.47	-2.427E+0
745.77	-2.913E+1
746.08	5.583E+1
746.39	-9.709E+0
746.70	-1.456E+1
747.00	8.981E+1
747.31	3.884E+1
747.62	1.019E+2
747.92	5.340E+1
748.23	-8.495E+1
748.54	-9.709E+0
748.84	-7.767E+1
749.15	-9.952E+1
749.46	1.214E+1
749.76	-1.165E+2
750.07	3.398E+1
750.38	1.456E+1
750.68	6.796E+1
750.99	-9.709E+0
751.30	-7.282E+1
751.60	-2.670E+1
751.91	-3.155E+1
752.22	2.913E+1
752.52	3.884E+1
752.83	7.282E+0
753.14	-2.184E+1
753.44	8.253E+1
753.75	0.000E+0
754.05	6.796E+1
754.36	1.942E+1
754.67	-4.126E+1
754.97	1.214E+1
755.28	4.854E+0
755.58	1.456E+1
755.89	-1.942E+1
756.19	2.427E+0
756.50	-7.767E+1
756.81	-1.699E+1
757.11	1.214E+1
757.42	2.913E+1
757.72	-4.854E+0
758.03	-9.709E+0
758.33	7.524E+1
758.64	4.126E+1
758.94	3.398E+1
759.25	-1.044E+2
759.55	5.825E+1
759.86	-7.282E+0
760.16	-1.019E+2
760.47	2.184E+1
760.77	-8.010E+1
761.08	-6.311E+1
761.38	-6.554E+1
761.69	-2.670E+1
761.99	6.311E+1
762.30	2.427E+0
762.60	7.524E+1
762.91	-7.282E+0
763.21	-4.854E+0
763.51	5.583E+1
763.82	-4.369E+1
764.12	3.884E+1
764.43	-6.554E+1
764.73	-5.583E+1
765.04	-1.092E+2
765.34	2.184E+1
765.64	6.311E+1
765.95	9.709E+0
766.25	2.184E+1
766.56	5.583E+1
766.86	5.583E+1
767.16	2.184E+1
767.47	-4.854E+1
767.77	9.709E+0
768.07	-9.223E+1
768.38	7.282E+1
768.68	3.884E+1
768.98	-1.456E+1
769.29	-8.738E+1
769.59	-4.126E+1
769.89	2.184E+1
770.20	1.456E+1
770.50	-4.612E+1
770.80	-8.253E+1
771.11	-5.340E+1
771.41	-7.282E+0
771.71	5.097E+1
772.02	-1.456E+1
772.32	-2.427E+0
772.62	-1.699E+1
772.93	5.340E+1
773.23	1.214E+1
773.53	2.184E+1
773.83	6.796E+1
774.14	-3.641E+1
774.44	-3.641E+1
774.74	-6.554E+1
775.04	-2.427E+1
775.35	-5.825E+1
775.65	9.709E+0
775.95	4.369E+1
776.25	1.214E+1
776.55	2.427E+0
776.86	6.311E+1
777.16	-7.767E+1
777.46	-2.184E+1
777.76	-1.942E+1
778.06	-1.068E+2
778.37	-2.427E+0
778.67	-4.854E+1
778.97	1.942E+1
779.27	-6.796E+1
779.57	9.709E+0
779.88	-3.398E+1
780.18	1.456E+1
780.48	4.854E+0
780.78	-6.311E+1
781.08	9.709E+0
781.38	-1.699E+1
781.68	-3.641E+1
781.98	-3.641E+1
782.29	-1.335E+2
782.59	3.884E+1
782.89	8.981E+1
783.19	4.126E+1
783.49	-3.884E+1
783.79	-1.092E+2
784.09	1.942E+1
784.39	2.427E+1
784.69	5.825E+1
784.99	3.884E+1
785.30	-7.767E+1
785.60	-2.913E+1
785.90	-6.068E+1
786.20	3.884E+1
786.50	4.369E+1
786.80	5.340E+1
787.10	-2.427E+1
787.40	0.000E+0
787.70	5.340E+1
788.00	2.427E+0
788.30	-1.699E+1
788.60	1.092E+2
788.90	0.000E+0
789.20	-3.641E+1
789.50	2.913E+1
789.80	-6.311E+1
790.10	-4.854E+1
790.40	-8.738E+1
790.70	2.670E+1
791.00	1.456E+1
791.30	-7.282E+0
791.60	9.709E+0
791.90	2.427E+1
792.20	4.854E+1
792.50	6.554E+1
792.79	-5.825E+1
793.09	-1.456E+1
793.39	-3.155E+1
793.69	-5.340E+1
793.99	-1.456E+1
794.29	1.165E+2
794.59	-6.554E+1
794.89	1.699E+1
795.19	-1.723E+2
795.49	-6.554E+1
795.79	5.340E+1
796.08	2.427E+0
796.38	-1.456E+1
796.68	-9.952E+1
796.98	5.825E+1
797.28	1.699E+1
797.58	6.311E+1
797.88	5.583E+1
798.17	-3.641E+1
798.47	-2.913E+1
798.77	-4.612E+1
799.07	8.010E+1
799.37	-5.340E+1
799.67	1.456E+1
799.96	4.854E+0
800.26	6.311E+1
800.56	-8.738E+1
800.86	8.495E+1
801.16	-2.427E+0
801.45	2.184E+1
801.75	-4.612E+1
802.05	-1.456E+1
802.35	-2.184E+1
802.64	-1.117E+2
802.94	3.155E+1
803.24	-2.427E+0
803.54	-2.184E+1
803.83	-8.010E+1
804.13	-2.184E+1
804.43	8.010E+1
804.73	-4.369E+1
805.02	-1.456E+1
805.32	1.165E+2
805.62	0.000E+0
805.91	5.340E+1
806.21	3.641E+1
806.51	-7.282E+0
806.81	9.709E+0
807.10	4.854E+0
807.40	-8.981E+1
807.70	8.495E+1
807.99	-7.282E+0
808.29	6.796E+1
808.59	4.612E+1
808.88	-4.854E+1
809.18	1.092E+2
809.47	-6.554E+1
809.77	1.456E+1
810.07	-6.068E+1
810.36	4.854E+0
810.66	-8.738E+1
810.96	4.854E+1
811.25	6.068E+1
811.55	-7.282E+0
811.84	-2.427E+0
812.14	-8.253E+1
812.44	2.913E+1
812.73	-7.524E+1
813.03	2.427E+0
813.32	1.117E+2
813.62	-7.282E+0
813.91	4.369E+1
814.21	1.214E+1
814.51	-2.184E+1
814.80	8.981E+1
815.10	-9.709E+0
815.39	2.670E+1
815.69	-5.097E+1
815.98	6.311E+1
816.28	-6.311E+1
816.57	1.456E+1
816.87	-3.155E+1
817.16	2.427E+1
817.46	1.214E+1
817.75	-8.010E+1
818.05	-2.670E+1
818.34	-4.612E+1
818.64	-8.010E+1
818.93	7.282E+0
819.23	-3.398E+1
819.52	7.282E+0
819.82	1.456E+1
820.11	6.311E+1
820.40	1.699E+1
820.70	5.583E+1
820.99	-9.709E+0
821.29	-3.155E+1
821.58	2.427E+0
821.88	-4.369E+1
822.17	-1.942E+1
822.46	-7.282E+1
822.76	-5.583E+1
823.05	-1.699E+1
823.35	2.184E+1
823.64	4.854E+1
823.93	-5.097E+1
824.23	-1.019E+2
824.52	1.214E+1
824.81	-3.398E+1
825.11	2.913E+1
825.40	-9.709E+0
825.69	-2.184E+1
825.99	3.884E+1
826.28	-1.092E+2
826.58	7.767E+1
826.87	1.165E+2
827.16	3.641E+1
827.45	-4.369E+1
827.75	-3.398E+1
828.04	-9.223E+1
828.33	-8.253E+1
828.63	-7.282E+0
828.92	7.282E+0
829.21	-7.282E+0
829.51	7.524E+1
829.80	-6.068E+1
830.09	3.641E+1
830.38	-2.427E+1
830.68	-4.612E+1
830.97	-8.981E+1
831.26	-1.214E+1
831.55	-4.369E+1
831.85	-3.155E+1
832.14	-6.068E+1
832.43	-1.942E+1
832.72	2.184E+1
833.01	2.184E+1
833.31	-1.942E+1
833.60	5.340E+1
833.89	-6.311E+1
834.18	-4.854E+0
834.47	-5.583E+1
834.77	-3.884E+1
835.06	1.214E+1
835.35	2.184E+1
835.64	5.583E+1
835.93	0.000E+0
836.22	2.427E+1
836.52	-4.369E+1
836.81	2.427E+0
837.10	9.709E+0
837.39	1.942E+1
837.68	-7.524E+1
837.97	1.214E+1
838.26	6.796E+1
838.55	-2.427E+1
838.85	8.253E+1
839.14	2.913E+1
839.43	6.311E+1
839.72	-4.854E+1
840.01	-7.282E+0
840.30	2.184E+1
840.59	-5.340E+1
840.88	1.214E+1
841.17	2.427E+1
841.46	4.126E+1
841.75	-1.456E+1
842.04	-1.214E+1
842.33	-3.155E+1
842.62	2.184E+1
842.91	8.010E+1
843.21	6.554E+1
843.50	1.456E+1
843.79	3.398E+1
844.08	7.767E+1
844.37	7.524E+1
844.66	6.796E+1
844.95	-2.670E+1
845.24	2.184E+1
845.53	2.913E+1
845.81	5.825E+1
846.10	-5.340E+1
846.39	-1.214E+1
846.68	-1.214E+1
846.97	-3.398E+1
847.26	3.884E+1
847.55	-3.641E+1
847.84	2.184E+1
848.13	2.184E+1
848.42	-3.155E+1
848.71	-4.854E+0
849.00	1.214E+1
849.29	9.223E+1
849.58	0.000E+0
849.87	9.466E+1
850.15	-8.010E+1
850.44	1.699E+1
850.73	1.214E+1
851.02	-3.398E+1
851.31	-5.583E+1
851.60	2.427E+1
851.89	-5.825E+1
852.18	2.670E+1
852.46	6.068E+1
852.75	3.155E+1
853.04	3.155E+1
853.33	-7.767E+1
853.62	-2.184E+1
853.91	-5.825E+1
854.19	-7.524E+1
854.48	1.214E+1
854.77	-5.825E+1
855.06	7.282E+0
855.35	-8.253E+1
855.63	-1.699E+1
855.92	1.456E+1
856.21	-9.709E+0
856.50	-4.612E+1
856.79	-3.155E+1
857.07	5.825E+1
857.36	9.952E+1
857.65	-8.253E+1
857.94	-6.068E+1
858.22	1.214E+2
858.51	-4.854E+1
858.80	-9.952E+1
859.08	1.699E+1
859.37	-1.942E+1
859.66	-1.699E+1
859.95	-7.767E+1
860.23	2.670E+1
860.52	2.427E+0
860.81	-8.253E+1
861.09	-2.913E+1
861.38	-9.709E+0
861.67	-9.466E+1
861.95	3.641E+1
862.24	2.427E+0
862.53	-4.369E+1
862.81	-6.311E+1
863.10	-7.282E+0
863.39	3.884E+1
863.67	9.709E+0
863.96	4.126E+1
864.25	-4.612E+1
864.53	1.214E+1
864.82	4.369E+1
865.10	1.456E+1
865.39	-4.126E+1
865.68	0.000E+0
865.96	-4.369E+1
866.25	-7.282E+0
866.53	-7.282E+0
866.82	-7.282E+0