Wavelength	Intensity	Ocean Optics Flame
nm	counts
187.89	-1.456E+1
188.27	-1.141E+2
188.64	1.214E+1
189.02	3.884E+1
189.40	-5.097E+1
189.78	-8.010E+1
190.15	-4.126E+1
190.53	-1.068E+2
190.91	4.854E+1
191.29	-2.670E+1
191.66	-9.709E+0
192.04	1.044E+2
192.42	-1.456E+1
192.80	-4.854E+0
193.17	7.767E+1
193.55	-9.709E+0
193.93	2.184E+1
194.30	2.427E+0
194.68	-5.583E+1
195.06	1.408E+2
195.44	-9.709E+0
195.81	6.554E+1
196.19	3.884E+1
196.57	4.854E+0
196.94	-7.282E+0
197.32	-5.340E+1
197.70	-2.913E+1
198.07	2.913E+1
198.45	-4.126E+1
198.83	2.427E+0
199.20	4.126E+1
199.58	5.340E+1
199.96	6.796E+1
200.33	5.097E+1
200.71	1.214E+1
201.09	4.854E+0
201.46	5.097E+1
201.84	-4.854E+0
202.22	3.155E+1
202.59	8.495E+1
202.97	1.699E+1
203.34	-4.126E+1
203.72	5.583E+1
204.10	1.359E+2
204.47	8.253E+1
204.85	-3.398E+1
205.23	-4.854E+0
205.60	4.854E+0
205.98	1.019E+2
206.35	7.282E+0
206.73	-4.612E+1
207.11	-2.427E+0
207.48	1.044E+2
207.86	8.010E+1
208.23	7.524E+1
208.61	6.311E+1
208.98	-2.184E+1
209.36	4.854E+0
209.74	4.854E+1
210.11	-8.010E+1
210.49	8.981E+1
210.86	7.282E+1
211.24	5.097E+1
211.61	1.942E+1
211.99	-2.913E+1
212.36	5.097E+1
212.74	2.670E+1
213.11	8.981E+1
213.49	-5.340E+1
213.87	5.825E+1
214.24	-2.913E+1
214.62	-4.612E+1
214.99	-7.282E+0
215.37	-4.612E+1
215.74	4.369E+1
216.12	-4.854E+1
216.49	6.796E+1
216.87	1.432E+2
217.24	9.709E+0
217.62	1.214E+1
217.99	3.398E+1
218.37	-9.709E+1
218.74	9.466E+1
219.11	7.282E+1
219.49	2.427E+1
219.86	-2.427E+0
220.24	-4.854E+0
220.61	4.369E+1
220.99	1.214E+1
221.36	2.184E+1
221.74	4.126E+1
222.11	3.641E+1
222.49	2.184E+1
222.86	3.155E+1
223.23	2.427E+0
223.61	-2.670E+1
223.98	4.126E+1
224.36	2.184E+1
224.73	2.427E+0
225.11	1.044E+2
225.48	2.913E+1
225.85	-7.282E+0
226.23	-2.427E+0
226.60	6.796E+1
226.98	-4.854E+1
227.35	-9.709E+0
227.72	3.398E+1
228.10	2.427E+1
228.47	8.738E+1
228.84	2.913E+1
229.22	0.000E+0
229.59	-1.384E+2
229.97	-2.670E+1
230.34	5.825E+1
230.71	-9.709E+0
231.09	2.913E+1
231.46	9.709E+0
231.83	-3.398E+1
232.21	0.000E+0
232.58	-3.884E+1
232.95	-4.854E+1
233.33	4.369E+1
233.70	7.282E+0
234.07	6.796E+1
234.45	2.913E+1
234.82	2.913E+1
235.19	-5.097E+1
235.57	1.092E+2
235.94	8.253E+1
236.31	5.340E+1
236.69	7.767E+1
237.06	-7.282E+1
237.43	2.427E+1
237.80	4.612E+1
238.18	-2.184E+1
238.55	-3.884E+1
238.92	7.524E+1
239.30	4.126E+1
239.67	-6.796E+1
240.04	1.456E+1
240.41	9.709E+0
240.79	5.825E+1
241.16	-8.253E+1
241.53	2.427E+1
241.90	7.524E+1
242.28	3.884E+1
242.65	3.398E+1
243.02	-3.155E+1
243.39	-1.214E+1
243.77	2.427E+0
244.14	5.340E+1
244.51	-9.466E+1
244.88	2.670E+1
245.25	3.884E+1
245.63	8.738E+1
246.00	5.097E+1
246.37	1.699E+1
246.74	-2.427E+1
247.11	-1.942E+1
247.49	5.825E+1
247.86	1.942E+1
248.23	-8.981E+1
248.60	-3.641E+1
248.97	9.709E+0
249.35	-3.884E+1
249.72	4.369E+1
250.09	6.068E+1
250.46	6.311E+1
250.83	-4.854E+1
251.20	9.709E+0
251.58	-3.155E+1
251.95	6.554E+1
252.32	2.670E+1
252.69	-1.456E+1
253.06	9.709E+1
253.43	4.854E+0
253.80	5.097E+1
254.17	5.825E+1
254.55	8.495E+1
254.92	7.282E+1
255.29	6.068E+1
255.66	2.184E+1
256.03	1.456E+1
256.40	7.524E+1
256.77	-6.068E+1
257.14	1.942E+1
257.51	-2.184E+1
257.88	-1.214E+1
258.26	-6.068E+1
258.63	4.854E+0
259.00	3.398E+1
259.37	-4.612E+1
259.74	2.670E+1
260.11	7.524E+1
260.48	-1.214E+1
260.85	8.981E+1
261.22	9.952E+1
261.59	4.612E+1
261.96	7.524E+1
262.33	-1.942E+1
262.70	1.626E+2
263.07	4.612E+1
263.44	-4.126E+1
263.81	3.884E+1
264.18	6.796E+1
264.55	3.398E+1
264.92	-1.311E+2
265.29	-4.854E+0
265.66	7.767E+1
266.03	1.214E+2
266.40	1.189E+2
266.77	8.495E+1
267.14	2.184E+1
267.51	6.796E+1
267.88	8.495E+1
268.25	1.214E+1
268.62	-7.282E+1
268.99	5.825E+1
269.36	1.068E+2
269.73	5.340E+1
270.10	2.427E+1
270.47	2.427E+0
270.84	-2.427E+1
271.21	8.738E+1
271.58	7.282E+0
271.95	-3.641E+1
272.32	1.699E+1
272.69	3.155E+1
273.06	-4.369E+1
273.43	7.282E+1
273.80	7.282E+1
274.17	1.942E+1
274.53	7.039E+1
274.90	5.583E+1
275.27	1.214E+1
275.64	-4.126E+1
276.01	0.000E+0
276.38	-1.068E+2
276.75	2.427E+1
277.12	5.097E+1
277.49	-5.097E+1
277.86	-9.709E+0
278.22	4.854E+0
278.59	-2.184E+1
278.96	5.825E+1
279.33	-4.854E+0
279.70	2.427E+1
280.07	1.214E+1
280.44	3.641E+1
280.80	4.369E+1
281.17	1.214E+1
281.54	5.583E+1
281.91	5.583E+1
282.28	-3.398E+1
282.65	1.214E+1
283.02	-7.282E+0
283.38	-2.184E+1
283.75	7.282E+1
284.12	-8.981E+1
284.49	4.126E+1
284.86	-5.097E+1
285.22	-4.612E+1
285.59	2.670E+1
285.96	1.456E+1
286.33	-7.282E+0
286.70	1.117E+2
287.06	0.000E+0
287.43	3.884E+1
287.80	2.427E+0
288.17	8.981E+1
288.53	2.184E+1
288.90	2.913E+1
289.27	2.913E+1
289.64	-4.854E+0
290.01	-4.612E+1
290.37	8.495E+1
290.74	1.068E+2
291.11	6.311E+1
291.48	4.126E+1
291.84	3.641E+1
292.21	4.854E+0
292.58	-5.825E+1
292.94	-8.495E+1
293.31	-9.709E+0
293.68	-3.398E+1
294.05	8.981E+1
294.41	8.253E+1
294.78	2.670E+1
295.15	-3.398E+1
295.51	7.282E+0
295.88	-7.282E+0
296.25	-2.427E+0
296.61	3.641E+1
296.98	7.039E+1
297.35	6.068E+1
297.72	2.427E+0
298.08	-8.495E+1
298.45	1.699E+1
298.82	-6.311E+1
299.18	-4.126E+1
299.55	-4.854E+1
299.91	4.126E+1
300.28	-2.913E+1
300.65	1.699E+1
301.01	-1.456E+1
301.38	-4.369E+1
301.75	4.369E+1
302.11	-5.825E+1
302.48	-4.369E+1
302.85	-4.612E+1
303.21	-7.282E+0
303.58	4.612E+1
303.94	-7.767E+1
304.31	5.583E+1
304.68	-2.913E+1
305.04	1.456E+1
305.41	9.709E+0
305.77	5.340E+1
306.14	-4.854E+0
306.51	3.398E+1
306.87	-2.184E+1
307.24	2.427E+1
307.60	-7.282E+0
307.97	-2.184E+1
308.33	-6.068E+1
308.70	3.155E+1
309.07	-3.155E+1
309.43	2.427E+1
309.80	7.524E+1
310.16	-8.253E+1
310.53	9.709E+1
310.89	6.068E+1
311.26	6.068E+1
311.62	5.097E+1
311.99	-3.155E+1
312.35	1.262E+2
312.72	7.282E+0
313.08	6.311E+1
313.45	-4.612E+1
313.81	-1.456E+1
314.18	1.942E+1
314.54	-1.214E+2
314.91	-1.335E+2
315.27	-9.709E+0
315.64	5.583E+1
316.00	5.825E+1
316.37	-5.583E+1
316.73	-2.913E+1
317.10	3.884E+1
317.46	9.466E+1
317.83	3.398E+1
318.19	-1.699E+1
318.56	-5.340E+1
318.92	6.796E+1
319.28	-2.184E+1
319.65	-2.184E+1
320.01	-4.854E+0
320.38	2.670E+1
320.74	-5.340E+1
321.11	-6.554E+1
321.47	8.495E+1
321.83	2.427E+0
322.20	-4.854E+0
322.56	-6.554E+1
322.93	3.641E+1
323.29	9.709E+0
323.66	1.699E+1
324.02	5.097E+1
324.38	1.699E+1
324.75	-5.097E+1
325.11	-3.884E+1
325.47	1.262E+2
325.84	1.456E+1
326.20	4.126E+1
326.57	9.952E+1
326.93	6.311E+1
327.29	4.369E+1
327.66	3.155E+1
328.02	1.456E+1
328.38	4.369E+1
328.75	1.214E+1
329.11	1.699E+1
329.47	-1.942E+1
329.84	-4.126E+1
330.20	4.612E+1
330.56	6.311E+1
330.93	-1.942E+1
331.29	2.427E+1
331.65	3.398E+1
332.02	2.427E+1
332.38	5.097E+1
332.74	-5.340E+1
333.10	-7.282E+0
333.47	3.155E+1
333.83	-1.699E+1
334.19	2.184E+1
334.56	-1.214E+1
334.92	3.884E+1
335.28	3.641E+1
335.64	-9.709E+0
336.01	-9.709E+0
336.37	-9.709E+0
336.73	7.767E+1
337.09	2.670E+1
337.46	-2.427E+1
337.82	-3.884E+1
338.18	-9.709E+0
338.54	-3.398E+1
338.91	3.155E+1
339.27	9.466E+1
339.63	7.767E+1
339.99	-4.854E+0
340.36	8.981E+1
340.72	-9.709E+0
341.08	7.282E+0
341.44	-1.068E+2
341.80	-7.282E+0
342.17	1.262E+2
342.53	-4.854E+0
342.89	3.641E+1
343.25	9.223E+1
343.61	8.495E+1
343.98	3.884E+1
344.34	-7.282E+0
344.70	-2.913E+1
345.06	3.641E+1
345.42	-4.854E+0
345.78	3.884E+1
346.14	1.699E+1
346.51	3.884E+1
346.87	6.554E+1
347.23	3.641E+1
347.59	-1.456E+1
347.95	-8.495E+1
348.31	1.117E+2
348.67	-1.942E+1
349.04	2.670E+1
349.40	7.039E+1
349.76	1.699E+1
350.12	-6.068E+1
350.48	8.253E+1
350.84	-1.456E+1
351.20	-3.398E+1
351.56	2.184E+1
351.92	-2.670E+1
352.28	-8.010E+1
352.65	1.044E+2
353.01	4.126E+1
353.37	9.466E+1
353.73	2.913E+1
354.09	9.709E+0
354.45	2.427E+1
354.81	-4.612E+1
355.17	2.913E+1
355.53	1.505E+2
355.89	1.456E+1
356.25	-3.641E+1
356.61	1.456E+1
356.97	1.117E+2
357.33	7.282E+0
357.69	6.068E+1
358.05	4.854E+0
358.41	-2.427E+0
358.77	3.155E+1
359.13	-1.699E+1
359.49	7.282E+0
359.85	2.670E+1
360.21	9.952E+1
360.57	9.223E+1
360.93	9.223E+1
361.29	7.767E+1
361.65	4.126E+1
362.01	-3.641E+1
362.37	-3.155E+1
362.73	4.612E+1
363.09	-2.913E+1
363.45	4.854E+1
363.81	3.641E+1
364.17	7.039E+1
364.53	3.884E+1
364.89	0.000E+0
365.25	4.854E+0
365.61	-5.583E+1
365.97	1.262E+2
366.33	3.884E+1
366.69	-2.427E+1
367.05	-7.282E+0
367.40	7.282E+1
367.76	4.854E+0
368.12	5.340E+1
368.48	4.126E+1
368.84	8.495E+1
369.20	1.092E+2
369.56	5.583E+1
369.92	2.184E+1
370.28	-8.981E+1
370.63	5.825E+1
370.99	2.184E+1
371.35	6.554E+1
371.71	-1.456E+1
372.07	4.126E+1
372.43	0.000E+0
372.79	-5.097E+1
373.15	2.670E+1
373.50	8.010E+1
373.86	4.854E+1
374.22	8.253E+1
374.58	-3.641E+1
374.94	-6.068E+1
375.30	9.223E+1
375.65	8.738E+1
376.01	1.092E+2
376.37	8.010E+1
376.73	5.097E+1
377.09	3.155E+1
377.44	1.165E+2
377.80	1.068E+2
378.16	1.165E+2
378.52	7.039E+1
378.88	6.311E+1
379.23	1.942E+1
379.59	4.854E+0
379.95	2.427E+1
380.31	3.641E+1
380.66	7.282E+0
381.02	5.340E+1
381.38	1.092E+2
381.74	3.155E+1
382.09	-7.282E+0
382.45	2.427E+1
382.81	-6.554E+1
383.17	3.884E+1
383.52	-3.155E+1
383.88	4.854E+0
384.24	8.010E+1
384.60	-1.214E+1
384.95	1.359E+2
385.31	-3.155E+1
385.67	-5.097E+1
386.02	4.612E+1
386.38	2.670E+1
386.74	5.340E+1
387.10	1.456E+2
387.45	8.495E+1
387.81	1.359E+2
388.17	3.641E+1
388.52	4.126E+1
388.88	-1.942E+1
389.24	-3.398E+1
389.59	4.369E+1
389.95	3.641E+1
390.31	-1.699E+1
390.66	7.767E+1
391.02	7.282E+0
391.38	3.641E+1
391.73	1.432E+2
392.09	-1.214E+1
392.44	3.884E+1
392.80	1.456E+1
393.16	-8.253E+1
393.51	6.796E+1
393.87	4.612E+1
394.23	5.340E+1
394.58	8.981E+1
394.94	8.010E+1
395.29	-4.854E+0
395.65	4.854E+0
396.01	1.189E+2
396.36	6.311E+1
396.72	1.651E+2
397.07	9.952E+1
397.43	1.820E+2
397.78	1.578E+2
398.14	-2.427E+0
398.50	4.369E+1
398.85	1.456E+1
399.21	2.427E+1
399.56	1.699E+1
399.92	6.311E+1
400.27	7.524E+1
400.63	4.126E+1
400.98	-7.282E+0
401.34	1.262E+2
401.69	9.952E+1
402.05	-9.709E+0
402.40	5.097E+1
402.76	1.068E+2
403.11	9.709E+0
403.47	6.554E+1
403.82	1.019E+2
404.18	1.651E+2
404.53	-1.456E+1
404.89	1.019E+2
405.24	2.184E+1
405.60	9.466E+1
405.95	7.767E+1
406.31	3.155E+1
406.66	5.097E+1
407.02	1.189E+2
407.37	8.010E+1
407.73	2.136E+2
408.08	1.092E+2
408.44	1.408E+2
408.79	7.039E+1
409.14	2.670E+1
409.50	9.709E+1
409.85	1.335E+2
410.21	1.092E+2
410.56	8.495E+1
410.92	1.553E+2
411.27	7.282E+1
411.62	1.505E+2
411.98	1.553E+2
412.33	2.015E+2
412.69	1.359E+2
413.04	2.500E+2
413.39	1.335E+2
413.75	2.087E+2
414.10	2.136E+2
414.45	2.282E+2
414.81	1.820E+2
415.16	1.359E+2
415.52	1.869E+2
415.87	1.748E+2
416.22	2.112E+2
416.58	2.354E+2
416.93	2.961E+2
417.28	3.252E+2
417.64	2.184E+2
417.99	2.330E+2
418.34	2.985E+2
418.70	3.422E+2
419.05	4.442E+2
419.40	3.228E+2
419.76	2.913E+2
420.11	3.714E+2
420.46	3.544E+2
420.81	4.296E+2
421.17	4.952E+2
421.52	5.097E+2
421.87	5.801E+2
422.23	6.044E+2
422.58	6.723E+2
422.93	5.922E+2
423.28	7.160E+2
423.64	7.452E+2
423.99	7.937E+2
424.34	6.651E+2
424.69	9.466E+2
425.05	1.070E+3
425.40	1.007E+3
425.75	1.053E+3
426.10	9.830E+2
426.46	1.221E+3
426.81	1.323E+3
427.16	1.238E+3
427.51	1.536E+3
427.87	1.534E+3
428.22	1.648E+3
428.57	1.799E+3
428.92	1.837E+3
429.27	2.010E+3
429.63	1.922E+3
429.98	2.158E+3
430.33	2.435E+3
430.68	2.609E+3
431.03	2.602E+3
431.38	2.937E+3
431.74	2.978E+3
432.09	3.095E+3
432.44	3.488E+3
432.79	3.626E+3
433.14	3.794E+3
433.49	3.874E+3
433.85	4.189E+3
434.20	4.325E+3
434.55	4.624E+3
434.90	4.716E+3
435.25	5.005E+3
435.60	5.541E+3
435.95	5.702E+3
436.30	6.053E+3
436.66	6.231E+3
437.01	6.755E+3
437.36	6.823E+3
437.71	7.321E+3
438.06	7.706E+3
438.41	8.080E+3
438.76	8.270E+3
439.11	8.653E+3
439.46	9.413E+3
439.81	9.760E+3
440.16	1.029E+4
440.52	1.106E+4
440.87	1.156E+4
441.22	1.204E+4
441.57	1.252E+4
441.92	1.322E+4
442.27	1.390E+4
442.62	1.492E+4
442.97	1.512E+4
443.32	1.609E+4
443.67	1.670E+4
444.02	1.774E+4
444.37	1.828E+4
444.72	1.891E+4
445.07	1.991E+4
445.42	2.089E+4
445.77	2.183E+4
446.12	2.251E+4
446.47	2.386E+4
446.82	2.475E+4
447.17	2.541E+4
447.52	2.720E+4
447.87	2.787E+4
448.22	2.929E+4
448.57	3.017E+4
448.92	3.139E+4
449.27	3.232E+4
449.62	3.393E+4
449.97	3.482E+4
450.32	3.584E+4
450.66	3.666E+4
451.01	3.860E+4
451.36	3.901E+4
451.71	4.065E+4
452.06	4.053E+4
452.41	4.331E+4
452.76	4.425E+4
453.11	4.517E+4
453.46	4.570E+4
453.81	4.638E+4
454.16	4.664E+4
454.51	4.741E+4
454.85	4.786E+4
455.20	4.853E+4
455.55	5.000E+4
455.90	4.937E+4
456.25	5.021E+4
456.60	5.086E+4
456.95	5.044E+4
457.30	4.971E+4
457.64	5.110E+4
457.99	5.121E+4
458.34	5.059E+4
458.69	4.930E+4
459.04	5.041E+4
459.39	4.955E+4
459.73	4.974E+4
460.08	4.861E+4
460.43	4.789E+4
460.78	4.767E+4
461.13	4.804E+4
461.48	4.598E+4
461.82	4.557E+4
462.17	4.506E+4
462.52	4.430E+4
462.87	4.362E+4
463.21	4.281E+4
463.56	4.142E+4
463.91	4.018E+4
464.26	3.954E+4
464.61	3.936E+4
464.95	3.864E+4
465.30	3.803E+4
465.65	3.785E+4
466.00	3.574E+4
466.34	3.504E+4
466.69	3.421E+4
467.04	3.366E+4
467.39	3.334E+4
467.73	3.268E+4
468.08	3.084E+4
468.43	3.116E+4
468.77	3.062E+4
469.12	3.036E+4
469.47	2.992E+4
469.82	2.922E+4
470.16	2.854E+4
470.51	2.816E+4
470.86	2.760E+4
471.20	2.750E+4
471.55	2.646E+4
471.90	2.631E+4
472.24	2.599E+4
472.59	2.526E+4
472.94	2.483E+4
473.28	2.453E+4
473.63	2.425E+4
473.98	2.327E+4
474.32	2.294E+4
474.67	2.255E+4
475.02	2.234E+4
475.36	2.216E+4
475.71	2.114E+4
476.06	2.041E+4
476.40	2.059E+4
476.75	1.969E+4
477.09	1.990E+4
477.44	1.932E+4
477.79	1.875E+4
478.13	1.839E+4
478.48	1.784E+4
478.82	1.751E+4
479.17	1.714E+4
479.52	1.666E+4
479.86	1.625E+4
480.21	1.585E+4
480.55	1.566E+4
480.90	1.508E+4
481.24	1.507E+4
481.59	1.451E+4
481.94	1.398E+4
482.28	1.361E+4
482.63	1.331E+4
482.97	1.275E+4
483.32	1.260E+4
483.66	1.226E+4
484.01	1.148E+4
484.35	1.164E+4
484.70	1.095E+4
485.04	1.081E+4
485.39	1.075E+4
485.73	1.017E+4
486.08	1.023E+4
486.42	9.651E+3
486.77	9.459E+3
487.11	9.146E+3
487.46	9.046E+3
487.80	8.779E+3
488.15	8.379E+3
488.49	7.959E+3
488.84	7.888E+3
489.18	7.697E+3
489.53	7.541E+3
489.87	7.117E+3
490.21	7.182E+3
490.56	6.847E+3
490.90	6.621E+3
491.25	6.570E+3
491.59	6.194E+3
491.94	6.039E+3
492.28	5.765E+3
492.62	5.675E+3
492.97	5.587E+3
493.31	5.180E+3
493.66	5.097E+3
494.00	5.010E+3
494.34	4.905E+3
494.69	4.716E+3
495.03	4.454E+3
495.38	4.456E+3
495.72	4.272E+3
496.06	4.233E+3
496.41	4.027E+3
496.75	3.886E+3
497.09	3.699E+3
497.44	3.685E+3
497.78	3.544E+3
498.13	3.505E+3
498.47	3.330E+3
498.81	3.146E+3
499.16	3.022E+3
499.50	3.097E+3
499.84	2.806E+3
500.19	2.840E+3
500.53	2.704E+3
500.87	2.794E+3
501.21	2.529E+3
501.56	2.461E+3
501.90	2.498E+3
502.24	2.206E+3
502.59	2.187E+3
502.93	2.187E+3
503.27	2.066E+3
503.61	2.036E+3
503.96	2.182E+3
504.30	1.896E+3
504.64	1.767E+3
504.99	1.905E+3
505.33	1.692E+3
505.67	1.660E+3
506.01	1.607E+3
506.36	1.699E+3
506.70	1.570E+3
507.04	1.495E+3
507.38	1.456E+3
507.72	1.279E+3
508.07	1.461E+3
508.41	1.396E+3
508.75	1.252E+3
509.09	1.214E+3
509.44	1.194E+3
509.78	1.129E+3
510.12	1.172E+3
510.46	1.199E+3
510.80	1.049E+3
511.14	1.087E+3
511.49	9.418E+2
511.83	9.757E+2
512.17	1.056E+3
512.51	9.952E+2
512.85	9.126E+2
513.19	8.350E+2
513.54	8.568E+2
513.88	7.888E+2
514.22	9.054E+2
514.56	8.107E+2
514.90	7.864E+2
515.24	7.621E+2
515.58	7.524E+2
515.93	7.549E+2
516.27	7.500E+2
516.61	6.456E+2
516.95	7.306E+2
517.29	5.510E+2
517.63	6.189E+2
517.97	5.583E+2
518.31	5.995E+2
518.65	5.655E+2
518.99	5.583E+2
519.33	5.291E+2
519.67	5.267E+2
520.02	4.418E+2
520.36	4.806E+2
520.70	4.005E+2
521.04	3.471E+2
521.38	4.587E+2
521.72	5.121E+2
522.06	3.859E+2
522.40	4.685E+2
522.74	4.199E+2
523.08	3.107E+2
523.42	4.053E+2
523.76	3.325E+2
524.10	4.369E+2
524.44	4.175E+2
524.78	4.272E+2
525.12	3.908E+2
525.46	3.277E+2
525.80	2.233E+2
526.14	4.369E+2
526.48	2.621E+2
526.82	2.791E+2
527.16	1.796E+2
527.50	2.524E+2
527.84	2.913E+2
528.18	2.330E+2
528.52	1.723E+2
528.86	1.918E+2
529.20	2.233E+2
529.54	2.621E+2
529.87	1.359E+2
530.21	2.670E+2
530.55	1.675E+2
530.89	1.893E+2
531.23	2.670E+2
531.57	1.748E+2
531.91	1.966E+2
532.25	9.466E+1
532.59	2.112E+2
532.93	1.966E+2
533.27	2.718E+2
533.60	2.112E+2
533.94	3.083E+2
534.28	1.820E+2
534.62	2.184E+2
534.96	2.039E+2
535.30	2.160E+2
535.64	2.379E+2
535.98	1.092E+2
536.31	1.189E+2
536.65	2.330E+2
536.99	1.141E+2
537.33	1.141E+2
537.67	1.408E+2
538.01	8.010E+1
538.34	8.253E+1
538.68	-1.942E+1
539.02	1.481E+2
539.36	1.699E+1
539.70	8.495E+1
540.03	1.723E+2
540.37	1.796E+2
540.71	1.675E+2
541.05	1.262E+2
541.39	1.262E+2
541.72	8.981E+1
542.06	1.286E+2
542.40	1.189E+2
542.74	1.359E+2
543.07	7.767E+1
543.41	1.626E+2
543.75	8.738E+1
544.09	4.369E+1
544.42	1.262E+2
544.76	1.845E+2
545.10	1.117E+2
545.44	1.214E+2
545.77	9.952E+1
546.11	6.311E+1
546.45	7.767E+1
546.78	7.039E+1
547.12	3.155E+1
547.46	1.651E+2
547.80	1.044E+2
548.13	1.019E+2
548.47	7.524E+1
548.81	-1.456E+1
549.14	8.738E+1
549.48	5.097E+1
549.82	9.466E+1
550.15	7.282E+0
550.49	5.583E+1
550.83	9.709E+1
551.16	9.709E+1
551.50	5.340E+1
551.84	8.981E+1
552.17	9.709E+0
552.51	-6.796E+1
552.84	4.369E+1
553.18	6.554E+1
553.52	1.942E+1
553.85	3.398E+1
554.19	4.854E+0
554.53	4.612E+1
554.86	0.000E+0
555.20	8.738E+1
555.53	-5.097E+1
555.87	7.039E+1
556.20	-4.612E+1
556.54	-4.369E+1
556.88	6.311E+1
557.21	2.184E+1
557.55	9.466E+1
557.88	2.913E+1
558.22	3.155E+1
558.55	-3.641E+1
558.89	1.044E+2
559.23	8.495E+1
559.56	4.854E+1
559.90	5.340E+1
560.23	7.039E+1
560.57	8.981E+1
560.90	1.165E+2
561.24	2.913E+1
561.57	-5.097E+1
561.91	-1.214E+1
562.24	1.456E+1
562.58	1.408E+2
562.91	0.000E+0
563.25	-1.214E+1
563.58	3.641E+1
563.92	-2.670E+1
564.25	7.282E+0
564.59	6.311E+1
564.92	2.427E+0
565.25	4.854E+0
565.59	2.427E+1
565.92	2.913E+1
566.26	1.092E+2
566.59	-4.854E+1
566.93	2.184E+1
567.26	-1.214E+1
567.60	-1.456E+1
567.93	-4.612E+1
568.26	5.340E+1
568.60	5.583E+1
568.93	4.369E+1
569.27	-3.155E+1
569.60	-6.311E+1
569.93	4.126E+1
570.27	-2.427E+0
570.60	1.044E+2
570.94	2.184E+1
571.27	7.039E+1
571.60	4.854E+0
571.94	-6.068E+1
572.27	4.854E+1
572.60	1.335E+2
572.94	9.709E+0
573.27	-3.155E+1
573.60	9.952E+1
573.94	2.427E+1
574.27	-2.427E+0
574.60	-2.427E+1
574.94	1.456E+1
575.27	8.253E+1
575.60	7.524E+1
575.94	2.427E+0
576.27	-2.184E+1
576.60	7.524E+1
576.94	3.155E+1
577.27	4.612E+1
577.60	1.942E+1
577.94	2.427E+0
578.27	6.311E+1
578.60	-2.427E+1
578.93	3.641E+1
579.27	3.884E+1
579.60	1.214E+1
579.93	-4.126E+1
580.26	7.282E+0
580.60	7.282E+0
580.93	6.311E+1
581.26	7.282E+1
581.59	-1.456E+1
581.93	3.641E+1
582.26	1.359E+2
582.59	-4.126E+1
582.92	-4.612E+1
583.25	-1.699E+1
583.59	1.432E+2
583.92	-3.398E+1
584.25	-1.942E+1
584.58	-9.709E+0
584.91	6.554E+1
585.25	2.427E+1
585.58	7.282E+0
585.91	-5.340E+1
586.24	9.709E+0
586.57	2.427E+1
586.90	7.524E+1
587.24	-3.398E+1
587.57	4.126E+1
587.90	9.709E+0
588.23	2.427E+0
588.56	5.097E+1
588.89	7.282E+0
589.22	2.184E+1
589.56	4.854E+0
589.89	3.641E+1
590.22	7.282E+1
590.55	1.141E+2
590.88	2.913E+1
591.21	-7.524E+1
591.54	-2.670E+1
591.87	6.554E+1
592.20	2.670E+1
592.53	1.505E+2
592.87	-6.068E+1
593.20	4.126E+1
593.53	-4.854E+0
593.86	-6.554E+1
594.19	-1.699E+1
594.52	3.398E+1
594.85	8.495E+1
595.18	6.068E+1
595.51	-4.612E+1
595.84	-5.340E+1
596.17	2.427E+0
596.50	-5.340E+1
596.83	3.155E+1
597.16	-2.913E+1
597.49	-1.092E+2
597.82	-3.155E+1
598.15	-3.155E+1
598.48	-2.184E+1
598.81	-9.709E+1
599.14	-2.427E+0
599.47	5.825E+1
599.80	-3.641E+1
600.13	1.845E+2
600.46	1.262E+2
600.79	-9.709E+0
601.12	-4.369E+1
601.45	4.854E+0
601.78	3.884E+1
602.11	1.456E+1
602.44	6.311E+1
602.77	-2.184E+1
603.10	5.583E+1
603.42	-1.942E+1
603.75	9.952E+1
604.08	1.214E+1
604.41	-3.641E+1
604.74	7.282E+0
605.07	5.340E+1
605.40	4.612E+1
605.73	-8.253E+1
606.06	-5.583E+1
606.39	-3.398E+1
606.71	2.184E+1
607.04	2.670E+1
607.37	1.699E+1
607.70	1.942E+1
608.03	1.699E+1
608.36	-8.253E+1
608.69	1.456E+1
609.02	-6.796E+1
609.34	0.000E+0
609.67	3.884E+1
610.00	6.554E+1
610.33	1.189E+2
610.66	4.854E+0
610.98	1.942E+1
611.31	-5.340E+1
611.64	-1.044E+2
611.97	-4.854E+0
612.30	7.282E+0
612.63	-5.825E+1
612.95	2.670E+1
613.28	-2.427E+0
613.61	-4.126E+1
613.94	5.097E+1
614.26	6.796E+1
614.59	-2.184E+1
614.92	-2.670E+1
615.25	6.796E+1
615.57	1.214E+1
615.90	4.369E+1
616.23	3.155E+1
616.56	2.427E+1
616.88	-1.456E+1
617.21	9.952E+1
617.54	-1.699E+1
617.87	-3.398E+1
618.19	-2.670E+1
618.52	-8.981E+1
618.85	-5.583E+1
619.17	-4.369E+1
619.50	4.126E+1
619.83	9.466E+1
620.15	2.184E+1
620.48	5.825E+1
620.81	1.214E+1
621.14	0.000E+0
621.46	6.068E+1
621.79	-6.311E+1
622.11	-4.369E+1
622.44	-1.942E+1
622.77	-1.942E+1
623.09	1.699E+1
623.42	-7.524E+1
623.75	-1.214E+1
624.07	-4.854E+1
624.40	6.311E+1
624.73	-1.092E+2
625.05	-4.854E+1
625.38	-2.913E+1
625.70	7.282E+1
626.03	1.214E+1
626.36	-7.282E+0
626.68	1.456E+1
627.01	1.456E+1
627.33	2.427E+0
627.66	9.952E+1
627.99	-1.456E+1
628.31	-2.427E+0
628.64	-2.670E+1
628.96	2.184E+1
629.29	1.214E+2
629.61	6.554E+1
629.94	4.854E+0
630.26	6.554E+1
630.59	7.282E+0
630.91	6.068E+1
631.24	-2.427E+0
631.57	7.039E+1
631.89	3.398E+1
632.22	4.854E+1
632.54	4.854E+0
632.87	1.214E+1
633.19	8.495E+1
633.52	3.155E+1
633.84	-3.884E+1
634.16	-2.184E+1
634.49	3.398E+1
634.81	1.699E+1
635.14	1.359E+2
635.46	-1.456E+1
635.79	-4.854E+0
636.11	7.282E+0
636.44	2.184E+1
636.76	2.913E+1
637.09	1.044E+2
637.41	1.214E+1
637.73	-4.854E+0
638.06	-5.097E+1
638.38	-4.854E+0
638.71	1.117E+2
639.03	2.184E+1
639.36	6.068E+1
639.68	3.155E+1
640.00	-2.670E+1
640.33	1.384E+2
640.65	-7.282E+0
640.97	6.068E+1
641.30	-1.456E+1
641.62	-2.670E+1
641.95	3.641E+1
642.27	-2.184E+1
642.59	-9.709E+0
642.92	-2.427E+0
643.24	2.670E+1
643.56	7.282E+0
643.89	8.253E+1
644.21	6.796E+1
644.53	5.825E+1
644.86	3.398E+1
645.18	1.456E+1
645.50	-1.626E+2
645.83	7.767E+1
646.15	9.709E+0
646.47	3.155E+1
646.80	-1.214E+1
647.12	5.825E+1
647.44	-3.884E+1
647.76	-2.427E+1
648.09	-1.456E+1
648.41	7.039E+1
648.73	2.913E+1
649.05	3.398E+1
649.38	-3.155E+1
649.70	-1.214E+1
650.02	-6.311E+1
650.34	9.709E+0
650.67	-2.670E+1
650.99	1.214E+1
651.31	7.524E+1
651.63	-2.184E+1
651.96	0.000E+0
652.28	2.427E+1
652.60	1.092E+2
652.92	7.282E+1
653.24	-4.854E+0
653.57	-5.825E+1
653.89	-1.044E+2
654.21	-6.796E+1
654.53	-6.554E+1
654.85	4.612E+1
655.18	1.456E+1
655.50	5.097E+1
655.82	4.854E+0
656.14	-9.709E+0
656.46	-3.398E+1
656.78	7.524E+1
657.10	1.942E+1
657.43	2.670E+1
657.75	8.253E+1
658.07	1.214E+1
658.39	-1.214E+1
658.71	9.709E+0
659.03	-2.670E+1
659.35	5.583E+1
659.67	1.068E+2
659.99	-4.854E+0
660.32	0.000E+0
660.64	-7.282E+0
660.96	9.952E+1
661.28	7.282E+1
661.60	1.214E+1
661.92	7.282E+1
662.24	6.311E+1
662.56	6.796E+1
662.88	5.583E+1
663.20	-6.311E+1
663.52	-2.184E+1
663.84	-2.184E+1
664.16	-5.825E+1
664.48	-6.554E+1
664.80	5.097E+1
665.12	2.670E+1
665.44	7.282E+1
665.76	-5.340E+1
666.08	-3.398E+1
666.40	2.427E+1
666.72	-2.913E+1
667.04	-2.670E+1
667.36	8.010E+1
667.68	-9.952E+1
668.00	2.427E+0
668.32	5.340E+1
668.64	6.796E+1
668.96	7.524E+1
669.28	-1.942E+1
669.60	-6.554E+1
669.92	8.010E+1
670.24	1.942E+1
670.56	7.524E+1
670.88	1.019E+2
671.20	4.369E+1
671.52	-1.456E+1
671.84	2.913E+1
672.16	4.612E+1
672.47	7.039E+1
672.79	2.184E+1
673.11	7.282E+0
673.43	3.884E+1
673.75	-4.854E+0
674.07	-6.554E+1
674.39	7.039E+1
674.71	2.670E+1
675.03	1.456E+1
675.34	-1.286E+2
675.66	2.670E+1
675.98	-2.913E+1
676.30	-6.311E+1
676.62	-6.554E+1
676.94	-2.427E+1
677.25	1.942E+1
677.57	-4.854E+0
677.89	-5.583E+1
678.21	-2.427E+1
678.53	6.068E+1
678.85	2.427E+1
679.16	5.097E+1
679.48	2.670E+1
679.80	7.524E+1
680.12	1.019E+2
680.44	-5.583E+1
680.75	7.039E+1
681.07	5.825E+1
681.39	2.184E+1
681.71	7.524E+1
682.02	-3.641E+1
682.34	8.738E+1
682.66	-2.913E+1
682.98	-2.427E+1
683.29	-2.184E+1
683.61	-9.709E+0
683.93	-1.019E+2
684.25	-4.369E+1
684.56	8.495E+1
684.88	6.554E+1
685.20	-4.369E+1
685.51	-5.097E+1
685.83	5.583E+1
686.15	-3.155E+1
686.47	9.709E+0
686.78	1.189E+2
687.10	8.010E+1
687.42	-1.456E+1
687.73	4.854E+0
688.05	-3.398E+1
688.37	-3.398E+1
688.68	-4.369E+1
689.00	-3.155E+1
689.32	-8.010E+1
689.63	7.282E+0
689.95	2.670E+1
690.26	4.126E+1
690.58	-4.854E+1
690.90	2.913E+1
691.21	-2.670E+1
691.53	2.427E+0
691.85	-4.126E+1
692.16	2.913E+1
692.48	-5.825E+1
692.79	4.854E+1
693.11	-3.155E+1
693.42	-7.524E+1
693.74	7.767E+1
694.06	0.000E+0
694.37	2.427E+1
694.69	7.282E+0
695.00	-3.155E+1
695.32	-1.942E+1
695.63	5.825E+1
695.95	4.126E+1
696.26	-5.097E+1
696.58	2.184E+1
696.90	7.282E+1
697.21	6.311E+1
697.53	2.184E+1
697.84	2.184E+1
698.16	-1.019E+2
698.47	7.282E+0
698.79	-5.583E+1
699.10	1.699E+1
699.42	3.155E+1
699.73	-5.097E+1
700.05	2.427E+0
700.36	2.427E+0
700.68	2.913E+1
700.99	-9.466E+1
701.30	-3.641E+1
701.62	-3.641E+1
701.93	-8.495E+1
702.25	-3.398E+1
702.56	8.495E+1
702.88	-9.709E+0
703.19	6.068E+1
703.50	8.010E+1
703.82	4.126E+1
704.13	-3.641E+1
704.45	-4.369E+1
704.76	-3.641E+1
705.08	-3.884E+1
705.39	3.884E+1
705.70	1.165E+2
706.02	-7.039E+1
706.33	-7.767E+1
706.64	2.913E+1
706.96	1.019E+2
707.27	5.825E+1
707.59	7.039E+1
707.90	5.825E+1
708.21	-2.427E+1
708.53	3.641E+1
708.84	2.913E+1
709.15	1.044E+2
709.47	-4.854E+1
709.78	4.612E+1
710.09	-2.427E+0
710.41	4.369E+1
710.72	2.670E+1
711.03	2.427E+1
711.34	-7.282E+0
711.66	0.000E+0
711.97	4.612E+1
712.28	4.369E+1
712.60	1.214E+1
712.91	-5.583E+1
713.22	-9.709E+0
713.53	-4.854E+1
713.85	-1.529E+2
714.16	9.709E+0
714.47	-2.184E+1
714.78	-1.311E+2
715.10	-8.253E+1
715.41	-2.913E+1
715.72	-7.767E+1
716.03	-4.126E+1
716.35	-8.495E+1
716.66	-2.427E+0
716.97	5.340E+1
717.28	-4.854E+0
717.59	-7.282E+1
717.91	6.554E+1
718.22	-2.184E+1
718.53	7.282E+0
718.84	4.612E+1
719.15	4.612E+1
719.46	2.184E+1
719.78	-7.282E+1
720.09	-1.456E+1
720.40	1.699E+1
720.71	4.369E+1
721.02	1.165E+2
721.33	4.126E+1
721.65	-6.068E+1
721.96	-4.854E+0
722.27	3.155E+1
722.58	9.223E+1
722.89	5.583E+1
723.20	-3.155E+1
723.51	3.641E+1
723.82	-9.952E+1
724.13	9.952E+1
724.45	1.699E+1
724.76	-1.214E+1
725.07	7.524E+1
725.38	7.282E+0
725.69	-2.913E+1
726.00	7.767E+1
726.31	-1.942E+1
726.62	-6.554E+1
726.93	4.126E+1
727.24	1.942E+1
727.55	1.942E+1
727.86	-3.398E+1
728.17	-2.427E+1
728.48	-2.427E+0
728.79	1.456E+1
729.10	1.262E+2
729.41	1.214E+1
729.72	1.966E+2
730.03	-5.825E+1
730.34	9.952E+1
730.65	-2.913E+1
730.96	4.854E+0
731.27	-5.340E+1
731.58	4.854E+0
731.89	-4.854E+0
732.20	-4.854E+0
732.51	2.670E+1
732.82	9.466E+1
733.13	2.427E+0
733.44	7.039E+1
733.75	-1.699E+1
734.06	-3.884E+1
734.37	7.282E+0
734.68	-5.583E+1
734.98	-2.427E+1
735.29	2.427E+0
735.60	0.000E+0
735.91	3.398E+1
736.22	-1.942E+1
736.53	-6.554E+1
736.84	9.709E+0
737.15	3.884E+1
737.46	2.427E+0
737.77	-4.854E+0
738.07	8.010E+1
738.38	1.456E+1
738.69	-9.709E+0
739.00	-3.884E+1
739.31	-1.214E+1
739.62	8.981E+1
739.92	-2.670E+1
740.23	4.854E+1
740.54	-4.854E+1
740.85	4.126E+1
741.16	-2.913E+1
741.47	1.456E+1
741.77	-2.427E+1
742.08	0.000E+0
742.39	2.427E+0
742.70	9.709E+0
743.01	8.495E+1
743.31	-7.524E+1
743.62	5.340E+1
743.93	2.913E+1
744.24	2.427E+1
744.54	-3.398E+1
744.85	1.214E+1
745.16	2.427E+0
745.47	4.369E+1
745.77	8.010E+1
746.08	-1.092E+2
746.39	2.427E+0
746.70	-1.699E+1
747.00	2.184E+1
747.31	-2.184E+1
747.62	3.398E+1
747.92	-9.709E+0
748.23	-4.854E+0
748.54	-7.282E+0
748.84	5.825E+1
749.15	-7.282E+0
749.46	6.311E+1
749.76	7.039E+1
750.07	4.854E+0
750.38	4.854E+0
750.68	1.214E+1
750.99	6.068E+1
751.30	-4.854E+1
751.60	-7.039E+1
751.91	3.155E+1
752.22	0.000E+0
752.52	9.709E+0
752.83	3.398E+1
753.14	-2.670E+1
753.44	2.427E+1
753.75	-3.398E+1
754.05	-6.796E+1
754.36	2.184E+1
754.67	5.097E+1
754.97	5.097E+1
755.28	8.010E+1
755.58	-1.942E+1
755.89	1.699E+1
756.19	-7.039E+1
756.50	2.184E+1
756.81	9.952E+1
757.11	-1.942E+1
757.42	4.854E+1
757.72	4.126E+1
758.03	-4.854E+0
758.33	2.427E+1
758.64	2.913E+1
758.94	-3.884E+1
759.25	2.670E+1
759.55	-2.184E+1
759.86	-3.155E+1
760.16	9.223E+1
760.47	2.913E+1
760.77	1.044E+2
761.08	-2.670E+1
761.38	7.524E+1
761.69	-7.039E+1
761.99	1.942E+1
762.30	4.126E+1
762.60	2.427E+1
762.91	-1.942E+1
763.21	1.092E+2
763.51	-4.854E+1
763.82	-4.126E+1
764.12	4.126E+1
764.43	3.398E+1
764.73	-1.456E+1
765.04	2.427E+1
765.34	-7.282E+0
765.64	1.456E+1
765.95	-4.612E+1
766.25	4.612E+1
766.56	4.612E+1
766.86	-1.214E+1
767.16	7.282E+0
767.47	1.942E+1
767.77	5.097E+1
768.07	-2.427E+0
768.38	0.000E+0
768.68	4.126E+1
768.98	7.282E+1
769.29	-4.612E+1
769.59	-4.854E+1
769.89	4.854E+0
770.20	4.854E+0
770.50	-1.141E+2
770.80	-5.825E+1
771.11	-4.854E+0
771.41	-1.214E+1
771.71	-6.068E+1
772.02	-4.612E+1
772.32	6.796E+1
772.62	2.670E+1
772.93	0.000E+0
773.23	3.641E+1
773.53	4.854E+1
773.83	-5.825E+1
774.14	-3.155E+1
774.44	8.253E+1
774.74	-4.854E+0
775.04	0.000E+0
775.35	-2.427E+1
775.65	6.068E+1
775.95	4.126E+1
776.25	6.554E+1
776.55	7.767E+1
776.86	7.039E+1
777.16	2.670E+1
777.46	-1.456E+1
777.76	-9.709E+0
778.06	6.311E+1
778.37	-2.184E+1
778.67	-2.184E+1
778.97	4.612E+1
779.27	0.000E+0
779.57	-4.126E+1
779.88	-1.384E+2
780.18	3.155E+1
780.48	2.913E+1
780.78	-6.311E+1
781.08	3.398E+1
781.38	4.854E+0
781.68	2.670E+1
781.98	-6.796E+1
782.29	3.155E+1
782.59	-4.612E+1
782.89	9.466E+1
783.19	-5.097E+1
783.49	-1.456E+1
783.79	4.854E+0
784.09	-5.340E+1
784.39	-1.214E+1
784.69	-2.670E+1
784.99	-2.184E+1
785.30	9.952E+1
785.60	1.214E+1
785.90	7.282E+0
786.20	8.253E+1
786.50	-3.884E+1
786.80	1.214E+1
787.10	-4.612E+1
787.40	-7.039E+1
787.70	-7.524E+1
788.00	-5.340E+1
788.30	-3.155E+1
788.60	4.854E+0
788.90	8.010E+1
789.20	3.398E+1
789.50	-3.641E+1
789.80	9.223E+1
790.10	-6.554E+1
790.40	-2.184E+1
790.70	-1.699E+1
791.00	-4.126E+1
791.30	1.214E+1
791.60	1.092E+2
791.90	-2.913E+1
792.20	7.282E+1
792.50	-1.019E+2
792.79	-7.282E+0
793.09	-3.641E+1
793.39	9.709E+0
793.69	-7.282E+0
793.99	1.699E+1
794.29	4.854E+0
794.59	-1.214E+1
794.89	1.456E+1
795.19	-1.092E+2
795.49	-2.427E+0
795.79	3.155E+1
796.08	-4.126E+1
796.38	-6.068E+1
796.68	-1.214E+1
796.98	4.854E+0
797.28	7.524E+1
797.58	-1.456E+1
797.88	-4.369E+1
798.17	-3.398E+1
798.47	-8.495E+1
798.77	-2.670E+1
799.07	2.427E+0
799.37	-3.155E+1
799.67	1.286E+2
799.96	2.427E+1
800.26	-1.456E+1
800.56	-2.913E+1
800.86	1.456E+1
801.16	4.854E+1
801.45	-8.010E+1
801.75	1.044E+2
802.05	-6.311E+1
802.35	-1.699E+1
802.64	-6.311E+1
802.94	0.000E+0
803.24	-4.854E+0
803.54	1.214E+1
803.83	-1.456E+1
804.13	-8.495E+1
804.43	5.825E+1
804.73	-3.155E+1
805.02	5.583E+1
805.32	4.612E+1
805.62	-7.282E+0
805.91	-9.709E+0
806.21	4.854E+1
806.51	-3.155E+1
806.81	-8.981E+1
807.10	-9.952E+1
807.40	9.709E+1
807.70	4.854E+0
807.99	2.427E+0
808.29	1.092E+2
808.59	7.282E+1
808.88	-9.709E+0
809.18	1.044E+2
809.47	4.369E+1
809.77	1.699E+1
810.07	1.772E+2
810.36	4.854E+0
810.66	-3.155E+1
810.96	2.184E+1
811.25	-2.427E+0
811.55	-6.796E+1
811.84	1.141E+2
812.14	2.427E+1
812.44	-1.699E+1
812.73	-2.427E+0
813.03	1.942E+1
813.32	4.126E+1
813.62	2.670E+1
813.91	-2.427E+0
814.21	5.097E+1
814.51	-4.854E+1
814.80	-7.524E+1
815.10	-6.796E+1
815.39	-7.039E+1
815.69	-1.165E+2
815.98	-1.068E+2
816.28	-1.699E+1
816.57	-4.854E+0
816.87	-9.709E+0
817.16	-9.223E+1
817.46	-5.340E+1
817.75	3.641E+1
818.05	-1.432E+2
818.34	4.854E+1
818.64	3.155E+1
818.93	8.495E+1
819.23	0.000E+0
819.52	-2.427E+1
819.82	2.913E+1
820.11	-5.340E+1
820.40	5.097E+1
820.70	-4.854E+0
820.99	-7.524E+1
821.29	9.709E+1
821.58	1.214E+1
821.88	1.481E+2
822.17	-6.068E+1
822.46	-2.913E+1
822.76	-8.253E+1
823.05	1.456E+1
823.35	7.767E+1
823.64	2.427E+0
823.93	7.767E+1
824.23	-2.427E+0
824.52	2.184E+1
824.81	5.340E+1
825.11	4.854E+1
825.40	-4.369E+1
825.69	-9.709E+0
825.99	2.427E+0
826.28	7.282E+0
826.58	6.311E+1
826.87	-2.670E+1
827.16	3.398E+1
827.45	-1.699E+1
827.75	-1.384E+2
828.04	-1.141E+2
828.33	-6.796E+1
828.63	7.039E+1
828.92	2.670E+1
829.21	-6.068E+1
829.51	-7.039E+1
829.80	-2.913E+1
830.09	4.612E+1
830.38	-8.253E+1
830.68	2.184E+1
830.97	3.398E+1
831.26	-2.427E+1
831.55	8.981E+1
831.85	7.282E+0
832.14	5.340E+1
832.43	2.670E+1
832.72	1.214E+1
833.01	-4.854E+0
833.31	5.340E+1
833.60	4.612E+1
833.89	5.097E+1
834.18	5.340E+1
834.47	-7.282E+0
834.77	3.155E+1
835.06	2.913E+1
835.35	-4.369E+1
835.64	4.612E+1
835.93	2.427E+1
836.22	7.282E+0
836.52	2.913E+1
836.81	-8.495E+1
837.10	4.126E+1
837.39	7.524E+1
837.68	3.884E+1
837.97	4.854E+1
838.26	2.670E+1
838.55	9.709E+0
838.85	-1.456E+1
839.14	-2.913E+1
839.43	-9.709E+0
839.72	-2.184E+1
840.01	-5.825E+1
840.30	4.612E+1
840.59	1.942E+1
840.88	6.796E+1
841.17	-2.427E+1
841.46	-1.456E+1
841.75	-1.092E+2
842.04	0.000E+0
842.33	5.340E+1
842.62	4.126E+1
842.91	7.282E+0
843.21	4.612E+1
843.50	-1.942E+1
843.79	8.495E+1
844.08	-8.010E+1
844.37	-8.495E+1
844.66	-4.854E+0
844.95	0.000E+0
845.24	3.398E+1
845.53	-5.583E+1
845.81	0.000E+0
846.10	4.126E+1
846.39	-9.709E+0
846.68	-4.612E+1
846.97	-6.554E+1
847.26	6.796E+1
847.55	2.670E+1
847.84	-1.456E+1
848.13	-2.670E+1
848.42	-6.311E+1
848.71	2.913E+1
849.00	5.825E+1
849.29	-1.238E+2
849.58	3.641E+1
849.87	-7.039E+1
850.15	-7.282E+1
850.44	-3.398E+1
850.73	2.670E+1
851.02	-2.184E+1
851.31	5.097E+1
851.60	-8.010E+1
851.89	3.155E+1
852.18	-6.796E+1
852.46	1.699E+1
852.75	-5.583E+1
853.04	-8.010E+1
853.33	3.398E+1
853.62	4.854E+1
853.91	4.369E+1
854.19	7.282E+0
854.48	-7.524E+1
854.77	5.097E+1
855.06	-4.854E+0
855.35	-2.427E+0
855.63	1.699E+1
855.92	-6.068E+1
856.21	2.184E+1
856.50	-5.583E+1
856.79	-7.039E+1
857.07	4.369E+1
857.36	2.670E+1
857.65	-1.699E+1
857.94	-2.427E+1
858.22	6.311E+1
858.51	-7.282E+0
858.80	-4.854E+0
859.08	-2.427E+1
859.37	-2.427E+0
859.66	7.524E+1
859.95	-1.699E+1
860.23	4.126E+1
860.52	8.495E+1
860.81	1.214E+1
861.09	3.641E+1
861.38	1.214E+1
861.67	1.845E+2
861.95	2.427E+1
862.24	-1.699E+1
862.53	-9.709E+1
862.81	1.942E+1
863.10	-8.253E+1
863.39	-4.612E+1
863.67	-4.854E+1
863.96	-3.884E+1
864.25	0.000E+0
864.53	1.214E+1
864.82	-6.311E+1
865.10	0.000E+0
865.39	1.942E+1
865.68	7.767E+1
865.96	-8.981E+1
866.25	-7.282E+0
866.53	-7.282E+0
866.82	-7.282E+0