Wavelength	Intensity	Ocean Optics Flame
nm	counts
187.89	5.340E+1
188.27	2.427E+0
188.64	4.126E+1
189.02	2.670E+1
189.40	-8.010E+1
189.78	7.039E+1
190.15	-4.612E+1
190.53	-4.369E+1
190.91	8.253E+1
191.29	3.398E+1
191.66	-9.709E+1
192.04	9.709E+0
192.42	1.189E+2
192.80	-7.282E+0
193.17	1.214E+1
193.55	-4.854E+0
193.93	1.456E+1
194.30	-1.044E+2
194.68	1.699E+1
195.06	1.117E+2
195.44	-1.699E+1
195.81	7.282E+0
196.19	6.068E+1
196.57	-7.282E+0
196.94	9.952E+1
197.32	5.583E+1
197.70	2.427E+1
198.07	9.709E+0
198.45	4.854E+1
198.83	5.583E+1
199.20	2.670E+1
199.58	-2.670E+1
199.96	3.398E+1
200.33	1.456E+1
200.71	-4.612E+1
201.09	-1.699E+1
201.46	-9.952E+1
201.84	8.981E+1
202.22	-2.184E+1
202.59	-1.456E+1
202.97	4.612E+1
203.34	8.738E+1
203.72	1.942E+1
204.10	9.223E+1
204.47	4.612E+1
204.85	-4.854E+0
205.23	3.398E+1
205.60	4.369E+1
205.98	3.641E+1
206.35	-6.554E+1
206.73	-2.670E+1
207.11	-1.044E+2
207.48	-1.214E+1
207.86	-8.010E+1
208.23	5.583E+1
208.61	-8.010E+1
208.98	4.369E+1
209.36	-6.554E+1
209.74	-3.155E+1
210.11	-3.884E+1
210.49	2.427E+1
210.86	-2.427E+0
211.24	0.000E+0
211.61	5.583E+1
211.99	6.311E+1
212.36	1.432E+2
212.74	2.670E+1
213.11	1.456E+1
213.49	3.884E+1
213.87	3.155E+1
214.24	6.554E+1
214.62	2.670E+1
214.99	3.641E+1
215.37	-3.398E+1
215.74	3.884E+1
216.12	9.709E+1
216.49	1.942E+1
216.87	5.340E+1
217.24	4.612E+1
217.62	9.709E+1
217.99	2.427E+1
218.37	-2.427E+1
218.74	7.524E+1
219.11	-3.884E+1
219.49	7.767E+1
219.86	-4.612E+1
220.24	8.495E+1
220.61	7.039E+1
220.99	4.369E+1
221.36	-5.825E+1
221.74	1.092E+2
222.11	-2.427E+1
222.49	-1.214E+1
222.86	2.427E+0
223.23	-1.942E+1
223.61	-6.554E+1
223.98	4.126E+1
224.36	5.097E+1
224.73	-4.369E+1
225.11	1.019E+2
225.48	9.952E+1
225.85	5.825E+1
226.23	4.854E+1
226.60	4.612E+1
226.98	-3.641E+1
227.35	5.340E+1
227.72	-4.369E+1
228.10	-9.709E+0
228.47	7.524E+1
228.84	4.612E+1
229.22	1.214E+1
229.59	9.466E+1
229.97	0.000E+0
230.34	4.854E+1
230.71	7.282E+0
231.09	3.398E+1
231.46	1.602E+2
231.83	1.359E+2
232.21	9.709E+0
232.58	3.641E+1
232.95	2.427E+0
233.33	6.554E+1
233.70	0.000E+0
234.07	-4.854E+0
234.45	8.253E+1
234.82	-4.369E+1
235.19	2.427E+0
235.57	8.253E+1
235.94	3.155E+1
236.31	-6.068E+1
236.69	-2.427E+0
237.06	6.068E+1
237.43	2.670E+1
237.80	-9.709E+0
238.18	2.670E+1
238.55	2.670E+1
238.92	-1.456E+1
239.30	2.427E+1
239.67	-3.398E+1
240.04	2.427E+0
240.41	2.427E+1
240.79	-9.952E+1
241.16	-3.155E+1
241.53	8.495E+1
241.90	-4.126E+1
242.28	8.010E+1
242.65	2.184E+1
243.02	5.340E+1
243.39	8.981E+1
243.77	-9.709E+0
244.14	3.641E+1
244.51	2.913E+1
244.88	6.554E+1
245.25	5.825E+1
245.63	-4.854E+0
246.00	-2.184E+1
246.37	1.456E+1
246.74	1.942E+1
247.11	6.311E+1
247.49	-5.097E+1
247.86	2.427E+0
248.23	9.952E+1
248.60	-9.709E+0
248.97	-5.583E+1
249.35	4.369E+1
249.72	-2.184E+1
250.09	-2.427E+1
250.46	4.854E+0
250.83	1.117E+2
251.20	2.184E+1
251.58	1.456E+1
251.95	4.612E+1
252.32	7.039E+1
252.69	9.466E+1
253.06	1.286E+2
253.43	4.612E+1
253.80	3.398E+1
254.17	5.340E+1
254.55	1.456E+1
254.92	8.253E+1
255.29	1.699E+1
255.66	3.155E+1
256.03	3.155E+1
256.40	-1.699E+1
256.77	6.554E+1
257.14	3.398E+1
257.51	2.670E+1
257.88	-7.039E+1
258.26	3.155E+1
258.63	-3.884E+1
259.00	-9.466E+1
259.37	3.155E+1
259.74	-3.884E+1
260.11	6.068E+1
260.48	3.398E+1
260.85	1.044E+2
261.22	4.854E+1
261.59	1.456E+1
261.96	3.155E+1
262.33	1.092E+2
262.70	1.384E+2
263.07	-5.825E+1
263.44	-7.039E+1
263.81	-1.214E+1
264.18	-7.282E+0
264.55	4.369E+1
264.92	-4.854E+0
265.29	3.155E+1
265.66	3.884E+1
266.03	9.709E+0
266.40	-2.670E+1
266.77	6.554E+1
267.14	4.854E+0
267.51	-2.427E+1
267.88	-9.709E+0
268.25	-9.709E+0
268.62	2.184E+1
268.99	-4.612E+1
269.36	2.015E+2
269.73	-2.913E+1
270.10	-6.796E+1
270.47	4.612E+1
270.84	2.670E+1
271.21	-2.427E+0
271.58	8.738E+1
271.95	0.000E+0
272.32	1.699E+1
272.69	8.010E+1
273.06	-2.670E+1
273.43	-9.709E+1
273.80	-1.456E+1
274.17	1.019E+2
274.53	3.884E+1
274.90	-5.583E+1
275.27	-2.427E+1
275.64	4.126E+1
276.01	-2.670E+1
276.38	-3.398E+1
276.75	8.010E+1
277.12	1.699E+1
277.49	-5.097E+1
277.86	-2.184E+1
278.22	2.670E+1
278.59	-2.913E+1
278.96	4.126E+1
279.33	-2.670E+1
279.70	4.126E+1
280.07	-2.670E+1
280.44	1.456E+1
280.80	2.670E+1
281.17	1.699E+1
281.54	1.432E+2
281.91	-7.282E+0
282.28	-1.214E+1
282.65	0.000E+0
283.02	-7.524E+1
283.38	0.000E+0
283.75	1.578E+2
284.12	1.942E+1
284.49	3.884E+1
284.86	-1.456E+1
285.22	3.884E+1
285.59	-2.670E+1
285.96	-4.854E+0
286.33	2.913E+1
286.70	7.282E+0
287.06	0.000E+0
287.43	1.068E+2
287.80	-2.670E+1
288.17	-9.709E+0
288.53	-7.282E+0
288.90	4.854E+0
289.27	-1.942E+1
289.64	-4.126E+1
290.01	6.311E+1
290.37	2.427E+1
290.74	1.044E+2
291.11	-7.282E+1
291.48	2.670E+1
291.84	2.427E+0
292.21	9.952E+1
292.58	1.942E+1
292.94	4.126E+1
293.31	5.825E+1
293.68	-2.670E+1
294.05	8.738E+1
294.41	-9.709E+0
294.78	9.223E+1
295.15	5.340E+1
295.51	-4.854E+1
295.88	7.767E+1
296.25	-1.942E+1
296.61	4.612E+1
296.98	4.612E+1
297.35	-3.884E+1
297.72	4.854E+0
298.08	-6.796E+1
298.45	3.398E+1
298.82	1.456E+1
299.18	-2.913E+1
299.55	-7.039E+1
299.91	8.253E+1
300.28	4.126E+1
300.65	-2.184E+1
301.01	-4.369E+1
301.38	-1.214E+1
301.75	4.126E+1
302.11	5.583E+1
302.48	9.709E+1
302.85	6.554E+1
303.21	-3.398E+1
303.58	1.942E+1
303.94	1.311E+2
304.31	7.282E+1
304.68	1.578E+2
305.04	4.126E+1
305.41	-6.796E+1
305.77	2.427E+0
306.14	5.583E+1
306.51	4.369E+1
306.87	8.738E+1
307.24	9.709E+0
307.60	-7.524E+1
307.97	6.796E+1
308.33	-2.427E+0
308.70	-3.398E+1
309.07	-2.913E+1
309.43	-8.253E+1
309.80	1.942E+1
310.16	3.641E+1
310.53	1.699E+1
310.89	-2.427E+1
311.26	2.427E+0
311.62	1.942E+1
311.99	-1.214E+1
312.35	-9.709E+0
312.72	5.097E+1
313.08	-7.524E+1
313.45	-4.854E+0
313.81	4.369E+1
314.18	-9.709E+0
314.54	3.398E+1
314.91	-1.214E+1
315.27	-7.282E+0
315.64	1.214E+1
316.00	-9.709E+1
316.37	2.427E+0
316.73	-1.699E+1
317.10	-9.709E+0
317.46	8.010E+1
317.83	-4.854E+0
318.19	-9.466E+1
318.56	1.214E+1
318.92	3.398E+1
319.28	-9.709E+0
319.65	1.699E+1
320.01	-5.583E+1
320.38	-6.554E+1
320.74	4.126E+1
321.11	-6.311E+1
321.47	1.456E+1
321.83	6.068E+1
322.20	1.699E+1
322.56	-1.068E+2
322.93	7.524E+1
323.29	7.524E+1
323.66	-3.641E+1
324.02	7.282E+0
324.38	7.282E+1
324.75	9.709E+0
325.11	-3.884E+1
325.47	4.854E+0
325.84	-6.068E+1
326.20	8.010E+1
326.57	1.214E+2
326.93	5.825E+1
327.29	1.699E+1
327.66	4.369E+1
328.02	3.155E+1
328.38	3.641E+1
328.75	-7.767E+1
329.11	5.583E+1
329.47	-4.126E+1
329.84	5.340E+1
330.20	6.068E+1
330.56	7.282E+1
330.93	-4.854E+0
331.29	-2.427E+1
331.65	2.670E+1
332.02	4.369E+1
332.38	1.699E+1
332.74	2.427E+0
333.10	6.554E+1
333.47	5.825E+1
333.83	-5.097E+1
334.19	-2.670E+1
334.56	2.913E+1
334.92	-7.282E+0
335.28	-8.738E+1
335.64	-1.262E+2
336.01	4.612E+1
336.37	-7.767E+1
336.73	-2.427E+1
337.09	8.738E+1
337.46	-1.456E+1
337.82	8.253E+1
338.18	5.825E+1
338.54	7.524E+1
338.91	-1.942E+1
339.27	2.427E+0
339.63	4.612E+1
339.99	-9.709E+0
340.36	5.583E+1
340.72	5.825E+1
341.08	-1.286E+2
341.44	6.554E+1
341.80	3.884E+1
342.17	7.767E+1
342.53	0.000E+0
342.89	6.796E+1
343.25	-3.155E+1
343.61	-2.913E+1
343.98	-1.942E+1
344.34	2.913E+1
344.70	4.854E+0
345.06	2.427E+0
345.42	-1.456E+1
345.78	0.000E+0
346.14	4.854E+1
346.51	-2.427E+0
346.87	4.369E+1
347.23	-2.427E+0
347.59	3.884E+1
347.95	9.709E+1
348.31	7.282E+1
348.67	-7.282E+0
349.04	4.126E+1
349.40	4.854E+0
349.76	-1.942E+1
350.12	1.214E+1
350.48	1.699E+1
350.84	0.000E+0
351.20	5.097E+1
351.56	3.884E+1
351.92	-1.942E+1
352.28	-9.466E+1
352.65	6.311E+1
353.01	-5.097E+1
353.37	5.340E+1
353.73	4.854E+0
354.09	-1.141E+2
354.45	-1.214E+1
354.81	3.398E+1
355.17	3.641E+1
355.53	4.612E+1
355.89	-1.456E+1
356.25	4.126E+1
356.61	1.384E+2
356.97	2.427E+0
357.33	9.709E+0
357.69	3.155E+1
358.05	-4.854E+1
358.41	-1.092E+2
358.77	1.942E+1
359.13	3.398E+1
359.49	7.039E+1
359.85	-2.913E+1
360.21	3.884E+1
360.57	-1.456E+1
360.93	8.495E+1
361.29	2.670E+1
361.65	2.913E+1
362.01	3.884E+1
362.37	1.189E+2
362.73	8.738E+1
363.09	1.456E+1
363.45	5.340E+1
363.81	1.359E+2
364.17	1.796E+2
364.53	3.398E+1
364.89	1.214E+1
365.25	1.699E+1
365.61	-3.884E+1
365.97	-4.612E+1
366.33	-7.282E+0
366.69	6.068E+1
367.05	-4.854E+0
367.40	6.311E+1
367.76	1.942E+1
368.12	8.253E+1
368.48	2.670E+1
368.84	-2.427E+0
369.20	3.641E+1
369.56	9.223E+1
369.92	1.189E+2
370.28	-8.738E+1
370.63	3.884E+1
370.99	4.369E+1
371.35	-7.524E+1
371.71	6.796E+1
372.07	-2.913E+1
372.43	-2.913E+1
372.79	8.495E+1
373.15	-6.554E+1
373.50	-5.340E+1
373.86	5.340E+1
374.22	-6.796E+1
374.58	2.427E+0
374.94	-3.641E+1
375.30	4.612E+1
375.65	2.184E+1
376.01	-1.942E+1
376.37	3.155E+1
376.73	3.641E+1
377.09	-1.214E+1
377.44	6.068E+1
377.80	7.767E+1
378.16	9.952E+1
378.52	-3.398E+1
378.88	4.126E+1
379.23	-1.214E+1
379.59	9.709E+0
379.95	-1.456E+1
380.31	7.282E+0
380.66	-2.184E+1
381.02	-3.641E+1
381.38	4.854E+0
381.74	-3.155E+1
382.09	7.282E+0
382.45	-7.039E+1
382.81	7.039E+1
383.17	7.039E+1
383.52	8.738E+1
383.88	7.039E+1
384.24	1.165E+2
384.60	7.282E+1
384.95	3.641E+1
385.31	1.942E+1
385.67	-1.699E+1
386.02	1.602E+2
386.38	8.010E+1
386.74	6.554E+1
387.10	2.427E+1
387.45	2.427E+1
387.81	8.981E+1
388.17	1.845E+2
388.52	1.869E+2
388.88	4.126E+1
389.24	1.044E+2
389.59	1.214E+2
389.95	9.709E+0
390.31	1.141E+2
390.66	1.651E+2
391.02	9.709E+0
391.38	8.495E+1
391.73	4.854E+0
392.09	6.554E+1
392.44	2.427E+1
392.80	1.942E+1
393.16	4.854E+1
393.51	-3.155E+1
393.87	1.092E+2
394.23	4.126E+1
394.58	4.369E+1
394.94	-5.825E+1
395.29	6.554E+1
395.65	6.311E+1
396.01	9.223E+1
396.36	9.466E+1
396.72	-9.709E+0
397.07	-3.155E+1
397.43	8.010E+1
397.78	7.282E+0
398.14	5.340E+1
398.50	-4.854E+0
398.85	5.825E+1
399.21	3.398E+1
399.56	2.427E+1
399.92	9.952E+1
400.27	5.097E+1
400.63	1.311E+2
400.98	-4.612E+1
401.34	6.068E+1
401.69	2.670E+1
402.05	7.282E+0
402.40	2.184E+1
402.76	1.092E+2
403.11	1.456E+1
403.47	-2.913E+1
403.82	1.311E+2
404.18	3.398E+1
404.53	5.340E+1
404.89	2.427E+0
405.24	9.709E+0
405.60	1.529E+2
405.95	5.583E+1
406.31	2.670E+1
406.66	9.466E+1
407.02	-1.942E+1
407.37	9.709E+0
407.73	1.214E+1
408.08	7.039E+1
408.44	1.942E+1
408.79	3.884E+1
409.14	4.369E+1
409.50	1.189E+2
409.85	1.117E+2
410.21	6.796E+1
410.56	9.709E+0
410.92	1.384E+2
411.27	7.039E+1
411.62	2.670E+1
411.98	1.068E+2
412.33	1.019E+2
412.69	8.495E+1
413.04	1.408E+2
413.39	1.966E+2
413.75	2.913E+1
414.10	2.063E+2
414.45	1.068E+2
414.81	1.238E+2
415.16	8.495E+1
415.52	1.505E+2
415.87	1.966E+2
416.22	1.748E+2
416.58	3.155E+1
416.93	1.675E+2
417.28	1.772E+2
417.64	9.223E+1
417.99	5.340E+1
418.34	1.432E+2
418.70	1.044E+2
419.05	2.549E+2
419.40	1.286E+2
419.76	2.888E+2
420.11	2.403E+2
420.46	1.699E+2
420.81	1.602E+2
421.17	2.403E+2
421.52	2.840E+2
421.87	2.791E+2
422.23	2.840E+2
422.58	2.257E+2
422.93	2.039E+2
423.28	2.961E+2
423.64	3.641E+2
423.99	3.762E+2
424.34	2.694E+2
424.69	3.058E+2
425.05	4.199E+2
425.40	4.151E+2
425.75	4.490E+2
426.10	4.369E+2
426.46	6.238E+2
426.81	5.170E+2
427.16	5.534E+2
427.51	7.233E+2
427.87	7.136E+2
428.22	6.918E+2
428.57	8.325E+2
428.92	8.301E+2
429.27	9.151E+2
429.63	9.588E+2
429.98	1.034E+3
430.33	9.660E+2
430.68	1.090E+3
431.03	1.231E+3
431.38	1.289E+3
431.74	1.333E+3
432.09	1.478E+3
432.44	1.553E+3
432.79	1.573E+3
433.14	1.583E+3
433.49	1.837E+3
433.85	1.930E+3
434.20	1.985E+3
434.55	2.141E+3
434.90	2.311E+3
435.25	2.284E+3
435.60	2.600E+3
435.95	2.697E+3
436.30	2.735E+3
436.66	2.971E+3
437.01	3.121E+3
437.36	3.228E+3
437.71	3.466E+3
438.06	3.818E+3
438.41	3.782E+3
438.76	4.090E+3
439.11	4.347E+3
439.46	4.481E+3
439.81	4.636E+3
440.16	5.012E+3
440.52	5.444E+3
440.87	5.498E+3
441.22	5.998E+3
441.57	6.236E+3
441.92	6.956E+3
442.27	7.245E+3
442.62	7.483E+3
442.97	7.910E+3
443.32	8.551E+3
443.67	8.638E+3
444.02	9.461E+3
444.37	9.789E+3
444.72	1.035E+4
445.07	1.073E+4
445.42	1.134E+4
445.77	1.206E+4
446.12	1.261E+4
446.47	1.342E+4
446.82	1.426E+4
447.17	1.441E+4
447.52	1.555E+4
447.87	1.628E+4
448.22	1.748E+4
448.57	1.792E+4
448.92	1.904E+4
449.27	1.992E+4
449.62	2.125E+4
449.97	2.180E+4
450.32	2.286E+4
450.66	2.375E+4
451.01	2.543E+4
451.36	2.671E+4
451.71	2.833E+4
452.06	2.902E+4
452.41	3.122E+4
452.76	3.247E+4
453.11	3.435E+4
453.46	3.526E+4
453.81	3.688E+4
454.16	3.785E+4
454.51	3.987E+4
454.85	4.151E+4
455.20	4.286E+4
455.55	4.523E+4
455.90	4.576E+4
456.25	4.754E+4
456.60	4.912E+4
456.95	4.965E+4
457.30	5.111E+4
457.64	5.334E+4
457.99	5.382E+4
458.34	5.469E+4
458.69	5.439E+4
459.04	5.622E+4
459.39	5.629E+4
459.73	5.752E+4
460.08	5.735E+4
460.43	5.742E+4
460.78	5.799E+4
461.13	5.884E+4
461.48	5.757E+4
461.82	5.798E+4
462.17	5.794E+4
462.52	5.776E+4
462.87	5.727E+4
463.21	5.734E+4
463.56	5.681E+4
463.91	5.622E+4
464.26	5.579E+4
464.61	5.553E+4
464.95	5.470E+4
465.30	5.443E+4
465.65	5.374E+4
466.00	5.186E+4
466.34	5.151E+4
466.69	4.998E+4
467.04	4.925E+4
467.39	4.849E+4
467.73	4.715E+4
468.08	4.518E+4
468.43	4.473E+4
468.77	4.413E+4
469.12	4.336E+4
469.47	4.221E+4
469.82	4.171E+4
470.16	4.075E+4
470.51	3.991E+4
470.86	3.896E+4
471.20	3.844E+4
471.55	3.789E+4
471.90	3.713E+4
472.24	3.627E+4
472.59	3.592E+4
472.94	3.524E+4
473.28	3.470E+4
473.63	3.396E+4
473.98	3.318E+4
474.32	3.283E+4
474.67	3.252E+4
475.02	3.246E+4
475.36	3.124E+4
475.71	3.085E+4
476.06	3.044E+4
476.40	3.007E+4
476.75	2.936E+4
477.09	2.900E+4
477.44	2.880E+4
477.79	2.816E+4
478.13	2.759E+4
478.48	2.690E+4
478.82	2.656E+4
479.17	2.626E+4
479.52	2.536E+4
479.86	2.437E+4
480.21	2.386E+4
480.55	2.399E+4
480.90	2.309E+4
481.24	2.285E+4
481.59	2.188E+4
481.94	2.114E+4
482.28	2.060E+4
482.63	2.018E+4
482.97	1.924E+4
483.32	1.908E+4
483.66	1.853E+4
484.01	1.771E+4
484.35	1.759E+4
484.70	1.673E+4
485.04	1.632E+4
485.39	1.581E+4
485.73	1.522E+4
486.08	1.473E+4
486.42	1.431E+4
486.77	1.418E+4
487.11	1.325E+4
487.46	1.313E+4
487.80	1.267E+4
488.15	1.222E+4
488.49	1.185E+4
488.84	1.137E+4
489.18	1.104E+4
489.53	1.093E+4
489.87	1.031E+4
490.21	1.006E+4
490.56	9.770E+3
490.90	9.490E+3
491.25	9.221E+3
491.59	8.920E+3
491.94	8.811E+3
492.28	8.490E+3
492.62	8.333E+3
492.97	8.114E+3
493.31	7.794E+3
493.66	7.439E+3
494.00	7.274E+3
494.34	6.898E+3
494.69	6.806E+3
495.03	6.685E+3
495.38	6.532E+3
495.72	6.384E+3
496.06	5.944E+3
496.41	5.869E+3
496.75	5.828E+3
497.09	5.386E+3
497.44	5.216E+3
497.78	5.269E+3
498.13	4.930E+3
498.47	4.796E+3
498.81	4.706E+3
499.16	4.578E+3
499.50	4.418E+3
499.84	4.158E+3
500.19	3.937E+3
500.53	3.833E+3
500.87	3.867E+3
501.21	3.607E+3
501.56	3.515E+3
501.90	3.337E+3
502.24	3.303E+3
502.59	3.197E+3
502.93	3.143E+3
503.27	2.985E+3
503.61	3.022E+3
503.96	2.755E+3
504.30	2.619E+3
504.64	2.418E+3
504.99	2.614E+3
505.33	2.553E+3
505.67	2.272E+3
506.01	2.168E+3
506.36	2.112E+3
506.70	2.061E+3
507.04	2.107E+3
507.38	1.850E+3
507.72	1.903E+3
508.07	1.881E+3
508.41	1.733E+3
508.75	1.893E+3
509.09	1.663E+3
509.44	1.680E+3
509.78	1.566E+3
510.12	1.532E+3
510.46	1.393E+3
510.80	1.454E+3
511.14	1.345E+3
511.49	1.320E+3
511.83	1.342E+3
512.17	1.250E+3
512.51	1.209E+3
512.85	1.187E+3
513.19	1.165E+3
513.54	1.112E+3
513.88	9.855E+2
514.22	1.090E+3
514.56	9.830E+2
514.90	1.000E+3
515.24	9.927E+2
515.58	1.036E+3
515.93	9.612E+2
516.27	9.223E+2
516.61	8.058E+2
516.95	9.369E+2
517.29	8.325E+2
517.63	8.641E+2
517.97	6.942E+2
518.31	7.282E+2
518.65	6.481E+2
518.99	7.719E+2
519.33	6.117E+2
519.67	6.772E+2
520.02	6.359E+2
520.36	6.651E+2
520.70	6.141E+2
521.04	5.437E+2
521.38	4.927E+2
521.72	3.762E+2
522.06	5.558E+2
522.40	5.583E+2
522.74	4.369E+2
523.08	4.709E+2
523.42	4.369E+2
523.76	4.927E+2
524.10	4.782E+2
524.44	3.932E+2
524.78	4.005E+2
525.12	3.107E+2
525.46	3.884E+2
525.80	3.034E+2
526.14	3.811E+2
526.48	3.107E+2
526.82	3.301E+2
527.16	2.476E+2
527.50	3.301E+2
527.84	2.573E+2
528.18	2.670E+2
528.52	3.641E+2
528.86	3.083E+2
529.20	3.689E+2
529.54	2.694E+2
529.87	2.403E+2
530.21	1.432E+2
530.55	2.791E+2
530.89	3.447E+2
531.23	2.306E+2
531.57	1.238E+2
531.91	1.699E+2
532.25	1.456E+2
532.59	2.354E+2
532.93	1.699E+2
533.27	1.845E+2
533.60	1.869E+2
533.94	2.427E+2
534.28	1.966E+2
534.62	8.010E+1
534.96	1.553E+2
535.30	1.990E+2
535.64	1.748E+2
535.98	1.990E+2
536.31	1.966E+2
536.65	2.282E+2
536.99	2.112E+2
537.33	8.738E+1
537.67	2.354E+2
538.01	1.117E+2
538.34	1.820E+2
538.68	2.136E+2
539.02	1.165E+2
539.36	1.359E+2
539.70	8.010E+1
540.03	1.505E+2
540.37	1.942E+2
540.71	1.165E+2
541.05	1.117E+2
541.39	1.019E+2
541.72	1.384E+2
542.06	7.282E+1
542.40	1.165E+2
542.74	1.044E+2
543.07	7.524E+1
543.41	6.311E+1
543.75	1.432E+2
544.09	1.602E+2
544.42	6.068E+1
544.76	5.097E+1
545.10	1.286E+2
545.44	8.495E+1
545.77	1.820E+2
546.11	8.981E+1
546.45	9.223E+1
546.78	-3.155E+1
547.12	1.675E+2
547.46	3.398E+1
547.80	1.748E+2
548.13	3.641E+1
548.47	3.884E+1
548.81	5.340E+1
549.14	1.335E+2
549.48	9.709E+1
549.82	5.340E+1
550.15	7.282E+1
550.49	1.141E+2
550.83	3.398E+1
551.16	-9.709E+0
551.50	8.981E+1
551.84	5.583E+1
552.17	-3.398E+1
552.51	4.612E+1
552.84	7.767E+1
553.18	-1.942E+1
553.52	8.253E+1
553.85	1.529E+2
554.19	6.796E+1
554.53	1.068E+2
554.86	1.942E+1
555.20	3.641E+1
555.53	9.709E+0
555.87	4.369E+1
556.20	9.223E+1
556.54	8.738E+1
556.88	4.854E+1
557.21	1.359E+2
557.55	7.039E+1
557.88	-2.184E+1
558.22	9.709E+1
558.55	3.398E+1
558.89	4.854E+1
559.23	1.335E+2
559.56	6.311E+1
559.90	7.767E+1
560.23	6.068E+1
560.57	2.427E+1
560.90	9.466E+1
561.24	6.068E+1
561.57	3.884E+1
561.91	1.311E+2
562.24	4.126E+1
562.58	9.466E+1
562.91	4.854E+1
563.25	5.340E+1
563.58	6.068E+1
563.92	-4.854E+1
564.25	-2.427E+1
564.59	-2.427E+1
564.92	8.010E+1
565.25	6.068E+1
565.59	0.000E+0
565.92	-1.214E+1
566.26	1.214E+1
566.59	6.554E+1
566.93	1.553E+2
567.26	9.709E+0
567.60	1.117E+2
567.93	7.767E+1
568.26	-3.641E+1
568.60	9.709E+0
568.93	3.398E+1
569.27	7.524E+1
569.60	9.709E+0
569.93	4.126E+1
570.27	6.311E+1
570.60	2.670E+1
570.94	1.117E+2
571.27	0.000E+0
571.60	9.709E+0
571.94	4.126E+1
572.27	2.670E+1
572.60	-2.184E+1
572.94	4.369E+1
573.27	2.427E+1
573.60	1.942E+1
573.94	-7.282E+0
574.27	6.554E+1
574.60	-4.612E+1
574.94	4.126E+1
575.27	1.748E+2
575.60	5.097E+1
575.94	4.854E+0
576.27	6.311E+1
576.60	5.340E+1
576.94	-5.825E+1
577.27	-2.184E+1
577.60	6.068E+1
577.94	6.554E+1
578.27	-1.214E+1
578.60	7.282E+1
578.93	-2.184E+1
579.27	6.554E+1
579.60	1.699E+1
579.93	1.238E+2
580.26	4.612E+1
580.60	-7.282E+0
580.93	-1.214E+1
581.26	-3.155E+1
581.59	2.427E+0
581.93	-1.699E+1
582.26	-2.427E+1
582.59	4.126E+1
582.92	6.311E+1
583.25	5.583E+1
583.59	1.456E+1
583.92	-1.214E+1
584.25	6.311E+1
584.58	-2.184E+1
584.91	1.699E+1
585.25	-7.039E+1
585.58	-5.825E+1
585.91	5.583E+1
586.24	2.913E+1
586.57	-9.709E+0
586.90	4.126E+1
587.24	0.000E+0
587.57	8.738E+1
587.90	1.456E+1
588.23	-4.854E+1
588.56	1.019E+2
588.89	3.398E+1
589.22	-4.854E+0
589.56	-2.184E+1
589.89	6.311E+1
590.22	-4.612E+1
590.55	-9.952E+1
590.88	9.466E+1
591.21	5.583E+1
591.54	1.214E+1
591.87	2.427E+0
592.20	3.884E+1
592.53	-8.495E+1
592.87	3.641E+1
593.20	-1.942E+1
593.53	-2.427E+0
593.86	8.738E+1
594.19	-1.942E+1
594.52	-4.854E+1
594.85	7.767E+1
595.18	-1.214E+1
595.51	8.738E+1
595.84	7.282E+1
596.17	-2.913E+1
596.50	-4.854E+0
596.83	-1.214E+1
597.16	-4.854E+1
597.49	1.699E+1
597.82	1.456E+1
598.15	-2.184E+1
598.48	2.913E+1
598.81	7.767E+1
599.14	-5.825E+1
599.47	1.699E+1
599.80	3.884E+1
600.13	1.456E+1
600.46	1.942E+1
600.79	-5.340E+1
601.12	-4.126E+1
601.45	8.738E+1
601.78	1.529E+2
602.11	-9.709E+0
602.44	1.214E+1
602.77	4.854E+1
603.10	3.398E+1
603.42	3.155E+1
603.75	-1.019E+2
604.08	4.612E+1
604.41	1.942E+1
604.74	4.126E+1
605.07	1.699E+1
605.40	9.466E+1
605.73	-7.282E+0
606.06	-1.456E+1
606.39	-2.670E+1
606.71	1.214E+1
607.04	-7.767E+1
607.37	4.854E+0
607.70	-3.155E+1
608.03	-7.282E+1
608.36	7.039E+1
608.69	6.796E+1
609.02	4.126E+1
609.34	-1.214E+1
609.67	-5.097E+1
610.00	-4.126E+1
610.33	3.398E+1
610.66	1.068E+2
610.98	1.456E+1
611.31	-5.097E+1
611.64	-8.010E+1
611.97	-5.097E+1
612.30	2.913E+1
612.63	4.126E+1
612.95	6.311E+1
613.28	-7.282E+0
613.61	-6.796E+1
613.94	4.854E+0
614.26	5.340E+1
614.59	-4.612E+1
614.92	3.884E+1
615.25	5.340E+1
615.57	1.214E+1
615.90	-7.282E+0
616.23	4.612E+1
616.56	-6.311E+1
616.88	1.214E+1
617.21	-2.427E+1
617.54	-1.214E+1
617.87	1.141E+2
618.19	-7.282E+0
618.52	-7.039E+1
618.85	1.699E+1
619.17	-7.524E+1
619.50	-6.068E+1
619.83	8.253E+1
620.15	7.282E+0
620.48	5.097E+1
620.81	7.282E+0
621.14	-6.796E+1
621.46	-2.670E+1
621.79	-2.184E+1
622.11	6.311E+1
622.44	9.709E+0
622.77	-5.340E+1
623.09	-2.427E+0
623.42	-8.981E+1
623.75	4.612E+1
624.07	-1.942E+1
624.40	1.214E+1
624.73	-1.699E+1
625.05	-4.854E+1
625.38	7.524E+1
625.70	9.709E+0
626.03	1.942E+1
626.36	2.427E+1
626.68	3.398E+1
627.01	-7.282E+0
627.33	6.796E+1
627.66	-9.709E+0
627.99	1.092E+2
628.31	-8.010E+1
628.64	9.223E+1
628.96	2.427E+1
629.29	-5.340E+1
629.61	-2.670E+1
629.94	-6.068E+1
630.26	-2.670E+1
630.59	7.282E+0
630.91	-1.214E+1
631.24	-8.010E+1
631.57	-7.767E+1
631.89	-9.223E+1
632.22	-9.709E+1
632.54	-2.427E+1
632.87	-2.670E+1
633.19	-2.913E+1
633.52	2.670E+1
633.84	9.223E+1
634.16	7.039E+1
634.49	-2.427E+1
634.81	7.282E+1
635.14	7.282E+1
635.46	2.427E+0
635.79	6.311E+1
636.11	8.010E+1
636.44	2.184E+1
636.76	-7.282E+0
637.09	-3.155E+1
637.41	-5.097E+1
637.73	6.311E+1
638.06	-3.884E+1
638.38	-4.369E+1
638.71	-1.699E+1
639.03	-1.335E+2
639.36	-5.583E+1
639.68	1.456E+1
640.00	5.583E+1
640.33	8.738E+1
640.65	-3.641E+1
640.97	-3.641E+1
641.30	1.432E+2
641.62	-8.495E+1
641.95	9.709E+1
642.27	7.039E+1
642.59	-4.126E+1
642.92	-4.854E+1
643.24	5.097E+1
643.56	9.223E+1
643.89	7.524E+1
644.21	-2.427E+1
644.53	7.282E+1
644.86	2.670E+1
645.18	-2.184E+1
645.50	4.126E+1
645.83	6.554E+1
646.15	-4.612E+1
646.47	2.670E+1
646.80	-7.282E+0
647.12	4.854E+1
647.44	1.384E+2
647.76	5.097E+1
648.09	9.709E+0
648.41	-2.427E+0
648.73	1.942E+1
649.05	7.282E+0
649.38	1.117E+2
649.70	2.427E+1
650.02	4.854E+1
650.34	-9.709E+0
650.67	5.583E+1
650.99	1.044E+2
651.31	1.432E+2
651.63	2.913E+1
651.96	-5.825E+1
652.28	1.214E+1
652.60	6.554E+1
652.92	-9.709E+0
653.24	2.913E+1
653.57	-9.709E+0
653.89	9.709E+0
654.21	-1.214E+1
654.53	-8.253E+1
654.85	6.311E+1
655.18	-9.709E+0
655.50	6.311E+1
655.82	-1.699E+1
656.14	1.214E+1
656.46	1.214E+1
656.78	3.398E+1
657.10	-4.612E+1
657.43	2.427E+1
657.75	-2.670E+1
658.07	-7.282E+0
658.39	3.641E+1
658.71	1.214E+1
659.03	5.583E+1
659.35	5.825E+1
659.67	-7.282E+0
659.99	-6.796E+1
660.32	-2.184E+1
660.64	-5.583E+1
660.96	-9.709E+0
661.28	-5.583E+1
661.60	-3.398E+1
661.92	1.602E+2
662.24	-3.155E+1
662.56	-9.709E+0
662.88	-3.641E+1
663.20	-1.699E+1
663.52	7.282E+0
663.84	-1.214E+1
664.16	9.709E+1
664.48	-2.184E+1
664.80	-3.155E+1
665.12	9.709E+0
665.44	-6.554E+1
665.76	-4.369E+1
666.08	9.709E+0
666.40	5.097E+1
666.72	-9.709E+1
667.04	1.044E+2
667.36	-7.282E+0
667.68	-4.854E+1
668.00	8.738E+1
668.32	-1.117E+2
668.64	5.097E+1
668.96	5.340E+1
669.28	-9.709E+0
669.60	8.253E+1
669.92	-4.126E+1
670.24	-7.767E+1
670.56	-6.068E+1
670.88	0.000E+0
671.20	-7.282E+0
671.52	3.884E+1
671.84	2.913E+1
672.16	-2.913E+1
672.47	8.253E+1
672.79	-6.068E+1
673.11	9.709E+0
673.43	2.427E+1
673.75	1.456E+1
674.07	-6.554E+1
674.39	2.913E+1
674.71	-1.942E+1
675.03	-7.282E+0
675.34	5.583E+1
675.66	3.155E+1
675.98	1.214E+2
676.30	-3.398E+1
676.62	2.184E+1
676.94	-2.427E+0
677.25	4.854E+1
677.57	6.554E+1
677.89	-3.641E+1
678.21	3.641E+1
678.53	4.612E+1
678.85	7.767E+1
679.16	-3.641E+1
679.48	4.854E+0
679.80	-2.427E+0
680.12	0.000E+0
680.44	1.553E+2
680.75	-2.427E+0
681.07	5.583E+1
681.39	7.282E+1
681.71	8.253E+1
682.02	4.854E+1
682.34	2.670E+1
682.66	-3.641E+1
682.98	-6.068E+1
683.29	-1.214E+1
683.61	9.223E+1
683.93	2.427E+0
684.25	-1.456E+1
684.56	-2.913E+1
684.88	5.340E+1
685.20	-3.155E+1
685.51	-1.019E+2
685.83	4.612E+1
686.15	0.000E+0
686.47	3.155E+1
686.78	3.155E+1
687.10	-3.155E+1
687.42	3.398E+1
687.73	4.854E+0
688.05	2.427E+0
688.37	2.427E+1
688.68	-1.214E+1
689.00	3.641E+1
689.32	3.641E+1
689.63	4.126E+1
689.95	7.282E+0
690.26	-6.311E+1
690.58	3.155E+1
690.90	6.796E+1
691.21	3.641E+1
691.53	8.253E+1
691.85	4.612E+1
692.16	1.699E+1
692.48	8.253E+1
692.79	-7.524E+1
693.11	-9.466E+1
693.42	-5.583E+1
693.74	4.854E+1
694.06	-5.583E+1
694.37	-1.699E+1
694.69	4.126E+1
695.00	8.738E+1
695.32	9.709E+0
695.63	-7.039E+1
695.95	-5.825E+1
696.26	-7.282E+0
696.58	1.311E+2
696.90	-2.427E+1
697.21	-3.155E+1
697.53	4.854E+1
697.84	-5.583E+1
698.16	-2.427E+0
698.47	5.583E+1
698.79	3.155E+1
699.10	7.282E+1
699.42	-4.854E+1
699.73	-9.709E+0
700.05	1.456E+1
700.36	-2.184E+1
700.68	4.612E+1
700.99	-8.738E+1
701.30	-2.913E+1
701.62	2.670E+1
701.93	4.612E+1
702.25	1.044E+2
702.56	-2.913E+1
702.88	-4.854E+1
703.19	7.282E+0
703.50	-9.466E+1
703.82	-4.854E+0
704.13	2.913E+1
704.45	-2.427E+1
704.76	2.184E+1
705.08	-4.369E+1
705.39	2.670E+1
705.70	-4.854E+0
706.02	7.282E+0
706.33	-6.068E+1
706.64	8.495E+1
706.96	-1.942E+1
707.27	7.524E+1
707.59	8.981E+1
707.90	-7.282E+1
708.21	7.524E+1
708.53	-4.854E+1
708.84	7.282E+0
709.15	8.495E+1
709.47	-7.282E+0
709.78	7.282E+0
710.09	9.223E+1
710.41	-3.155E+1
710.72	1.456E+1
711.03	4.126E+1
711.34	1.699E+1
711.66	-3.155E+1
711.97	3.398E+1
712.28	3.155E+1
712.60	1.214E+1
712.91	7.282E+0
713.22	-9.709E+0
713.53	-2.427E+0
713.85	-8.495E+1
714.16	3.398E+1
714.47	4.854E+1
714.78	-4.854E+0
715.10	-7.767E+1
715.41	1.214E+1
715.72	-7.282E+0
716.03	2.427E+1
716.35	-3.641E+1
716.66	-7.767E+1
716.97	-4.126E+1
717.28	-5.340E+1
717.59	2.184E+1
717.91	-8.495E+1
718.22	-4.369E+1
718.53	-1.044E+2
718.84	2.670E+1
719.15	3.884E+1
719.46	7.767E+1
719.78	3.155E+1
720.09	-2.670E+1
720.40	1.456E+2
720.71	4.854E+0
721.02	1.117E+2
721.33	3.155E+1
721.65	-7.524E+1
721.96	-7.282E+1
722.27	-1.384E+2
722.58	-4.612E+1
722.89	9.223E+1
723.20	5.825E+1
723.51	-1.699E+1
723.82	8.495E+1
724.13	1.141E+2
724.45	7.039E+1
724.76	4.854E+0
725.07	-1.942E+1
725.38	2.427E+1
725.69	1.942E+1
726.00	5.340E+1
726.31	7.282E+0
726.62	-2.427E+1
726.93	4.612E+1
727.24	3.884E+1
727.55	7.282E+0
727.86	-4.612E+1
728.17	3.641E+1
728.48	7.524E+1
728.79	-1.942E+1
729.10	-5.340E+1
729.41	5.340E+1
729.72	7.767E+1
730.03	1.238E+2
730.34	8.253E+1
730.65	-3.155E+1
730.96	-3.155E+1
731.27	-1.942E+1
731.58	-1.699E+1
731.89	-1.529E+2
732.20	8.981E+1
732.51	-6.311E+1
732.82	-1.456E+1
733.13	5.583E+1
733.44	-3.398E+1
733.75	3.155E+1
734.06	2.670E+1
734.37	2.427E+0
734.68	5.340E+1
734.98	-1.214E+1
735.29	4.854E+0
735.60	2.427E+0
735.91	2.184E+1
736.22	2.670E+1
736.53	-2.913E+1
736.84	4.126E+1
737.15	6.796E+1
737.46	3.641E+1
737.77	-2.427E+1
738.07	-4.854E+0
738.38	-6.796E+1
738.69	-5.825E+1
739.00	1.214E+1
739.31	1.189E+2
739.62	2.427E+0
739.92	4.854E+0
740.23	9.709E+0
740.54	2.427E+0
740.85	7.282E+1
741.16	8.010E+1
741.47	-2.427E+0
741.77	4.369E+1
742.08	5.097E+1
742.39	5.583E+1
742.70	3.398E+1
743.01	3.641E+1
743.31	8.981E+1
743.62	1.214E+2
743.93	2.670E+1
744.24	-2.184E+1
744.54	-2.670E+1
744.85	-3.398E+1
745.16	2.427E+0
745.47	-5.340E+1
745.77	-7.282E+0
746.08	-1.214E+1
746.39	3.641E+1
746.70	5.583E+1
747.00	7.039E+1
747.31	-2.913E+1
747.62	2.913E+1
747.92	2.184E+1
748.23	3.884E+1
748.54	1.942E+1
748.84	1.942E+1
749.15	4.854E+1
749.46	4.854E+1
749.76	4.854E+0
750.07	1.456E+1
750.38	6.796E+1
750.68	-4.854E+0
750.99	-2.427E+1
751.30	-6.554E+1
751.60	-4.126E+1
751.91	-5.825E+1
752.22	1.335E+2
752.52	9.952E+1
752.83	-3.398E+1
753.14	2.184E+1
753.44	-5.825E+1
753.75	1.942E+1
754.05	1.699E+1
754.36	4.126E+1
754.67	-2.913E+1
754.97	-6.796E+1
755.28	6.796E+1
755.58	3.155E+1
755.89	2.913E+1
756.19	4.854E+1
756.50	2.427E+1
756.81	-4.369E+1
757.11	-6.796E+1
757.42	3.884E+1
757.72	-1.942E+1
758.03	5.583E+1
758.33	9.466E+1
758.64	-2.427E+1
758.94	-9.709E+0
759.25	7.767E+1
759.55	-3.398E+1
759.86	-1.942E+1
760.16	-6.068E+1
760.47	2.427E+1
760.77	-8.253E+1
761.08	3.641E+1
761.38	2.913E+1
761.69	-1.699E+1
761.99	-4.126E+1
762.30	-1.699E+1
762.60	2.913E+1
762.91	9.709E+1
763.21	-2.184E+1
763.51	-3.398E+1
763.82	-7.767E+1
764.12	-3.398E+1
764.43	1.456E+1
764.73	-1.214E+1
765.04	-3.641E+1
765.34	5.340E+1
765.64	-1.432E+2
765.95	2.184E+1
766.25	-5.825E+1
766.56	-2.913E+1
766.86	-7.282E+0
767.16	1.942E+1
767.47	-2.427E+1
767.77	4.854E+0
768.07	9.223E+1
768.38	2.670E+1
768.68	-4.854E+1
768.98	-5.097E+1
769.29	8.010E+1
769.59	-2.427E+0
769.89	1.456E+1
770.20	-1.456E+1
770.50	-5.825E+1
770.80	-6.068E+1
771.11	-1.942E+1
771.41	6.068E+1
771.71	6.068E+1
772.02	2.913E+1
772.32	9.709E+0
772.62	-2.913E+1
772.93	1.214E+2
773.23	8.010E+1
773.53	4.369E+1
773.83	1.165E+2
774.14	-4.854E+0
774.44	-5.583E+1
774.74	1.456E+1
775.04	1.699E+1
775.35	-1.456E+1
775.65	2.427E+0
775.95	4.854E+0
776.25	7.282E+0
776.55	1.214E+1
776.86	-8.495E+1
777.16	-6.554E+1
777.46	-3.641E+1
777.76	3.398E+1
778.06	1.699E+1
778.37	-1.311E+2
778.67	0.000E+0
778.97	7.524E+1
779.27	-6.554E+1
779.57	-4.854E+0
779.88	3.641E+1
780.18	-1.456E+1
780.48	3.398E+1
780.78	2.427E+0
781.08	8.010E+1
781.38	-1.456E+1
781.68	5.583E+1
781.98	-7.282E+0
782.29	-1.092E+2
782.59	1.214E+1
782.89	7.282E+0
783.19	-9.709E+0
783.49	3.641E+1
783.79	9.709E+0
784.09	9.709E+0
784.39	3.641E+1
784.69	5.825E+1
784.99	3.641E+1
785.30	9.223E+1
785.60	-9.709E+1
785.90	-1.214E+1
786.20	-2.427E+1
786.50	2.913E+1
786.80	9.952E+1
787.10	4.854E+1
787.40	6.311E+1
787.70	2.184E+1
788.00	1.942E+1
788.30	5.340E+1
788.60	-6.796E+1
788.90	-8.495E+1
789.20	8.738E+1
789.50	9.709E+0
789.80	4.612E+1
790.10	-3.398E+1
790.40	5.097E+1
790.70	-8.738E+1
791.00	-9.709E+0
791.30	-5.825E+1
791.60	-6.068E+1
791.90	-7.282E+0
792.20	5.825E+1
792.50	8.738E+1
792.79	5.825E+1
793.09	-2.913E+1
793.39	-9.709E+0
793.69	-6.311E+1
793.99	-2.427E+1
794.29	-9.709E+0
794.59	-1.942E+1
794.89	0.000E+0
795.19	-7.282E+0
795.49	-4.126E+1
795.79	-4.854E+0
796.08	-1.262E+2
796.38	4.854E+0
796.68	-1.456E+1
796.98	-8.010E+1
797.28	5.583E+1
797.58	-4.854E+0
797.88	-9.466E+1
798.17	4.612E+1
798.47	-4.612E+1
798.77	-4.854E+1
799.07	-2.184E+1
799.37	6.068E+1
799.67	1.942E+1
799.96	2.913E+1
800.26	4.854E+0
800.56	1.456E+1
800.86	3.884E+1
801.16	3.398E+1
801.45	9.223E+1
801.75	-4.612E+1
802.05	-1.092E+2
802.35	3.398E+1
802.64	-4.126E+1
802.94	5.097E+1
803.24	3.884E+1
803.54	-2.670E+1
803.83	-2.670E+1
804.13	0.000E+0
804.43	1.068E+2
804.73	3.884E+1
805.02	-8.010E+1
805.32	-1.214E+1
805.62	6.796E+1
805.91	-1.942E+1
806.21	-4.854E+1
806.51	-3.641E+1
806.81	-7.524E+1
807.10	-4.854E+0
807.40	0.000E+0
807.70	-3.884E+1
807.99	9.709E+0
808.29	-1.214E+1
808.59	-9.952E+1
808.88	-1.942E+1
809.18	1.942E+1
809.47	1.456E+1
809.77	-5.340E+1
810.07	3.398E+1
810.36	6.311E+1
810.66	-4.854E+1
810.96	2.670E+1
811.25	-7.282E+0
811.55	-2.670E+1
811.84	2.184E+1
812.14	-2.913E+1
812.44	-4.126E+1
812.73	-5.097E+1
813.03	3.155E+1
813.32	2.184E+1
813.62	-1.117E+2
813.91	4.126E+1
814.21	-6.554E+1
814.51	1.456E+1
814.80	-4.126E+1
815.10	1.699E+1
815.39	9.709E+0
815.69	-2.670E+1
815.98	-1.699E+1
816.28	1.019E+2
816.57	1.456E+1
816.87	0.000E+0
817.16	4.854E+0
817.46	-4.612E+1
817.75	2.427E+0
818.05	8.495E+1
818.34	3.884E+1
818.64	-5.583E+1
818.93	9.709E+1
819.23	0.000E+0
819.52	6.068E+1
819.82	-2.913E+1
820.11	1.141E+2
820.40	-9.709E+1
820.70	-5.825E+1
820.99	9.709E+0
821.29	3.884E+1
821.58	4.369E+1
821.88	2.427E+1
822.17	-6.796E+1
822.46	2.427E+1
822.76	-1.456E+1
823.05	-3.641E+1
823.35	-2.184E+1
823.64	4.854E+1
823.93	-2.670E+1
824.23	3.641E+1
824.52	2.427E+0
824.81	7.282E+0
825.11	2.427E+1
825.40	3.155E+1
825.69	-1.942E+1
825.99	2.427E+1
826.28	7.767E+1
826.58	3.155E+1
826.87	-3.641E+1
827.16	0.000E+0
827.45	-5.097E+1
827.75	5.825E+1
828.04	6.311E+1
828.33	4.369E+1
828.63	9.709E+0
828.92	-2.913E+1
829.21	1.942E+1
829.51	-4.126E+1
829.80	-9.466E+1
830.09	-3.398E+1
830.38	1.942E+1
830.68	-8.253E+1
830.97	-5.583E+1
831.26	-1.456E+1
831.55	-5.097E+1
831.85	-4.854E+0
832.14	-4.126E+1
832.43	7.767E+1
832.72	-4.612E+1
833.01	7.039E+1
833.31	3.155E+1
833.60	1.942E+1
833.89	0.000E+0
834.18	7.282E+0
834.47	-1.456E+1
834.77	1.214E+1
835.06	4.854E+1
835.35	1.117E+2
835.64	4.854E+0
835.93	1.432E+2
836.22	-1.238E+2
836.52	3.398E+1
836.81	2.670E+1
837.10	2.184E+1
837.39	-5.583E+1
837.68	4.369E+1
837.97	3.641E+1
838.26	1.189E+2
838.55	-7.282E+0
838.85	1.699E+1
839.14	2.184E+1
839.43	8.738E+1
839.72	2.427E+0
840.01	-2.427E+0
840.30	8.495E+1
840.59	-3.398E+1
840.88	-2.427E+1
841.17	-2.184E+1
841.46	-3.641E+1
841.75	5.825E+1
842.04	4.126E+1
842.33	5.097E+1
842.62	1.699E+1
842.91	4.854E+1
843.21	1.942E+1
843.50	7.282E+1
843.79	-2.184E+1
844.08	7.039E+1
844.37	7.282E+1
844.66	5.825E+1
844.95	-4.126E+1
845.24	5.340E+1
845.53	9.223E+1
845.81	8.495E+1
846.10	7.767E+1
846.39	6.311E+1
846.68	-6.554E+1
846.97	7.282E+0
847.26	1.214E+1
847.55	-1.456E+1
847.84	2.670E+1
848.13	-4.854E+0
848.42	2.427E+1
848.71	-4.369E+1
849.00	-6.554E+1
849.29	6.554E+1
849.58	-2.670E+1
849.87	3.641E+1
850.15	-1.335E+2
850.44	3.155E+1
850.73	9.709E+0
851.02	9.466E+1
851.31	4.854E+1
851.60	-1.942E+1
851.89	5.340E+1
852.18	4.854E+0
852.46	-1.456E+1
852.75	-1.553E+2
853.04	-2.427E+1
853.33	-7.282E+0
853.62	5.583E+1
853.91	4.126E+1
854.19	-2.427E+1
854.48	-1.141E+2
854.77	5.825E+1
855.06	1.141E+2
855.35	-7.524E+1
855.63	2.184E+1
855.92	-7.524E+1
856.21	4.369E+1
856.50	2.913E+1
856.79	6.311E+1
857.07	-7.524E+1
857.36	9.709E+1
857.65	-2.184E+1
857.94	5.825E+1
858.22	-2.184E+1
858.51	-4.369E+1
858.80	-2.427E+1
859.08	8.253E+1
859.37	-6.796E+1
859.66	6.554E+1
859.95	6.068E+1
860.23	7.282E+0
860.52	-1.699E+1
860.81	7.767E+1
861.09	-9.952E+1
861.38	4.612E+1
861.67	3.398E+1
861.95	-2.427E+0
862.24	1.942E+1
862.53	-4.126E+1
862.81	7.282E+0
863.10	6.068E+1
863.39	-2.427E+0
863.67	-3.884E+1
863.96	7.282E+0
864.25	-4.612E+1
864.53	-2.670E+1
864.82	1.481E+2
865.10	4.854E+0
865.39	5.097E+1
865.68	-4.854E+0
865.96	4.612E+1
866.25	1.141E+2
866.53	1.141E+2
866.82	1.141E+2