Wavelength	Intensity	Ocean Optics Flame
nm	counts
187.89	2.670E+1
188.27	5.340E+1
188.64	-8.981E+1
189.02	-1.214E+1
189.40	8.495E+1
189.78	-7.767E+1
190.15	2.184E+1
190.53	4.854E+1
190.91	2.427E+0
191.29	-1.456E+1
191.66	4.854E+0
192.04	-1.699E+1
192.42	4.854E+1
192.80	3.641E+1
193.17	4.126E+1
193.55	-4.612E+1
193.93	8.738E+1
194.30	7.767E+1
194.68	-3.641E+1
195.06	7.767E+1
195.44	4.854E+1
195.81	3.398E+1
196.19	-1.456E+1
196.57	4.126E+1
196.94	6.311E+1
197.32	3.398E+1
197.70	8.010E+1
198.07	8.010E+1
198.45	2.913E+1
198.83	4.126E+1
199.20	-2.427E+0
199.58	-1.699E+1
199.96	1.214E+2
200.33	1.117E+2
200.71	8.253E+1
201.09	2.184E+1
201.46	0.000E+0
201.84	1.214E+1
202.22	-7.282E+0
202.59	8.010E+1
202.97	-3.398E+1
203.34	0.000E+0
203.72	9.709E+1
204.10	2.427E+0
204.47	4.369E+1
204.85	7.524E+1
205.23	2.913E+1
205.60	-2.913E+1
205.98	-1.019E+2
206.35	9.952E+1
206.73	1.214E+2
207.11	-5.340E+1
207.48	-3.398E+1
207.86	7.282E+0
208.23	-5.583E+1
208.61	4.612E+1
208.98	4.126E+1
209.36	-4.612E+1
209.74	5.340E+1
210.11	2.427E+0
210.49	3.398E+1
210.86	1.092E+2
211.24	5.097E+1
211.61	1.529E+2
211.99	3.641E+1
212.36	8.981E+1
212.74	9.223E+1
213.11	2.184E+1
213.49	2.427E+0
213.87	4.369E+1
214.24	-6.068E+1
214.62	4.126E+1
214.99	-7.282E+1
215.37	9.709E+0
215.74	-5.097E+1
216.12	-5.583E+1
216.49	-4.612E+1
216.87	2.427E+0
217.24	9.223E+1
217.62	6.796E+1
217.99	3.641E+1
218.37	-2.913E+1
218.74	8.010E+1
219.11	-2.670E+1
219.49	3.884E+1
219.86	2.670E+1
220.24	9.709E+0
220.61	5.825E+1
220.99	7.039E+1
221.36	9.709E+1
221.74	-7.282E+1
222.11	1.942E+1
222.49	3.398E+1
222.86	-1.456E+1
223.23	-1.068E+2
223.61	-6.068E+1
223.98	-1.456E+1
224.36	4.612E+1
224.73	1.214E+1
225.11	2.427E+1
225.48	2.670E+1
225.85	7.039E+1
226.23	1.359E+2
226.60	3.398E+1
226.98	-1.432E+2
227.35	-7.767E+1
227.72	4.854E+1
228.10	1.942E+1
228.47	-2.427E+0
228.84	2.913E+1
229.22	9.709E+0
229.59	3.884E+1
229.97	8.253E+1
230.34	1.432E+2
230.71	-4.854E+0
231.09	-1.942E+1
231.46	9.709E+0
231.83	2.184E+1
232.21	0.000E+0
232.58	-4.612E+1
232.95	9.223E+1
233.33	-4.854E+1
233.70	-1.262E+2
234.07	4.854E+1
234.45	9.223E+1
234.82	-1.699E+1
235.19	2.913E+1
235.57	-2.913E+1
235.94	2.427E+1
236.31	6.554E+1
236.69	-7.524E+1
237.06	1.359E+2
237.43	8.738E+1
237.80	-4.126E+1
238.18	-1.019E+2
238.55	-5.583E+1
238.92	1.117E+2
239.30	5.340E+1
239.67	-6.068E+1
240.04	6.068E+1
240.41	1.165E+2
240.79	-2.670E+1
241.16	2.670E+1
241.53	1.942E+1
241.90	-7.282E+0
242.28	2.427E+1
242.65	6.311E+1
243.02	-1.699E+1
243.39	3.884E+1
243.77	2.427E+1
244.14	2.670E+1
244.51	-2.427E+0
244.88	-2.670E+1
245.25	4.369E+1
245.63	-1.286E+2
246.00	-3.884E+1
246.37	-2.427E+1
246.74	-9.466E+1
247.11	5.583E+1
247.49	4.854E+1
247.86	-2.913E+1
248.23	-5.583E+1
248.60	8.253E+1
248.97	7.767E+1
249.35	7.767E+1
249.72	-3.884E+1
250.09	-9.709E+0
250.46	-2.670E+1
250.83	1.456E+1
251.20	7.282E+1
251.58	2.427E+1
251.95	-6.796E+1
252.32	8.253E+1
252.69	8.495E+1
253.06	1.214E+1
253.43	4.126E+1
253.80	7.767E+1
254.17	1.335E+2
254.55	-5.825E+1
254.92	-2.913E+1
255.29	-5.583E+1
255.66	4.854E+0
256.03	3.641E+1
256.40	-9.709E+0
256.77	-3.398E+1
257.14	0.000E+0
257.51	6.554E+1
257.88	4.369E+1
258.26	-2.913E+1
258.63	-2.184E+1
259.00	3.398E+1
259.37	-4.854E+0
259.74	-2.427E+0
260.11	-6.311E+1
260.48	0.000E+0
260.85	-6.554E+1
261.22	-7.524E+1
261.59	4.612E+1
261.96	-2.427E+0
262.33	3.398E+1
262.70	4.612E+1
263.07	5.825E+1
263.44	4.369E+1
263.81	1.019E+2
264.18	-1.699E+1
264.55	9.466E+1
264.92	8.738E+1
265.29	4.612E+1
265.66	-7.282E+0
266.03	9.709E+0
266.40	8.738E+1
266.77	-3.884E+1
267.14	8.738E+1
267.51	4.854E+0
267.88	3.398E+1
268.25	9.709E+0
268.62	2.427E+1
268.99	-1.942E+1
269.36	5.583E+1
269.73	7.039E+1
270.10	4.854E+0
270.47	-1.214E+1
270.84	-1.456E+1
271.21	-8.495E+1
271.58	-5.825E+1
271.95	5.097E+1
272.32	2.670E+1
272.69	1.214E+1
273.06	-2.427E+1
273.43	3.884E+1
273.80	2.913E+1
274.17	-9.709E+1
274.53	6.068E+1
274.90	2.427E+0
275.27	6.796E+1
275.64	-2.427E+1
276.01	-1.456E+1
276.38	-9.709E+0
276.75	-5.825E+1
277.12	4.854E+0
277.49	1.044E+2
277.86	4.612E+1
278.22	4.369E+1
278.59	0.000E+0
278.96	-2.670E+1
279.33	7.524E+1
279.70	-2.184E+1
280.07	8.010E+1
280.44	9.709E+0
280.80	2.184E+1
281.17	5.097E+1
281.54	-3.641E+1
281.91	2.670E+1
282.28	1.456E+1
282.65	7.282E+0
283.02	1.238E+2
283.38	1.942E+1
283.75	-2.670E+1
284.12	5.097E+1
284.49	-4.854E+1
284.86	2.427E+1
285.22	6.796E+1
285.59	5.583E+1
285.96	-2.184E+1
286.33	-9.709E+0
286.70	1.699E+1
287.06	4.854E+1
287.43	1.699E+1
287.80	7.282E+0
288.17	-1.942E+1
288.53	6.068E+1
288.90	7.767E+1
289.27	2.913E+1
289.64	-2.427E+0
290.01	9.709E+0
290.37	5.583E+1
290.74	1.262E+2
291.11	4.854E+0
291.48	-5.340E+1
291.84	3.398E+1
292.21	-4.369E+1
292.58	-1.942E+1
292.94	9.952E+1
293.31	7.282E+0
293.68	9.466E+1
294.05	4.612E+1
294.41	-4.854E+1
294.78	1.262E+2
295.15	7.039E+1
295.51	7.039E+1
295.88	3.884E+1
296.25	0.000E+0
296.61	-2.427E+1
296.98	-7.524E+1
297.35	1.165E+2
297.72	-6.311E+1
298.08	-4.854E+1
298.45	7.524E+1
298.82	7.039E+1
299.18	4.854E+0
299.55	7.524E+1
299.91	-4.854E+0
300.28	3.884E+1
300.65	-5.340E+1
301.01	-7.039E+1
301.38	-4.612E+1
301.75	4.126E+1
302.11	-1.942E+1
302.48	7.524E+1
302.85	4.612E+1
303.21	-3.398E+1
303.58	-3.641E+1
303.94	-1.942E+1
304.31	1.699E+1
304.68	1.432E+2
305.04	-6.554E+1
305.41	1.942E+1
305.77	7.767E+1
306.14	-4.612E+1
306.51	-6.068E+1
306.87	9.466E+1
307.24	-2.427E+1
307.60	-1.456E+1
307.97	8.981E+1
308.33	-2.427E+1
308.70	-3.641E+1
309.07	-4.126E+1
309.43	2.670E+1
309.80	-4.126E+1
310.16	-4.612E+1
310.53	4.369E+1
310.89	1.262E+2
311.26	9.223E+1
311.62	1.117E+2
311.99	1.335E+2
312.35	5.097E+1
312.72	-4.369E+1
313.08	-4.612E+1
313.45	-7.282E+0
313.81	5.583E+1
314.18	3.884E+1
314.54	1.286E+2
314.91	4.612E+1
315.27	-4.126E+1
315.64	-2.427E+0
316.00	-2.913E+1
316.37	4.854E+1
316.73	-4.612E+1
317.10	-5.340E+1
317.46	-5.097E+1
317.83	6.796E+1
318.19	1.456E+1
318.56	-2.670E+1
318.92	2.427E+0
319.28	2.427E+0
319.65	4.854E+1
320.01	-3.641E+1
320.38	4.126E+1
320.74	-1.942E+1
321.11	-4.854E+1
321.47	-4.854E+0
321.83	4.126E+1
322.20	-3.641E+1
322.56	5.340E+1
322.93	-3.884E+1
323.29	-7.039E+1
323.66	1.456E+1
324.02	2.427E+0
324.38	9.952E+1
324.75	1.165E+2
325.11	8.253E+1
325.47	-6.554E+1
325.84	7.524E+1
326.20	1.942E+1
326.57	2.913E+1
326.93	-8.010E+1
327.29	-2.427E+0
327.66	-7.282E+0
328.02	1.214E+2
328.38	9.223E+1
328.75	2.913E+1
329.11	-3.155E+1
329.47	9.952E+1
329.84	1.214E+1
330.20	2.670E+1
330.56	9.709E+0
330.93	1.214E+1
331.29	-4.369E+1
331.65	-8.738E+1
332.02	3.155E+1
332.38	1.942E+1
332.74	2.427E+1
333.10	2.427E+0
333.47	6.311E+1
333.83	1.092E+2
334.19	4.369E+1
334.56	7.282E+0
334.92	4.854E+0
335.28	-2.184E+1
335.64	8.495E+1
336.01	2.670E+1
336.37	-8.010E+1
336.73	1.214E+1
337.09	-1.214E+1
337.46	-2.670E+1
337.82	3.155E+1
338.18	3.884E+1
338.54	-5.583E+1
338.91	0.000E+0
339.27	1.189E+2
339.63	-4.854E+1
339.99	6.311E+1
340.36	-2.427E+1
340.72	2.427E+1
341.08	1.019E+2
341.44	-6.311E+1
341.80	-2.670E+1
342.17	1.214E+1
342.53	1.044E+2
342.89	2.184E+1
343.25	8.495E+1
343.61	1.262E+2
343.98	-6.068E+1
344.34	3.398E+1
344.70	-6.796E+1
345.06	1.456E+1
345.42	-3.398E+1
345.78	4.854E+0
346.14	-3.155E+1
346.51	1.456E+1
346.87	-4.612E+1
347.23	-7.282E+0
347.59	-3.155E+1
347.95	-3.398E+1
348.31	-1.141E+2
348.67	1.117E+2
349.04	-2.913E+1
349.40	4.854E+1
349.76	1.699E+1
350.12	2.184E+1
350.48	-1.699E+1
350.84	7.767E+1
351.20	5.340E+1
351.56	5.583E+1
351.92	3.884E+1
352.28	2.670E+1
352.65	-9.709E+0
353.01	-8.010E+1
353.37	-6.796E+1
353.73	4.369E+1
354.09	-5.097E+1
354.45	-9.709E+0
354.81	-2.670E+1
355.17	8.738E+1
355.53	6.554E+1
355.89	-7.282E+0
356.25	6.311E+1
356.61	3.641E+1
356.97	-1.456E+1
357.33	7.282E+0
357.69	-5.097E+1
358.05	2.427E+0
358.41	4.612E+1
358.77	3.641E+1
359.13	-8.010E+1
359.49	9.223E+1
359.85	-9.709E+0
360.21	7.039E+1
360.57	2.427E+0
360.93	8.010E+1
361.29	5.097E+1
361.65	4.854E+0
362.01	-6.796E+1
362.37	2.913E+1
362.73	5.583E+1
363.09	8.981E+1
363.45	9.952E+1
363.81	3.884E+1
364.17	6.311E+1
364.53	-9.709E+0
364.89	-3.641E+1
365.25	7.282E+0
365.61	1.117E+2
365.97	7.039E+1
366.33	-2.913E+1
366.69	-9.223E+1
367.05	3.398E+1
367.40	2.184E+1
367.76	1.384E+2
368.12	-1.214E+2
368.48	7.524E+1
368.84	3.641E+1
369.20	2.427E+1
369.56	3.155E+1
369.92	-7.524E+1
370.28	-3.641E+1
370.63	-2.184E+1
370.99	4.126E+1
371.35	9.952E+1
371.71	-5.097E+1
372.07	1.141E+2
372.43	4.126E+1
372.79	-2.670E+1
373.15	8.981E+1
373.50	-1.456E+1
373.86	3.398E+1
374.22	-2.427E+0
374.58	6.796E+1
374.94	6.554E+1
375.30	8.981E+1
375.65	2.427E+0
376.01	-1.651E+2
376.37	4.369E+1
376.73	-8.738E+1
377.09	-5.825E+1
377.44	0.000E+0
377.80	-2.913E+1
378.16	1.214E+1
378.52	1.942E+1
378.88	0.000E+0
379.23	-1.942E+1
379.59	1.019E+2
379.95	-5.340E+1
380.31	9.709E+0
380.66	-9.709E+0
381.02	-7.282E+1
381.38	3.155E+1
381.74	-2.670E+1
382.09	-1.456E+1
382.45	1.117E+2
382.81	1.238E+2
383.17	-4.854E+1
383.52	8.981E+1
383.88	-4.126E+1
384.24	7.524E+1
384.60	4.612E+1
384.95	-3.884E+1
385.31	1.117E+2
385.67	-5.825E+1
386.02	-2.427E+0
386.38	0.000E+0
386.74	3.884E+1
387.10	4.126E+1
387.45	2.427E+1
387.81	1.214E+2
388.17	9.709E+0
388.52	8.253E+1
388.88	9.709E+0
389.24	3.155E+1
389.59	-5.097E+1
389.95	1.359E+2
390.31	2.427E+0
390.66	-1.942E+1
391.02	-1.311E+2
391.38	5.097E+1
391.73	2.427E+1
392.09	2.184E+1
392.44	2.913E+1
392.80	2.184E+1
393.16	7.282E+0
393.51	1.699E+1
393.87	9.952E+1
394.23	-8.253E+1
394.58	-2.913E+1
394.94	0.000E+0
395.29	1.214E+2
395.65	-4.854E+0
396.01	2.184E+1
396.36	-3.884E+1
396.72	-4.854E+0
397.07	3.155E+1
397.43	2.184E+1
397.78	-4.854E+1
398.14	7.282E+1
398.50	-2.670E+1
398.85	3.398E+1
399.21	1.068E+2
399.56	1.456E+1
399.92	2.427E+0
400.27	4.612E+1
400.63	-3.641E+1
400.98	7.282E+1
401.34	8.010E+1
401.69	5.825E+1
402.05	7.282E+0
402.40	8.010E+1
402.76	8.495E+1
403.11	1.942E+1
403.47	2.427E+1
403.82	4.612E+1
404.18	1.408E+2
404.53	4.854E+1
404.89	1.262E+2
405.24	-2.670E+1
405.60	-6.311E+1
405.95	5.097E+1
406.31	-3.398E+1
406.66	8.253E+1
407.02	1.019E+2
407.37	3.641E+1
407.73	-4.612E+1
408.08	-2.427E+0
408.44	1.529E+2
408.79	3.641E+1
409.14	3.398E+1
409.50	8.010E+1
409.85	1.214E+1
410.21	9.709E+0
410.56	7.524E+1
410.92	8.010E+1
411.27	1.335E+2
411.62	3.884E+1
411.98	8.253E+1
412.33	7.282E+1
412.69	1.238E+2
413.04	-8.981E+1
413.39	1.456E+1
413.75	-7.282E+0
414.10	1.092E+2
414.45	2.913E+1
414.81	2.063E+2
415.16	9.466E+1
415.52	6.068E+1
415.87	7.282E+0
416.22	9.709E+1
416.58	2.913E+1
416.93	1.578E+2
417.28	1.311E+2
417.64	1.602E+2
417.99	9.223E+1
418.34	1.214E+2
418.70	8.253E+1
419.05	4.612E+1
419.40	1.529E+2
419.76	1.214E+1
420.11	1.044E+2
420.46	9.466E+1
420.81	1.529E+2
421.17	1.748E+2
421.52	2.087E+2
421.87	1.845E+2
422.23	1.796E+2
422.58	1.117E+2
422.93	1.068E+2
423.28	1.529E+2
423.64	8.738E+1
423.99	2.500E+2
424.34	2.500E+2
424.69	2.039E+2
425.05	2.476E+2
425.40	2.573E+2
425.75	3.083E+2
426.10	2.427E+2
426.46	2.233E+2
426.81	1.869E+2
427.16	3.228E+2
427.51	3.131E+2
427.87	3.641E+2
428.22	5.146E+2
428.57	3.786E+2
428.92	4.539E+2
429.27	5.364E+2
429.63	4.879E+2
429.98	6.165E+2
430.33	6.408E+2
430.68	7.573E+2
431.03	7.015E+2
431.38	7.621E+2
431.74	7.791E+2
432.09	7.282E+2
432.44	8.932E+2
432.79	9.442E+2
433.14	9.879E+2
433.49	9.830E+2
433.85	1.092E+3
434.20	1.141E+3
434.55	9.855E+2
434.90	1.167E+3
435.25	1.337E+3
435.60	1.362E+3
435.95	1.449E+3
436.30	1.561E+3
436.66	1.716E+3
437.01	1.701E+3
437.36	1.968E+3
437.71	1.886E+3
438.06	2.153E+3
438.41	2.070E+3
438.76	2.211E+3
439.11	2.451E+3
439.46	2.566E+3
439.81	2.808E+3
440.16	2.927E+3
440.52	3.218E+3
440.87	3.357E+3
441.22	3.469E+3
441.57	3.716E+3
441.92	4.070E+3
442.27	4.299E+3
442.62	4.299E+3
442.97	4.624E+3
443.32	5.134E+3
443.67	5.058E+3
444.02	5.621E+3
444.37	5.932E+3
444.72	6.020E+3
445.07	6.316E+3
445.42	6.854E+3
445.77	7.078E+3
446.12	7.466E+3
446.47	8.112E+3
446.82	8.347E+3
447.17	8.762E+3
447.52	9.364E+3
447.87	9.689E+3
448.22	1.036E+4
448.57	1.057E+4
448.92	1.162E+4
449.27	1.217E+4
449.62	1.280E+4
449.97	1.344E+4
450.32	1.407E+4
450.66	1.462E+4
451.01	1.589E+4
451.36	1.659E+4
451.71	1.769E+4
452.06	1.815E+4
452.41	1.970E+4
452.76	2.026E+4
453.11	2.170E+4
453.46	2.300E+4
453.81	2.407E+4
454.16	2.490E+4
454.51	2.591E+4
454.85	2.727E+4
455.20	2.892E+4
455.55	3.095E+4
455.90	3.214E+4
456.25	3.371E+4
456.60	3.519E+4
456.95	3.654E+4
457.30	3.805E+4
457.64	4.067E+4
457.99	4.173E+4
458.34	4.276E+4
458.69	4.373E+4
459.04	4.642E+4
459.39	4.656E+4
459.73	4.915E+4
460.08	4.988E+4
460.43	5.068E+4
460.78	5.207E+4
461.13	5.327E+4
461.48	5.284E+4
461.82	5.384E+4
462.17	5.445E+4
462.52	5.494E+4
462.87	5.513E+4
463.21	5.553E+4
463.56	5.514E+4
463.91	5.498E+4
464.26	5.516E+4
464.61	5.494E+4
464.95	5.482E+4
465.30	5.460E+4
465.65	5.400E+4
466.00	5.264E+4
466.34	5.256E+4
466.69	5.152E+4
467.04	5.055E+4
467.39	4.999E+4
467.73	4.881E+4
468.08	4.709E+4
468.43	4.630E+4
468.77	4.593E+4
469.12	4.514E+4
469.47	4.432E+4
469.82	4.273E+4
470.16	4.140E+4
470.51	4.055E+4
470.86	3.980E+4
471.20	3.841E+4
471.55	3.827E+4
471.90	3.780E+4
472.24	3.706E+4
472.59	3.592E+4
472.94	3.529E+4
473.28	3.418E+4
473.63	3.396E+4
473.98	3.289E+4
474.32	3.299E+4
474.67	3.205E+4
475.02	3.212E+4
475.36	3.129E+4
475.71	3.071E+4
476.06	3.011E+4
476.40	3.043E+4
476.75	2.929E+4
477.09	2.965E+4
477.44	2.903E+4
477.79	2.830E+4
478.13	2.793E+4
478.48	2.776E+4
478.82	2.742E+4
479.17	2.679E+4
479.52	2.590E+4
479.86	2.565E+4
480.21	2.459E+4
480.55	2.468E+4
480.90	2.426E+4
481.24	2.383E+4
481.59	2.327E+4
481.94	2.252E+4
482.28	2.176E+4
482.63	2.109E+4
482.97	2.077E+4
483.32	2.033E+4
483.66	1.954E+4
484.01	1.861E+4
484.35	1.850E+4
484.70	1.774E+4
485.04	1.748E+4
485.39	1.670E+4
485.73	1.619E+4
486.08	1.548E+4
486.42	1.504E+4
486.77	1.467E+4
487.11	1.395E+4
487.46	1.367E+4
487.80	1.334E+4
488.15	1.270E+4
488.49	1.210E+4
488.84	1.198E+4
489.18	1.164E+4
489.53	1.110E+4
489.87	1.083E+4
490.21	1.073E+4
490.56	1.006E+4
490.90	9.546E+3
491.25	9.631E+3
491.59	9.204E+3
491.94	8.908E+3
492.28	8.624E+3
492.62	8.277E+3
492.97	8.374E+3
493.31	8.165E+3
493.66	7.726E+3
494.00	7.524E+3
494.34	7.197E+3
494.69	7.007E+3
495.03	6.922E+3
495.38	6.711E+3
495.72	6.287E+3
496.06	6.357E+3
496.41	6.121E+3
496.75	5.796E+3
497.09	5.631E+3
497.44	5.483E+3
497.78	5.318E+3
498.13	5.172E+3
498.47	5.087E+3
498.81	4.990E+3
499.16	4.685E+3
499.50	4.444E+3
499.84	4.284E+3
500.19	4.296E+3
500.53	3.971E+3
500.87	3.969E+3
501.21	3.901E+3
501.56	3.743E+3
501.90	3.444E+3
502.24	3.432E+3
502.59	3.330E+3
502.93	3.141E+3
503.27	2.925E+3
503.61	2.993E+3
503.96	2.803E+3
504.30	2.898E+3
504.64	2.668E+3
504.99	2.595E+3
505.33	2.502E+3
505.67	2.415E+3
506.01	2.269E+3
506.36	2.134E+3
506.70	2.284E+3
507.04	2.056E+3
507.38	1.964E+3
507.72	1.864E+3
508.07	1.920E+3
508.41	1.757E+3
508.75	1.658E+3
509.09	1.752E+3
509.44	1.626E+3
509.78	1.668E+3
510.12	1.500E+3
510.46	1.493E+3
510.80	1.595E+3
511.14	1.449E+3
511.49	1.299E+3
511.83	1.347E+3
512.17	1.233E+3
512.51	1.155E+3
512.85	1.129E+3
513.19	1.126E+3
513.54	1.189E+3
513.88	1.039E+3
514.22	9.563E+2
514.56	9.757E+2
514.90	9.757E+2
515.24	9.296E+2
515.58	8.058E+2
515.93	8.714E+2
516.27	8.471E+2
516.61	8.325E+2
516.95	7.913E+2
517.29	8.641E+2
517.63	8.253E+2
517.97	7.354E+2
518.31	7.524E+2
518.65	7.597E+2
518.99	5.437E+2
519.33	6.020E+2
519.67	6.481E+2
520.02	5.850E+2
520.36	6.602E+2
520.70	5.243E+2
521.04	5.583E+2
521.38	5.170E+2
521.72	4.709E+2
522.06	5.243E+2
522.40	5.874E+2
522.74	5.267E+2
523.08	4.320E+2
523.42	4.782E+2
523.76	4.903E+2
524.10	4.636E+2
524.44	3.811E+2
524.78	4.587E+2
525.12	3.762E+2
525.46	3.325E+2
525.80	4.515E+2
526.14	3.714E+2
526.48	2.597E+2
526.82	3.350E+2
527.16	1.699E+2
527.50	1.966E+2
527.84	2.621E+2
528.18	2.451E+2
528.52	2.549E+2
528.86	1.918E+2
529.20	2.184E+2
529.54	1.990E+2
529.87	2.015E+2
530.21	1.529E+2
530.55	2.282E+2
530.89	2.306E+2
531.23	1.529E+2
531.57	1.529E+2
531.91	2.039E+2
532.25	2.500E+2
532.59	1.651E+2
532.93	1.990E+2
533.27	1.432E+2
533.60	1.068E+2
533.94	1.311E+2
534.28	9.709E+1
534.62	2.112E+2
534.96	1.311E+2
535.30	1.699E+2
535.64	9.466E+1
535.98	1.602E+2
536.31	1.529E+2
536.65	1.189E+2
536.99	2.500E+2
537.33	1.699E+2
537.67	2.015E+2
538.01	6.796E+1
538.34	6.311E+1
538.68	7.767E+1
539.02	-2.670E+1
539.36	9.466E+1
539.70	1.456E+2
540.03	7.282E+0
540.37	1.311E+2
540.71	6.796E+1
541.05	1.651E+2
541.39	2.039E+2
541.72	6.068E+1
542.06	4.126E+1
542.40	2.913E+1
542.74	4.369E+1
543.07	9.223E+1
543.41	6.796E+1
543.75	4.612E+1
544.09	3.884E+1
544.42	4.612E+1
544.76	9.466E+1
545.10	1.456E+1
545.44	2.670E+1
545.77	-9.709E+0
546.11	3.641E+1
546.45	1.286E+2
546.78	-1.286E+2
547.12	7.767E+1
547.46	7.282E+1
547.80	1.699E+1
548.13	8.738E+1
548.47	7.039E+1
548.81	1.456E+1
549.14	8.010E+1
549.48	7.282E+0
549.82	9.709E+1
550.15	-2.184E+1
550.49	8.010E+1
550.83	0.000E+0
551.16	9.952E+1
551.50	3.398E+1
551.84	-2.670E+1
552.17	2.913E+1
552.51	4.369E+1
552.84	-4.854E+0
553.18	8.495E+1
553.52	1.092E+2
553.85	8.738E+1
554.19	1.141E+2
554.53	-2.427E+0
554.86	-1.214E+1
555.20	9.709E+1
555.53	-1.942E+1
555.87	6.554E+1
556.20	-2.670E+1
556.54	-1.044E+2
556.88	-2.913E+1
557.21	6.311E+1
557.55	-4.854E+0
557.88	5.340E+1
558.22	-9.709E+0
558.55	-2.427E+1
558.89	1.699E+1
559.23	-2.184E+1
559.56	-2.670E+1
559.90	-9.709E+0
560.23	4.126E+1
560.57	4.612E+1
560.90	9.952E+1
561.24	1.456E+1
561.57	3.884E+1
561.91	2.427E+1
562.24	3.155E+1
562.58	8.495E+1
562.91	-4.126E+1
563.25	-5.340E+1
563.58	-1.699E+1
563.92	-3.641E+1
564.25	-4.612E+1
564.59	1.214E+1
564.92	4.612E+1
565.25	-3.398E+1
565.59	6.311E+1
565.92	6.796E+1
566.26	8.981E+1
566.59	-3.155E+1
566.93	7.524E+1
567.26	4.126E+1
567.60	1.408E+2
567.93	3.398E+1
568.26	-2.427E+0
568.60	3.641E+1
568.93	6.554E+1
569.27	3.641E+1
569.60	1.699E+1
569.93	7.524E+1
570.27	1.214E+1
570.60	2.184E+1
570.94	1.456E+1
571.27	-1.456E+1
571.60	-1.699E+1
571.94	4.369E+1
572.27	4.854E+0
572.60	-7.282E+0
572.94	-2.670E+1
573.27	-3.155E+1
573.60	-7.282E+0
573.94	1.044E+2
574.27	3.641E+1
574.60	5.340E+1
574.94	-7.282E+0
575.27	1.214E+1
575.60	-1.942E+1
575.94	1.092E+2
576.27	2.427E+0
576.60	-5.340E+1
576.94	4.369E+1
577.27	0.000E+0
577.60	-9.709E+0
577.94	1.942E+1
578.27	-3.641E+1
578.60	-2.184E+1
578.93	-2.427E+1
579.27	4.854E+1
579.60	4.854E+1
579.93	2.913E+1
580.26	-1.044E+2
580.60	5.097E+1
580.93	9.709E+0
581.26	9.709E+1
581.59	1.942E+1
581.93	-1.699E+1
582.26	-6.796E+1
582.59	8.253E+1
582.92	-6.311E+1
583.25	-7.767E+1
583.59	0.000E+0
583.92	3.398E+1
584.25	4.126E+1
584.58	2.184E+1
584.91	5.340E+1
585.25	1.311E+2
585.58	2.427E+0
585.91	2.427E+0
586.24	3.398E+1
586.57	-8.981E+1
586.90	3.641E+1
587.24	-6.311E+1
587.57	1.699E+1
587.90	2.427E+0
588.23	2.913E+1
588.56	4.612E+1
588.89	5.097E+1
589.22	1.214E+1
589.56	-9.709E+0
589.89	7.282E+1
590.22	1.699E+1
590.55	-2.913E+1
590.88	-3.398E+1
591.21	-4.854E+1
591.54	1.578E+2
591.87	-7.524E+1
592.20	7.767E+1
592.53	1.699E+1
592.87	4.854E+1
593.20	-2.427E+0
593.53	2.913E+1
593.86	-8.738E+1
594.19	1.068E+2
594.52	-4.854E+1
594.85	5.340E+1
595.18	-1.311E+2
595.51	-4.854E+0
595.84	1.456E+2
596.17	7.767E+1
596.50	-1.699E+1
596.83	-2.184E+1
597.16	-3.155E+1
597.49	7.282E+1
597.82	-4.854E+1
598.15	7.767E+1
598.48	-5.097E+1
598.81	3.641E+1
599.14	-2.427E+0
599.47	-5.825E+1
599.80	-4.854E+0
600.13	-4.612E+1
600.46	3.641E+1
600.79	-7.039E+1
601.12	9.709E+0
601.45	-7.282E+0
601.78	0.000E+0
602.11	1.602E+2
602.44	6.311E+1
602.77	-3.398E+1
603.10	1.019E+2
603.42	1.117E+2
603.75	1.214E+1
604.08	-1.214E+1
604.41	5.583E+1
604.74	-8.010E+1
605.07	-1.699E+1
605.40	-7.039E+1
605.73	-2.670E+1
606.06	-3.641E+1
606.39	8.495E+1
606.71	-5.097E+1
607.04	1.189E+2
607.37	4.854E+0
607.70	5.583E+1
608.03	2.427E+0
608.36	-2.184E+1
608.69	0.000E+0
609.02	4.126E+1
609.34	2.427E+1
609.67	-7.282E+0
610.00	4.369E+1
610.33	-1.942E+1
610.66	9.709E+0
610.98	-4.126E+1
611.31	-2.184E+1
611.64	1.214E+1
611.97	-9.709E+0
612.30	-6.796E+1
612.63	1.068E+2
612.95	-1.117E+2
613.28	1.942E+1
613.61	-3.884E+1
613.94	2.427E+1
614.26	4.854E+0
614.59	3.155E+1
614.92	2.427E+1
615.25	1.456E+1
615.57	6.068E+1
615.90	6.068E+1
616.23	9.223E+1
616.56	4.612E+1
616.88	1.699E+1
617.21	-4.612E+1
617.54	4.369E+1
617.87	3.641E+1
618.19	3.641E+1
618.52	2.427E+0
618.85	-3.155E+1
619.17	-3.641E+1
619.50	-1.238E+2
619.83	2.427E+0
620.15	2.427E+1
620.48	-2.913E+1
620.81	9.709E+0
621.14	1.068E+2
621.46	4.854E+0
621.79	-9.466E+1
622.11	0.000E+0
622.44	-7.767E+1
622.77	9.223E+1
623.09	8.981E+1
623.42	9.709E+0
623.75	1.942E+1
624.07	4.854E+0
624.40	1.214E+1
624.73	1.214E+1
625.05	-2.913E+1
625.38	8.738E+1
625.70	-3.155E+1
626.03	-4.854E+0
626.36	1.456E+1
626.68	9.709E+0
627.01	-1.942E+1
627.33	1.214E+1
627.66	1.699E+1
627.99	1.214E+1
628.31	4.854E+0
628.64	1.456E+1
628.96	7.039E+1
629.29	3.884E+1
629.61	2.427E+1
629.94	8.010E+1
630.26	1.141E+2
630.59	8.738E+1
630.91	6.311E+1
631.24	-6.068E+1
631.57	3.155E+1
631.89	-3.155E+1
632.22	-7.282E+1
632.54	-8.010E+1
632.87	-4.854E+0
633.19	4.854E+0
633.52	-4.854E+0
633.84	7.282E+0
634.16	-3.398E+1
634.49	7.524E+1
634.81	8.495E+1
635.14	-3.155E+1
635.46	6.068E+1
635.79	-2.670E+1
636.11	7.767E+1
636.44	4.854E+0
636.76	5.825E+1
637.09	-4.369E+1
637.41	1.675E+2
637.73	2.427E+1
638.06	4.612E+1
638.38	-4.854E+0
638.71	-6.554E+1
639.03	-1.699E+1
639.36	-5.583E+1
639.68	8.738E+1
640.00	4.126E+1
640.33	-2.913E+1
640.65	-2.427E+0
640.97	-7.524E+1
641.30	0.000E+0
641.62	2.670E+1
641.95	1.456E+1
642.27	2.427E+0
642.59	7.767E+1
642.92	1.214E+2
643.24	-4.126E+1
643.56	7.524E+1
643.89	4.612E+1
644.21	-3.398E+1
644.53	5.583E+1
644.86	1.602E+2
645.18	5.583E+1
645.50	6.068E+1
645.83	-7.282E+0
646.15	-3.398E+1
646.47	-3.641E+1
646.80	3.641E+1
647.12	3.884E+1
647.44	7.282E+0
647.76	1.214E+1
648.09	-3.398E+1
648.41	3.884E+1
648.73	-1.942E+1
649.05	-7.282E+0
649.38	-1.092E+2
649.70	-9.466E+1
650.02	-5.825E+1
650.34	-7.282E+1
650.67	-7.282E+0
650.99	2.184E+1
651.31	-4.126E+1
651.63	-4.854E+0
651.96	2.427E+0
652.28	-4.126E+1
652.60	0.000E+0
652.92	-4.126E+1
653.24	2.427E+0
653.57	-5.825E+1
653.89	-1.408E+2
654.21	-1.456E+1
654.53	5.340E+1
654.85	-4.369E+1
655.18	-3.398E+1
655.50	4.612E+1
655.82	6.068E+1
656.14	-6.554E+1
656.46	6.554E+1
656.78	5.097E+1
657.10	5.583E+1
657.43	2.427E+0
657.75	2.913E+1
658.07	1.335E+2
658.39	-3.641E+1
658.71	-1.699E+1
659.03	4.854E+1
659.35	-3.398E+1
659.67	1.456E+1
659.99	9.709E+0
660.32	9.709E+0
660.64	1.068E+2
660.96	1.189E+2
661.28	8.495E+1
661.60	-8.253E+1
661.92	2.913E+1
662.24	-9.709E+0
662.56	-6.554E+1
662.88	-5.097E+1
663.20	8.010E+1
663.52	1.942E+1
663.84	-4.854E+1
664.16	5.340E+1
664.48	4.369E+1
664.80	-2.670E+1
665.12	-1.117E+2
665.44	-5.825E+1
665.76	1.189E+2
666.08	8.495E+1
666.40	-7.282E+0
666.72	2.670E+1
667.04	4.854E+1
667.36	2.427E+1
667.68	-3.398E+1
668.00	7.524E+1
668.32	7.039E+1
668.64	5.340E+1
668.96	3.155E+1
669.28	2.427E+0
669.60	2.670E+1
669.92	4.612E+1
670.24	-5.097E+1
670.56	3.155E+1
670.88	5.583E+1
671.20	-5.097E+1
671.52	-4.369E+1
671.84	8.981E+1
672.16	2.913E+1
672.47	-6.311E+1
672.79	-8.253E+1
673.11	-5.097E+1
673.43	-6.554E+1
673.75	-8.253E+1
674.07	-3.641E+1
674.39	-1.214E+1
674.71	5.583E+1
675.03	6.068E+1
675.34	3.641E+1
675.66	0.000E+0
675.98	9.709E+1
676.30	-5.825E+1
676.62	3.641E+1
676.94	6.311E+1
677.25	0.000E+0
677.57	-4.369E+1
677.89	-1.942E+1
678.21	5.340E+1
678.53	1.699E+1
678.85	-6.311E+1
679.16	-5.583E+1
679.48	-4.854E+1
679.80	3.155E+1
680.12	6.068E+1
680.44	-2.427E+0
680.75	1.651E+2
681.07	1.456E+1
681.39	7.282E+1
681.71	-6.554E+1
682.02	1.019E+2
682.34	-4.854E+1
682.66	7.524E+1
682.98	4.612E+1
683.29	-9.952E+1
683.61	-8.010E+1
683.93	5.340E+1
684.25	2.913E+1
684.56	-1.699E+1
684.88	1.214E+2
685.20	-1.456E+1
685.51	-3.641E+1
685.83	1.214E+2
686.15	1.214E+1
686.47	-2.184E+1
686.78	-2.427E+0
687.10	1.456E+1
687.42	4.612E+1
687.73	-1.092E+2
688.05	-8.981E+1
688.37	-3.641E+1
688.68	6.554E+1
689.00	2.913E+1
689.32	4.369E+1
689.63	-1.214E+2
689.95	-7.039E+1
690.26	-1.214E+1
690.58	-4.854E+1
690.90	-2.184E+1
691.21	-1.699E+1
691.53	7.282E+1
691.85	-9.709E+0
692.16	6.311E+1
692.48	-1.456E+1
692.79	-2.913E+1
693.11	-2.427E+0
693.42	1.456E+1
693.74	-9.466E+1
694.06	2.184E+1
694.37	-4.369E+1
694.69	-4.854E+0
695.00	-7.039E+1
695.32	-2.427E+1
695.63	2.427E+1
695.95	2.184E+1
696.26	-6.068E+1
696.58	-1.044E+2
696.90	-4.612E+1
697.21	-1.699E+1
697.53	-3.398E+1
697.84	7.767E+1
698.16	-2.913E+1
698.47	3.398E+1
698.79	1.214E+1
699.10	3.155E+1
699.42	3.884E+1
699.73	0.000E+0
700.05	-3.155E+1
700.36	-1.262E+2
700.68	-3.641E+1
700.99	-9.709E+0
701.30	-3.884E+1
701.62	-4.612E+1
701.93	2.427E+1
702.25	-1.165E+2
702.56	2.913E+1
702.88	1.311E+2
703.19	3.155E+1
703.50	-1.699E+1
703.82	-2.913E+1
704.13	-1.990E+2
704.45	-1.214E+1
704.76	1.214E+1
705.08	4.612E+1
705.39	8.738E+1
705.70	-2.670E+1
706.02	5.583E+1
706.33	-7.282E+1
706.64	3.641E+1
706.96	-6.796E+1
707.27	7.767E+1
707.59	-5.097E+1
707.90	-7.524E+1
708.21	1.942E+1
708.53	-9.223E+1
708.84	2.427E+1
709.15	-1.942E+1
709.47	-7.282E+0
709.78	9.709E+0
710.09	-6.068E+1
710.41	1.214E+1
710.72	-4.369E+1
711.03	2.670E+1
711.34	4.854E+1
711.66	-2.670E+1
711.97	-7.524E+1
712.28	-3.155E+1
712.60	-1.942E+1
712.91	1.942E+1
713.22	4.369E+1
713.53	-1.942E+1
713.85	2.427E+0
714.16	-8.253E+1
714.47	-9.709E+1
714.78	-1.214E+1
715.10	-8.738E+1
715.41	7.282E+0
715.72	2.427E+0
716.03	-7.767E+1
716.35	2.184E+1
716.66	-1.456E+1
716.97	-9.952E+1
717.28	1.942E+1
717.59	4.854E+0
717.91	-5.340E+1
718.22	-2.427E+0
718.53	-7.039E+1
718.84	1.942E+1
719.15	2.427E+0
719.46	-3.641E+1
719.78	2.184E+1
720.09	-1.384E+2
720.40	-3.884E+1
720.71	-7.282E+0
721.02	-1.942E+1
721.33	-1.942E+1
721.65	5.825E+1
721.96	-2.427E+1
722.27	6.554E+1
722.58	-4.854E+0
722.89	3.884E+1
723.20	3.398E+1
723.51	3.155E+1
723.82	1.699E+1
724.13	2.427E+0
724.45	6.796E+1
724.76	-2.427E+0
725.07	-1.214E+1
725.38	1.214E+1
725.69	4.369E+1
726.00	6.796E+1
726.31	4.854E+0
726.62	1.699E+1
726.93	2.427E+1
727.24	7.282E+0
727.55	-1.117E+2
727.86	-2.427E+0
728.17	1.942E+1
728.48	-8.010E+1
728.79	-5.340E+1
729.10	-7.282E+0
729.41	4.854E+0
729.72	3.398E+1
730.03	2.427E+0
730.34	2.670E+1
730.65	-9.952E+1
730.96	8.495E+1
731.27	5.583E+1
731.58	1.456E+1
731.89	-1.456E+1
732.20	7.282E+0
732.51	7.039E+1
732.82	-2.670E+1
733.13	3.641E+1
733.44	8.010E+1
733.75	4.369E+1
734.06	7.039E+1
734.37	-2.427E+0
734.68	2.427E+0
734.98	-1.286E+2
735.29	2.670E+1
735.60	-8.010E+1
735.91	2.427E+0
736.22	-3.155E+1
736.53	1.165E+2
736.84	1.456E+1
737.15	2.670E+1
737.46	-2.427E+0
737.77	4.369E+1
738.07	6.311E+1
738.38	-2.184E+1
738.69	-2.670E+1
739.00	4.369E+1
739.31	-6.554E+1
739.62	-2.427E+0
739.92	1.214E+2
740.23	-2.913E+1
740.54	1.214E+1
740.85	-1.942E+1
741.16	9.709E+0
741.47	-8.495E+1
741.77	1.456E+1
742.08	1.117E+2
742.39	1.942E+1
742.70	5.340E+1
743.01	-6.796E+1
743.31	2.670E+1
743.62	1.092E+2
743.93	9.223E+1
744.24	6.554E+1
744.54	4.854E+1
744.85	3.641E+1
745.16	-9.709E+1
745.47	6.554E+1
745.77	2.913E+1
746.08	-9.709E+0
746.39	9.709E+1
746.70	3.884E+1
747.00	-3.641E+1
747.31	-6.796E+1
747.62	-5.340E+1
747.92	2.913E+1
748.23	3.884E+1
748.54	1.019E+2
748.84	6.311E+1
749.15	1.699E+1
749.46	-9.709E+0
749.76	-5.340E+1
750.07	6.068E+1
750.38	-4.126E+1
750.68	4.369E+1
750.99	-2.427E+1
751.30	7.282E+0
751.60	-2.427E+0
751.91	2.670E+1
752.22	-4.612E+1
752.52	1.699E+1
752.83	-1.942E+1
753.14	5.097E+1
753.44	-9.709E+0
753.75	2.670E+1
754.05	-2.913E+1
754.36	-2.427E+1
754.67	1.238E+2
754.97	3.884E+1
755.28	3.884E+1
755.58	-8.253E+1
755.89	9.466E+1
756.19	-6.311E+1
756.50	9.709E+0
756.81	1.456E+1
757.11	2.670E+1
757.42	-1.942E+1
757.72	-1.699E+1
758.03	-3.398E+1
758.33	2.670E+1
758.64	-1.214E+1
758.94	-2.427E+1
759.25	4.854E+0
759.55	-8.495E+1
759.86	4.854E+1
760.16	-4.126E+1
760.47	-1.699E+1
760.77	2.184E+1
761.08	2.427E+1
761.38	1.165E+2
761.69	-5.825E+1
761.99	1.456E+1
762.30	1.044E+2
762.60	3.155E+1
762.91	-1.456E+1
763.21	-4.854E+0
763.51	3.155E+1
763.82	-4.126E+1
764.12	-1.068E+2
764.43	6.554E+1
764.73	1.699E+1
765.04	7.282E+0
765.34	4.369E+1
765.64	-2.913E+1
765.95	-1.214E+1
766.25	6.311E+1
766.56	2.427E+1
766.86	-3.155E+1
767.16	-5.825E+1
767.47	-1.335E+2
767.77	1.214E+1
768.07	1.286E+2
768.38	-7.039E+1
768.68	4.854E+1
768.98	4.612E+1
769.29	-6.068E+1
769.59	-3.884E+1
769.89	5.097E+1
770.20	7.282E+1
770.50	-7.524E+1
770.80	-4.854E+0
771.11	-2.913E+1
771.41	2.913E+1
771.71	-4.612E+1
772.02	-4.612E+1
772.32	-5.583E+1
772.62	1.796E+2
772.93	-1.942E+1
773.23	-4.369E+1
773.53	-1.942E+1
773.83	-3.398E+1
774.14	1.044E+2
774.44	1.456E+2
774.74	2.184E+1
775.04	2.913E+1
775.35	-4.126E+1
775.65	4.854E+0
775.95	4.369E+1
776.25	-9.709E+0
776.55	4.854E+0
776.86	6.554E+1
777.16	3.641E+1
777.46	-1.699E+1
777.76	-2.427E+1
778.06	3.155E+1
778.37	5.097E+1
778.67	-1.214E+1
778.97	-7.524E+1
779.27	-1.699E+1
779.57	-6.554E+1
779.88	-4.612E+1
780.18	6.311E+1
780.48	-1.456E+1
780.78	7.524E+1
781.08	-5.825E+1
781.38	-5.097E+1
781.68	4.126E+1
781.98	-6.554E+1
782.29	6.554E+1
782.59	-5.340E+1
782.89	7.282E+0
783.19	-9.709E+0
783.49	-1.214E+1
783.79	3.641E+1
784.09	-5.097E+1
784.39	9.952E+1
784.69	2.913E+1
784.99	0.000E+0
785.30	-9.466E+1
785.60	-6.311E+1
785.90	5.825E+1
786.20	-1.942E+1
786.50	-1.019E+2
786.80	5.097E+1
787.10	1.699E+1
787.40	-1.068E+2
787.70	-8.253E+1
788.00	3.155E+1
788.30	9.223E+1
788.60	-2.427E+0
788.90	1.942E+1
789.20	7.282E+0
789.50	-4.854E+1
789.80	7.282E+0
790.10	2.427E+0
790.40	1.165E+2
790.70	3.641E+1
791.00	9.709E+0
791.30	-4.612E+1
791.60	3.641E+1
791.90	7.282E+1
792.20	5.340E+1
792.50	-5.825E+1
792.79	-2.427E+0
793.09	3.884E+1
793.39	-2.670E+1
793.69	2.427E+0
793.99	-1.456E+1
794.29	-1.214E+1
794.59	1.456E+1
794.89	5.340E+1
795.19	4.126E+1
795.49	4.126E+1
795.79	-1.699E+1
796.08	-3.641E+1
796.38	-8.981E+1
796.68	3.884E+1
796.98	2.913E+1
797.28	-4.369E+1
797.58	-2.184E+1
797.88	-1.699E+1
798.17	-2.913E+1
798.47	-4.369E+1
798.77	-6.068E+1
799.07	1.699E+1
799.37	2.670E+1
799.67	-5.340E+1
799.96	4.126E+1
800.26	-8.738E+1
800.56	-2.427E+1
800.86	-4.854E+0
801.16	1.141E+2
801.45	-6.796E+1
801.75	1.456E+1
802.05	3.641E+1
802.35	-3.641E+1
802.64	4.369E+1
802.94	-2.427E+1
803.24	-3.155E+1
803.54	-9.952E+1
803.83	-7.039E+1
804.13	-1.141E+2
804.43	-2.427E+0
804.73	1.456E+1
805.02	-3.641E+1
805.32	-5.340E+1
805.62	-2.427E+0
805.91	-1.699E+1
806.21	-1.699E+1
806.51	-1.942E+1
806.81	-9.466E+1
807.10	-1.942E+1
807.40	-1.092E+2
807.70	-5.583E+1
807.99	1.019E+2
808.29	5.825E+1
808.59	-2.427E+1
808.88	-2.184E+1
809.18	-6.796E+1
809.47	1.189E+2
809.77	-1.456E+1
810.07	7.524E+1
810.36	-7.524E+1
810.66	6.311E+1
810.96	-9.709E+0
811.25	-2.184E+1
811.55	-4.854E+0
811.84	-5.583E+1
812.14	3.641E+1
812.44	5.340E+1
812.73	-1.189E+2
813.03	-2.670E+1
813.32	-1.408E+2
813.62	-4.612E+1
813.91	-7.282E+0
814.21	9.709E+0
814.51	-1.456E+1
814.80	8.495E+1
815.10	4.126E+1
815.39	7.282E+0
815.69	-8.738E+1
815.98	6.068E+1
816.28	7.039E+1
816.57	5.097E+1
816.87	-4.854E+0
817.16	3.884E+1
817.46	-2.184E+1
817.75	-1.942E+1
818.05	5.825E+1
818.34	2.184E+1
818.64	9.709E+0
818.93	0.000E+0
819.23	1.942E+1
819.52	4.369E+1
819.82	4.854E+1
820.11	-4.369E+1
820.40	-9.223E+1
820.70	4.369E+1
820.99	-3.641E+1
821.29	-8.738E+1
821.58	3.155E+1
821.88	-2.184E+1
822.17	4.126E+1
822.46	1.942E+1
822.76	9.709E+1
823.05	-2.184E+1
823.35	2.427E+0
823.64	3.155E+1
823.93	4.854E+1
824.23	-4.369E+1
824.52	-9.709E+0
824.81	1.942E+1
825.11	-5.825E+1
825.40	1.942E+1
825.69	7.282E+0
825.99	1.456E+1
826.28	2.913E+1
826.58	3.398E+1
826.87	9.709E+1
827.16	-3.398E+1
827.45	4.612E+1
827.75	-1.117E+2
828.04	1.214E+1
828.33	2.427E+1
828.63	6.554E+1
828.92	-2.670E+1
829.21	-4.612E+1
829.51	-6.311E+1
829.80	-9.466E+1
830.09	3.641E+1
830.38	-2.670E+1
830.68	-1.214E+1
830.97	-5.097E+1
831.26	3.884E+1
831.55	-6.311E+1
831.85	2.913E+1
832.14	-2.670E+1
832.43	4.854E+0
832.72	1.942E+1
833.01	-5.097E+1
833.31	4.369E+1
833.60	1.456E+1
833.89	-4.126E+1
834.18	3.398E+1
834.47	-7.282E+0
834.77	-2.670E+1
835.06	1.214E+1
835.35	1.117E+2
835.64	-4.126E+1
835.93	-6.554E+1
836.22	4.854E+0
836.52	-3.398E+1
836.81	-8.010E+1
837.10	-3.398E+1
837.39	3.884E+1
837.68	1.214E+1
837.97	-7.039E+1
838.26	-2.184E+1
838.55	-8.495E+1
838.85	-2.913E+1
839.14	3.884E+1
839.43	-1.456E+1
839.72	1.942E+1
840.01	1.456E+1
840.30	5.340E+1
840.59	0.000E+0
840.88	1.092E+2
841.17	4.854E+1
841.46	-7.524E+1
841.75	-1.699E+1
842.04	5.825E+1
842.33	-8.738E+1
842.62	3.884E+1
842.91	9.952E+1
843.21	1.019E+2
843.50	-4.854E+1
843.79	5.340E+1
844.08	4.369E+1
844.37	-1.699E+1
844.66	1.141E+2
844.95	0.000E+0
845.24	6.554E+1
845.53	-5.583E+1
845.81	-1.214E+1
846.10	0.000E+0
846.39	-4.369E+1
846.68	2.913E+1
846.97	-1.359E+2
847.26	4.612E+1
847.55	-4.369E+1
847.84	5.097E+1
848.13	8.738E+1
848.42	1.942E+1
848.71	-4.612E+1
849.00	2.427E+0
849.29	-3.155E+1
849.58	7.282E+1
849.87	2.913E+1
850.15	-7.039E+1
850.44	-8.738E+1
850.73	2.670E+1
851.02	-6.554E+1
851.31	-2.427E+1
851.60	-8.253E+1
851.89	2.913E+1
852.18	7.524E+1
852.46	-3.155E+1
852.75	-1.699E+1
853.04	-4.612E+1
853.33	9.709E+1
853.62	-2.427E+0
853.91	2.427E+1
854.19	-4.612E+1
854.48	4.612E+1
854.77	-6.311E+1
855.06	3.884E+1
855.35	-2.670E+1
855.63	-1.214E+1
855.92	7.524E+1
856.21	-5.097E+1
856.50	6.311E+1
856.79	-4.854E+0
857.07	3.155E+1
857.36	1.214E+2
857.65	-3.398E+1
857.94	-2.670E+1
858.22	-9.952E+1
858.51	-4.612E+1
858.80	-7.282E+0
859.08	-7.039E+1
859.37	4.854E+1
859.66	-1.092E+2
859.95	-2.427E+1
860.23	-7.282E+0
860.52	6.068E+1
860.81	-6.311E+1
861.09	-1.262E+2
861.38	-7.524E+1
861.67	1.456E+1
861.95	5.097E+1
862.24	-2.427E+0
862.53	-9.709E+0
862.81	7.282E+0
863.10	-7.524E+1
863.39	-3.398E+1
863.67	5.825E+1
863.96	-6.796E+1
864.25	8.253E+1
864.53	-1.238E+2
864.82	-1.481E+2
865.10	-2.427E+1
865.39	1.942E+1
865.68	-8.010E+1
865.96	-2.427E+1
866.25	3.155E+1
866.53	3.155E+1
866.82	3.155E+1