Wavelength	Intensity	Ocean Optics Flame
nm	counts
187.89	8.981E+1
188.27	-6.068E+1
188.64	-9.709E+0
189.02	6.796E+1
189.40	-8.010E+1
189.78	8.738E+1
190.15	-1.942E+1
190.53	-2.427E+1
190.91	-9.709E+0
191.29	7.767E+1
191.66	-4.854E+0
192.04	2.427E+1
192.42	3.155E+1
192.80	-9.709E+0
193.17	9.709E+0
193.55	4.126E+1
193.93	1.699E+1
194.30	-2.670E+1
194.68	1.456E+1
195.06	8.253E+1
195.44	-1.456E+1
195.81	3.884E+1
196.19	2.184E+1
196.57	2.184E+1
196.94	3.155E+1
197.32	5.097E+1
197.70	5.825E+1
198.07	9.709E+0
198.45	7.767E+1
198.83	1.699E+1
199.20	9.709E+0
199.58	0.000E+0
199.96	-9.709E+0
200.33	4.854E+0
200.71	1.699E+1
201.09	1.456E+1
201.46	2.427E+1
201.84	-2.427E+1
202.22	-5.097E+1
202.59	6.554E+1
202.97	4.126E+1
203.34	1.481E+2
203.72	-1.214E+1
204.10	4.854E+0
204.47	5.583E+1
204.85	-1.189E+2
205.23	2.427E+0
205.60	-9.709E+0
205.98	-4.612E+1
206.35	-3.641E+1
206.73	-3.155E+1
207.11	-9.952E+1
207.48	-1.942E+1
207.86	-4.854E+1
208.23	6.068E+1
208.61	-5.340E+1
208.98	-2.427E+0
209.36	1.456E+1
209.74	9.709E+0
210.11	1.699E+1
210.49	6.068E+1
210.86	-2.670E+1
211.24	8.981E+1
211.61	-4.854E+0
211.99	7.282E+1
212.36	5.097E+1
212.74	9.709E+0
213.11	-7.282E+1
213.49	-7.524E+1
213.87	1.699E+1
214.24	4.369E+1
214.62	8.738E+1
214.99	4.612E+1
215.37	-3.398E+1
215.74	1.335E+2
216.12	1.092E+2
216.49	3.884E+1
216.87	-4.854E+0
217.24	3.155E+1
217.62	7.039E+1
217.99	1.214E+2
218.37	3.398E+1
218.74	4.126E+1
219.11	8.495E+1
219.49	7.767E+1
219.86	-5.097E+1
220.24	-8.495E+1
220.61	5.825E+1
220.99	-4.369E+1
221.36	-1.262E+2
221.74	5.825E+1
222.11	7.039E+1
222.49	4.854E+1
222.86	-7.524E+1
223.23	4.854E+0
223.61	-9.709E+1
223.98	1.699E+1
224.36	6.796E+1
224.73	4.854E+0
225.11	2.670E+1
225.48	1.408E+2
225.85	3.641E+1
226.23	7.767E+1
226.60	2.184E+1
226.98	-3.884E+1
227.35	3.641E+1
227.72	-1.456E+1
228.10	2.913E+1
228.47	-1.456E+1
228.84	2.913E+1
229.22	8.495E+1
229.59	8.010E+1
229.97	-9.709E+0
230.34	-7.282E+0
230.71	3.884E+1
231.09	2.427E+0
231.46	3.155E+1
231.83	9.709E+1
232.21	-1.456E+1
232.58	-4.854E+0
232.95	-2.427E+1
233.33	1.214E+2
233.70	-1.456E+1
234.07	-4.126E+1
234.45	2.670E+1
234.82	1.214E+1
235.19	8.495E+1
235.57	7.282E+0
235.94	1.141E+2
236.31	-8.738E+1
236.69	1.214E+1
237.06	-3.398E+1
237.43	-3.641E+1
237.80	-1.214E+1
238.18	4.854E+1
238.55	-1.456E+1
238.92	-1.214E+1
239.30	5.097E+1
239.67	1.942E+1
240.04	1.942E+1
240.41	7.282E+0
240.79	-5.097E+1
241.16	-4.854E+0
241.53	-2.913E+1
241.90	-5.825E+1
242.28	7.282E+0
242.65	2.670E+1
243.02	1.335E+2
243.39	4.854E+0
243.77	6.311E+1
244.14	1.359E+2
244.51	-7.282E+0
244.88	-2.427E+1
245.25	6.554E+1
245.63	-2.427E+0
246.00	3.884E+1
246.37	-4.854E+0
246.74	7.282E+0
247.11	5.340E+1
247.49	-8.010E+1
247.86	-2.427E+1
248.23	1.699E+1
248.60	-6.311E+1
248.97	-1.214E+1
249.35	-4.854E+0
249.72	2.427E+0
250.09	4.612E+1
250.46	3.155E+1
250.83	5.097E+1
251.20	7.282E+0
251.58	5.583E+1
251.95	1.699E+1
252.32	6.068E+1
252.69	1.189E+2
253.06	9.709E+1
253.43	2.184E+1
253.80	6.311E+1
254.17	4.369E+1
254.55	-7.282E+0
254.92	1.456E+1
255.29	1.019E+2
255.66	7.039E+1
256.03	5.097E+1
256.40	2.670E+1
256.77	1.214E+1
257.14	-1.699E+1
257.51	2.184E+1
257.88	-4.126E+1
258.26	9.709E+1
258.63	-5.097E+1
259.00	-9.709E+0
259.37	-1.456E+1
259.74	-5.825E+1
260.11	-1.456E+1
260.48	5.825E+1
260.85	0.000E+0
261.22	3.155E+1
261.59	-9.709E+0
261.96	2.670E+1
262.33	4.369E+1
262.70	7.282E+1
263.07	2.913E+1
263.44	-4.854E+1
263.81	-2.913E+1
264.18	4.126E+1
264.55	8.010E+1
264.92	5.825E+1
265.29	2.427E+1
265.66	9.709E+0
266.03	4.369E+1
266.40	3.155E+1
266.77	5.825E+1
267.14	-2.427E+0
267.51	-1.456E+1
267.88	4.126E+1
268.25	-8.253E+1
268.62	5.340E+1
268.99	-8.738E+1
269.36	1.626E+2
269.73	-2.913E+1
270.10	-5.583E+1
270.47	-6.068E+1
270.84	1.456E+1
271.21	1.214E+1
271.58	-2.427E+1
271.95	8.253E+1
272.32	7.524E+1
272.69	1.699E+1
273.06	-3.884E+1
273.43	-1.699E+1
273.80	1.699E+1
274.17	2.427E+1
274.53	-6.554E+1
274.90	-1.262E+2
275.27	-7.524E+1
275.64	5.097E+1
276.01	-2.184E+1
276.38	1.214E+1
276.75	9.709E+1
277.12	8.981E+1
277.49	9.952E+1
277.86	7.282E+1
278.22	-7.282E+0
278.59	1.942E+1
278.96	3.398E+1
279.33	-3.884E+1
279.70	2.670E+1
280.07	-6.796E+1
280.44	-4.854E+1
280.80	4.612E+1
281.17	4.854E+0
281.54	6.311E+1
281.91	0.000E+0
282.28	-1.117E+2
282.65	1.942E+1
283.02	-2.427E+0
283.38	-2.427E+0
283.75	1.651E+2
284.12	1.699E+1
284.49	2.913E+1
284.86	4.612E+1
285.22	1.942E+1
285.59	4.369E+1
285.96	1.214E+2
286.33	4.854E+1
286.70	-7.282E+0
287.06	2.913E+1
287.43	6.068E+1
287.80	-7.039E+1
288.17	6.311E+1
288.53	-3.884E+1
288.90	9.709E+0
289.27	6.311E+1
289.64	-1.456E+1
290.01	3.641E+1
290.37	-6.796E+1
290.74	2.427E+1
291.11	7.282E+0
291.48	3.155E+1
291.84	9.709E+1
292.21	2.427E+1
292.58	4.612E+1
292.94	-1.092E+2
293.31	-1.699E+1
293.68	-2.427E+1
294.05	8.981E+1
294.41	3.884E+1
294.78	2.184E+1
295.15	4.369E+1
295.51	-4.612E+1
295.88	2.913E+1
296.25	-2.427E+1
296.61	3.641E+1
296.98	4.612E+1
297.35	3.884E+1
297.72	4.369E+1
298.08	2.670E+1
298.45	2.427E+1
298.82	9.709E+0
299.18	-3.398E+1
299.55	-5.097E+1
299.91	1.019E+2
300.28	5.583E+1
300.65	1.456E+1
301.01	1.699E+1
301.38	-3.641E+1
301.75	7.524E+1
302.11	4.854E+0
302.48	1.699E+1
302.85	-7.524E+1
303.21	1.214E+1
303.58	8.495E+1
303.94	7.282E+0
304.31	2.913E+1
304.68	9.709E+0
305.04	-2.670E+1
305.41	-5.340E+1
305.77	-2.670E+1
306.14	7.767E+1
306.51	-4.369E+1
306.87	8.253E+1
307.24	-4.126E+1
307.60	-5.583E+1
307.97	4.369E+1
308.33	3.641E+1
308.70	2.427E+0
309.07	-3.641E+1
309.43	6.311E+1
309.80	1.092E+2
310.16	-2.670E+1
310.53	5.340E+1
310.89	-3.398E+1
311.26	-5.097E+1
311.62	5.825E+1
311.99	-1.456E+1
312.35	-4.612E+1
312.72	-7.282E+0
313.08	-1.456E+1
313.45	-9.223E+1
313.81	-2.427E+0
314.18	-4.612E+1
314.54	3.884E+1
314.91	-1.699E+1
315.27	1.699E+1
315.64	3.155E+1
316.00	-2.913E+1
316.37	2.913E+1
316.73	-4.854E+1
317.10	2.184E+1
317.46	8.981E+1
317.83	-1.942E+1
318.19	4.854E+1
318.56	0.000E+0
318.92	5.583E+1
319.28	-9.709E+0
319.65	-7.282E+1
320.01	-1.456E+2
320.38	-4.369E+1
320.74	4.126E+1
321.11	-6.796E+1
321.47	-2.427E+0
321.83	4.854E+0
322.20	-5.097E+1
322.56	-3.398E+1
322.93	1.019E+2
323.29	-4.854E+0
323.66	-6.068E+1
324.02	-4.612E+1
324.38	8.495E+1
324.75	-7.282E+0
325.11	5.097E+1
325.47	-3.641E+1
325.84	6.796E+1
326.20	2.184E+1
326.57	6.068E+1
326.93	9.466E+1
327.29	9.709E+1
327.66	4.854E+0
328.02	1.044E+2
328.38	3.398E+1
328.75	-1.214E+1
329.11	-9.709E+0
329.47	-3.641E+1
329.84	3.641E+1
330.20	1.432E+2
330.56	1.044E+2
330.93	-3.884E+1
331.29	2.184E+1
331.65	-1.214E+1
332.02	4.612E+1
332.38	4.126E+1
332.74	0.000E+0
333.10	4.369E+1
333.47	-5.340E+1
333.83	6.068E+1
334.19	-3.884E+1
334.56	-3.884E+1
334.92	1.238E+2
335.28	-8.981E+1
335.64	-5.097E+1
336.01	2.913E+1
336.37	-1.456E+1
336.73	1.214E+1
337.09	3.641E+1
337.46	2.184E+1
337.82	8.738E+1
338.18	6.554E+1
338.54	9.709E+1
338.91	7.282E+0
339.27	-2.427E+1
339.63	7.282E+1
339.99	1.699E+1
340.36	-2.913E+1
340.72	2.427E+0
341.08	-1.189E+2
341.44	2.670E+1
341.80	7.282E+0
342.17	7.282E+1
342.53	-3.398E+1
342.89	9.709E+1
343.25	8.495E+1
343.61	-6.068E+1
343.98	4.612E+1
344.34	-7.282E+0
344.70	4.854E+0
345.06	-3.155E+1
345.42	-3.155E+1
345.78	4.126E+1
346.14	0.000E+0
346.51	-4.126E+1
346.87	5.583E+1
347.23	-5.583E+1
347.59	-2.427E+1
347.95	6.796E+1
348.31	-6.311E+1
348.67	-3.641E+1
349.04	5.340E+1
349.40	-2.427E+0
349.76	-5.340E+1
350.12	4.612E+1
350.48	1.675E+2
350.84	1.214E+1
351.20	-1.214E+1
351.56	3.155E+1
351.92	2.427E+0
352.28	-6.311E+1
352.65	4.126E+1
353.01	-6.796E+1
353.37	-2.427E+1
353.73	7.282E+0
354.09	-6.068E+1
354.45	1.456E+1
354.81	4.369E+1
355.17	5.097E+1
355.53	1.214E+1
355.89	-6.068E+1
356.25	3.641E+1
356.61	9.466E+1
356.97	-3.398E+1
357.33	3.155E+1
357.69	-5.097E+1
358.05	1.044E+2
358.41	-6.311E+1
358.77	6.554E+1
359.13	7.282E+1
359.49	0.000E+0
359.85	1.748E+2
360.21	-3.641E+1
360.57	-3.884E+1
360.93	7.039E+1
361.29	2.913E+1
361.65	1.408E+2
362.01	1.699E+1
362.37	4.854E+1
362.73	1.214E+1
363.09	1.019E+2
363.45	1.092E+2
363.81	6.068E+1
364.17	8.253E+1
364.53	5.340E+1
364.89	2.670E+1
365.25	6.311E+1
365.61	2.913E+1
365.97	-5.097E+1
366.33	-2.427E+0
366.69	8.738E+1
367.05	6.554E+1
367.40	-2.427E+1
367.76	-7.039E+1
368.12	9.952E+1
368.48	-4.854E+1
368.84	5.097E+1
369.20	-3.641E+1
369.56	2.427E+1
369.92	9.709E+1
370.28	-8.738E+1
370.63	7.524E+1
370.99	3.155E+1
371.35	5.583E+1
371.71	1.456E+2
372.07	2.913E+1
372.43	7.282E+0
372.79	-1.942E+1
373.15	0.000E+0
373.50	-4.369E+1
373.86	-5.340E+1
374.22	1.214E+1
374.58	-2.913E+1
374.94	3.884E+1
375.30	4.126E+1
375.65	-3.155E+1
376.01	-4.369E+1
376.37	-4.854E+0
376.73	4.369E+1
377.09	8.253E+1
377.44	-2.427E+1
377.80	4.612E+1
378.16	-2.184E+1
378.52	2.184E+1
378.88	9.466E+1
379.23	-2.670E+1
379.59	7.282E+0
379.95	8.981E+1
380.31	1.456E+1
380.66	-4.854E+1
381.02	1.942E+1
381.38	3.155E+1
381.74	4.854E+0
382.09	7.039E+1
382.45	-2.427E+1
382.81	9.223E+1
383.17	2.913E+1
383.52	7.282E+0
383.88	1.019E+2
384.24	5.583E+1
384.60	8.010E+1
384.95	0.000E+0
385.31	-5.825E+1
385.67	-7.282E+0
386.02	1.529E+2
386.38	3.641E+1
386.74	4.369E+1
387.10	-1.456E+1
387.45	1.117E+2
387.81	-1.942E+1
388.17	8.981E+1
388.52	1.869E+2
388.88	2.427E+0
389.24	1.092E+2
389.59	7.282E+1
389.95	7.039E+1
390.31	8.495E+1
390.66	9.709E+1
391.02	2.184E+1
391.38	1.214E+1
391.73	-7.767E+1
392.09	5.583E+1
392.44	4.854E+0
392.80	6.311E+1
393.16	9.466E+1
393.51	3.398E+1
393.87	3.155E+1
394.23	2.670E+1
394.58	9.952E+1
394.94	2.184E+1
395.29	4.126E+1
395.65	4.369E+1
396.01	1.238E+2
396.36	4.612E+1
396.72	-1.286E+2
397.07	9.709E+0
397.43	8.981E+1
397.78	-4.854E+1
398.14	1.942E+1
398.50	1.456E+1
398.85	1.068E+2
399.21	8.738E+1
399.56	1.262E+2
399.92	6.311E+1
400.27	6.554E+1
400.63	1.214E+2
400.98	-1.942E+1
401.34	6.796E+1
401.69	8.010E+1
402.05	-1.942E+1
402.40	-7.524E+1
402.76	8.253E+1
403.11	2.427E+1
403.47	-4.126E+1
403.82	6.311E+1
404.18	8.738E+1
404.53	1.214E+1
404.89	7.282E+0
405.24	7.767E+1
405.60	1.044E+2
405.95	7.767E+1
406.31	-3.155E+1
406.66	0.000E+0
407.02	7.767E+1
407.37	5.340E+1
407.73	6.311E+1
408.08	7.039E+1
408.44	2.427E+1
408.79	6.311E+1
409.14	8.010E+1
409.50	5.583E+1
409.85	1.942E+1
410.21	1.432E+2
410.56	-7.282E+0
410.92	9.223E+1
411.27	-2.913E+1
411.62	-9.709E+0
411.98	4.369E+1
412.33	-1.456E+1
412.69	1.214E+1
413.04	8.738E+1
413.39	1.214E+2
413.75	1.092E+2
414.10	1.092E+2
414.45	8.495E+1
414.81	1.165E+2
415.16	8.981E+1
415.52	1.019E+2
415.87	8.981E+1
416.22	1.068E+2
416.58	9.709E+1
416.93	9.709E+1
417.28	2.427E+0
417.64	3.398E+1
417.99	5.825E+1
418.34	6.796E+1
418.70	8.253E+1
419.05	1.286E+2
419.40	1.141E+2
419.76	1.456E+2
420.11	1.505E+2
420.46	1.432E+2
420.81	8.253E+1
421.17	8.738E+1
421.52	2.379E+2
421.87	1.966E+2
422.23	2.160E+2
422.58	1.820E+2
422.93	1.214E+2
423.28	2.257E+2
423.64	2.500E+2
423.99	2.160E+2
424.34	2.864E+2
424.69	1.675E+2
425.05	3.325E+2
425.40	2.476E+2
425.75	3.204E+2
426.10	3.277E+2
426.46	3.786E+2
426.81	2.500E+2
427.16	3.908E+2
427.51	3.932E+2
427.87	4.490E+2
428.22	5.000E+2
428.57	6.651E+2
428.92	5.486E+2
429.27	5.219E+2
429.63	5.753E+2
429.98	6.141E+2
430.33	7.063E+2
430.68	5.947E+2
431.03	8.253E+2
431.38	9.126E+2
431.74	8.471E+2
432.09	9.588E+2
432.44	9.903E+2
432.79	9.757E+2
433.14	9.806E+2
433.49	1.143E+3
433.85	1.330E+3
434.20	1.325E+3
434.55	1.420E+3
434.90	1.481E+3
435.25	1.558E+3
435.60	1.655E+3
435.95	1.711E+3
436.30	1.942E+3
436.66	1.973E+3
437.01	2.192E+3
437.36	2.134E+3
437.71	2.303E+3
438.06	2.461E+3
438.41	2.563E+3
438.76	2.653E+3
439.11	2.852E+3
439.46	3.024E+3
439.81	3.134E+3
440.16	3.350E+3
440.52	3.682E+3
440.87	3.823E+3
441.22	4.041E+3
441.57	4.248E+3
441.92	4.587E+3
442.27	4.602E+3
442.62	5.044E+3
442.97	5.058E+3
443.32	5.813E+3
443.67	5.910E+3
444.02	6.102E+3
444.37	6.648E+3
444.72	7.039E+3
445.07	7.313E+3
445.42	7.621E+3
445.77	8.192E+3
446.12	8.551E+3
446.47	9.034E+3
446.82	9.347E+3
447.17	9.772E+3
447.52	1.056E+4
447.87	1.102E+4
448.22	1.182E+4
448.57	1.204E+4
448.92	1.293E+4
449.27	1.359E+4
449.62	1.436E+4
449.97	1.480E+4
450.32	1.556E+4
450.66	1.643E+4
451.01	1.718E+4
451.36	1.805E+4
451.71	1.935E+4
452.06	1.963E+4
452.41	2.116E+4
452.76	2.220E+4
453.11	2.349E+4
453.46	2.395E+4
453.81	2.547E+4
454.16	2.629E+4
454.51	2.741E+4
454.85	2.893E+4
455.20	2.988E+4
455.55	3.204E+4
455.90	3.261E+4
456.25	3.392E+4
456.60	3.499E+4
456.95	3.631E+4
457.30	3.711E+4
457.64	3.933E+4
457.99	3.958E+4
458.34	4.027E+4
458.69	4.027E+4
459.04	4.260E+4
459.39	4.255E+4
459.73	4.399E+4
460.08	4.464E+4
460.43	4.465E+4
460.78	4.543E+4
461.13	4.684E+4
461.48	4.560E+4
461.82	4.575E+4
462.17	4.644E+4
462.52	4.607E+4
462.87	4.622E+4
463.21	4.549E+4
463.56	4.509E+4
463.91	4.512E+4
464.26	4.444E+4
464.61	4.395E+4
464.95	4.287E+4
465.30	4.309E+4
465.65	4.230E+4
466.00	4.044E+4
466.34	4.002E+4
466.69	3.921E+4
467.04	3.863E+4
467.39	3.763E+4
467.73	3.642E+4
468.08	3.507E+4
468.43	3.485E+4
468.77	3.421E+4
469.12	3.349E+4
469.47	3.262E+4
469.82	3.185E+4
470.16	3.100E+4
470.51	3.061E+4
470.86	3.019E+4
471.20	2.947E+4
471.55	2.856E+4
471.90	2.846E+4
472.24	2.789E+4
472.59	2.708E+4
472.94	2.695E+4
473.28	2.603E+4
473.63	2.634E+4
473.98	2.514E+4
474.32	2.519E+4
474.67	2.494E+4
475.02	2.435E+4
475.36	2.397E+4
475.71	2.350E+4
476.06	2.304E+4
476.40	2.302E+4
476.75	2.237E+4
477.09	2.242E+4
477.44	2.187E+4
477.79	2.158E+4
478.13	2.098E+4
478.48	2.068E+4
478.82	2.027E+4
479.17	2.020E+4
479.52	1.937E+4
479.86	1.897E+4
480.21	1.840E+4
480.55	1.814E+4
480.90	1.797E+4
481.24	1.750E+4
481.59	1.719E+4
481.94	1.642E+4
482.28	1.603E+4
482.63	1.561E+4
482.97	1.532E+4
483.32	1.499E+4
483.66	1.440E+4
484.01	1.369E+4
484.35	1.373E+4
484.70	1.298E+4
485.04	1.269E+4
485.39	1.209E+4
485.73	1.185E+4
486.08	1.131E+4
486.42	1.092E+4
486.77	1.071E+4
487.11	1.029E+4
487.46	9.925E+3
487.80	9.961E+3
488.15	9.420E+3
488.49	9.075E+3
488.84	8.993E+3
489.18	8.393E+3
489.53	8.374E+3
489.87	7.952E+3
490.21	7.852E+3
490.56	7.483E+3
490.90	7.236E+3
491.25	7.080E+3
491.59	6.903E+3
491.94	6.636E+3
492.28	6.512E+3
492.62	6.364E+3
492.97	6.039E+3
493.31	5.932E+3
493.66	5.998E+3
494.00	5.563E+3
494.34	5.449E+3
494.69	5.112E+3
495.03	5.102E+3
495.38	4.820E+3
495.72	4.772E+3
496.06	4.587E+3
496.41	4.648E+3
496.75	4.435E+3
497.09	4.381E+3
497.44	4.036E+3
497.78	4.090E+3
498.13	3.760E+3
498.47	3.697E+3
498.81	3.612E+3
499.16	3.449E+3
499.50	3.342E+3
499.84	3.243E+3
500.19	3.005E+3
500.53	2.879E+3
500.87	2.930E+3
501.21	2.803E+3
501.56	2.854E+3
501.90	2.595E+3
502.24	2.750E+3
502.59	2.558E+3
502.93	2.371E+3
503.27	2.437E+3
503.61	2.117E+3
503.96	2.007E+3
504.30	2.158E+3
504.64	1.833E+3
504.99	1.932E+3
505.33	1.961E+3
505.67	1.699E+3
506.01	1.752E+3
506.36	1.726E+3
506.70	1.549E+3
507.04	1.714E+3
507.38	1.398E+3
507.72	1.483E+3
508.07	1.449E+3
508.41	1.303E+3
508.75	1.381E+3
509.09	1.180E+3
509.44	1.272E+3
509.78	1.194E+3
510.12	1.160E+3
510.46	1.180E+3
510.80	1.080E+3
511.14	9.660E+2
511.49	1.063E+3
511.83	1.012E+3
512.17	1.012E+3
512.51	8.714E+2
512.85	8.422E+2
513.19	9.393E+2
513.54	9.952E+2
513.88	7.500E+2
514.22	8.495E+2
514.56	8.738E+2
514.90	7.549E+2
515.24	7.549E+2
515.58	6.869E+2
515.93	6.335E+2
516.27	6.602E+2
516.61	6.578E+2
516.95	6.966E+2
517.29	5.510E+2
517.63	7.379E+2
517.97	6.262E+2
518.31	5.898E+2
518.65	4.854E+2
518.99	6.020E+2
519.33	5.000E+2
519.67	5.267E+2
520.02	5.170E+2
520.36	5.922E+2
520.70	4.952E+2
521.04	3.568E+2
521.38	4.320E+2
521.72	3.471E+2
522.06	3.544E+2
522.40	4.952E+2
522.74	4.345E+2
523.08	3.131E+2
523.42	3.447E+2
523.76	3.714E+2
524.10	2.718E+2
524.44	3.010E+2
524.78	3.617E+2
525.12	1.189E+2
525.46	3.131E+2
525.80	2.670E+2
526.14	3.107E+2
526.48	2.670E+2
526.82	3.180E+2
527.16	2.354E+2
527.50	2.112E+2
527.84	1.796E+2
528.18	1.529E+2
528.52	2.330E+2
528.86	1.893E+2
529.20	2.451E+2
529.54	2.160E+2
529.87	2.670E+2
530.21	1.845E+2
530.55	2.888E+2
530.89	2.087E+2
531.23	1.019E+2
531.57	1.481E+2
531.91	1.796E+2
532.25	1.117E+2
532.59	1.578E+2
532.93	1.820E+2
533.27	1.966E+2
533.60	1.432E+2
533.94	1.869E+2
534.28	2.209E+2
534.62	1.238E+2
534.96	1.335E+2
535.30	9.952E+1
535.64	1.942E+1
535.98	8.010E+1
536.31	1.942E+2
536.65	1.456E+2
536.99	8.495E+1
537.33	1.456E+2
537.67	1.481E+2
538.01	0.000E+0
538.34	1.359E+2
538.68	1.117E+2
539.02	8.253E+1
539.36	6.796E+1
539.70	-1.942E+1
540.03	4.854E+1
540.37	7.524E+1
540.71	1.675E+2
541.05	5.825E+1
541.39	1.699E+2
541.72	9.709E+1
542.06	3.398E+1
542.40	4.854E+1
542.74	4.854E+1
543.07	1.189E+2
543.41	7.282E+1
543.75	1.723E+2
544.09	1.942E+1
544.42	3.398E+1
544.76	7.767E+1
545.10	9.466E+1
545.44	9.952E+1
545.77	8.738E+1
546.11	6.554E+1
546.45	3.398E+1
546.78	2.913E+1
547.12	9.223E+1
547.46	5.340E+1
547.80	1.529E+2
548.13	6.554E+1
548.47	1.651E+2
548.81	8.981E+1
549.14	3.641E+1
549.48	3.398E+1
549.82	8.253E+1
550.15	8.738E+1
550.49	4.126E+1
550.83	9.223E+1
551.16	2.427E+0
551.50	8.010E+1
551.84	8.738E+1
552.17	7.039E+1
552.51	5.583E+1
552.84	8.495E+1
553.18	8.738E+1
553.52	7.282E+1
553.85	8.010E+1
554.19	0.000E+0
554.53	8.495E+1
554.86	-1.942E+1
555.20	3.641E+1
555.53	1.699E+1
555.87	8.253E+1
556.20	5.340E+1
556.54	9.709E+1
556.88	1.456E+1
557.21	5.097E+1
557.55	-2.427E+0
557.88	-2.427E+0
558.22	1.262E+2
558.55	5.097E+1
558.89	4.369E+1
559.23	1.019E+2
559.56	9.709E+1
559.90	9.709E+1
560.23	2.670E+1
560.57	-8.010E+1
560.90	1.044E+2
561.24	0.000E+0
561.57	3.884E+1
561.91	3.641E+1
562.24	3.641E+1
562.58	5.583E+1
562.91	-6.311E+1
563.25	8.253E+1
563.58	4.126E+1
563.92	-1.214E+1
564.25	-3.884E+1
564.59	4.612E+1
564.92	9.466E+1
565.25	-1.214E+1
565.59	2.184E+1
565.92	3.398E+1
566.26	3.641E+1
566.59	8.253E+1
566.93	6.068E+1
567.26	4.854E+0
567.60	4.612E+1
567.93	7.282E+0
568.26	-6.554E+1
568.60	6.068E+1
568.93	2.184E+1
569.27	9.709E+0
569.60	1.214E+1
569.93	6.068E+1
570.27	8.495E+1
570.60	-5.583E+1
570.94	1.019E+2
571.27	-1.214E+1
571.60	2.427E+1
571.94	-4.854E+1
572.27	2.427E+1
572.60	2.670E+1
572.94	2.427E+1
573.27	2.184E+1
573.60	-1.942E+1
573.94	-3.641E+1
574.27	4.612E+1
574.60	1.214E+1
574.94	-6.068E+1
575.27	3.884E+1
575.60	5.583E+1
575.94	2.427E+1
576.27	7.767E+1
576.60	2.184E+1
576.94	4.854E+1
577.27	-4.854E+0
577.60	4.612E+1
577.94	2.427E+1
578.27	2.670E+1
578.60	-2.913E+1
578.93	-1.214E+1
579.27	-1.456E+1
579.60	4.612E+1
579.93	9.952E+1
580.26	1.408E+2
580.60	2.427E+0
580.93	-5.097E+1
581.26	2.670E+1
581.59	7.282E+1
581.93	-1.699E+1
582.26	5.825E+1
582.59	1.214E+1
582.92	0.000E+0
583.25	2.427E+0
583.59	4.854E+1
583.92	4.854E+0
584.25	7.282E+1
584.58	4.854E+0
584.91	5.340E+1
585.25	-1.019E+2
585.58	-7.039E+1
585.91	8.495E+1
586.24	1.699E+1
586.57	3.641E+1
586.90	-1.214E+1
587.24	4.369E+1
587.57	4.854E+1
587.90	6.311E+1
588.23	-4.369E+1
588.56	7.524E+1
588.89	4.612E+1
589.22	-1.456E+1
589.56	-2.670E+1
589.89	7.282E+0
590.22	4.612E+1
590.55	-5.097E+1
590.88	2.427E+0
591.21	4.369E+1
591.54	4.612E+1
591.87	4.854E+0
592.20	9.709E+0
592.53	-5.825E+1
592.87	-7.282E+0
593.20	-2.670E+1
593.53	1.699E+1
593.86	6.796E+1
594.19	4.369E+1
594.52	-7.524E+1
594.85	5.583E+1
595.18	-7.282E+0
595.51	-2.913E+1
595.84	-2.427E+0
596.17	-4.612E+1
596.50	-4.854E+1
596.83	-1.117E+2
597.16	-4.854E+1
597.49	6.068E+1
597.82	0.000E+0
598.15	-4.369E+1
598.48	3.641E+1
598.81	4.854E+0
599.14	-2.184E+1
599.47	6.311E+1
599.80	3.155E+1
600.13	-8.981E+1
600.46	-7.282E+0
600.79	-5.583E+1
601.12	4.126E+1
601.45	5.097E+1
601.78	0.000E+0
602.11	7.524E+1
602.44	1.214E+1
602.77	5.097E+1
603.10	1.456E+1
603.42	-2.913E+1
603.75	-5.825E+1
604.08	-7.282E+0
604.41	2.427E+0
604.74	1.214E+1
605.07	-4.854E+0
605.40	8.253E+1
605.73	9.709E+0
606.06	-4.854E+0
606.39	2.427E+0
606.71	1.699E+1
607.04	-2.670E+1
607.37	6.311E+1
607.70	2.427E+0
608.03	-5.825E+1
608.36	-2.427E+1
608.69	3.398E+1
609.02	-2.427E+0
609.34	-1.019E+2
609.67	8.253E+1
610.00	1.699E+1
610.33	-2.184E+1
610.66	1.189E+2
610.98	-4.612E+1
611.31	-3.641E+1
611.64	7.039E+1
611.97	-1.699E+1
612.30	3.155E+1
612.63	-1.214E+1
612.95	8.495E+1
613.28	9.709E+1
613.61	-5.097E+1
613.94	-7.524E+1
614.26	5.583E+1
614.59	3.155E+1
614.92	1.942E+1
615.25	-7.282E+0
615.57	-4.854E+1
615.90	-6.554E+1
616.23	1.238E+2
616.56	-1.942E+1
616.88	-9.709E+0
617.21	-3.884E+1
617.54	-1.699E+1
617.87	6.068E+1
618.19	0.000E+0
618.52	-1.942E+1
618.85	7.282E+1
619.17	0.000E+0
619.50	2.913E+1
619.83	2.427E+1
620.15	0.000E+0
620.48	8.495E+1
620.81	1.942E+1
621.14	-5.340E+1
621.46	-7.282E+0
621.79	-4.854E+1
622.11	5.583E+1
622.44	4.854E+0
622.77	-7.039E+1
623.09	-2.427E+0
623.42	-1.456E+1
623.75	-9.709E+0
624.07	5.097E+1
624.40	9.466E+1
624.73	-6.554E+1
625.05	-6.554E+1
625.38	1.942E+1
625.70	2.670E+1
626.03	2.427E+0
626.36	3.884E+1
626.68	-2.913E+1
627.01	2.913E+1
627.33	4.854E+1
627.66	-3.155E+1
627.99	-4.369E+1
628.31	-7.282E+1
628.64	1.068E+2
628.96	3.884E+1
629.29	-5.583E+1
629.61	1.699E+1
629.94	-2.670E+1
630.26	-1.456E+1
630.59	3.884E+1
630.91	2.184E+1
631.24	3.884E+1
631.57	-7.282E+0
631.89	-2.184E+1
632.22	-4.369E+1
632.54	6.068E+1
632.87	0.000E+0
633.19	-4.369E+1
633.52	-9.709E+0
633.84	7.039E+1
634.16	-2.427E+0
634.49	9.709E+0
634.81	7.039E+1
635.14	6.311E+1
635.46	1.456E+1
635.79	2.427E+0
636.11	1.456E+1
636.44	-2.670E+1
636.76	-6.554E+1
637.09	-5.097E+1
637.41	4.126E+1
637.73	7.282E+0
638.06	9.709E+0
638.38	-4.854E+0
638.71	1.214E+1
639.03	-2.427E+1
639.36	-4.854E+0
639.68	7.282E+1
640.00	4.126E+1
640.33	2.913E+1
640.65	-3.641E+1
640.97	-3.155E+1
641.30	3.641E+1
641.62	-1.942E+1
641.95	5.340E+1
642.27	-3.155E+1
642.59	6.311E+1
642.92	-2.913E+1
643.24	1.942E+1
643.56	1.141E+2
643.89	2.427E+1
644.21	6.554E+1
644.53	6.796E+1
644.86	5.825E+1
645.18	-2.427E+0
645.50	4.612E+1
645.83	9.709E+1
646.15	-2.427E+1
646.47	4.854E+1
646.80	3.155E+1
647.12	8.495E+1
647.44	1.456E+1
647.76	1.189E+2
648.09	-5.825E+1
648.41	2.670E+1
648.73	7.039E+1
649.05	-2.427E+0
649.38	8.738E+1
649.70	-4.854E+0
650.02	6.311E+1
650.34	-1.189E+2
650.67	-7.282E+0
650.99	8.253E+1
651.31	1.044E+2
651.63	-3.155E+1
651.96	-5.340E+1
652.28	6.311E+1
652.60	8.495E+1
652.92	-4.854E+1
653.24	-3.641E+1
653.57	1.699E+1
653.89	-2.184E+1
654.21	3.155E+1
654.53	6.311E+1
654.85	-4.854E+0
655.18	7.039E+1
655.50	9.952E+1
655.82	-5.340E+1
656.14	2.184E+1
656.46	-4.126E+1
656.78	8.495E+1
657.10	-7.039E+1
657.43	7.282E+0
657.75	-5.097E+1
658.07	-1.942E+1
658.39	0.000E+0
658.71	2.427E+1
659.03	-2.913E+1
659.35	6.554E+1
659.67	-3.884E+1
659.99	-3.398E+1
660.32	-3.641E+1
660.64	9.709E+0
660.96	-3.155E+1
661.28	-8.738E+1
661.60	-1.699E+1
661.92	9.466E+1
662.24	-1.456E+1
662.56	1.141E+2
662.88	-9.709E+0
663.20	-5.825E+1
663.52	-3.398E+1
663.84	3.641E+1
664.16	1.456E+1
664.48	6.796E+1
664.80	-2.427E+1
665.12	7.282E+0
665.44	-2.184E+1
665.76	-9.466E+1
666.08	-3.884E+1
666.40	-6.068E+1
666.72	1.456E+1
667.04	1.214E+2
667.36	5.825E+1
667.68	-1.262E+2
668.00	5.097E+1
668.32	-2.670E+1
668.64	7.039E+1
668.96	1.456E+1
669.28	-1.019E+2
669.60	0.000E+0
669.92	1.699E+1
670.24	-5.340E+1
670.56	-8.495E+1
670.88	-8.981E+1
671.20	-2.427E+1
671.52	6.311E+1
671.84	7.282E+0
672.16	-1.699E+1
672.47	4.612E+1
672.79	1.214E+1
673.11	2.427E+0
673.43	7.282E+1
673.75	7.282E+0
674.07	-4.369E+1
674.39	-3.641E+1
674.71	4.854E+0
675.03	-7.282E+0
675.34	1.699E+1
675.66	7.039E+1
675.98	1.675E+2
676.30	-6.554E+1
676.62	-1.214E+1
676.94	4.612E+1
677.25	5.825E+1
677.57	-4.126E+1
677.89	-6.311E+1
678.21	-3.884E+1
678.53	1.699E+1
678.85	-1.456E+1
679.16	1.699E+1
679.48	3.155E+1
679.80	7.282E+1
680.12	-5.340E+1
680.44	1.335E+2
680.75	-1.942E+1
681.07	4.612E+1
681.39	8.010E+1
681.71	9.952E+1
682.02	2.670E+1
682.34	-1.942E+1
682.66	-8.010E+1
682.98	1.942E+1
683.29	4.369E+1
683.61	5.825E+1
683.93	5.825E+1
684.25	7.039E+1
684.56	1.456E+1
684.88	8.495E+1
685.20	1.942E+1
685.51	4.854E+0
685.83	3.884E+1
686.15	4.126E+1
686.47	-6.311E+1
686.78	2.913E+1
687.10	-3.155E+1
687.42	-3.884E+1
687.73	1.456E+1
688.05	-6.068E+1
688.37	8.253E+1
688.68	1.044E+2
689.00	4.369E+1
689.32	9.466E+1
689.63	5.340E+1
689.95	-8.010E+1
690.26	4.854E+0
690.58	-4.612E+1
690.90	1.942E+1
691.21	5.583E+1
691.53	1.456E+1
691.85	7.039E+1
692.16	2.670E+1
692.48	-1.942E+1
692.79	3.641E+1
693.11	-1.189E+2
693.42	2.913E+1
693.74	1.942E+1
694.06	-2.427E+1
694.37	-1.456E+1
694.69	-5.340E+1
695.00	4.854E+0
695.32	2.427E+1
695.63	-1.214E+1
695.95	-1.214E+1
696.26	5.097E+1
696.58	4.126E+1
696.90	1.699E+1
697.21	8.495E+1
697.53	2.670E+1
697.84	-1.044E+2
698.16	2.670E+1
698.47	1.141E+2
698.79	-6.068E+1
699.10	1.602E+2
699.42	-1.019E+2
699.73	3.884E+1
700.05	2.913E+1
700.36	-1.942E+1
700.68	-1.699E+1
700.99	1.214E+1
701.30	-9.223E+1
701.62	1.456E+1
701.93	1.165E+2
702.25	9.709E+0
702.56	4.126E+1
702.88	-1.189E+2
703.19	5.097E+1
703.50	-6.796E+1
703.82	-6.796E+1
704.13	3.884E+1
704.45	-5.340E+1
704.76	-7.282E+1
705.08	2.427E+1
705.39	0.000E+0
705.70	-9.709E+0
706.02	2.670E+1
706.33	6.068E+1
706.64	4.126E+1
706.96	-3.398E+1
707.27	7.282E+1
707.59	7.524E+1
707.90	4.126E+1
708.21	4.369E+1
708.53	-5.583E+1
708.84	1.238E+2
709.15	5.340E+1
709.47	-3.641E+1
709.78	-7.282E+0
710.09	9.952E+1
710.41	1.699E+1
710.72	-4.126E+1
711.03	-2.184E+1
711.34	1.456E+1
711.66	-6.311E+1
711.97	-5.340E+1
712.28	-2.427E+1
712.60	-4.369E+1
712.91	3.641E+1
713.22	1.214E+1
713.53	4.612E+1
713.85	-1.214E+1
714.16	3.155E+1
714.47	9.709E+0
714.78	1.214E+1
715.10	-4.854E+1
715.41	6.311E+1
715.72	-3.884E+1
716.03	9.709E+0
716.35	-6.796E+1
716.66	7.282E+1
716.97	-4.126E+1
717.28	-4.854E+0
717.59	-9.709E+0
717.91	-5.825E+1
718.22	-3.155E+1
718.53	-5.583E+1
718.84	-7.282E+0
719.15	0.000E+0
719.46	-1.942E+1
719.78	7.039E+1
720.09	7.282E+0
720.40	1.044E+2
720.71	1.942E+1
721.02	4.854E+0
721.33	4.126E+1
721.65	9.709E+0
721.96	-2.670E+1
722.27	-6.311E+1
722.58	5.583E+1
722.89	-2.913E+1
723.20	5.340E+1
723.51	1.456E+1
723.82	6.068E+1
724.13	2.427E+1
724.45	7.282E+1
724.76	-5.583E+1
725.07	-1.699E+1
725.38	-2.184E+1
725.69	1.699E+1
726.00	-7.282E+0
726.31	-1.214E+1
726.62	6.796E+1
726.93	-7.282E+0
727.24	-5.583E+1
727.55	2.427E+0
727.86	-1.214E+1
728.17	-1.456E+1
728.48	2.913E+1
728.79	-3.641E+1
729.10	8.010E+1
729.41	7.039E+1
729.72	1.141E+2
730.03	1.553E+2
730.34	3.641E+1
730.65	-3.155E+1
730.96	4.854E+1
731.27	2.913E+1
731.58	0.000E+0
731.89	-1.189E+2
732.20	1.044E+2
732.51	-9.709E+1
732.82	-5.340E+1
733.13	8.738E+1
733.44	5.583E+1
733.75	-1.456E+1
734.06	0.000E+0
734.37	-7.282E+0
734.68	-6.311E+1
734.98	7.282E+0
735.29	6.554E+1
735.60	6.796E+1
735.91	7.524E+1
736.22	-1.214E+1
736.53	-4.854E+0
736.84	3.641E+1
737.15	5.340E+1
737.46	3.398E+1
737.77	-3.884E+1
738.07	5.583E+1
738.38	-6.068E+1
738.69	-1.214E+1
739.00	-2.427E+0
739.31	4.854E+1
739.62	6.554E+1
739.92	7.282E+0
740.23	-1.699E+1
740.54	-1.942E+1
740.85	9.709E+0
741.16	7.767E+1
741.47	5.825E+1
741.77	4.126E+1
742.08	-9.709E+0
742.39	-3.398E+1
742.70	-5.825E+1
743.01	-4.854E+0
743.31	6.311E+1
743.62	3.398E+1
743.93	-5.583E+1
744.24	-9.709E+0
744.54	2.427E+0
744.85	3.155E+1
745.16	1.699E+1
745.47	-1.044E+2
745.77	4.854E+0
746.08	2.184E+1
746.39	-4.854E+0
746.70	3.884E+1
747.00	-1.214E+1
747.31	-9.952E+1
747.62	4.126E+1
747.92	-5.097E+1
748.23	9.709E+0
748.54	-7.039E+1
748.84	-2.913E+1
749.15	-1.117E+2
749.46	4.126E+1
749.76	7.282E+1
750.07	-1.942E+1
750.38	-2.427E+1
750.68	2.427E+0
750.99	-1.456E+1
751.30	-4.612E+1
751.60	-4.854E+0
751.91	-5.583E+1
752.22	8.738E+1
752.52	1.481E+2
752.83	-8.253E+1
753.14	-7.282E+0
753.44	-4.854E+0
753.75	-2.913E+1
754.05	2.670E+1
754.36	8.981E+1
754.67	1.068E+2
754.97	-9.466E+1
755.28	8.738E+1
755.58	7.282E+0
755.89	5.340E+1
756.19	-4.854E+1
756.50	-6.311E+1
756.81	-1.214E+2
757.11	2.184E+1
757.42	-6.068E+1
757.72	-4.854E+0
758.03	9.952E+1
758.33	1.772E+2
758.64	1.699E+1
758.94	2.184E+1
759.25	2.427E+0
759.55	-1.214E+1
759.86	2.427E+0
760.16	7.039E+1
760.47	4.854E+0
760.77	-5.340E+1
761.08	2.184E+1
761.38	4.854E+1
761.69	-6.311E+1
761.99	-5.097E+1
762.30	-1.214E+1
762.60	2.427E+0
762.91	-1.942E+1
763.21	-3.641E+1
763.51	-5.825E+1
763.82	-7.039E+1
764.12	-4.612E+1
764.43	6.796E+1
764.73	0.000E+0
765.04	-9.709E+0
765.34	6.068E+1
765.64	-1.117E+2
765.95	1.456E+1
766.25	9.709E+1
766.56	0.000E+0
766.86	2.913E+1
767.16	-6.068E+1
767.47	5.583E+1
767.77	3.398E+1
768.07	4.369E+1
768.38	1.942E+1
768.68	-4.369E+1
768.98	-9.466E+1
769.29	4.612E+1
769.59	-4.126E+1
769.89	7.282E+1
770.20	4.612E+1
770.50	7.524E+1
770.80	5.825E+1
771.11	3.884E+1
771.41	-2.427E+0
771.71	4.612E+1
772.02	2.184E+1
772.32	2.427E+1
772.62	-1.456E+1
772.93	6.068E+1
773.23	7.282E+1
773.53	2.427E+1
773.83	1.723E+2
774.14	-1.214E+1
774.44	-4.369E+1
774.74	-1.238E+2
775.04	3.641E+1
775.35	-1.942E+1
775.65	7.282E+0
775.95	-1.214E+1
776.25	2.184E+1
776.55	-8.981E+1
776.86	-5.340E+1
777.16	3.398E+1
777.46	4.854E+0
777.76	-2.670E+1
778.06	-9.709E+0
778.37	-8.981E+1
778.67	-8.010E+1
778.97	1.044E+2
779.27	-6.554E+1
779.57	4.854E+1
779.88	-4.854E+1
780.18	4.854E+1
780.48	0.000E+0
780.78	-6.068E+1
781.08	1.262E+2
781.38	-1.456E+1
781.68	-1.942E+1
781.98	3.398E+1
782.29	-3.398E+1
782.59	5.340E+1
782.89	9.466E+1
783.19	0.000E+0
783.49	1.238E+2
783.79	2.184E+1
784.09	1.214E+1
784.39	2.427E+0
784.69	3.398E+1
784.99	1.384E+2
785.30	1.117E+2
785.60	-9.952E+1
785.90	3.398E+1
786.20	4.612E+1
786.50	-2.427E+0
786.80	7.524E+1
787.10	3.884E+1
787.40	5.583E+1
787.70	0.000E+0
788.00	-1.456E+1
788.30	7.282E+0
788.60	-7.282E+1
788.90	-8.738E+1
789.20	-4.369E+1
789.50	-2.670E+1
789.80	4.369E+1
790.10	3.641E+1
790.40	4.854E+0
790.70	-6.554E+1
791.00	4.854E+0
791.30	-5.583E+1
791.60	-1.942E+1
791.90	3.641E+1
792.20	-9.952E+1
792.50	3.641E+1
792.79	6.068E+1
793.09	-3.884E+1
793.39	6.068E+1
793.69	4.126E+1
793.99	-2.913E+1
794.29	1.214E+1
794.59	-2.427E+1
794.89	7.767E+1
795.19	-3.398E+1
795.49	4.369E+1
795.79	8.495E+1
796.08	-5.097E+1
796.38	-5.340E+1
796.68	1.699E+1
796.98	3.641E+1
797.28	1.141E+2
797.58	2.427E+0
797.88	-1.189E+2
798.17	6.068E+1
798.47	-8.495E+1
798.77	-1.942E+1
799.07	-3.155E+1
799.37	9.709E+0
799.67	1.699E+1
799.96	1.942E+1
800.26	4.854E+0
800.56	-2.913E+1
800.86	5.340E+1
801.16	-2.427E+0
801.45	8.738E+1
801.75	2.184E+1
802.05	-1.165E+2
802.35	1.699E+1
802.64	-6.068E+1
802.94	3.884E+1
803.24	-1.942E+1
803.54	1.942E+1
803.83	2.427E+0
804.13	-9.709E+0
804.43	6.311E+1
804.73	-4.369E+1
805.02	-1.019E+2
805.32	1.214E+1
805.62	-6.311E+1
805.91	-2.184E+1
806.21	4.126E+1
806.51	-5.583E+1
806.81	4.854E+0
807.10	-1.214E+1
807.40	4.369E+1
807.70	-6.068E+1
807.99	-2.913E+1
808.29	7.039E+1
808.59	-5.583E+1
808.88	-7.039E+1
809.18	-1.942E+1
809.47	1.942E+1
809.77	1.699E+1
810.07	7.282E+0
810.36	4.612E+1
810.66	-3.884E+1
810.96	-8.253E+1
811.25	3.641E+1
811.55	-4.369E+1
811.84	2.184E+1
812.14	-4.854E+1
812.44	3.641E+1
812.73	4.854E+0
813.03	-2.427E+0
813.32	1.092E+2
813.62	-1.942E+1
813.91	6.554E+1
814.21	-1.044E+2
814.51	1.626E+2
814.80	-8.010E+1
815.10	-1.019E+2
815.39	3.641E+1
815.69	-2.427E+0
815.98	2.184E+1
816.28	9.709E+0
816.57	4.126E+1
816.87	-3.155E+1
817.16	7.039E+1
817.46	-2.427E+0
817.75	5.340E+1
818.05	5.340E+1
818.34	3.155E+1
818.64	-5.097E+1
818.93	8.981E+1
819.23	4.126E+1
819.52	1.044E+2
819.82	5.825E+1
820.11	-7.282E+1
820.40	2.913E+1
820.70	-9.709E+0
820.99	2.427E+0
821.29	9.223E+1
821.58	7.282E+0
821.88	-2.913E+1
822.17	1.456E+1
822.46	2.670E+1
822.76	3.641E+1
823.05	6.311E+1
823.35	6.796E+1
823.64	5.097E+1
823.93	-6.311E+1
824.23	6.554E+1
824.52	-7.282E+0
824.81	-4.854E+0
825.11	3.641E+1
825.40	7.039E+1
825.69	-1.942E+1
825.99	9.223E+1
826.28	3.641E+1
826.58	2.670E+1
826.87	-2.184E+1
827.16	-6.796E+1
827.45	-7.039E+1
827.75	-5.340E+1
828.04	9.466E+1
828.33	9.952E+1
828.63	0.000E+0
828.92	9.709E+0
829.21	-4.126E+1
829.51	-1.942E+1
829.80	-7.282E+0
830.09	-1.165E+2
830.38	1.942E+1
830.68	2.427E+0
830.97	4.854E+0
831.26	-3.884E+1
831.55	-3.398E+1
831.85	8.253E+1
832.14	-1.456E+1
832.43	1.699E+1
832.72	-1.456E+1
833.01	7.282E+0
833.31	7.282E+0
833.60	-6.554E+1
833.89	5.340E+1
834.18	-1.214E+1
834.47	-2.670E+1
834.77	9.223E+1
835.06	3.398E+1
835.35	6.554E+1
835.64	-1.068E+2
835.93	8.738E+1
836.22	-6.554E+1
836.52	-7.282E+0
836.81	-2.913E+1
837.10	-1.942E+1
837.39	1.456E+1
837.68	2.913E+1
837.97	6.068E+1
838.26	4.854E+1
838.55	3.398E+1
838.85	-1.092E+2
839.14	5.825E+1
839.43	3.155E+1
839.72	9.709E+1
840.01	7.282E+0
840.30	4.612E+1
840.59	-5.825E+1
840.88	9.709E+0
841.17	1.942E+1
841.46	-7.039E+1
841.75	-1.942E+1
842.04	4.854E+0
842.33	-3.398E+1
842.62	7.767E+1
842.91	-1.214E+1
843.21	-6.796E+1
843.50	5.097E+1
843.79	3.641E+1
844.08	5.825E+1
844.37	3.155E+1
844.66	8.253E+1
844.95	-6.311E+1
845.24	8.738E+1
845.53	4.854E+1
845.81	1.699E+1
846.10	4.612E+1
846.39	1.214E+1
846.68	-4.854E+1
846.97	9.709E+0
847.26	7.282E+0
847.55	-9.466E+1
847.84	2.670E+1
848.13	9.709E+0
848.42	3.398E+1
848.71	-1.699E+1
849.00	2.913E+1
849.29	-6.068E+1
849.58	-1.456E+1
849.87	1.699E+1
850.15	-7.282E+1
850.44	2.913E+1
850.73	5.340E+1
851.02	7.039E+1
851.31	5.340E+1
851.60	2.670E+1
851.89	1.311E+2
852.18	-7.282E+0
852.46	-7.524E+1
852.75	-1.214E+1
853.04	-4.612E+1
853.33	1.238E+2
853.62	7.767E+1
853.91	3.641E+1
854.19	-2.427E+0
854.48	2.427E+0
854.77	7.282E+0
855.06	9.223E+1
855.35	-1.068E+2
855.63	-3.641E+1
855.92	-4.126E+1
856.21	5.583E+1
856.50	1.044E+2
856.79	7.282E+1
857.07	4.612E+1
857.36	-7.282E+0
857.65	2.427E+1
857.94	7.524E+1
858.22	2.427E+0
858.51	-4.612E+1
858.80	-9.709E+1
859.08	5.583E+1
859.37	-4.854E+0
859.66	4.854E+1
859.95	2.184E+1
860.23	-5.340E+1
860.52	-9.709E+0
860.81	4.612E+1
861.09	-1.456E+1
861.38	8.981E+1
861.67	-1.214E+1
861.95	-6.796E+1
862.24	2.427E+0
862.53	3.155E+1
862.81	0.000E+0
863.10	2.670E+1
863.39	-5.340E+1
863.67	-5.340E+1
863.96	5.825E+1
864.25	4.854E+0
864.53	0.000E+0
864.82	6.554E+1
865.10	2.184E+1
865.39	9.709E+1
865.68	-2.670E+1
865.96	2.913E+1
866.25	8.253E+1
866.53	8.253E+1
866.82	8.253E+1