Wavelength	Intensity	Ocean Optics Flame
nm	counts
187.89	1.748E+2
188.27	8.010E+1
188.64	3.641E+1
189.02	3.641E+1
189.40	-9.709E+0
189.78	-1.456E+1
190.15	1.699E+1
190.53	-3.884E+1
190.91	-3.884E+1
191.29	-8.738E+1
191.66	-1.699E+1
192.04	5.825E+1
192.42	7.282E+1
192.80	3.398E+1
193.17	5.340E+1
193.55	2.670E+1
193.93	7.282E+1
194.30	1.214E+1
194.68	1.214E+1
195.06	4.612E+1
195.44	-4.854E+0
195.81	-1.699E+1
196.19	1.214E+1
196.57	9.952E+1
196.94	-1.165E+2
197.32	6.068E+1
197.70	-7.039E+1
198.07	3.155E+1
198.45	-1.942E+1
198.83	1.942E+1
199.20	7.282E+1
199.58	1.214E+1
199.96	9.466E+1
200.33	-9.709E+0
200.71	4.854E+0
201.09	1.699E+1
201.46	2.427E+1
201.84	-7.282E+0
202.22	3.884E+1
202.59	-4.126E+1
202.97	2.427E+1
203.34	2.184E+1
203.72	6.554E+1
204.10	-1.942E+1
204.47	-1.456E+1
204.85	-2.184E+1
205.23	-9.466E+1
205.60	-7.282E+1
205.98	1.214E+2
206.35	-3.641E+1
206.73	2.184E+1
207.11	-1.214E+1
207.48	8.010E+1
207.86	2.427E+0
208.23	-3.155E+1
208.61	6.311E+1
208.98	-3.641E+1
209.36	7.282E+1
209.74	6.311E+1
210.11	-7.282E+0
210.49	-7.039E+1
210.86	1.699E+1
211.24	-2.184E+1
211.61	2.184E+1
211.99	9.709E+1
212.36	1.019E+2
212.74	7.282E+0
213.11	1.214E+2
213.49	-4.612E+1
213.87	3.884E+1
214.24	3.155E+1
214.62	-6.796E+1
214.99	5.097E+1
215.37	2.184E+1
215.74	6.311E+1
216.12	0.000E+0
216.49	-6.796E+1
216.87	-2.670E+1
217.24	4.369E+1
217.62	-2.427E+0
217.99	3.884E+1
218.37	3.398E+1
218.74	5.583E+1
219.11	-8.981E+1
219.49	6.796E+1
219.86	3.398E+1
220.24	-1.189E+2
220.61	-1.699E+1
220.99	6.311E+1
221.36	-7.282E+1
221.74	4.612E+1
222.11	7.039E+1
222.49	2.427E+0
222.86	4.126E+1
223.23	7.282E+0
223.61	1.942E+1
223.98	4.854E+0
224.36	1.092E+2
224.73	-1.141E+2
225.11	2.184E+1
225.48	8.253E+1
225.85	7.282E+0
226.23	-5.583E+1
226.60	3.884E+1
226.98	2.427E+1
227.35	8.495E+1
227.72	-2.427E+1
228.10	-4.612E+1
228.47	-4.854E+0
228.84	8.495E+1
229.22	2.913E+1
229.59	5.583E+1
229.97	1.505E+2
230.34	5.583E+1
230.71	4.126E+1
231.09	-2.427E+1
231.46	8.253E+1
231.83	4.126E+1
232.21	-7.524E+1
232.58	1.942E+1
232.95	6.068E+1
233.33	-1.699E+1
233.70	-7.282E+0
234.07	0.000E+0
234.45	-4.854E+0
234.82	-4.854E+0
235.19	1.699E+1
235.57	5.340E+1
235.94	1.019E+2
236.31	-9.466E+1
236.69	-5.097E+1
237.06	2.427E+0
237.43	6.068E+1
237.80	5.583E+1
238.18	-7.282E+0
238.55	7.524E+1
238.92	9.709E+0
239.30	0.000E+0
239.67	-1.699E+1
240.04	-3.398E+1
240.41	7.282E+0
240.79	-1.456E+1
241.16	2.427E+1
241.53	-3.398E+1
241.90	-7.039E+1
242.28	-4.126E+1
242.65	-7.524E+1
243.02	4.126E+1
243.39	-7.282E+0
243.77	6.796E+1
244.14	-1.942E+1
244.51	-1.942E+1
244.88	3.155E+1
245.25	-8.981E+1
245.63	-3.398E+1
246.00	1.942E+1
246.37	1.942E+1
246.74	-3.398E+1
247.11	5.097E+1
247.49	-7.282E+0
247.86	-6.311E+1
248.23	8.253E+1
248.60	-1.214E+1
248.97	2.184E+1
249.35	9.709E+0
249.72	1.529E+2
250.09	4.612E+1
250.46	4.612E+1
250.83	-2.670E+1
251.20	4.854E+0
251.58	-4.854E+0
251.95	7.524E+1
252.32	-2.427E+0
252.69	9.466E+1
253.06	-3.155E+1
253.43	2.184E+1
253.80	-4.854E+0
254.17	-7.282E+0
254.55	-7.039E+1
254.92	4.854E+1
255.29	3.155E+1
255.66	2.184E+1
256.03	9.709E+0
256.40	5.583E+1
256.77	6.311E+1
257.14	9.466E+1
257.51	-1.456E+1
257.88	4.854E+0
258.26	7.767E+1
258.63	-6.068E+1
259.00	6.311E+1
259.37	-3.641E+1
259.74	-4.612E+1
260.11	-5.340E+1
260.48	-7.282E+0
260.85	6.068E+1
261.22	7.767E+1
261.59	-9.709E+0
261.96	-2.670E+1
262.33	-2.913E+1
262.70	2.913E+1
263.07	8.253E+1
263.44	4.854E+0
263.81	5.340E+1
264.18	-9.709E+0
264.55	4.854E+0
264.92	-2.184E+1
265.29	-5.097E+1
265.66	2.427E+0
266.03	8.738E+1
266.40	-1.699E+1
266.77	1.189E+2
267.14	-2.913E+1
267.51	7.282E+0
267.88	3.398E+1
268.25	-9.709E+0
268.62	9.709E+0
268.99	6.796E+1
269.36	5.340E+1
269.73	-5.097E+1
270.10	3.884E+1
270.47	6.796E+1
270.84	3.884E+1
271.21	4.126E+1
271.58	7.282E+1
271.95	7.282E+1
272.32	4.369E+1
272.69	2.913E+1
273.06	1.092E+2
273.43	4.126E+1
273.80	-2.184E+1
274.17	3.155E+1
274.53	0.000E+0
274.90	-7.282E+1
275.27	5.825E+1
275.64	1.359E+2
276.01	7.524E+1
276.38	6.796E+1
276.75	3.641E+1
277.12	-1.456E+1
277.49	1.456E+1
277.86	5.583E+1
278.22	1.942E+1
278.59	-4.369E+1
278.96	3.641E+1
279.33	-1.699E+1
279.70	8.253E+1
280.07	1.456E+1
280.44	7.524E+1
280.80	1.456E+1
281.17	3.155E+1
281.54	-1.214E+1
281.91	7.039E+1
282.28	7.282E+1
282.65	-9.952E+1
283.02	-8.981E+1
283.38	8.981E+1
283.75	1.942E+1
284.12	7.282E+0
284.49	2.913E+1
284.86	-7.282E+0
285.22	-2.670E+1
285.59	4.854E+0
285.96	1.942E+1
286.33	3.398E+1
286.70	-9.709E+0
287.06	9.709E+0
287.43	-5.583E+1
287.80	3.884E+1
288.17	9.466E+1
288.53	-4.854E+0
288.90	3.884E+1
289.27	2.427E+0
289.64	-1.456E+1
290.01	3.155E+1
290.37	-1.699E+1
290.74	4.854E+0
291.11	-1.214E+2
291.48	1.214E+1
291.84	-1.214E+1
292.21	1.019E+2
292.58	-1.214E+1
292.94	1.092E+2
293.31	-2.913E+1
293.68	7.282E+1
294.05	4.126E+1
294.41	-2.427E+0
294.78	8.253E+1
295.15	-9.709E+0
295.51	-4.126E+1
295.88	9.709E+0
296.25	-7.039E+1
296.61	-4.126E+1
296.98	9.709E+1
297.35	6.311E+1
297.72	-2.913E+1
298.08	8.010E+1
298.45	9.709E+0
298.82	-9.709E+0
299.18	3.641E+1
299.55	1.262E+2
299.91	-2.427E+0
300.28	-4.854E+1
300.65	1.019E+2
301.01	-3.884E+1
301.38	-5.340E+1
301.75	-4.612E+1
302.11	1.456E+2
302.48	6.068E+1
302.85	0.000E+0
303.21	1.214E+1
303.58	-1.456E+1
303.94	-5.340E+1
304.31	-3.155E+1
304.68	0.000E+0
305.04	-4.854E+1
305.41	-4.612E+1
305.77	-1.699E+1
306.14	-7.282E+0
306.51	4.369E+1
306.87	-6.796E+1
307.24	-9.223E+1
307.60	7.767E+1
307.97	-8.010E+1
308.33	8.981E+1
308.70	9.223E+1
309.07	1.214E+1
309.43	-1.456E+1
309.80	1.699E+1
310.16	1.553E+2
310.53	2.670E+1
310.89	2.184E+1
311.26	2.184E+1
311.62	-6.554E+1
311.99	-7.282E+1
312.35	6.311E+1
312.72	-8.253E+1
313.08	1.456E+1
313.45	-5.340E+1
313.81	9.952E+1
314.18	1.141E+2
314.54	3.641E+1
314.91	6.554E+1
315.27	-6.068E+1
315.64	4.369E+1
316.00	-7.282E+0
316.37	-1.214E+1
316.73	2.427E+1
317.10	1.942E+1
317.46	3.155E+1
317.83	8.010E+1
318.19	4.612E+1
318.56	2.670E+1
318.92	3.398E+1
319.28	-2.427E+0
319.65	2.913E+1
320.01	2.427E+0
320.38	-4.126E+1
320.74	-5.583E+1
321.11	-2.913E+1
321.47	6.796E+1
321.83	-4.612E+1
322.20	5.097E+1
322.56	1.214E+1
322.93	5.825E+1
323.29	-5.340E+1
323.66	3.155E+1
324.02	3.398E+1
324.38	4.369E+1
324.75	3.884E+1
325.11	3.641E+1
325.47	2.913E+1
325.84	-3.155E+1
326.20	-2.670E+1
326.57	-2.913E+1
326.93	7.282E+0
327.29	1.117E+2
327.66	8.981E+1
328.02	7.524E+1
328.38	2.427E+1
328.75	-1.214E+1
329.11	6.554E+1
329.47	-7.039E+1
329.84	0.000E+0
330.20	1.699E+1
330.56	-9.466E+1
330.93	-3.155E+1
331.29	-3.641E+1
331.65	7.767E+1
332.02	-4.369E+1
332.38	2.913E+1
332.74	2.427E+0
333.10	-5.583E+1
333.47	5.340E+1
333.83	1.699E+1
334.19	-4.854E+1
334.56	-9.709E+0
334.92	1.748E+2
335.28	1.214E+1
335.64	-4.126E+1
336.01	1.456E+1
336.37	9.709E+1
336.73	8.738E+1
337.09	1.456E+1
337.46	7.282E+0
337.82	4.612E+1
338.18	2.427E+1
338.54	6.311E+1
338.91	-1.214E+1
339.27	1.456E+1
339.63	1.214E+1
339.99	3.641E+1
340.36	7.039E+1
340.72	1.214E+1
341.08	1.214E+1
341.44	5.340E+1
341.80	-2.427E+1
342.17	-2.427E+0
342.53	4.854E+0
342.89	-2.427E+0
343.25	3.641E+1
343.61	4.612E+1
343.98	5.340E+1
344.34	6.068E+1
344.70	3.155E+1
345.06	2.913E+1
345.42	-2.184E+1
345.78	-2.670E+1
346.14	-7.767E+1
346.51	6.068E+1
346.87	7.767E+1
347.23	2.913E+1
347.59	-2.427E+0
347.95	7.282E+1
348.31	-7.039E+1
348.67	-1.942E+1
349.04	-1.456E+1
349.40	1.699E+1
349.76	-3.155E+1
350.12	-7.282E+1
350.48	2.913E+1
350.84	2.427E+0
351.20	-3.884E+1
351.56	2.427E+0
351.92	2.670E+1
352.28	7.767E+1
352.65	3.884E+1
353.01	-4.369E+1
353.37	-5.825E+1
353.73	0.000E+0
354.09	6.796E+1
354.45	-2.427E+1
354.81	-1.699E+1
355.17	0.000E+0
355.53	1.942E+1
355.89	4.369E+1
356.25	6.068E+1
356.61	1.699E+1
356.97	-9.709E+0
357.33	-5.825E+1
357.69	1.918E+2
358.05	5.825E+1
358.41	5.583E+1
358.77	6.311E+1
359.13	-1.456E+1
359.49	-3.641E+1
359.85	-3.884E+1
360.21	4.854E+1
360.57	2.670E+1
360.93	3.641E+1
361.29	7.767E+1
361.65	1.942E+1
362.01	-4.854E+0
362.37	1.214E+2
362.73	-7.282E+0
363.09	9.709E+0
363.45	5.340E+1
363.81	-7.282E+0
364.17	7.282E+0
364.53	5.097E+1
364.89	-1.456E+1
365.25	7.039E+1
365.61	9.709E+0
365.97	1.942E+1
366.33	7.524E+1
366.69	-4.612E+1
367.05	8.253E+1
367.40	-3.884E+1
367.76	-8.253E+1
368.12	2.427E+1
368.48	-1.942E+1
368.84	-7.282E+0
369.20	9.709E+0
369.56	4.126E+1
369.92	1.699E+1
370.28	4.854E+0
370.63	5.583E+1
370.99	-2.427E+1
371.35	8.738E+1
371.71	1.311E+2
372.07	5.097E+1
372.43	1.214E+1
372.79	3.641E+1
373.15	-3.884E+1
373.50	2.427E+0
373.86	-4.854E+0
374.22	4.854E+1
374.58	-2.670E+1
374.94	4.369E+1
375.30	-2.670E+1
375.65	-7.282E+0
376.01	8.738E+1
376.37	8.738E+1
376.73	2.427E+0
377.09	6.311E+1
377.44	8.495E+1
377.80	-4.369E+1
378.16	-9.223E+1
378.52	-5.340E+1
378.88	5.097E+1
379.23	3.398E+1
379.59	7.282E+0
379.95	6.554E+1
380.31	1.214E+1
380.66	-9.952E+1
381.02	7.282E+0
381.38	-6.311E+1
381.74	1.529E+2
382.09	-1.942E+1
382.45	6.311E+1
382.81	1.068E+2
383.17	4.612E+1
383.52	9.223E+1
383.88	-2.427E+1
384.24	5.097E+1
384.60	1.602E+2
384.95	-5.340E+1
385.31	5.583E+1
385.67	7.524E+1
386.02	6.796E+1
386.38	1.214E+1
386.74	9.466E+1
387.10	-2.913E+1
387.45	7.039E+1
387.81	-5.825E+1
388.17	2.184E+1
388.52	-9.709E+0
388.88	6.311E+1
389.24	3.155E+1
389.59	4.854E+1
389.95	6.554E+1
390.31	1.942E+1
390.66	4.612E+1
391.02	5.583E+1
391.38	4.854E+1
391.73	1.214E+2
392.09	7.767E+1
392.44	-1.942E+1
392.80	1.262E+2
393.16	7.767E+1
393.51	-1.214E+1
393.87	1.456E+1
394.23	-9.223E+1
394.58	2.427E+1
394.94	-2.913E+1
395.29	-2.913E+1
395.65	3.155E+1
396.01	9.466E+1
396.36	4.126E+1
396.72	-4.369E+1
397.07	1.456E+2
397.43	1.165E+2
397.78	-2.184E+1
398.14	5.097E+1
398.50	4.612E+1
398.85	1.942E+1
399.21	9.709E+0
399.56	1.214E+1
399.92	8.010E+1
400.27	3.884E+1
400.63	-4.854E+0
400.98	1.359E+2
401.34	8.495E+1
401.69	1.456E+1
402.05	3.398E+1
402.40	1.820E+2
402.76	1.456E+1
403.11	2.427E+1
403.47	8.010E+1
403.82	2.184E+1
404.18	1.092E+2
404.53	-3.155E+1
404.89	5.583E+1
405.24	1.214E+1
405.60	3.155E+1
405.95	-7.282E+0
406.31	-3.155E+1
406.66	6.554E+1
407.02	1.578E+2
407.37	7.282E+1
407.73	7.039E+1
408.08	6.796E+1
408.44	5.097E+1
408.79	1.286E+2
409.14	1.141E+2
409.50	1.165E+2
409.85	7.282E+1
410.21	6.311E+1
410.56	1.165E+2
410.92	1.553E+2
411.27	2.913E+1
411.62	1.044E+2
411.98	7.524E+1
412.33	6.796E+1
412.69	1.359E+2
413.04	4.854E+1
413.39	1.019E+2
413.75	4.854E+1
414.10	3.398E+1
414.45	1.214E+2
414.81	1.165E+2
415.16	1.578E+2
415.52	4.854E+0
415.87	9.952E+1
416.22	9.466E+1
416.58	1.262E+2
416.93	1.141E+2
417.28	1.626E+2
417.64	6.068E+1
417.99	1.432E+2
418.34	2.039E+2
418.70	2.476E+2
419.05	2.573E+2
419.40	1.820E+2
419.76	1.286E+2
420.11	1.748E+2
420.46	1.286E+2
420.81	2.791E+2
421.17	2.767E+2
421.52	1.456E+2
421.87	2.379E+2
422.23	3.301E+2
422.58	4.563E+2
422.93	3.762E+2
423.28	3.592E+2
423.64	3.617E+2
423.99	5.437E+2
424.34	4.515E+2
424.69	4.126E+2
425.05	4.223E+2
425.40	6.238E+2
425.75	6.165E+2
426.10	6.335E+2
426.46	5.898E+2
426.81	6.723E+2
427.16	8.083E+2
427.51	7.646E+2
427.87	8.107E+2
428.22	7.961E+2
428.57	8.932E+2
428.92	1.024E+3
429.27	1.119E+3
429.63	1.002E+3
429.98	1.073E+3
430.33	1.252E+3
430.68	1.284E+3
431.03	1.427E+3
431.38	1.483E+3
431.74	1.604E+3
432.09	1.752E+3
432.44	1.765E+3
432.79	1.820E+3
433.14	2.007E+3
433.49	2.019E+3
433.85	2.391E+3
434.20	2.413E+3
434.55	2.536E+3
434.90	2.738E+3
435.25	2.675E+3
435.60	3.017E+3
435.95	3.027E+3
436.30	3.177E+3
436.66	3.495E+3
437.01	3.638E+3
437.36	3.745E+3
437.71	4.097E+3
438.06	4.260E+3
438.41	4.437E+3
438.76	4.947E+3
439.11	4.837E+3
439.46	5.151E+3
439.81	5.490E+3
440.16	5.791E+3
440.52	6.240E+3
440.87	6.507E+3
441.22	6.663E+3
441.57	7.328E+3
441.92	7.702E+3
442.27	7.881E+3
442.62	8.546E+3
442.97	8.709E+3
443.32	9.787E+3
443.67	9.969E+3
444.02	1.059E+4
444.37	1.131E+4
444.72	1.194E+4
445.07	1.215E+4
445.42	1.300E+4
445.77	1.356E+4
446.12	1.411E+4
446.47	1.510E+4
446.82	1.592E+4
447.17	1.660E+4
447.52	1.755E+4
447.87	1.808E+4
448.22	1.908E+4
448.57	1.994E+4
448.92	2.081E+4
449.27	2.183E+4
449.62	2.305E+4
449.97	2.424E+4
450.32	2.532E+4
450.66	2.625E+4
451.01	2.777E+4
451.36	2.890E+4
451.71	2.982E+4
452.06	3.064E+4
452.41	3.337E+4
452.76	3.416E+4
453.11	3.530E+4
453.46	3.654E+4
453.81	3.792E+4
454.16	3.868E+4
454.51	3.971E+4
454.85	4.142E+4
455.20	4.199E+4
455.55	4.412E+4
455.90	4.480E+4
456.25	4.625E+4
456.60	4.718E+4
456.95	4.780E+4
457.30	4.833E+4
457.64	5.035E+4
457.99	5.071E+4
458.34	5.091E+4
458.69	5.075E+4
459.04	5.181E+4
459.39	5.116E+4
459.73	5.227E+4
460.08	5.194E+4
460.43	5.215E+4
460.78	5.241E+4
461.13	5.264E+4
461.48	5.130E+4
461.82	5.111E+4
462.17	5.077E+4
462.52	5.043E+4
462.87	5.001E+4
463.21	4.939E+4
463.56	4.816E+4
463.91	4.777E+4
464.26	4.710E+4
464.61	4.608E+4
464.95	4.555E+4
465.30	4.501E+4
465.65	4.395E+4
466.00	4.223E+4
466.34	4.186E+4
466.69	4.048E+4
467.04	4.035E+4
467.39	3.927E+4
467.73	3.795E+4
468.08	3.647E+4
468.43	3.629E+4
468.77	3.557E+4
469.12	3.548E+4
469.47	3.445E+4
469.82	3.383E+4
470.16	3.272E+4
470.51	3.260E+4
470.86	3.207E+4
471.20	3.113E+4
471.55	3.053E+4
471.90	3.049E+4
472.24	3.007E+4
472.59	2.920E+4
472.94	2.901E+4
473.28	2.817E+4
473.63	2.801E+4
473.98	2.690E+4
474.32	2.706E+4
474.67	2.641E+4
475.02	2.611E+4
475.36	2.576E+4
475.71	2.531E+4
476.06	2.458E+4
476.40	2.456E+4
476.75	2.399E+4
477.09	2.343E+4
477.44	2.310E+4
477.79	2.244E+4
478.13	2.197E+4
478.48	2.163E+4
478.82	2.129E+4
479.17	2.087E+4
479.52	2.040E+4
479.86	1.967E+4
480.21	1.911E+4
480.55	1.893E+4
480.90	1.827E+4
481.24	1.797E+4
481.59	1.742E+4
481.94	1.687E+4
482.28	1.622E+4
482.63	1.571E+4
482.97	1.558E+4
483.32	1.490E+4
483.66	1.485E+4
484.01	1.410E+4
484.35	1.375E+4
484.70	1.351E+4
485.04	1.307E+4
485.39	1.253E+4
485.73	1.223E+4
486.08	1.173E+4
486.42	1.147E+4
486.77	1.125E+4
487.11	1.071E+4
487.46	1.021E+4
487.80	1.002E+4
488.15	9.726E+3
488.49	9.396E+3
488.84	9.012E+3
489.18	9.003E+3
489.53	8.891E+3
489.87	8.437E+3
490.21	8.323E+3
490.56	7.893E+3
490.90	7.604E+3
491.25	7.597E+3
491.59	7.296E+3
491.94	7.294E+3
492.28	6.884E+3
492.62	6.607E+3
492.97	6.371E+3
493.31	6.270E+3
493.66	6.158E+3
494.00	6.136E+3
494.34	5.760E+3
494.69	5.675E+3
495.03	5.311E+3
495.38	5.117E+3
495.72	4.986E+3
496.06	5.036E+3
496.41	4.740E+3
496.75	4.665E+3
497.09	4.364E+3
497.44	4.182E+3
497.78	4.330E+3
498.13	3.954E+3
498.47	3.794E+3
498.81	3.653E+3
499.16	3.646E+3
499.50	3.471E+3
499.84	3.335E+3
500.19	3.223E+3
500.53	3.248E+3
500.87	3.002E+3
501.21	3.002E+3
501.56	3.002E+3
501.90	2.607E+3
502.24	2.697E+3
502.59	2.466E+3
502.93	2.444E+3
503.27	2.418E+3
503.61	2.347E+3
503.96	2.328E+3
504.30	2.291E+3
504.64	2.056E+3
504.99	2.151E+3
505.33	1.956E+3
505.67	1.828E+3
506.01	1.893E+3
506.36	1.828E+3
506.70	1.852E+3
507.04	1.687E+3
507.38	1.619E+3
507.72	1.665E+3
508.07	1.602E+3
508.41	1.454E+3
508.75	1.498E+3
509.09	1.468E+3
509.44	1.318E+3
509.78	1.301E+3
510.12	1.206E+3
510.46	1.303E+3
510.80	1.274E+3
511.14	1.163E+3
511.49	1.126E+3
511.83	1.126E+3
512.17	1.180E+3
512.51	1.177E+3
512.85	1.034E+3
513.19	9.709E+2
513.54	9.660E+2
513.88	8.908E+2
514.22	8.641E+2
514.56	8.034E+2
514.90	7.816E+2
515.24	8.471E+2
515.58	8.714E+2
515.93	7.573E+2
516.27	7.063E+2
516.61	6.723E+2
516.95	6.602E+2
517.29	6.675E+2
517.63	6.456E+2
517.97	5.291E+2
518.31	5.995E+2
518.65	5.049E+2
518.99	6.141E+2
519.33	5.753E+2
519.67	5.898E+2
520.02	4.782E+2
520.36	4.612E+2
520.70	5.097E+2
521.04	4.733E+2
521.38	4.733E+2
521.72	5.146E+2
522.06	4.199E+2
522.40	4.587E+2
522.74	4.248E+2
523.08	3.981E+2
523.42	3.738E+2
523.76	4.369E+2
524.10	4.466E+2
524.44	3.981E+2
524.78	4.126E+2
525.12	3.034E+2
525.46	1.602E+2
525.80	2.621E+2
526.14	3.932E+2
526.48	2.791E+2
526.82	2.816E+2
527.16	2.743E+2
527.50	1.845E+2
527.84	3.034E+2
528.18	2.451E+2
528.52	3.155E+2
528.86	1.918E+2
529.20	2.282E+2
529.54	1.214E+2
529.87	3.495E+2
530.21	2.500E+2
530.55	2.354E+2
530.89	2.791E+2
531.23	2.257E+2
531.57	2.621E+2
531.91	1.408E+2
532.25	1.796E+2
532.59	1.723E+2
532.93	2.087E+2
533.27	9.223E+1
533.60	2.694E+2
533.94	1.772E+2
534.28	2.136E+2
534.62	2.597E+2
534.96	1.238E+2
535.30	4.612E+1
535.64	2.087E+2
535.98	1.311E+2
536.31	1.699E+2
536.65	1.529E+2
536.99	1.359E+2
537.33	1.481E+2
537.67	1.966E+2
538.01	4.612E+1
538.34	8.010E+1
538.68	1.359E+2
539.02	4.612E+1
539.36	9.952E+1
539.70	2.306E+2
540.03	1.286E+2
540.37	5.825E+1
540.71	1.748E+2
541.05	1.311E+2
541.39	1.918E+2
541.72	1.019E+2
542.06	1.019E+2
542.40	-2.427E+1
542.74	7.039E+1
543.07	1.335E+2
543.41	7.039E+1
543.75	5.097E+1
544.09	3.641E+1
544.42	1.214E+2
544.76	1.699E+1
545.10	7.767E+1
545.44	5.583E+1
545.77	1.456E+2
546.11	8.495E+1
546.45	5.340E+1
546.78	7.282E+1
547.12	4.126E+1
547.46	1.068E+2
547.80	1.092E+2
548.13	1.214E+1
548.47	1.092E+2
548.81	5.583E+1
549.14	1.311E+2
549.48	0.000E+0
549.82	6.068E+1
550.15	4.612E+1
550.49	1.529E+2
550.83	1.529E+2
551.16	-4.854E+0
551.50	1.019E+2
551.84	-1.214E+1
552.17	3.398E+1
552.51	9.952E+1
552.84	2.184E+1
553.18	1.626E+2
553.52	1.869E+2
553.85	-4.126E+1
554.19	8.253E+1
554.53	6.796E+1
554.86	4.854E+0
555.20	3.155E+1
555.53	-4.854E+1
555.87	4.612E+1
556.20	2.427E+1
556.54	-1.699E+1
556.88	3.155E+1
557.21	-5.340E+1
557.55	-2.184E+1
557.88	1.141E+2
558.22	1.456E+1
558.55	-7.039E+1
558.89	1.432E+2
559.23	4.854E+1
559.56	0.000E+0
559.90	2.184E+1
560.23	-4.854E+0
560.57	1.092E+2
560.90	2.427E+1
561.24	9.709E+0
561.57	-1.214E+1
561.91	7.524E+1
562.24	2.184E+1
562.58	7.039E+1
562.91	-1.942E+1
563.25	7.039E+1
563.58	7.524E+1
563.92	2.427E+0
564.25	1.942E+1
564.59	-8.738E+1
564.92	4.854E+1
565.25	-3.398E+1
565.59	-3.884E+1
565.92	3.884E+1
566.26	-4.854E+0
566.59	-1.019E+2
566.93	2.427E+0
567.26	-2.913E+1
567.60	-1.456E+1
567.93	1.723E+2
568.26	2.184E+1
568.60	4.854E+0
568.93	1.068E+2
569.27	-5.097E+1
569.60	1.699E+1
569.93	1.408E+2
570.27	-1.699E+1
570.60	7.282E+1
570.94	-9.709E+0
571.27	6.554E+1
571.60	-4.126E+1
571.94	1.335E+2
572.27	7.282E+0
572.60	4.854E+0
572.94	4.854E+1
573.27	-5.825E+1
573.60	1.942E+1
573.94	6.311E+1
574.27	6.068E+1
574.60	-4.854E+0
574.94	-1.359E+2
575.27	1.456E+1
575.60	3.641E+1
575.94	1.942E+1
576.27	-7.524E+1
576.60	-1.942E+1
576.94	1.699E+1
577.27	5.340E+1
577.60	-6.311E+1
577.94	2.670E+1
578.27	1.456E+1
578.60	4.854E+0
578.93	7.282E+0
579.27	-7.282E+0
579.60	9.709E+0
579.93	8.495E+1
580.26	6.554E+1
580.60	2.427E+0
580.93	-4.854E+0
581.26	2.427E+1
581.59	3.641E+1
581.93	7.282E+1
582.26	7.282E+1
582.59	5.583E+1
582.92	-4.612E+1
583.25	3.884E+1
583.59	4.612E+1
583.92	-3.641E+1
584.25	-1.141E+2
584.58	6.068E+1
584.91	-4.854E+0
585.25	-2.913E+1
585.58	7.767E+1
585.91	6.796E+1
586.24	-5.340E+1
586.57	1.384E+2
586.90	6.311E+1
587.24	7.767E+1
587.57	-9.709E+0
587.90	-1.699E+1
588.23	4.126E+1
588.56	2.427E+0
588.89	9.709E+0
589.22	-9.709E+0
589.56	-5.825E+1
589.89	4.369E+1
590.22	5.097E+1
590.55	-1.456E+1
590.88	9.223E+1
591.21	-1.456E+1
591.54	2.670E+1
591.87	-2.913E+1
592.20	6.068E+1
592.53	7.039E+1
592.87	-3.641E+1
593.20	4.369E+1
593.53	1.214E+2
593.86	1.384E+2
594.19	1.456E+1
594.52	-4.369E+1
594.85	5.583E+1
595.18	-3.155E+1
595.51	-4.612E+1
595.84	-5.097E+1
596.17	3.641E+1
596.50	5.583E+1
596.83	2.427E+0
597.16	9.223E+1
597.49	-5.097E+1
597.82	3.398E+1
598.15	9.709E+0
598.48	2.184E+1
598.81	-1.214E+1
599.14	8.253E+1
599.47	1.214E+1
599.80	-3.884E+1
600.13	3.641E+1
600.46	-9.466E+1
600.79	1.286E+2
601.12	4.369E+1
601.45	-7.767E+1
601.78	9.709E+1
602.11	-9.709E+0
602.44	-7.282E+0
602.77	1.481E+2
603.10	1.068E+2
603.42	8.253E+1
603.75	-2.913E+1
604.08	3.884E+1
604.41	-1.699E+1
604.74	-1.942E+1
605.07	2.184E+1
605.40	-3.398E+1
605.73	1.456E+1
606.06	-3.155E+1
606.39	-5.340E+1
606.71	2.427E+1
607.04	7.039E+1
607.37	-5.583E+1
607.70	-1.942E+1
608.03	2.670E+1
608.36	-2.184E+1
608.69	9.466E+1
609.02	7.039E+1
609.34	4.854E+0
609.67	6.554E+1
610.00	2.184E+1
610.33	7.767E+1
610.66	-7.282E+0
610.98	-7.039E+1
611.31	-1.942E+1
611.64	7.039E+1
611.97	9.709E+1
612.30	1.699E+1
612.63	3.641E+1
612.95	-4.854E+0
613.28	-2.913E+1
613.61	-3.884E+1
613.94	4.854E+1
614.26	-1.456E+1
614.59	-2.427E+0
614.92	9.223E+1
615.25	-9.709E+0
615.57	3.884E+1
615.90	-8.010E+1
616.23	1.942E+1
616.56	-5.583E+1
616.88	-9.709E+0
617.21	-9.709E+0
617.54	1.019E+2
617.87	4.369E+1
618.19	-4.854E+1
618.52	-2.913E+1
618.85	5.340E+1
619.17	5.097E+1
619.50	-2.670E+1
619.83	-4.854E+1
620.15	3.398E+1
620.48	-2.670E+1
620.81	5.583E+1
621.14	3.398E+1
621.46	-1.456E+1
621.79	-2.427E+0
622.11	-9.223E+1
622.44	1.456E+1
622.77	8.981E+1
623.09	7.282E+0
623.42	1.942E+1
623.75	-2.427E+0
624.07	1.699E+1
624.40	9.709E+0
624.73	-5.583E+1
625.05	-2.427E+1
625.38	2.913E+1
625.70	-6.311E+1
626.03	2.913E+1
626.36	5.583E+1
626.68	8.981E+1
627.01	-2.427E+1
627.33	7.039E+1
627.66	-3.884E+1
627.99	6.068E+1
628.31	-9.709E+1
628.64	3.155E+1
628.96	0.000E+0
629.29	2.913E+1
629.61	4.854E+1
629.94	9.709E+0
630.26	-1.699E+1
630.59	4.369E+1
630.91	-4.854E+1
631.24	5.340E+1
631.57	6.796E+1
631.89	2.427E+1
632.22	-4.612E+1
632.54	5.825E+1
632.87	-7.282E+0
633.19	3.398E+1
633.52	3.155E+1
633.84	-4.612E+1
634.16	3.398E+1
634.49	4.369E+1
634.81	4.126E+1
635.14	1.699E+1
635.46	-7.282E+0
635.79	6.068E+1
636.11	-5.583E+1
636.44	-1.942E+1
636.76	7.039E+1
637.09	0.000E+0
637.41	7.524E+1
637.73	-4.854E+0
638.06	-2.913E+1
638.38	2.427E+0
638.71	-1.214E+2
639.03	1.019E+2
639.36	-1.699E+1
639.68	-1.068E+2
640.00	-2.427E+0
640.33	7.039E+1
640.65	-7.282E+0
640.97	-7.282E+1
641.30	-2.913E+1
641.62	-1.092E+2
641.95	-5.340E+1
642.27	-5.097E+1
642.59	4.612E+1
642.92	8.253E+1
643.24	5.340E+1
643.56	-2.427E+0
643.89	-2.913E+1
644.21	1.699E+1
644.53	1.214E+1
644.86	-2.670E+1
645.18	-1.068E+2
645.50	-3.398E+1
645.83	2.913E+1
646.15	-1.456E+1
646.47	5.340E+1
646.80	2.427E+1
647.12	-2.184E+1
647.44	1.165E+2
647.76	-2.427E+0
648.09	3.641E+1
648.41	-7.282E+0
648.73	-8.253E+1
649.05	1.942E+1
649.38	6.554E+1
649.70	-3.398E+1
650.02	5.825E+1
650.34	-1.820E+2
650.67	6.311E+1
650.99	-1.311E+2
651.31	2.427E+0
651.63	-7.767E+1
651.96	6.068E+1
652.28	1.214E+1
652.60	1.699E+1
652.92	3.641E+1
653.24	-1.456E+1
653.57	4.854E+1
653.89	1.311E+2
654.21	-5.097E+1
654.53	-5.340E+1
654.85	6.554E+1
655.18	2.913E+1
655.50	2.184E+1
655.82	1.214E+1
656.14	1.820E+2
656.46	3.884E+1
656.78	-5.825E+1
657.10	8.738E+1
657.43	1.214E+2
657.75	1.262E+2
658.07	4.369E+1
658.39	9.709E+1
658.71	-3.398E+1
659.03	5.097E+1
659.35	-8.253E+1
659.67	5.097E+1
659.99	-6.796E+1
660.32	-8.010E+1
660.64	2.427E+0
660.96	6.068E+1
661.28	-6.554E+1
661.60	7.282E+1
661.92	7.039E+1
662.24	4.612E+1
662.56	2.184E+1
662.88	5.825E+1
663.20	1.699E+1
663.52	3.641E+1
663.84	-3.155E+1
664.16	-4.126E+1
664.48	4.369E+1
664.80	7.767E+1
665.12	-9.223E+1
665.44	-1.456E+1
665.76	-4.854E+0
666.08	3.155E+1
666.40	-9.223E+1
666.72	-4.126E+1
667.04	-1.214E+1
667.36	6.554E+1
667.68	-4.854E+1
668.00	1.699E+1
668.32	3.398E+1
668.64	7.524E+1
668.96	-4.854E+1
669.28	3.398E+1
669.60	1.699E+1
669.92	-1.189E+2
670.24	1.311E+2
670.56	1.456E+1
670.88	-1.699E+1
671.20	-1.942E+1
671.52	5.583E+1
671.84	2.427E+0
672.16	5.583E+1
672.47	3.884E+1
672.79	4.369E+1
673.11	6.068E+1
673.43	-4.854E+1
673.75	-7.524E+1
674.07	-1.456E+1
674.39	4.612E+1
674.71	1.529E+2
675.03	2.913E+1
675.34	2.427E+0
675.66	1.699E+1
675.98	-6.068E+1
676.30	-1.456E+2
676.62	-9.709E+0
676.94	1.699E+1
677.25	7.767E+1
677.57	4.126E+1
677.89	-2.427E+1
678.21	-9.223E+1
678.53	2.427E+0
678.85	-9.709E+1
679.16	-2.427E+0
679.48	4.126E+1
679.80	-3.641E+1
680.12	7.767E+1
680.44	-7.767E+1
680.75	8.010E+1
681.07	-2.184E+1
681.39	1.189E+2
681.71	-6.311E+1
682.02	6.311E+1
682.34	7.767E+1
682.66	9.709E+0
682.98	7.282E+0
683.29	-7.282E+0
683.61	-2.184E+1
683.93	5.825E+1
684.25	-1.942E+1
684.56	2.427E+0
684.88	6.068E+1
685.20	4.854E+0
685.51	5.340E+1
685.83	-3.398E+1
686.15	-2.427E+0
686.47	1.019E+2
686.78	-7.282E+0
687.10	-7.282E+0
687.42	5.097E+1
687.73	-4.854E+0
688.05	-7.282E+0
688.37	3.155E+1
688.68	7.282E+0
689.00	-5.583E+1
689.32	-2.427E+0
689.63	-4.369E+1
689.95	-7.524E+1
690.26	8.495E+1
690.58	2.670E+1
690.90	-2.427E+0
691.21	-4.126E+1
691.53	-6.311E+1
691.85	8.981E+1
692.16	-2.427E+1
692.48	1.214E+1
692.79	-8.981E+1
693.11	-9.466E+1
693.42	-2.913E+1
693.74	7.282E+0
694.06	3.398E+1
694.37	1.286E+2
694.69	6.068E+1
695.00	-1.456E+1
695.32	7.767E+1
695.63	3.641E+1
695.95	-9.223E+1
696.26	0.000E+0
696.58	1.092E+2
696.90	-8.253E+1
697.21	-3.884E+1
697.53	2.427E+0
697.84	-2.427E+1
698.16	-9.709E+1
698.47	2.427E+0
698.79	-4.854E+0
699.10	5.583E+1
699.42	-2.184E+1
699.73	5.340E+1
700.05	8.010E+1
700.36	1.214E+1
700.68	4.369E+1
700.99	8.495E+1
701.30	4.126E+1
701.62	9.709E+0
701.93	8.738E+1
702.25	-7.282E+0
702.56	0.000E+0
702.88	-9.709E+0
703.19	3.884E+1
703.50	9.709E+1
703.82	4.854E+1
704.13	-8.738E+1
704.45	4.369E+1
704.76	1.165E+2
705.08	0.000E+0
705.39	-4.854E+1
705.70	1.942E+1
706.02	2.670E+1
706.33	0.000E+0
706.64	-9.709E+0
706.96	-9.709E+0
707.27	-6.311E+1
707.59	1.456E+2
707.90	3.884E+1
708.21	2.913E+1
708.53	-5.340E+1
708.84	2.427E+0
709.15	1.942E+1
709.47	-7.767E+1
709.78	4.854E+1
710.09	-7.039E+1
710.41	-2.913E+1
710.72	-9.709E+0
711.03	1.942E+1
711.34	-3.398E+1
711.66	-4.854E+1
711.97	-9.709E+0
712.28	-4.854E+0
712.60	9.709E+0
712.91	7.524E+1
713.22	-1.942E+1
713.53	9.709E+0
713.85	3.155E+1
714.16	4.854E+0
714.47	2.913E+1
714.78	-6.796E+1
715.10	-2.427E+1
715.41	2.427E+1
715.72	2.670E+1
716.03	5.825E+1
716.35	6.311E+1
716.66	3.641E+1
716.97	-2.184E+1
717.28	3.884E+1
717.59	5.825E+1
717.91	-3.155E+1
718.22	4.854E+0
718.53	0.000E+0
718.84	0.000E+0
719.15	4.854E+1
719.46	-9.709E+0
719.78	-1.626E+2
720.09	4.854E+0
720.40	-9.709E+1
720.71	0.000E+0
721.02	2.427E+1
721.33	-4.854E+1
721.65	-1.699E+1
721.96	5.825E+1
722.27	1.214E+2
722.58	2.670E+1
722.89	6.311E+1
723.20	-1.942E+1
723.51	2.913E+1
723.82	7.282E+0
724.13	3.398E+1
724.45	3.155E+1
724.76	4.854E+1
725.07	1.117E+2
725.38	2.913E+1
725.69	6.068E+1
726.00	4.369E+1
726.31	9.709E+0
726.62	1.699E+1
726.93	4.854E+0
727.24	-1.942E+1
727.55	-8.010E+1
727.86	9.709E+0
728.17	9.709E+0
728.48	-4.126E+1
728.79	-6.311E+1
729.10	-3.398E+1
729.41	-1.942E+1
729.72	-7.282E+1
730.03	4.369E+1
730.34	3.641E+1
730.65	2.184E+1
730.96	-1.019E+2
731.27	-2.670E+1
731.58	-8.981E+1
731.89	-1.359E+2
732.20	-1.699E+1
732.51	-1.699E+1
732.82	3.884E+1
733.13	-7.767E+1
733.44	-4.854E+1
733.75	3.884E+1
734.06	0.000E+0
734.37	-6.796E+1
734.68	5.340E+1
734.98	9.709E+0
735.29	-2.913E+1
735.60	3.398E+1
735.91	2.427E+1
736.22	5.097E+1
736.53	8.738E+1
736.84	2.913E+1
737.15	2.427E+0
737.46	-1.335E+2
737.77	-9.709E+0
738.07	1.068E+2
738.38	1.456E+1
738.69	7.282E+1
739.00	-9.709E+0
739.31	5.825E+1
739.62	3.884E+1
739.92	-1.286E+2
740.23	-8.010E+1
740.54	9.709E+0
740.85	-6.796E+1
741.16	-7.767E+1
741.47	1.456E+1
741.77	-1.068E+2
742.08	-1.942E+1
742.39	0.000E+0
742.70	4.854E+0
743.01	8.010E+1
743.31	-1.456E+1
743.62	-1.456E+1
743.93	-5.825E+1
744.24	-6.554E+1
744.54	9.709E+0
744.85	-2.427E+0
745.16	-6.068E+1
745.47	4.369E+1
745.77	3.884E+1
746.08	2.427E+1
746.39	5.340E+1
746.70	4.612E+1
747.00	-7.282E+0
747.31	-2.913E+1
747.62	-2.670E+1
747.92	5.097E+1
748.23	6.311E+1
748.54	-9.709E+0
748.84	9.709E+1
749.15	4.369E+1
749.46	-4.854E+0
749.76	1.214E+1
750.07	-2.427E+1
750.38	-9.709E+0
750.68	2.184E+1
750.99	-5.583E+1
751.30	8.253E+1
751.60	3.641E+1
751.91	-1.456E+1
752.22	1.456E+1
752.52	3.155E+1
752.83	-3.155E+1
753.14	1.942E+1
753.44	2.184E+1
753.75	-3.641E+1
754.05	6.311E+1
754.36	1.942E+1
754.67	5.825E+1
754.97	8.253E+1
755.28	2.184E+1
755.58	9.466E+1
755.89	0.000E+0
756.19	1.019E+2
756.50	1.699E+1
756.81	4.854E+1
757.11	7.282E+1
757.42	1.942E+1
757.72	-2.670E+1
758.03	4.369E+1
758.33	1.942E+1
758.64	-1.214E+1
758.94	6.796E+1
759.25	-6.796E+1
759.55	-6.554E+1
759.86	-1.019E+2
760.16	3.884E+1
760.47	9.223E+1
760.77	-4.369E+1
761.08	-8.981E+1
761.38	-3.641E+1
761.69	-2.913E+1
761.99	1.699E+1
762.30	-4.126E+1
762.60	1.456E+1
762.91	-1.699E+1
763.21	1.942E+1
763.51	3.884E+1
763.82	-2.913E+1
764.12	4.612E+1
764.43	-5.583E+1
764.73	-9.709E+0
765.04	-4.854E+1
765.34	-4.854E+1
765.64	-6.311E+1
765.95	-4.854E+1
766.25	7.282E+1
766.56	-2.427E+1
766.86	1.942E+1
767.16	5.583E+1
767.47	3.884E+1
767.77	1.699E+1
768.07	-2.427E+0
768.38	-5.340E+1
768.68	-1.068E+2
768.98	-3.398E+1
769.29	5.340E+1
769.59	4.854E+0
769.89	2.670E+1
770.20	-6.311E+1
770.50	5.583E+1
770.80	-3.155E+1
771.11	7.524E+1
771.41	6.796E+1
771.71	-6.554E+1
772.02	-3.155E+1
772.32	5.340E+1
772.62	1.262E+2
772.93	7.282E+1
773.23	-4.854E+1
773.53	-3.884E+1
773.83	-7.282E+0
774.14	-8.253E+1
774.44	-6.554E+1
774.74	-3.884E+1
775.04	5.340E+1
775.35	6.554E+1
775.65	-2.670E+1
775.95	-2.913E+1
776.25	-2.427E+1
776.55	-3.641E+1
776.86	-5.825E+1
777.16	2.184E+1
777.46	8.738E+1
777.76	-1.044E+2
778.06	-7.524E+1
778.37	2.913E+1
778.67	1.942E+1
778.97	-4.854E+0
779.27	-5.097E+1
779.57	1.141E+2
779.88	1.456E+1
780.18	3.884E+1
780.48	-7.282E+0
780.78	3.398E+1
781.08	3.641E+1
781.38	-5.583E+1
781.68	0.000E+0
781.98	3.884E+1
782.29	7.039E+1
782.59	1.505E+2
782.89	-1.699E+1
783.19	-3.884E+1
783.49	-3.884E+1
783.79	-2.427E+0
784.09	-3.641E+1
784.39	-4.126E+1
784.69	-6.311E+1
784.99	4.854E+1
785.30	-4.612E+1
785.60	2.427E+0
785.90	1.286E+2
786.20	-5.097E+1
786.50	-1.068E+2
786.80	3.641E+1
787.10	-1.456E+1
787.40	-7.767E+1
787.70	-6.068E+1
788.00	4.854E+0
788.30	1.456E+1
788.60	3.155E+1
788.90	-1.942E+1
789.20	-4.369E+1
789.50	-4.126E+1
789.80	2.427E+0
790.10	-9.223E+1
790.40	9.709E+0
790.70	-6.554E+1
791.00	7.039E+1
791.30	7.524E+1
791.60	7.282E+0
791.90	9.709E+0
792.20	-5.583E+1
792.50	-3.155E+1
792.79	1.942E+1
793.09	-8.010E+1
793.39	9.709E+0
793.69	3.155E+1
793.99	-4.854E+1
794.29	2.913E+1
794.59	2.913E+1
794.89	8.253E+1
795.19	6.796E+1
795.49	-3.398E+1
795.79	5.825E+1
796.08	-4.369E+1
796.38	2.184E+1
796.68	0.000E+0
796.98	2.184E+1
797.28	4.854E+1
797.58	2.184E+1
797.88	-1.044E+2
798.17	-6.796E+1
798.47	-3.155E+1
798.77	2.427E+1
799.07	4.854E+0
799.37	8.738E+1
799.67	-4.854E+0
799.96	2.427E+0
800.26	2.670E+1
800.56	-2.184E+1
800.86	0.000E+0
801.16	-2.184E+1
801.45	-4.369E+1
801.75	-5.825E+1
802.05	-8.253E+1
802.35	2.427E+1
802.64	4.369E+1
802.94	-8.495E+1
803.24	9.709E+1
803.54	4.612E+1
803.83	1.214E+1
804.13	-7.524E+1
804.43	5.340E+1
804.73	3.884E+1
805.02	3.398E+1
805.32	4.612E+1
805.62	4.369E+1
805.91	-2.184E+1
806.21	-1.942E+1
806.51	-5.583E+1
806.81	-1.214E+1
807.10	-3.641E+1
807.40	7.282E+0
807.70	9.709E+0
807.99	1.699E+1
808.29	-7.767E+1
808.59	-3.641E+1
808.88	1.942E+1
809.18	-4.854E+0
809.47	4.612E+1
809.77	2.427E+1
810.07	8.495E+1
810.36	-1.456E+1
810.66	3.641E+1
810.96	7.524E+1
811.25	-2.184E+1
811.55	-2.427E+0
811.84	-8.010E+1
812.14	2.427E+1
812.44	1.384E+2
812.73	-6.068E+1
813.03	-4.126E+1
813.32	-4.854E+0
813.62	-1.141E+2
813.91	-3.398E+1
814.21	1.141E+2
814.51	-3.884E+1
814.80	-6.068E+1
815.10	3.155E+1
815.39	8.010E+1
815.69	5.340E+1
815.98	3.884E+1
816.28	-4.854E+0
816.57	2.184E+1
816.87	-6.068E+1
817.16	1.699E+1
817.46	1.942E+1
817.75	-6.068E+1
818.05	-7.282E+1
818.34	4.854E+0
818.64	1.699E+1
818.93	4.369E+1
819.23	-1.456E+1
819.52	-2.184E+1
819.82	-6.554E+1
820.11	-9.709E+1
820.40	-6.554E+1
820.70	-6.068E+1
820.99	-2.427E+0
821.29	4.126E+1
821.58	4.369E+1
821.88	-2.427E+0
822.17	8.010E+1
822.46	7.282E+0
822.76	3.641E+1
823.05	-3.155E+1
823.35	-5.583E+1
823.64	6.068E+1
823.93	1.214E+1
824.23	-3.884E+1
824.52	7.282E+0
824.81	9.223E+1
825.11	-6.796E+1
825.40	9.709E+0
825.69	-1.068E+2
825.99	-8.253E+1
826.28	-5.097E+1
826.58	4.854E+0
826.87	8.738E+1
827.16	-1.942E+1
827.45	-5.583E+1
827.75	-1.942E+1
828.04	-1.699E+1
828.33	-2.913E+1
828.63	2.913E+1
828.92	1.189E+2
829.21	1.456E+1
829.51	-3.884E+1
829.80	5.340E+1
830.09	-9.709E+0
830.38	1.456E+1
830.68	-5.583E+1
830.97	1.942E+1
831.26	2.427E+0
831.55	-6.796E+1
831.85	-3.641E+1
832.14	-6.311E+1
832.43	4.369E+1
832.72	-7.524E+1
833.01	-1.456E+1
833.31	-3.398E+1
833.60	-7.282E+0
833.89	8.495E+1
834.18	0.000E+0
834.47	4.612E+1
834.77	1.214E+1
835.06	3.884E+1
835.35	-6.796E+1
835.64	-8.253E+1
835.93	-5.825E+1
836.22	-2.427E+0
836.52	-3.398E+1
836.81	-8.253E+1
837.10	2.670E+1
837.39	0.000E+0
837.68	8.495E+1
837.97	2.427E+0
838.26	7.282E+0
838.55	-1.699E+1
838.85	6.311E+1
839.14	2.913E+1
839.43	2.913E+1
839.72	-2.913E+1
840.01	4.854E+1
840.30	-2.670E+1
840.59	3.398E+1
840.88	1.456E+2
841.17	-6.311E+1
841.46	1.942E+1
841.75	9.466E+1
842.04	8.981E+1
842.33	9.709E+0
842.62	-3.155E+1
842.91	0.000E+0
843.21	4.854E+0
843.50	-7.767E+1
843.79	7.282E+1
844.08	-4.126E+1
844.37	2.427E+1
844.66	-4.126E+1
844.95	-9.709E+0
845.24	2.427E+0
845.53	3.641E+1
845.81	-1.214E+1
846.10	3.398E+1
846.39	0.000E+0
846.68	-4.126E+1
846.97	-2.427E+1
847.26	-4.854E+1
847.55	3.641E+1
847.84	1.456E+1
848.13	-6.554E+1
848.42	-5.097E+1
848.71	-9.709E+0
849.00	-5.340E+1
849.29	5.583E+1
849.58	-4.854E+0
849.87	7.282E+0
850.15	-1.456E+1
850.44	2.427E+0
850.73	8.253E+1
851.02	-1.699E+1
851.31	7.039E+1
851.60	-6.068E+1
851.89	-9.709E+0
852.18	4.126E+1
852.46	-2.184E+1
852.75	-6.068E+1
853.04	-2.427E+1
853.33	-2.913E+1
853.62	4.854E+1
853.91	7.282E+1
854.19	9.709E+0
854.48	-1.214E+1
854.77	3.398E+1
855.06	-4.369E+1
855.35	-1.044E+2
855.63	4.854E+0
855.92	6.311E+1
856.21	-1.214E+1
856.50	-2.184E+1
856.79	-9.466E+1
857.07	3.155E+1
857.36	6.068E+1
857.65	8.253E+1
857.94	1.214E+1
858.22	-2.670E+1
858.51	5.340E+1
858.80	-5.825E+1
859.08	8.495E+1
859.37	8.010E+1
859.66	4.612E+1
859.95	8.010E+1
860.23	-9.709E+0
860.52	-1.942E+1
860.81	8.010E+1
861.09	3.884E+1
861.38	4.854E+0
861.67	-4.369E+1
861.95	-4.854E+1
862.24	-1.942E+1
862.53	4.854E+0
862.81	5.583E+1
863.10	3.155E+1
863.39	-2.913E+1
863.67	6.311E+1
863.96	-6.554E+1
864.25	6.311E+1
864.53	-2.427E+1
864.82	4.854E+1
865.10	-1.699E+1
865.39	2.427E+1
865.68	-7.282E+0
865.96	-2.427E+0
866.25	-9.709E+0
866.53	-9.709E+0
866.82	-9.709E+0