Wavelength	Intensity	Ocean Optics Flame
nm	counts
187.89	-1.214E+1
188.27	-1.942E+1
188.64	5.097E+1
189.02	9.952E+1
189.40	-3.884E+1
189.78	-2.913E+1
190.15	-5.340E+1
190.53	-9.709E+1
190.91	3.641E+1
191.29	1.165E+2
191.66	4.854E+0
192.04	8.495E+1
192.42	-4.854E+1
192.80	1.699E+1
193.17	7.282E+1
193.55	-6.068E+1
193.93	-1.699E+1
194.30	-4.369E+1
194.68	5.097E+1
195.06	5.097E+1
195.44	1.214E+1
195.81	1.699E+1
196.19	-2.184E+1
196.57	6.311E+1
196.94	-2.184E+1
197.32	1.456E+1
197.70	-9.709E+1
198.07	3.155E+1
198.45	2.184E+1
198.83	-3.884E+1
199.20	-2.184E+1
199.58	6.311E+1
199.96	1.456E+1
200.33	9.709E+1
200.71	5.825E+1
201.09	-1.699E+1
201.46	9.466E+1
201.84	4.126E+1
202.22	6.796E+1
202.59	1.942E+1
202.97	4.369E+1
203.34	-1.942E+1
203.72	-7.282E+0
204.10	6.796E+1
204.47	9.709E+0
204.85	-1.141E+2
205.23	2.913E+1
205.60	2.184E+1
205.98	8.253E+1
206.35	1.942E+1
206.73	-6.068E+1
207.11	0.000E+0
207.48	8.253E+1
207.86	1.141E+2
208.23	5.340E+1
208.61	7.282E+0
208.98	-2.427E+1
209.36	-7.524E+1
209.74	-2.427E+0
210.11	-6.554E+1
210.49	6.554E+1
210.86	-4.126E+1
211.24	-2.427E+0
211.61	6.796E+1
211.99	-7.524E+1
212.36	7.282E+1
212.74	3.884E+1
213.11	4.854E+1
213.49	-1.942E+1
213.87	3.641E+1
214.24	-1.214E+1
214.62	-4.854E+1
214.99	-4.369E+1
215.37	-4.854E+0
215.74	-4.369E+1
216.12	-5.825E+1
216.49	5.340E+1
216.87	6.068E+1
217.24	-2.670E+1
217.62	2.427E+0
217.99	8.253E+1
218.37	-1.189E+2
218.74	7.282E+1
219.11	2.913E+1
219.49	4.369E+1
219.86	8.981E+1
220.24	2.427E+1
220.61	5.583E+1
220.99	-9.709E+0
221.36	2.184E+1
221.74	9.223E+1
222.11	-1.699E+1
222.49	2.670E+1
222.86	-5.825E+1
223.23	1.214E+1
223.61	-8.981E+1
223.98	4.369E+1
224.36	4.854E+0
224.73	-2.913E+1
225.11	9.952E+1
225.48	-7.282E+0
225.85	-4.126E+1
226.23	4.126E+1
226.60	-2.913E+1
226.98	-3.155E+1
227.35	3.398E+1
227.72	-9.466E+1
228.10	-6.068E+1
228.47	-1.456E+1
228.84	-7.282E+0
229.22	3.155E+1
229.59	1.699E+1
229.97	-4.612E+1
230.34	7.039E+1
230.71	8.253E+1
231.09	5.340E+1
231.46	-1.456E+1
231.83	1.456E+1
232.21	-8.253E+1
232.58	7.524E+1
232.95	-1.699E+1
233.33	3.641E+1
233.70	2.670E+1
234.07	-1.699E+1
234.45	0.000E+0
234.82	-5.097E+1
235.19	-7.767E+1
235.57	8.010E+1
235.94	1.238E+2
236.31	-1.942E+1
236.69	7.767E+1
237.06	-5.340E+1
237.43	-4.854E+0
237.80	3.155E+1
238.18	5.825E+1
238.55	3.884E+1
238.92	8.981E+1
239.30	2.670E+1
239.67	-1.699E+1
240.04	4.854E+1
240.41	-1.942E+1
240.79	-7.039E+1
241.16	-5.583E+1
241.53	9.952E+1
241.90	-1.456E+1
242.28	-9.709E+0
242.65	-4.126E+1
243.02	4.854E+0
243.39	-1.699E+1
243.77	-4.612E+1
244.14	7.282E+1
244.51	9.709E+0
244.88	8.495E+1
245.25	-2.427E+0
245.63	1.117E+2
246.00	1.141E+2
246.37	-4.369E+1
246.74	3.398E+1
247.11	-6.796E+1
247.49	7.282E+0
247.86	-7.282E+0
248.23	-5.097E+1
248.60	-6.068E+1
248.97	3.884E+1
249.35	-7.039E+1
249.72	9.952E+1
250.09	-6.068E+1
250.46	3.155E+1
250.83	9.223E+1
251.20	-1.942E+1
251.58	-3.641E+1
251.95	6.796E+1
252.32	4.854E+1
252.69	-7.282E+0
253.06	7.767E+1
253.43	-1.214E+1
253.80	4.369E+1
254.17	8.253E+1
254.55	7.524E+1
254.92	3.884E+1
255.29	-2.184E+1
255.66	7.282E+0
256.03	9.466E+1
256.40	6.554E+1
256.77	9.709E+0
257.14	-6.068E+1
257.51	-6.311E+1
257.88	0.000E+0
258.26	2.184E+1
258.63	5.825E+1
259.00	7.524E+1
259.37	6.554E+1
259.74	-1.456E+1
260.11	4.854E+0
260.48	-1.942E+1
260.85	3.884E+1
261.22	7.767E+1
261.59	4.612E+1
261.96	4.612E+1
262.33	7.282E+1
262.70	1.651E+2
263.07	-1.456E+1
263.44	-4.126E+1
263.81	4.854E+0
264.18	4.612E+1
264.55	4.854E+1
264.92	-8.010E+1
265.29	-1.456E+1
265.66	4.612E+1
266.03	9.709E+1
266.40	1.019E+2
266.77	6.311E+1
267.14	-2.670E+1
267.51	0.000E+0
267.88	-5.340E+1
268.25	7.282E+0
268.62	-2.184E+1
268.99	-4.854E+0
269.36	1.505E+2
269.73	1.238E+2
270.10	9.466E+1
270.47	1.311E+2
270.84	3.641E+1
271.21	2.184E+1
271.58	6.068E+1
271.95	6.311E+1
272.32	-3.641E+1
272.69	5.583E+1
273.06	-7.039E+1
273.43	3.641E+1
273.80	4.612E+1
274.17	3.155E+1
274.53	2.913E+1
274.90	4.126E+1
275.27	7.282E+0
275.64	1.456E+1
276.01	2.913E+1
276.38	-1.408E+2
276.75	2.427E+0
277.12	0.000E+0
277.49	7.282E+0
277.86	2.427E+1
278.22	1.699E+1
278.59	-6.796E+1
278.96	5.825E+1
279.33	1.456E+1
279.70	-2.427E+0
280.07	-2.427E+0
280.44	1.068E+2
280.80	-7.282E+1
281.17	7.524E+1
281.54	7.767E+1
281.91	5.825E+1
282.28	-4.369E+1
282.65	2.427E+0
283.02	3.398E+1
283.38	0.000E+0
283.75	-1.456E+1
284.12	-5.583E+1
284.49	2.427E+0
284.86	-2.670E+1
285.22	-7.767E+1
285.59	-1.699E+1
285.96	-4.612E+1
286.33	-5.583E+1
286.70	-7.282E+0
287.06	-2.427E+1
287.43	1.214E+1
287.80	1.384E+2
288.17	3.641E+1
288.53	7.282E+1
288.90	1.214E+1
289.27	0.000E+0
289.64	-3.884E+1
290.01	-8.253E+1
290.37	8.010E+1
290.74	3.641E+1
291.11	4.854E+0
291.48	5.340E+1
291.84	-2.427E+0
292.21	1.699E+1
292.58	-3.155E+1
292.94	-5.097E+1
293.31	5.583E+1
293.68	9.709E+0
294.05	9.709E+0
294.41	-3.155E+1
294.78	-2.427E+1
295.15	1.214E+1
295.51	-1.456E+1
295.88	9.709E+0
296.25	-3.155E+1
296.61	-3.155E+1
296.98	3.398E+1
297.35	5.583E+1
297.72	-4.854E+0
298.08	-1.214E+1
298.45	6.068E+1
298.82	-7.524E+1
299.18	0.000E+0
299.55	-3.641E+1
299.91	8.253E+1
300.28	3.155E+1
300.65	2.670E+1
301.01	0.000E+0
301.38	-9.223E+1
301.75	1.699E+1
302.11	-6.068E+1
302.48	-6.796E+1
302.85	5.340E+1
303.21	4.126E+1
303.58	7.282E+0
303.94	-4.369E+1
304.31	-4.854E+0
304.68	-2.427E+0
305.04	2.427E+1
305.41	9.223E+1
305.77	2.670E+1
306.14	-2.427E+0
306.51	8.253E+1
306.87	7.039E+1
307.24	-1.214E+1
307.60	3.398E+1
307.97	1.214E+1
308.33	4.126E+1
308.70	2.913E+1
309.07	2.427E+1
309.43	3.155E+1
309.80	-3.398E+1
310.16	-2.184E+1
310.53	8.253E+1
310.89	4.612E+1
311.26	1.165E+2
311.62	4.612E+1
311.99	-5.825E+1
312.35	6.554E+1
312.72	-3.884E+1
313.08	1.942E+1
313.45	-9.709E+0
313.81	0.000E+0
314.18	7.282E+0
314.54	-7.767E+1
314.91	-6.796E+1
315.27	5.340E+1
315.64	-3.884E+1
316.00	8.738E+1
316.37	-1.214E+2
316.73	4.369E+1
317.10	8.010E+1
317.46	1.311E+2
317.83	1.456E+1
318.19	4.612E+1
318.56	4.126E+1
318.92	9.466E+1
319.28	-8.495E+1
319.65	4.612E+1
320.01	1.699E+1
320.38	-3.641E+1
320.74	-4.126E+1
321.11	-2.913E+1
321.47	-6.554E+1
321.83	-2.913E+1
322.20	-7.039E+1
322.56	-6.796E+1
322.93	-1.942E+1
323.29	3.641E+1
323.66	-9.709E+1
324.02	4.854E+1
324.38	9.709E+1
324.75	-6.311E+1
325.11	-3.641E+1
325.47	4.854E+1
325.84	4.854E+1
326.20	-9.709E+0
326.57	2.184E+1
326.93	5.097E+1
327.29	5.340E+1
327.66	-2.913E+1
328.02	2.427E+1
328.38	6.311E+1
328.75	-4.369E+1
329.11	7.524E+1
329.47	5.825E+1
329.84	-6.068E+1
330.20	4.612E+1
330.56	1.214E+1
330.93	-1.942E+1
331.29	6.311E+1
331.65	-7.767E+1
332.02	-3.884E+1
332.38	1.214E+1
332.74	-5.340E+1
333.10	-2.184E+1
333.47	5.825E+1
333.83	4.854E+0
334.19	-3.155E+1
334.56	-4.126E+1
334.92	-3.641E+1
335.28	-5.340E+1
335.64	-2.427E+0
336.01	-3.641E+1
336.37	1.942E+1
336.73	3.398E+1
337.09	7.524E+1
337.46	-4.854E+0
337.82	-3.155E+1
338.18	-4.854E+1
338.54	-2.670E+1
338.91	5.097E+1
339.27	7.524E+1
339.63	4.126E+1
339.99	-1.359E+2
340.36	6.068E+1
340.72	2.427E+1
341.08	1.699E+1
341.44	2.427E+0
341.80	0.000E+0
342.17	8.738E+1
342.53	6.554E+1
342.89	8.010E+1
343.25	7.524E+1
343.61	0.000E+0
343.98	-4.369E+1
344.34	4.854E+0
344.70	8.010E+1
345.06	0.000E+0
345.42	1.456E+1
345.78	7.039E+1
346.14	4.612E+1
346.51	8.010E+1
346.87	4.369E+1
347.23	1.699E+1
347.59	0.000E+0
347.95	-8.010E+1
348.31	9.223E+1
348.67	2.184E+1
349.04	2.184E+1
349.40	8.253E+1
349.76	1.602E+2
350.12	-2.427E+0
350.48	7.282E+1
350.84	-4.612E+1
351.20	2.670E+1
351.56	5.583E+1
351.92	2.184E+1
352.28	-1.699E+1
352.65	2.427E+0
353.01	4.854E+0
353.37	8.738E+1
353.73	1.456E+1
354.09	3.155E+1
354.45	-6.068E+1
354.81	-8.010E+1
355.17	7.767E+1
355.53	1.384E+2
355.89	-6.554E+1
356.25	-6.554E+1
356.61	1.214E+1
356.97	1.456E+1
357.33	2.913E+1
357.69	2.427E+0
358.05	4.854E+1
358.41	-9.709E+0
358.77	2.184E+1
359.13	-5.340E+1
359.49	1.214E+1
359.85	1.456E+1
360.21	6.311E+1
360.57	5.340E+1
360.93	5.583E+1
361.29	9.952E+1
361.65	-7.282E+0
362.01	-5.097E+1
362.37	-3.155E+1
362.73	6.554E+1
363.09	-7.282E+0
363.45	1.456E+1
363.81	-9.709E+0
364.17	1.092E+2
364.53	6.796E+1
364.89	5.583E+1
365.25	-2.427E+0
365.61	-9.223E+1
365.97	6.311E+1
366.33	-1.942E+1
366.69	-5.340E+1
367.05	3.398E+1
367.40	4.612E+1
367.76	4.126E+1
368.12	-2.913E+1
368.48	2.670E+1
368.84	1.044E+2
369.20	8.495E+1
369.56	4.612E+1
369.92	4.369E+1
370.28	-9.709E+0
370.63	-2.913E+1
370.99	4.854E+0
371.35	-7.282E+0
371.71	2.427E+0
372.07	2.427E+1
372.43	1.019E+2
372.79	-9.466E+1
373.15	3.884E+1
373.50	7.282E+1
373.86	4.612E+1
374.22	7.524E+1
374.58	-1.942E+1
374.94	-7.767E+1
375.30	4.612E+1
375.65	6.068E+1
376.01	1.456E+1
376.37	-1.456E+1
376.73	4.369E+1
377.09	7.039E+1
377.44	-3.398E+1
377.80	7.524E+1
378.16	7.039E+1
378.52	6.068E+1
378.88	9.709E+0
379.23	3.641E+1
379.59	-1.214E+1
379.95	-9.709E+0
380.31	-1.214E+1
380.66	0.000E+0
381.02	5.340E+1
381.38	4.854E+1
381.74	4.854E+0
382.09	-5.583E+1
382.45	7.282E+1
382.81	-7.282E+0
383.17	1.456E+1
383.52	1.214E+1
383.88	3.398E+1
384.24	1.238E+2
384.60	7.282E+0
384.95	8.010E+1
385.31	0.000E+0
385.67	1.214E+1
386.02	-8.738E+1
386.38	7.039E+1
386.74	-7.282E+0
387.10	1.262E+2
387.45	1.214E+2
387.81	1.553E+2
388.17	7.282E+1
388.52	-2.184E+1
388.88	3.398E+1
389.24	1.214E+1
389.59	3.398E+1
389.95	6.554E+1
390.31	4.854E+0
390.66	6.554E+1
391.02	1.214E+1
391.38	4.126E+1
391.73	8.495E+1
392.09	-3.155E+1
392.44	-4.369E+1
392.80	3.641E+1
393.16	-3.155E+1
393.51	1.602E+2
393.87	-5.583E+1
394.23	2.184E+1
394.58	-4.854E+0
394.94	1.942E+1
395.29	7.282E+0
395.65	2.427E+0
396.01	1.796E+2
396.36	1.481E+2
396.72	1.019E+2
397.07	1.384E+2
397.43	8.010E+1
397.78	1.141E+2
398.14	-6.068E+1
398.50	8.981E+1
398.85	9.709E+0
399.21	5.583E+1
399.56	2.913E+1
399.92	3.884E+1
400.27	9.466E+1
400.63	7.767E+1
400.98	1.456E+1
401.34	3.884E+1
401.69	1.019E+2
402.05	-9.709E+0
402.40	2.913E+1
402.76	4.612E+1
403.11	5.340E+1
403.47	7.039E+1
403.82	7.282E+1
404.18	9.709E+1
404.53	1.092E+2
404.89	8.495E+1
405.24	9.709E+1
405.60	8.495E+1
405.95	1.942E+1
406.31	8.738E+1
406.66	1.214E+1
407.02	1.456E+2
407.37	9.952E+1
407.73	2.136E+2
408.08	7.767E+1
408.44	6.796E+1
408.79	9.223E+1
409.14	5.583E+1
409.50	1.019E+2
409.85	1.019E+2
410.21	1.262E+2
410.56	2.427E+0
410.92	1.214E+2
411.27	6.554E+1
411.62	2.500E+2
411.98	1.505E+2
412.33	1.651E+2
412.69	1.432E+2
413.04	1.845E+2
413.39	9.223E+1
413.75	1.384E+2
414.10	1.262E+2
414.45	1.602E+2
414.81	1.359E+2
415.16	1.481E+2
415.52	1.869E+2
415.87	6.796E+1
416.22	1.092E+2
416.58	1.505E+2
416.93	1.626E+2
417.28	3.252E+2
417.64	1.845E+2
417.99	2.549E+2
418.34	2.597E+2
418.70	2.621E+2
419.05	2.840E+2
419.40	3.689E+2
419.76	2.136E+2
420.11	4.053E+2
420.46	2.524E+2
420.81	4.903E+2
421.17	3.252E+2
421.52	4.515E+2
421.87	5.146E+2
422.23	4.369E+2
422.58	5.704E+2
422.93	4.879E+2
423.28	5.413E+2
423.64	6.214E+2
423.99	6.796E+2
424.34	4.927E+2
424.69	6.675E+2
425.05	7.840E+2
425.40	8.884E+2
425.75	8.641E+2
426.10	8.374E+2
426.46	1.000E+3
426.81	9.515E+2
427.16	1.090E+3
427.51	1.272E+3
427.87	1.204E+3
428.22	1.262E+3
428.57	1.500E+3
428.92	1.488E+3
429.27	1.597E+3
429.63	1.646E+3
429.98	1.675E+3
430.33	2.061E+3
430.68	2.104E+3
431.03	2.211E+3
431.38	2.303E+3
431.74	2.352E+3
432.09	2.786E+3
432.44	2.731E+3
432.79	2.920E+3
433.14	3.197E+3
433.49	3.265E+3
433.85	3.437E+3
434.20	3.481E+3
434.55	3.748E+3
434.90	3.985E+3
435.25	4.175E+3
435.60	4.243E+3
435.95	4.697E+3
436.30	4.956E+3
436.66	5.250E+3
437.01	5.403E+3
437.36	5.505E+3
437.71	6.027E+3
438.06	6.347E+3
438.41	6.629E+3
438.76	7.022E+3
439.11	7.374E+3
439.46	7.670E+3
439.81	8.046E+3
440.16	8.597E+3
440.52	9.015E+3
440.87	9.546E+3
441.22	9.932E+3
441.57	1.058E+4
441.92	1.115E+4
442.27	1.154E+4
442.62	1.215E+4
442.97	1.257E+4
443.32	1.360E+4
443.67	1.379E+4
444.02	1.477E+4
444.37	1.551E+4
444.72	1.629E+4
445.07	1.678E+4
445.42	1.730E+4
445.77	1.831E+4
446.12	1.925E+4
446.47	2.014E+4
446.82	2.106E+4
447.17	2.126E+4
447.52	2.290E+4
447.87	2.379E+4
448.22	2.490E+4
448.57	2.541E+4
448.92	2.717E+4
449.27	2.802E+4
449.62	2.878E+4
449.97	2.989E+4
450.32	3.043E+4
450.66	3.148E+4
451.01	3.282E+4
451.36	3.375E+4
451.71	3.541E+4
452.06	3.543E+4
452.41	3.763E+4
452.76	3.786E+4
453.11	3.949E+4
453.46	3.998E+4
453.81	4.109E+4
454.16	4.103E+4
454.51	4.189E+4
454.85	4.282E+4
455.20	4.329E+4
455.55	4.455E+4
455.90	4.403E+4
456.25	4.519E+4
456.60	4.516E+4
456.95	4.526E+4
457.30	4.501E+4
457.64	4.644E+4
457.99	4.598E+4
458.34	4.547E+4
458.69	4.524E+4
459.04	4.574E+4
459.39	4.460E+4
459.73	4.477E+4
460.08	4.447E+4
460.43	4.340E+4
460.78	4.333E+4
461.13	4.367E+4
461.48	4.188E+4
461.82	4.157E+4
462.17	4.087E+4
462.52	4.018E+4
462.87	3.936E+4
463.21	3.851E+4
463.56	3.783E+4
463.91	3.709E+4
464.26	3.608E+4
464.61	3.586E+4
464.95	3.480E+4
465.30	3.445E+4
465.65	3.376E+4
466.00	3.234E+4
466.34	3.210E+4
466.69	3.163E+4
467.04	3.083E+4
467.39	2.992E+4
467.73	2.949E+4
468.08	2.832E+4
468.43	2.745E+4
468.77	2.776E+4
469.12	2.745E+4
469.47	2.668E+4
469.82	2.627E+4
470.16	2.564E+4
470.51	2.527E+4
470.86	2.530E+4
471.20	2.439E+4
471.55	2.410E+4
471.90	2.370E+4
472.24	2.360E+4
472.59	2.292E+4
472.94	2.254E+4
473.28	2.170E+4
473.63	2.171E+4
473.98	2.136E+4
474.32	2.087E+4
474.67	2.040E+4
475.02	2.010E+4
475.36	1.965E+4
475.71	1.932E+4
476.06	1.914E+4
476.40	1.877E+4
476.75	1.823E+4
477.09	1.794E+4
477.44	1.764E+4
477.79	1.726E+4
478.13	1.695E+4
478.48	1.594E+4
478.82	1.617E+4
479.17	1.588E+4
479.52	1.529E+4
479.86	1.459E+4
480.21	1.413E+4
480.55	1.401E+4
480.90	1.377E+4
481.24	1.346E+4
481.59	1.311E+4
481.94	1.267E+4
482.28	1.229E+4
482.63	1.232E+4
482.97	1.185E+4
483.32	1.134E+4
483.66	1.119E+4
484.01	1.086E+4
484.35	1.051E+4
484.70	9.973E+3
485.04	1.005E+4
485.39	9.779E+3
485.73	9.405E+3
486.08	9.024E+3
486.42	8.624E+3
486.77	8.459E+3
487.11	8.141E+3
487.46	8.148E+3
487.80	7.794E+3
488.15	7.726E+3
488.49	7.532E+3
488.84	6.998E+3
489.18	7.029E+3
489.53	6.845E+3
489.87	6.789E+3
490.21	6.517E+3
490.56	6.369E+3
490.90	6.000E+3
491.25	5.777E+3
491.59	5.677E+3
491.94	5.396E+3
492.28	5.388E+3
492.62	5.272E+3
492.97	5.262E+3
493.31	4.922E+3
493.66	4.779E+3
494.00	4.655E+3
494.34	4.301E+3
494.69	4.194E+3
495.03	4.073E+3
495.38	4.228E+3
495.72	3.823E+3
496.06	3.782E+3
496.41	3.689E+3
496.75	3.376E+3
497.09	3.362E+3
497.44	3.335E+3
497.78	3.138E+3
498.13	3.233E+3
498.47	2.978E+3
498.81	2.896E+3
499.16	2.784E+3
499.50	2.711E+3
499.84	2.505E+3
500.19	2.580E+3
500.53	2.498E+3
500.87	2.534E+3
501.21	2.265E+3
501.56	2.384E+3
501.90	2.233E+3
502.24	2.046E+3
502.59	2.000E+3
502.93	1.898E+3
503.27	2.002E+3
503.61	1.913E+3
503.96	1.762E+3
504.30	1.743E+3
504.64	1.590E+3
504.99	1.646E+3
505.33	1.505E+3
505.67	1.483E+3
506.01	1.439E+3
506.36	1.447E+3
506.70	1.439E+3
507.04	1.359E+3
507.38	1.439E+3
507.72	1.369E+3
508.07	1.155E+3
508.41	1.282E+3
508.75	1.204E+3
509.09	1.172E+3
509.44	1.097E+3
509.78	1.068E+3
510.12	1.005E+3
510.46	9.369E+2
510.80	9.321E+2
511.14	8.641E+2
511.49	9.321E+2
511.83	8.277E+2
512.17	8.568E+2
512.51	9.223E+2
512.85	8.107E+2
513.19	7.136E+2
513.54	7.937E+2
513.88	7.476E+2
514.22	7.621E+2
514.56	7.840E+2
514.90	6.238E+2
515.24	6.432E+2
515.58	6.602E+2
515.93	7.549E+2
516.27	5.728E+2
516.61	6.675E+2
516.95	6.117E+2
517.29	5.437E+2
517.63	5.461E+2
517.97	4.320E+2
518.31	4.563E+2
518.65	4.806E+2
518.99	4.903E+2
519.33	5.219E+2
519.67	4.830E+2
520.02	5.146E+2
520.36	3.762E+2
520.70	3.034E+2
521.04	3.277E+2
521.38	4.029E+2
521.72	4.660E+2
522.06	4.029E+2
522.40	4.053E+2
522.74	3.083E+2
523.08	3.811E+2
523.42	3.495E+2
523.76	3.374E+2
524.10	3.325E+2
524.44	4.442E+2
524.78	3.010E+2
525.12	2.961E+2
525.46	2.670E+2
525.80	3.107E+2
526.14	3.811E+2
526.48	1.456E+2
526.82	2.597E+2
527.16	2.209E+2
527.50	2.961E+2
527.84	2.087E+2
528.18	1.505E+2
528.52	2.354E+2
528.86	1.723E+2
529.20	2.500E+2
529.54	1.918E+2
529.87	2.112E+2
530.21	1.869E+2
530.55	1.772E+2
530.89	1.675E+2
531.23	1.602E+2
531.57	1.068E+2
531.91	2.160E+2
532.25	8.010E+1
532.59	1.141E+2
532.93	1.675E+2
533.27	1.942E+2
533.60	1.335E+2
533.94	1.796E+2
534.28	4.612E+1
534.62	1.990E+2
534.96	1.893E+2
535.30	1.723E+2
535.64	8.010E+1
535.98	1.384E+2
536.31	1.723E+2
536.65	1.481E+2
536.99	1.117E+2
537.33	1.019E+2
537.67	7.767E+1
538.01	8.253E+1
538.34	9.223E+1
538.68	2.427E+0
539.02	8.010E+1
539.36	0.000E+0
539.70	1.481E+2
540.03	7.524E+1
540.37	1.019E+2
540.71	1.529E+2
541.05	7.767E+1
541.39	5.583E+1
541.72	1.214E+1
542.06	8.010E+1
542.40	1.748E+2
542.74	2.379E+2
543.07	6.554E+1
543.41	1.092E+2
543.75	1.553E+2
544.09	1.651E+2
544.42	1.529E+2
544.76	1.723E+2
545.10	2.403E+2
545.44	4.854E+1
545.77	1.068E+2
546.11	-2.184E+1
546.45	-2.427E+0
546.78	3.398E+1
547.12	4.854E+0
547.46	1.262E+2
547.80	9.223E+1
548.13	4.854E+0
548.47	3.641E+1
548.81	-2.427E+0
549.14	8.253E+1
549.48	2.184E+1
549.82	2.427E+0
550.15	3.155E+1
550.49	7.282E+1
550.83	7.524E+1
551.16	9.223E+1
551.50	2.670E+1
551.84	9.709E+1
552.17	6.554E+1
552.51	-2.184E+1
552.84	7.282E+0
553.18	6.068E+1
553.52	1.942E+1
553.85	2.670E+1
554.19	5.340E+1
554.53	1.141E+2
554.86	3.155E+1
555.20	8.738E+1
555.53	-4.854E+1
555.87	2.427E+0
556.20	2.670E+1
556.54	2.913E+1
556.88	1.019E+2
557.21	1.456E+1
557.55	5.583E+1
557.88	9.466E+1
558.22	1.068E+2
558.55	2.427E+0
558.89	-1.699E+1
559.23	2.427E+0
559.56	3.641E+1
559.90	4.369E+1
560.23	7.039E+1
560.57	0.000E+0
560.90	7.524E+1
561.24	4.369E+1
561.57	-6.554E+1
561.91	-6.068E+1
562.24	8.738E+1
562.58	6.311E+1
562.91	-2.670E+1
563.25	2.427E+1
563.58	4.126E+1
563.92	5.825E+1
564.25	4.612E+1
564.59	2.427E+0
564.92	3.641E+1
565.25	2.427E+0
565.59	1.456E+1
565.92	-1.942E+1
566.26	4.854E+0
566.59	1.141E+2
566.93	5.340E+1
567.26	2.184E+1
567.60	-4.854E+1
567.93	1.214E+1
568.26	2.670E+1
568.60	2.184E+1
568.93	1.141E+2
569.27	1.456E+1
569.60	4.854E+0
569.93	4.612E+1
570.27	-9.709E+1
570.60	1.408E+2
570.94	1.699E+1
571.27	1.141E+2
571.60	2.670E+1
571.94	-1.456E+1
572.27	-1.699E+1
572.60	1.165E+2
572.94	1.214E+1
573.27	3.155E+1
573.60	1.044E+2
573.94	5.583E+1
574.27	2.427E+1
574.60	-2.184E+1
574.94	-2.427E+0
575.27	7.524E+1
575.60	-4.854E+1
575.94	-7.282E+0
576.27	-2.913E+1
576.60	2.670E+1
576.94	-4.126E+1
577.27	1.456E+1
577.60	4.854E+0
577.94	1.165E+2
578.27	8.253E+1
578.60	-7.282E+0
578.93	8.010E+1
579.27	8.495E+1
579.60	-3.884E+1
579.93	4.126E+1
580.26	3.155E+1
580.60	-2.913E+1
580.93	6.068E+1
581.26	9.223E+1
581.59	-1.699E+1
581.93	8.253E+1
582.26	4.369E+1
582.59	-7.039E+1
582.92	-4.612E+1
583.25	6.311E+1
583.59	1.189E+2
583.92	-9.466E+1
584.25	-2.427E+1
584.58	4.854E+0
584.91	2.184E+1
585.25	7.282E+0
585.58	1.942E+1
585.91	-5.097E+1
586.24	-5.583E+1
586.57	7.282E+0
586.90	-2.184E+1
587.24	4.854E+0
587.57	-6.311E+1
587.90	3.884E+1
588.23	2.913E+1
588.56	9.466E+1
588.89	1.092E+2
589.22	-1.699E+1
589.56	0.000E+0
589.89	2.913E+1
590.22	-1.699E+1
590.55	5.825E+1
590.88	2.427E+1
591.21	5.825E+1
591.54	-8.738E+1
591.87	1.699E+1
592.20	6.311E+1
592.53	8.981E+1
592.87	2.427E+1
593.20	1.019E+2
593.53	-5.340E+1
593.86	1.699E+1
594.19	-1.456E+1
594.52	5.097E+1
594.85	7.039E+1
595.18	6.068E+1
595.51	-1.456E+1
595.84	-8.495E+1
596.17	-1.214E+1
596.50	-1.699E+1
596.83	-1.141E+2
597.16	-1.214E+1
597.49	-1.117E+2
597.82	3.884E+1
598.15	-3.398E+1
598.48	-1.699E+1
598.81	9.709E+0
599.14	-2.670E+1
599.47	-4.854E+0
599.80	-6.554E+1
600.13	6.068E+1
600.46	3.884E+1
600.79	-5.097E+1
601.12	8.010E+1
601.45	-1.942E+1
601.78	-4.126E+1
602.11	-5.340E+1
602.44	-7.282E+0
602.77	-3.641E+1
603.10	2.427E+1
603.42	-5.340E+1
603.75	1.092E+2
604.08	6.311E+1
604.41	-1.942E+1
604.74	-2.670E+1
605.07	4.126E+1
605.40	2.670E+1
605.73	-2.670E+1
606.06	1.942E+1
606.39	-1.699E+1
606.71	-7.524E+1
607.04	4.612E+1
607.37	1.942E+1
607.70	-4.369E+1
608.03	-2.427E+1
608.36	-5.825E+1
608.69	2.913E+1
609.02	-1.456E+1
609.34	1.699E+1
609.67	-1.214E+1
610.00	-1.942E+1
610.33	1.262E+2
610.66	-3.155E+1
610.98	4.854E+0
611.31	-4.854E+1
611.64	1.456E+1
611.97	-9.709E+0
612.30	-2.670E+1
612.63	2.670E+1
612.95	3.398E+1
613.28	1.432E+2
613.61	-4.369E+1
613.94	2.913E+1
614.26	-1.699E+1
614.59	1.214E+1
614.92	-2.184E+1
615.25	3.155E+1
615.57	0.000E+0
615.90	1.019E+2
616.23	0.000E+0
616.56	7.282E+0
616.88	7.282E+0
617.21	4.369E+1
617.54	-8.495E+1
617.87	-9.223E+1
618.19	4.369E+1
618.52	-1.359E+2
618.85	1.214E+1
619.17	-3.398E+1
619.50	3.155E+1
619.83	4.126E+1
620.15	-4.854E+0
620.48	3.398E+1
620.81	8.981E+1
621.14	-4.854E+0
621.46	4.369E+1
621.79	-2.184E+1
622.11	-6.068E+1
622.44	2.427E+1
622.77	-7.282E+0
623.09	3.155E+1
623.42	1.699E+1
623.75	-6.068E+1
624.07	-7.524E+1
624.40	2.427E+1
624.73	-4.854E+1
625.05	-8.981E+1
625.38	5.825E+1
625.70	7.282E+0
626.03	-2.670E+1
626.36	-2.913E+1
626.68	1.699E+1
627.01	2.913E+1
627.33	8.738E+1
627.66	7.524E+1
627.99	-1.942E+1
628.31	3.884E+1
628.64	9.709E+0
628.96	-2.427E+1
629.29	4.612E+1
629.61	1.942E+1
629.94	9.223E+1
630.26	3.398E+1
630.59	8.495E+1
630.91	8.738E+1
631.24	-1.456E+1
631.57	5.583E+1
631.89	2.427E+0
632.22	9.709E+1
632.54	-3.398E+1
632.87	-3.641E+1
633.19	1.165E+2
633.52	8.738E+1
633.84	-9.709E+0
634.16	-7.282E+0
634.49	-1.942E+1
634.81	5.340E+1
635.14	4.854E+1
635.46	0.000E+0
635.79	1.699E+1
636.11	-1.456E+1
636.44	-9.952E+1
636.76	2.913E+1
637.09	9.709E+1
637.41	3.155E+1
637.73	2.184E+1
638.06	1.456E+1
638.38	-4.854E+1
638.71	2.913E+1
639.03	7.282E+0
639.36	5.340E+1
639.68	-3.155E+1
640.00	-1.942E+1
640.33	2.913E+1
640.65	-2.427E+1
640.97	2.184E+1
641.30	-2.184E+1
641.62	-1.942E+1
641.95	5.340E+1
642.27	-7.524E+1
642.59	-1.942E+1
642.92	-2.184E+1
643.24	7.282E+1
643.56	6.554E+1
643.89	4.126E+1
644.21	8.253E+1
644.53	7.282E+1
644.86	4.612E+1
645.18	2.427E+1
645.50	-1.675E+2
645.83	2.427E+0
646.15	1.141E+2
646.47	3.398E+1
646.80	-2.184E+1
647.12	4.612E+1
647.44	-8.253E+1
647.76	-1.141E+2
648.09	-7.524E+1
648.41	1.044E+2
648.73	1.456E+1
649.05	3.155E+1
649.38	1.359E+2
649.70	-9.709E+0
650.02	-6.068E+1
650.34	-1.214E+1
650.67	2.427E+0
650.99	7.282E+1
651.31	3.884E+1
651.63	-5.583E+1
651.96	2.427E+1
652.28	9.709E+0
652.60	5.097E+1
652.92	1.942E+2
653.24	-1.214E+1
653.57	-2.184E+1
653.89	-7.282E+1
654.21	-1.456E+1
654.53	-1.942E+1
654.85	-4.854E+0
655.18	-3.884E+1
655.50	-2.670E+1
655.82	1.699E+1
656.14	-1.456E+1
656.46	-2.670E+1
656.78	3.398E+1
657.10	3.884E+1
657.43	8.010E+1
657.75	9.466E+1
658.07	1.214E+1
658.39	-2.427E+0
658.71	8.253E+1
659.03	-4.854E+1
659.35	4.854E+1
659.67	-4.369E+1
659.99	8.253E+1
660.32	-2.670E+1
660.64	6.796E+1
660.96	8.253E+1
661.28	1.529E+2
661.60	-5.583E+1
661.92	2.913E+1
662.24	-4.854E+0
662.56	3.641E+1
662.88	5.097E+1
663.20	-4.854E+0
663.52	5.340E+1
663.84	-2.427E+0
664.16	1.456E+1
664.48	4.854E+0
664.80	-1.214E+1
665.12	9.466E+1
665.44	1.942E+1
665.76	-4.126E+1
666.08	2.427E+0
666.40	-1.699E+1
666.72	0.000E+0
667.04	-4.854E+0
667.36	8.495E+1
667.68	-8.253E+1
668.00	-4.854E+1
668.32	4.854E+0
668.64	2.670E+1
668.96	2.427E+1
669.28	-9.466E+1
669.60	-8.738E+1
669.92	1.384E+2
670.24	9.709E+0
670.56	4.612E+1
670.88	4.854E+1
671.20	3.884E+1
671.52	3.884E+1
671.84	-1.456E+1
672.16	2.184E+1
672.47	-1.456E+1
672.79	1.942E+1
673.11	-3.884E+1
673.43	2.670E+1
673.75	-5.097E+1
674.07	-1.699E+1
674.39	-2.913E+1
674.71	3.398E+1
675.03	-4.854E+0
675.34	-3.641E+1
675.66	1.214E+1
675.98	7.282E+1
676.30	-7.039E+1
676.62	-1.699E+1
676.94	-1.699E+1
677.25	1.675E+2
677.57	-7.282E+0
677.89	-2.184E+1
678.21	1.942E+1
678.53	7.524E+1
678.85	4.369E+1
679.16	8.981E+1
679.48	4.369E+1
679.80	7.282E+1
680.12	3.641E+1
680.44	-3.641E+1
680.75	-1.214E+1
681.07	-7.039E+1
681.39	-2.670E+1
681.71	9.952E+1
682.02	-4.612E+1
682.34	5.583E+1
682.66	-2.427E+0
682.98	1.942E+1
683.29	0.000E+0
683.61	4.854E+0
683.93	8.010E+1
684.25	-5.340E+1
684.56	-1.456E+1
684.88	4.369E+1
685.20	-2.670E+1
685.51	0.000E+0
685.83	3.155E+1
686.15	-3.641E+1
686.47	8.981E+1
686.78	4.854E+1
687.10	9.709E+0
687.42	-2.427E+0
687.73	6.554E+1
688.05	-9.709E+0
688.37	-6.311E+1
688.68	-5.340E+1
689.00	-3.398E+1
689.32	-7.282E+1
689.63	-4.854E+1
689.95	4.126E+1
690.26	2.184E+1
690.58	-1.214E+1
690.90	9.952E+1
691.21	-5.340E+1
691.53	-9.709E+0
691.85	-4.126E+1
692.16	-2.184E+1
692.48	-2.427E+1
692.79	4.612E+1
693.11	3.398E+1
693.42	-4.126E+1
693.74	3.641E+1
694.06	-6.068E+1
694.37	-5.825E+1
694.69	5.097E+1
695.00	9.709E+0
695.32	-1.214E+1
695.63	6.068E+1
695.95	2.427E+1
696.26	-2.913E+1
696.58	4.369E+1
696.90	7.524E+1
697.21	-1.214E+1
697.53	-3.641E+1
697.84	0.000E+0
698.16	-7.524E+1
698.47	3.641E+1
698.79	4.854E+0
699.10	3.641E+1
699.42	-1.456E+1
699.73	-9.223E+1
700.05	-3.155E+1
700.36	6.068E+1
700.68	-7.282E+1
700.99	-5.097E+1
701.30	-5.583E+1
701.62	-2.427E+1
701.93	2.427E+0
702.25	3.155E+1
702.56	1.456E+1
702.88	-2.427E+1
703.19	-7.282E+0
703.50	8.981E+1
703.82	-3.641E+1
704.13	-9.466E+1
704.45	-4.612E+1
704.76	-1.214E+1
705.08	-5.825E+1
705.39	-9.709E+0
705.70	6.311E+1
706.02	-5.825E+1
706.33	-7.282E+0
706.64	-8.738E+1
706.96	7.767E+1
707.27	-5.097E+1
707.59	6.796E+1
707.90	9.709E+0
708.21	1.456E+1
708.53	9.709E+0
708.84	-7.282E+1
709.15	1.117E+2
709.47	9.709E+0
709.78	-7.282E+0
710.09	0.000E+0
710.41	-2.670E+1
710.72	6.068E+1
711.03	8.253E+1
711.34	5.825E+1
711.66	-1.456E+1
711.97	1.699E+1
712.28	8.495E+1
712.60	5.097E+1
712.91	5.825E+1
713.22	-1.214E+1
713.53	1.456E+1
713.85	-1.262E+2
714.16	5.825E+1
714.47	1.068E+2
714.78	-3.884E+1
715.10	-8.981E+1
715.41	-7.767E+1
715.72	-5.340E+1
716.03	-4.854E+1
716.35	-2.913E+1
716.66	-8.010E+1
716.97	-4.854E+0
717.28	-7.039E+1
717.59	-5.340E+1
717.91	1.456E+1
718.22	-1.699E+1
718.53	6.554E+1
718.84	5.583E+1
719.15	-2.427E+0
719.46	-2.427E+0
719.78	7.282E+0
720.09	-1.942E+1
720.40	-3.641E+1
720.71	-4.854E+1
721.02	7.039E+1
721.33	2.427E+1
721.65	-8.738E+1
721.96	-3.641E+1
722.27	-1.942E+1
722.58	7.282E+1
722.89	-2.427E+0
723.20	-4.854E+1
723.51	-1.699E+1
723.82	-3.398E+1
724.13	4.612E+1
724.45	-5.097E+1
724.76	7.767E+1
725.07	-2.913E+1
725.38	-1.214E+1
725.69	6.554E+1
726.00	6.311E+1
726.31	-4.369E+1
726.62	4.369E+1
726.93	-2.427E+0
727.24	3.884E+1
727.55	1.214E+1
727.86	2.427E+0
728.17	-2.184E+1
728.48	0.000E+0
728.79	1.456E+1
729.10	1.311E+2
729.41	2.427E+1
729.72	8.738E+1
730.03	-4.854E+1
730.34	9.466E+1
730.65	7.282E+0
730.96	3.155E+1
731.27	-7.767E+1
731.58	-3.398E+1
731.89	-3.641E+1
732.20	-1.456E+1
732.51	1.044E+2
732.82	1.117E+2
733.13	-2.184E+1
733.44	2.670E+1
733.75	2.184E+1
734.06	1.456E+1
734.37	2.427E+0
734.68	3.884E+1
734.98	3.155E+1
735.29	5.097E+1
735.60	2.427E+0
735.91	-5.583E+1
736.22	-3.398E+1
736.53	1.456E+1
736.84	-1.456E+1
737.15	5.583E+1
737.46	6.068E+1
737.77	-3.155E+1
738.07	6.068E+1
738.38	-8.010E+1
738.69	3.884E+1
739.00	-3.398E+1
739.31	7.282E+0
739.62	4.126E+1
739.92	-3.155E+1
740.23	4.854E+0
740.54	-4.612E+1
740.85	-6.554E+1
741.16	-1.942E+1
741.47	1.141E+2
741.77	-1.214E+1
742.08	5.340E+1
742.39	7.282E+0
742.70	4.854E+0
743.01	4.126E+1
743.31	-4.126E+1
743.62	9.952E+1
743.93	7.282E+0
744.24	-2.427E+0
744.54	-1.214E+1
744.85	3.398E+1
745.16	3.398E+1
745.47	-2.184E+1
745.77	3.641E+1
746.08	8.738E+1
746.39	-7.282E+0
746.70	-7.282E+0
747.00	7.524E+1
747.31	-1.942E+1
747.62	9.709E+0
747.92	-4.854E+0
748.23	-4.854E+0
748.54	-6.796E+1
748.84	-5.340E+1
749.15	-7.767E+1
749.46	3.641E+1
749.76	1.675E+2
750.07	4.854E+0
750.38	2.427E+0
750.68	4.854E+1
750.99	4.854E+0
751.30	2.913E+1
751.60	2.184E+1
751.91	-2.670E+1
752.22	-2.427E+1
752.52	7.039E+1
752.83	-1.456E+1
753.14	2.427E+1
753.44	0.000E+0
753.75	-2.427E+0
754.05	3.155E+1
754.36	-6.068E+1
754.67	-3.641E+1
754.97	8.253E+1
755.28	5.825E+1
755.58	6.796E+1
755.89	-4.369E+1
756.19	-9.466E+1
756.50	-6.068E+1
756.81	6.311E+1
757.11	-2.427E+1
757.42	-4.126E+1
757.72	1.942E+1
758.03	-3.155E+1
758.33	2.670E+1
758.64	-3.641E+1
758.94	2.427E+1
759.25	2.427E+1
759.55	3.641E+1
759.86	2.913E+1
760.16	8.495E+1
760.47	6.068E+1
760.77	-1.214E+1
761.08	3.155E+1
761.38	-4.369E+1
761.69	-1.214E+1
761.99	1.699E+1
762.30	-2.670E+1
762.60	7.767E+1
762.91	-7.282E+0
763.21	5.583E+1
763.51	-9.709E+1
763.82	7.282E+0
764.12	6.311E+1
764.43	4.369E+1
764.73	2.427E+0
765.04	0.000E+0
765.34	2.184E+1
765.64	-3.641E+1
765.95	-3.155E+1
766.25	4.854E+1
766.56	3.398E+1
766.86	7.282E+0
767.16	1.165E+2
767.47	-5.583E+1
767.77	-1.456E+1
768.07	-1.214E+1
768.38	4.854E+1
768.68	1.942E+1
768.98	6.554E+1
769.29	-7.039E+1
769.59	-4.854E+1
769.89	-1.068E+2
770.20	0.000E+0
770.50	-1.117E+2
770.80	2.670E+1
771.11	1.456E+1
771.41	1.456E+1
771.71	3.398E+1
772.02	2.427E+0
772.32	9.709E+1
772.62	4.612E+1
772.93	9.466E+1
773.23	-6.554E+1
773.53	7.282E+1
773.83	-5.825E+1
774.14	-5.583E+1
774.44	8.010E+1
774.74	1.214E+1
775.04	-3.641E+1
775.35	-2.427E+1
775.65	7.767E+1
775.95	-3.155E+1
776.25	4.854E+1
776.55	1.214E+1
776.86	-7.524E+1
777.16	4.369E+1
777.46	6.068E+1
777.76	-1.456E+1
778.06	8.738E+1
778.37	7.282E+0
778.67	5.583E+1
778.97	6.311E+1
779.27	-3.155E+1
779.57	1.456E+1
779.88	2.427E+0
780.18	4.612E+1
780.48	5.583E+1
780.78	-7.282E+1
781.08	2.184E+1
781.38	-9.466E+1
781.68	-4.854E+0
781.98	3.155E+1
782.29	7.039E+1
782.59	-3.884E+1
782.89	5.340E+1
783.19	4.126E+1
783.49	-6.796E+1
783.79	8.253E+1
784.09	-9.709E+1
784.39	-5.583E+1
784.69	-2.427E+1
784.99	1.456E+1
785.30	-7.039E+1
785.60	1.456E+1
785.90	8.253E+1
786.20	2.427E+0
786.50	7.282E+0
786.80	0.000E+0
787.10	-8.495E+1
787.40	7.039E+1
787.70	2.913E+1
788.00	-1.456E+1
788.30	-3.884E+1
788.60	-1.942E+1
788.90	7.767E+1
789.20	3.398E+1
789.50	1.214E+1
789.80	-6.796E+1
790.10	1.942E+1
790.40	4.854E+1
790.70	2.427E+0
791.00	-8.010E+1
791.30	5.825E+1
791.60	8.253E+1
791.90	1.359E+2
792.20	4.854E+1
792.50	-1.068E+2
792.79	2.913E+1
793.09	5.097E+1
793.39	9.223E+1
793.69	-3.884E+1
793.99	-8.738E+1
794.29	2.913E+1
794.59	-4.126E+1
794.89	1.214E+1
795.19	-9.709E+0
795.49	-4.854E+0
795.79	2.427E+1
796.08	4.126E+1
796.38	9.709E+0
796.68	4.854E+0
796.98	1.214E+1
797.28	3.155E+1
797.58	2.670E+1
797.88	4.854E+1
798.17	1.699E+1
798.47	-1.723E+2
798.77	-3.884E+1
799.07	2.427E+1
799.37	1.942E+1
799.67	3.641E+1
799.96	-2.427E+1
800.26	-2.913E+1
800.56	7.524E+1
800.86	-3.398E+1
801.16	3.641E+1
801.45	7.282E+0
801.75	8.738E+1
802.05	1.214E+1
802.35	3.641E+1
802.64	-4.126E+1
802.94	7.282E+1
803.24	5.825E+1
803.54	-5.825E+1
803.83	-1.699E+1
804.13	-2.670E+1
804.43	4.126E+1
804.73	-5.340E+1
805.02	9.709E+1
805.32	6.796E+1
805.62	4.612E+1
805.91	-7.282E+0
806.21	-2.670E+1
806.51	2.913E+1
806.81	0.000E+0
807.10	-1.553E+2
807.40	1.165E+2
807.70	2.184E+1
807.99	-4.854E+0
808.29	3.398E+1
808.59	2.427E+1
808.88	3.398E+1
809.18	-2.427E+0
809.47	7.524E+1
809.77	7.524E+1
810.07	1.529E+2
810.36	4.612E+1
810.66	-4.612E+1
810.96	-1.141E+2
811.25	-1.214E+1
811.55	-3.155E+1
811.84	4.612E+1
812.14	-4.612E+1
812.44	4.612E+1
812.73	-2.427E+0
813.03	7.039E+1
813.32	4.612E+1
813.62	2.184E+1
813.91	-5.825E+1
814.21	6.554E+1
814.51	-4.854E+0
814.80	-3.398E+1
815.10	-8.010E+1
815.39	1.942E+1
815.69	-3.641E+1
815.98	1.214E+1
816.28	-2.184E+1
816.57	4.854E+1
816.87	-4.854E+1
817.16	-4.854E+1
817.46	0.000E+0
817.75	1.942E+1
818.05	-3.884E+1
818.34	1.942E+1
818.64	3.884E+1
818.93	6.311E+1
819.23	9.709E+1
819.52	5.340E+1
819.82	9.709E+0
820.11	-1.262E+2
820.40	7.282E+0
820.70	-5.340E+1
820.99	-1.044E+2
821.29	3.398E+1
821.58	4.854E+0
821.88	7.282E+1
822.17	-1.214E+1
822.46	2.913E+1
822.76	-8.010E+1
823.05	5.097E+1
823.35	1.286E+2
823.64	2.184E+1
823.93	0.000E+0
824.23	-9.709E+0
824.52	-1.942E+1
824.81	-3.884E+1
825.11	9.709E+0
825.40	-4.854E+0
825.69	0.000E+0
825.99	1.456E+1
826.28	1.456E+1
826.58	1.068E+2
826.87	-4.126E+1
827.16	3.398E+1
827.45	7.524E+1
827.75	-1.675E+2
828.04	-1.262E+2
828.33	1.214E+1
828.63	4.612E+1
828.92	2.427E+1
829.21	-3.155E+1
829.51	-5.340E+1
829.80	-1.214E+1
830.09	5.825E+1
830.38	-9.952E+1
830.68	4.126E+1
830.97	-7.282E+0
831.26	-3.884E+1
831.55	3.884E+1
831.85	4.369E+1
832.14	-5.825E+1
832.43	-4.369E+1
832.72	-6.796E+1
833.01	1.942E+1
833.31	8.981E+1
833.60	8.738E+1
833.89	5.097E+1
834.18	4.854E+1
834.47	2.427E+1
834.77	-1.456E+1
835.06	1.456E+1
835.35	-9.223E+1
835.64	0.000E+0
835.93	-7.282E+0
836.22	4.126E+1
836.52	-7.282E+0
836.81	1.214E+1
837.10	-5.825E+1
837.39	8.495E+1
837.68	-2.670E+1
837.97	-5.097E+1
838.26	-7.039E+1
838.55	4.854E+1
838.85	7.282E+1
839.14	1.456E+1
839.43	4.854E+1
839.72	2.427E+0
840.01	-6.796E+1
840.30	-3.641E+1
840.59	3.155E+1
840.88	8.253E+1
841.17	-6.068E+1
841.46	-5.340E+1
841.75	-5.825E+1
842.04	4.854E+0
842.33	6.068E+1
842.62	2.670E+1
842.91	8.495E+1
843.21	3.884E+1
843.50	1.699E+1
843.79	9.223E+1
844.08	-3.398E+1
844.37	-3.641E+1
844.66	5.340E+1
844.95	1.214E+1
845.24	6.068E+1
845.53	-7.039E+1
845.81	0.000E+0
846.10	-2.184E+1
846.39	4.854E+0
846.68	5.583E+1
846.97	5.340E+1
847.26	4.369E+1
847.55	1.456E+1
847.84	4.126E+1
848.13	-1.214E+2
848.42	-6.068E+1
848.71	-2.670E+1
849.00	-3.641E+1
849.29	-9.952E+1
849.58	-2.670E+1
849.87	-5.340E+1
850.15	-7.524E+1
850.44	4.369E+1
850.73	-1.456E+1
851.02	6.796E+1
851.31	-7.524E+1
851.60	1.456E+1
851.89	2.670E+1
852.18	-7.039E+1
852.46	-2.427E+1
852.75	2.427E+0
853.04	-7.524E+1
853.33	-4.126E+1
853.62	-1.942E+1
853.91	2.184E+1
854.19	2.184E+1
854.48	1.942E+1
854.77	6.068E+1
855.06	-3.884E+1
855.35	-1.214E+1
855.63	7.767E+1
855.92	6.311E+1
856.21	-3.641E+1
856.50	-8.738E+1
856.79	-3.641E+1
857.07	-2.913E+1
857.36	-2.184E+1
857.65	-7.282E+0
857.94	0.000E+0
858.22	2.427E+0
858.51	8.253E+1
858.80	-6.796E+1
859.08	0.000E+0
859.37	3.884E+1
859.66	5.097E+1
859.95	6.068E+1
860.23	4.854E+0
860.52	9.223E+1
860.81	-1.942E+1
861.09	1.942E+1
861.38	5.097E+1
861.67	1.238E+2
861.95	1.214E+1
862.24	-1.456E+1
862.53	-1.942E+1
862.81	4.854E+1
863.10	6.068E+1
863.39	5.583E+1
863.67	-3.641E+1
863.96	3.398E+1
864.25	1.942E+1
864.53	1.019E+2
864.82	-1.869E+2
865.10	9.709E+0
865.39	6.554E+1
865.68	1.456E+1
865.96	-5.097E+1
866.25	-5.097E+1
866.53	-5.097E+1
866.82	-5.097E+1