Wavelength	Intensity	Ocean Optics Flame
nm	counts
187.89	6.311E+1
188.27	-4.854E+1
188.64	2.427E+1
189.02	5.583E+1
189.40	7.282E+0
189.78	1.699E+1
190.15	-1.456E+1
190.53	-6.068E+1
190.91	2.427E+1
191.29	-9.709E+0
191.66	9.709E+1
192.04	3.155E+1
192.42	5.583E+1
192.80	4.126E+1
193.17	1.019E+2
193.55	7.767E+1
193.93	5.340E+1
194.30	-2.427E+0
194.68	-1.214E+1
195.06	9.952E+1
195.44	-1.456E+1
195.81	-8.495E+1
196.19	7.282E+0
196.57	-2.427E+0
196.94	5.825E+1
197.32	-1.699E+1
197.70	6.068E+1
198.07	-2.670E+1
198.45	1.699E+1
198.83	-2.427E+1
199.20	-3.155E+1
199.58	7.282E+1
199.96	7.282E+0
200.33	8.981E+1
200.71	-5.097E+1
201.09	-7.282E+0
201.46	-2.427E+0
201.84	-2.184E+1
202.22	-6.554E+1
202.59	6.068E+1
202.97	-2.427E+0
203.34	1.214E+1
203.72	1.214E+1
204.10	3.884E+1
204.47	7.282E+1
204.85	2.184E+1
205.23	2.184E+1
205.60	-1.262E+2
205.98	-4.369E+1
206.35	8.010E+1
206.73	1.068E+2
207.11	7.039E+1
207.48	-1.942E+1
207.86	-3.155E+1
208.23	-2.427E+0
208.61	-9.709E+0
208.98	-3.155E+1
209.36	4.854E+1
209.74	-5.825E+1
210.11	5.825E+1
210.49	9.223E+1
210.86	-1.456E+1
211.24	2.913E+1
211.61	-4.854E+0
211.99	-1.942E+1
212.36	8.010E+1
212.74	7.282E+0
213.11	9.709E+0
213.49	1.335E+2
213.87	7.282E+1
214.24	1.699E+1
214.62	5.825E+1
214.99	9.709E+0
215.37	1.699E+1
215.74	-1.214E+1
216.12	2.184E+1
216.49	8.253E+1
216.87	-1.942E+1
217.24	-1.942E+1
217.62	4.126E+1
217.99	2.913E+1
218.37	1.699E+1
218.74	-2.427E+1
219.11	2.427E+1
219.49	0.000E+0
219.86	-9.709E+0
220.24	8.253E+1
220.61	-2.670E+1
220.99	1.699E+1
221.36	0.000E+0
221.74	9.709E+1
222.11	2.670E+1
222.49	-2.427E+0
222.86	9.466E+1
223.23	-9.223E+1
223.61	-4.854E+0
223.98	-3.155E+1
224.36	-7.524E+1
224.73	3.155E+1
225.11	-2.184E+1
225.48	3.155E+1
225.85	-3.155E+1
226.23	1.456E+2
226.60	4.612E+1
226.98	-6.068E+1
227.35	-3.398E+1
227.72	-2.427E+0
228.10	7.282E+1
228.47	0.000E+0
228.84	7.039E+1
229.22	1.238E+2
229.59	5.340E+1
229.97	9.466E+1
230.34	8.738E+1
230.71	2.670E+1
231.09	2.184E+1
231.46	-2.427E+0
231.83	-8.010E+1
232.21	-2.913E+1
232.58	1.214E+1
232.95	2.184E+1
233.33	1.942E+1
233.70	0.000E+0
234.07	0.000E+0
234.45	1.238E+2
234.82	0.000E+0
235.19	7.767E+1
235.57	3.398E+1
235.94	7.767E+1
236.31	2.427E+0
236.69	7.282E+1
237.06	7.282E+1
237.43	1.214E+1
237.80	3.398E+1
238.18	4.854E+1
238.55	-2.427E+0
238.92	4.126E+1
239.30	-9.709E+0
239.67	5.583E+1
240.04	9.223E+1
240.41	-6.554E+1
240.79	-1.456E+1
241.16	6.796E+1
241.53	9.709E+0
241.90	2.427E+0
242.28	-5.097E+1
242.65	8.495E+1
243.02	-2.913E+1
243.39	4.854E+1
243.77	7.282E+0
244.14	-5.825E+1
244.51	9.952E+1
244.88	5.825E+1
245.25	-4.854E+0
245.63	2.913E+1
246.00	4.854E+1
246.37	6.311E+1
246.74	2.427E+1
247.11	6.068E+1
247.49	-1.942E+1
247.86	-1.456E+1
248.23	2.184E+1
248.60	-2.427E+0
248.97	2.427E+0
249.35	1.311E+2
249.72	2.184E+1
250.09	3.641E+1
250.46	-3.641E+1
250.83	-1.189E+2
251.20	-5.097E+1
251.58	-3.641E+1
251.95	-4.854E+0
252.32	5.825E+1
252.69	-1.214E+1
253.06	8.010E+1
253.43	7.282E+1
253.80	5.097E+1
254.17	6.796E+1
254.55	3.884E+1
254.92	3.398E+1
255.29	-2.427E+0
255.66	6.311E+1
256.03	4.854E+1
256.40	-2.913E+1
256.77	-4.126E+1
257.14	-3.641E+1
257.51	4.612E+1
257.88	-7.767E+1
258.26	6.311E+1
258.63	9.466E+1
259.00	2.913E+1
259.37	7.282E+1
259.74	1.068E+2
260.11	-3.155E+1
260.48	1.699E+1
260.85	1.262E+2
261.22	-7.282E+0
261.59	1.456E+1
261.96	0.000E+0
262.33	3.155E+1
262.70	4.369E+1
263.07	3.641E+1
263.44	8.495E+1
263.81	1.408E+2
264.18	-4.854E+0
264.55	3.641E+1
264.92	8.495E+1
265.29	6.554E+1
265.66	5.583E+1
266.03	1.384E+2
266.40	-9.952E+1
266.77	3.398E+1
267.14	3.884E+1
267.51	-6.796E+1
267.88	-4.126E+1
268.25	4.126E+1
268.62	3.641E+1
268.99	-4.854E+1
269.36	-4.369E+1
269.73	-1.214E+1
270.10	6.796E+1
270.47	9.223E+1
270.84	-3.884E+1
271.21	1.286E+2
271.58	-4.854E+0
271.95	0.000E+0
272.32	-8.981E+1
272.69	-4.854E+1
273.06	-1.699E+1
273.43	7.282E+0
273.80	-5.340E+1
274.17	1.214E+2
274.53	-1.456E+1
274.90	-5.097E+1
275.27	-7.524E+1
275.64	-4.612E+1
276.01	1.529E+2
276.38	-1.044E+2
276.75	4.126E+1
277.12	2.427E+0
277.49	3.641E+1
277.86	4.854E+1
278.22	3.884E+1
278.59	1.165E+2
278.96	8.010E+1
279.33	-7.282E+0
279.70	7.767E+1
280.07	2.913E+1
280.44	4.369E+1
280.80	-8.253E+1
281.17	2.184E+1
281.54	2.427E+1
281.91	-5.340E+1
282.28	7.282E+0
282.65	-3.155E+1
283.02	8.495E+1
283.38	-8.981E+1
283.75	1.384E+2
284.12	9.223E+1
284.49	3.398E+1
284.86	9.223E+1
285.22	1.456E+1
285.59	8.253E+1
285.96	-9.466E+1
286.33	1.699E+1
286.70	2.184E+1
287.06	-3.641E+1
287.43	4.612E+1
287.80	0.000E+0
288.17	1.699E+1
288.53	1.044E+2
288.90	-4.854E+0
289.27	7.282E+0
289.64	1.068E+2
290.01	-2.913E+1
290.37	6.311E+1
290.74	-3.155E+1
291.11	-2.184E+1
291.48	-5.825E+1
291.84	-4.854E+1
292.21	1.699E+1
292.58	5.583E+1
292.94	2.184E+1
293.31	7.767E+1
293.68	9.709E+0
294.05	6.068E+1
294.41	7.039E+1
294.78	-2.427E+0
295.15	9.709E+1
295.51	1.942E+1
295.88	-7.282E+0
296.25	5.825E+1
296.61	6.311E+1
296.98	1.117E+2
297.35	-4.854E+0
297.72	6.068E+1
298.08	-7.282E+1
298.45	7.039E+1
298.82	-2.670E+1
299.18	3.155E+1
299.55	-4.369E+1
299.91	1.214E+1
300.28	0.000E+0
300.65	8.495E+1
301.01	6.554E+1
301.38	3.155E+1
301.75	-7.282E+0
302.11	4.854E+1
302.48	4.612E+1
302.85	-7.282E+0
303.21	8.981E+1
303.58	1.214E+1
303.94	4.369E+1
304.31	-1.942E+1
304.68	4.854E+0
305.04	3.155E+1
305.41	2.427E+1
305.77	7.039E+1
306.14	-3.884E+1
306.51	3.155E+1
306.87	1.214E+2
307.24	1.238E+2
307.60	9.466E+1
307.97	-2.913E+1
308.33	-7.282E+0
308.70	5.097E+1
309.07	9.709E+1
309.43	-1.238E+2
309.80	-9.709E+0
310.16	-7.039E+1
310.53	4.369E+1
310.89	1.117E+2
311.26	-2.670E+1
311.62	1.165E+2
311.99	1.699E+1
312.35	6.554E+1
312.72	6.068E+1
313.08	6.554E+1
313.45	8.253E+1
313.81	4.126E+1
314.18	7.282E+0
314.54	3.641E+1
314.91	-2.670E+1
315.27	-1.699E+1
315.64	8.738E+1
316.00	1.456E+1
316.37	-7.282E+1
316.73	-2.427E+1
317.10	7.767E+1
317.46	0.000E+0
317.83	2.670E+1
318.19	-1.699E+1
318.56	1.626E+2
318.92	2.427E+1
319.28	5.825E+1
319.65	1.456E+1
320.01	-5.097E+1
320.38	5.825E+1
320.74	4.612E+1
321.11	-9.709E+0
321.47	-2.427E+0
321.83	4.854E+0
322.20	-5.340E+1
322.56	5.583E+1
322.93	6.796E+1
323.29	0.000E+0
323.66	1.214E+1
324.02	6.068E+1
324.38	1.699E+1
324.75	1.019E+2
325.11	1.456E+1
325.47	7.282E+1
325.84	-7.282E+0
326.20	2.670E+1
326.57	-2.427E+0
326.93	3.155E+1
327.29	-1.214E+1
327.66	9.466E+1
328.02	1.578E+2
328.38	5.825E+1
328.75	7.524E+1
329.11	3.641E+1
329.47	5.097E+1
329.84	2.670E+1
330.20	2.427E+1
330.56	-1.214E+2
330.93	8.253E+1
331.29	3.398E+1
331.65	5.340E+1
332.02	1.675E+2
332.38	-5.583E+1
332.74	7.039E+1
333.10	-8.981E+1
333.47	-1.699E+1
333.83	2.184E+1
334.19	-3.641E+1
334.56	-2.670E+1
334.92	-1.942E+1
335.28	2.913E+1
335.64	1.214E+2
336.01	-2.913E+1
336.37	8.495E+1
336.73	1.456E+1
337.09	2.427E+1
337.46	6.068E+1
337.82	4.854E+1
338.18	1.044E+2
338.54	-7.524E+1
338.91	8.495E+1
339.27	-4.854E+1
339.63	-5.825E+1
339.99	-2.670E+1
340.36	8.495E+1
340.72	4.612E+1
341.08	4.854E+0
341.44	3.398E+1
341.80	7.282E+1
342.17	-6.796E+1
342.53	-1.456E+1
342.89	8.010E+1
343.25	1.092E+2
343.61	-9.466E+1
343.98	1.942E+1
344.34	3.641E+1
344.70	7.767E+1
345.06	-3.398E+1
345.42	1.456E+1
345.78	-8.253E+1
346.14	-7.524E+1
346.51	8.253E+1
346.87	-2.184E+1
347.23	-5.583E+1
347.59	5.583E+1
347.95	4.369E+1
348.31	-5.583E+1
348.67	3.155E+1
349.04	-1.214E+1
349.40	-3.155E+1
349.76	6.554E+1
350.12	-6.311E+1
350.48	6.796E+1
350.84	1.578E+2
351.20	6.554E+1
351.56	5.097E+1
351.92	-7.282E+0
352.28	1.456E+1
352.65	2.184E+1
353.01	6.311E+1
353.37	1.214E+1
353.73	2.427E+1
354.09	-3.155E+1
354.45	-9.709E+0
354.81	2.670E+1
355.17	4.369E+1
355.53	-5.097E+1
355.89	3.155E+1
356.25	-3.398E+1
356.61	2.427E+1
356.97	-7.282E+0
357.33	3.398E+1
357.69	4.854E+0
358.05	-1.214E+1
358.41	-6.068E+1
358.77	-3.884E+1
359.13	-1.214E+1
359.49	2.184E+1
359.85	-4.854E+0
360.21	5.097E+1
360.57	-6.311E+1
360.93	-2.427E+0
361.29	-2.184E+1
361.65	7.039E+1
362.01	-3.641E+1
362.37	2.670E+1
362.73	4.612E+1
363.09	1.044E+2
363.45	7.039E+1
363.81	3.884E+1
364.17	4.854E+1
364.53	9.952E+1
364.89	7.767E+1
365.25	2.913E+1
365.61	9.709E+0
365.97	0.000E+0
366.33	4.126E+1
366.69	4.369E+1
367.05	8.253E+1
367.40	-6.796E+1
367.76	4.854E+0
368.12	4.854E+1
368.48	1.214E+1
368.84	-4.126E+1
369.20	-2.913E+1
369.56	1.189E+2
369.92	3.398E+1
370.28	3.398E+1
370.63	-3.884E+1
370.99	7.767E+1
371.35	1.942E+1
371.71	1.214E+1
372.07	-1.214E+1
372.43	8.253E+1
372.79	1.942E+1
373.15	5.825E+1
373.50	1.384E+2
373.86	-1.942E+1
374.22	5.583E+1
374.58	5.340E+1
374.94	4.369E+1
375.30	7.524E+1
375.65	6.796E+1
376.01	6.311E+1
376.37	-4.126E+1
376.73	-7.524E+1
377.09	3.884E+1
377.44	-1.942E+1
377.80	-1.335E+2
378.16	2.427E+1
378.52	-2.427E+0
378.88	6.311E+1
379.23	-1.019E+2
379.59	-4.126E+1
379.95	-3.641E+1
380.31	-4.854E+0
380.66	-5.097E+1
381.02	-5.583E+1
381.38	1.214E+1
381.74	9.709E+1
382.09	-3.641E+1
382.45	8.010E+1
382.81	-2.427E+1
383.17	6.796E+1
383.52	2.427E+1
383.88	0.000E+0
384.24	7.767E+1
384.60	-4.126E+1
384.95	3.398E+1
385.31	-2.184E+1
385.67	-6.796E+1
386.02	2.427E+1
386.38	-3.155E+1
386.74	5.097E+1
387.10	6.796E+1
387.45	9.223E+1
387.81	2.184E+1
388.17	-8.738E+1
388.52	0.000E+0
388.88	7.767E+1
389.24	-3.155E+1
389.59	1.044E+2
389.95	9.709E+0
390.31	3.884E+1
390.66	2.427E+1
391.02	1.092E+2
391.38	3.641E+1
391.73	-5.340E+1
392.09	1.942E+1
392.44	7.039E+1
392.80	4.854E+0
393.16	2.670E+1
393.51	-2.427E+0
393.87	-3.884E+1
394.23	-1.942E+1
394.58	8.981E+1
394.94	-4.854E+0
395.29	7.524E+1
395.65	1.456E+1
396.01	9.709E+1
396.36	2.427E+1
396.72	4.126E+1
397.07	2.670E+1
397.43	-3.155E+1
397.78	0.000E+0
398.14	9.466E+1
398.50	7.282E+0
398.85	-1.699E+1
399.21	-1.214E+1
399.56	2.913E+1
399.92	-2.670E+1
400.27	-9.223E+1
400.63	-1.165E+2
400.98	-1.214E+1
401.34	5.340E+1
401.69	6.311E+1
402.05	3.641E+1
402.40	3.398E+1
402.76	-1.456E+1
403.11	-4.126E+1
403.47	6.068E+1
403.82	3.398E+1
404.18	4.612E+1
404.53	2.184E+1
404.89	1.699E+1
405.24	3.641E+1
405.60	-5.583E+1
405.95	1.942E+1
406.31	-7.282E+1
406.66	4.126E+1
407.02	-1.942E+1
407.37	4.612E+1
407.73	5.825E+1
408.08	-1.699E+1
408.44	-1.942E+1
408.79	1.068E+2
409.14	-8.738E+1
409.50	8.253E+1
409.85	1.068E+2
410.21	8.738E+1
410.56	-4.854E+1
410.92	2.427E+1
411.27	4.612E+1
411.62	-4.854E+1
411.98	7.282E+1
412.33	-6.311E+1
412.69	7.039E+1
413.04	9.709E+0
413.39	4.854E+0
413.75	-2.427E+0
414.10	-7.039E+1
414.45	-5.340E+1
414.81	9.709E+0
415.16	-4.126E+1
415.52	5.097E+1
415.87	1.214E+1
416.22	-7.282E+0
416.58	2.913E+1
416.93	8.010E+1
417.28	4.854E+0
417.64	0.000E+0
417.99	9.709E+0
418.34	7.282E+1
418.70	3.398E+1
419.05	-7.039E+1
419.40	-6.796E+1
419.76	6.796E+1
420.11	1.699E+1
420.46	7.039E+1
420.81	-1.456E+1
421.17	2.913E+1
421.52	1.456E+1
421.87	-8.010E+1
422.23	5.825E+1
422.58	-3.155E+1
422.93	7.767E+1
423.28	-4.612E+1
423.64	1.214E+1
423.99	-4.854E+0
424.34	2.670E+1
424.69	-9.709E+0
425.05	4.612E+1
425.40	-3.884E+1
425.75	-3.641E+1
426.10	0.000E+0
426.46	3.398E+1
426.81	-8.010E+1
427.16	5.340E+1
427.51	9.223E+1
427.87	-6.311E+1
428.22	2.427E+0
428.57	5.340E+1
428.92	1.699E+1
429.27	4.612E+1
429.63	-1.384E+2
429.98	-7.767E+1
430.33	6.068E+1
430.68	-1.214E+1
431.03	-8.495E+1
431.38	-3.398E+1
431.74	4.369E+1
432.09	3.398E+1
432.44	-3.641E+1
432.79	-6.554E+1
433.14	-2.427E+0
433.49	-2.670E+1
433.85	8.981E+1
434.20	5.340E+1
434.55	1.165E+2
434.90	3.398E+1
435.25	-3.884E+1
435.60	5.583E+1
435.95	-3.641E+1
436.30	-8.738E+1
436.66	-6.068E+1
437.01	-1.456E+1
437.36	-5.097E+1
437.71	-2.427E+0
438.06	7.282E+1
438.41	-1.456E+1
438.76	-5.583E+1
439.11	3.641E+1
439.46	6.068E+1
439.81	7.282E+0
440.16	-2.427E+0
440.52	-2.184E+1
440.87	4.126E+1
441.22	-2.913E+1
441.57	1.456E+1
441.92	4.126E+1
442.27	-7.039E+1
442.62	3.641E+1
442.97	-9.223E+1
443.32	4.126E+1
443.67	1.699E+1
444.02	-9.709E+0
444.37	4.854E+0
444.72	3.641E+1
445.07	7.282E+0
445.42	-8.253E+1
445.77	1.456E+2
446.12	2.670E+1
446.47	2.913E+1
446.82	1.189E+2
447.17	-6.554E+1
447.52	2.427E+1
447.87	0.000E+0
448.22	5.340E+1
448.57	1.019E+2
448.92	-6.068E+1
449.27	6.554E+1
449.62	9.709E+1
449.97	1.335E+2
450.32	9.466E+1
450.66	4.126E+1
451.01	5.340E+1
451.36	9.709E+1
451.71	1.456E+1
452.06	3.155E+1
452.41	-9.709E+0
452.76	3.155E+1
453.11	-3.884E+1
453.46	2.670E+1
453.81	-2.427E+1
454.16	-4.369E+1
454.51	-7.282E+0
454.85	8.253E+1
455.20	-9.223E+1
455.55	-1.141E+2
455.90	7.524E+1
456.25	0.000E+0
456.60	-8.010E+1
456.95	2.427E+0
457.30	-3.398E+1
457.64	-2.427E+1
457.99	-1.456E+1
458.34	2.427E+0
458.69	-6.554E+1
459.04	4.612E+1
459.39	-2.184E+1
459.73	2.670E+1
460.08	-7.767E+1
460.43	-4.126E+1
460.78	1.214E+1
461.13	-6.068E+1
461.48	-7.282E+0
461.82	3.398E+1
462.17	-4.854E+1
462.52	6.796E+1
462.87	8.738E+1
463.21	-1.942E+1
463.56	5.097E+1
463.91	3.398E+1
464.26	-4.854E+0
464.61	4.369E+1
464.95	1.456E+1
465.30	-4.126E+1
465.65	1.214E+1
466.00	-2.427E+0
466.34	-7.524E+1
466.69	-2.427E+0
467.04	-4.854E+0
467.39	9.709E+0
467.73	-3.155E+1
468.08	5.340E+1
468.43	-5.340E+1
468.77	3.641E+1
469.12	-3.884E+1
469.47	6.554E+1
469.82	1.214E+1
470.16	-1.214E+1
470.51	1.408E+2
470.86	-3.884E+1
471.20	3.641E+1
471.55	4.369E+1
471.90	-2.427E+1
472.24	7.282E+0
472.59	4.854E+1
472.94	7.039E+1
473.28	5.583E+1
473.63	4.126E+1
473.98	3.884E+1
474.32	-7.767E+1
474.67	6.068E+1
475.02	-5.097E+1
475.36	4.854E+0
475.71	0.000E+0
476.06	-7.282E+1
476.40	2.427E+1
476.75	-1.456E+1
477.09	-3.641E+1
477.44	-1.942E+1
477.79	-6.554E+1
478.13	-3.155E+1
478.48	5.583E+1
478.82	-4.854E+0
479.17	7.767E+1
479.52	1.214E+2
479.86	3.398E+1
480.21	1.505E+2
480.55	-3.155E+1
480.90	4.854E+0
481.24	-4.126E+1
481.59	3.641E+1
481.94	8.010E+1
482.28	-2.913E+1
482.63	3.155E+1
482.97	4.854E+0
483.32	6.554E+1
483.66	6.554E+1
484.01	9.709E+0
484.35	-1.456E+1
484.70	3.155E+1
485.04	4.369E+1
485.39	-2.184E+1
485.73	-9.709E+0
486.08	-7.524E+1
486.42	9.952E+1
486.77	3.155E+1
487.11	5.583E+1
487.46	8.738E+1
487.80	4.854E+0
488.15	-3.155E+1
488.49	9.709E+0
488.84	3.641E+1
489.18	-4.854E+0
489.53	-1.699E+1
489.87	-2.427E+0
490.21	-1.456E+1
490.56	-3.155E+1
490.90	-4.126E+1
491.25	2.427E+1
491.59	1.456E+1
491.94	-1.214E+1
492.28	-1.262E+2
492.62	1.117E+2
492.97	2.670E+1
493.31	7.282E+0
493.66	7.524E+1
494.00	3.884E+1
494.34	6.554E+1
494.69	4.369E+1
495.03	3.155E+1
495.38	6.554E+1
495.72	7.767E+1
496.06	-2.913E+1
496.41	8.981E+1
496.75	-2.427E+0
497.09	8.010E+1
497.44	2.427E+1
497.78	-7.767E+1
498.13	-3.884E+1
498.47	-3.884E+1
498.81	-1.942E+1
499.16	3.155E+1
499.50	-4.369E+1
499.84	-7.282E+1
500.19	5.825E+1
500.53	5.340E+1
500.87	-1.699E+1
501.21	5.097E+1
501.56	8.010E+1
501.90	-1.019E+2
502.24	2.427E+0
502.59	5.583E+1
502.93	3.398E+1
503.27	8.253E+1
503.61	1.481E+2
503.96	4.369E+1
504.30	1.699E+1
504.64	-1.699E+1
504.99	-3.641E+1
505.33	4.126E+1
505.67	-5.097E+1
506.01	2.427E+1
506.36	4.854E+1
506.70	-2.184E+1
507.04	6.311E+1
507.38	1.117E+2
507.72	-7.282E+0
508.07	4.854E+1
508.41	-5.583E+1
508.75	2.184E+1
509.09	1.092E+2
509.44	-7.282E+0
509.78	6.796E+1
510.12	1.019E+2
510.46	2.913E+1
510.80	-3.155E+1
511.14	-5.825E+1
511.49	-3.884E+1
511.83	3.155E+1
512.17	-2.427E+1
512.51	-2.184E+1
512.85	1.942E+1
513.19	-8.738E+1
513.54	7.039E+1
513.88	7.282E+0
514.22	8.253E+1
514.56	-1.942E+1
514.90	-7.282E+1
515.24	0.000E+0
515.58	-1.456E+1
515.93	-2.670E+1
516.27	-3.398E+1
516.61	2.427E+0
516.95	9.709E+0
517.29	-4.612E+1
517.63	1.820E+2
517.97	7.039E+1
518.31	5.583E+1
518.65	3.398E+1
518.99	-1.068E+2
519.33	4.854E+1
519.67	3.398E+1
520.02	4.126E+1
520.36	-5.097E+1
520.70	-1.456E+1
521.04	-9.709E+0
521.38	-3.641E+1
521.72	-5.340E+1
522.06	-1.699E+1
522.40	-6.554E+1
522.74	1.456E+1
523.08	-3.398E+1
523.42	5.583E+1
523.76	-5.340E+1
524.10	4.126E+1
524.44	8.010E+1
524.78	1.214E+1
525.12	3.398E+1
525.46	1.214E+1
525.80	-4.369E+1
526.14	-6.068E+1
526.48	1.699E+1
526.82	9.952E+1
527.16	1.068E+2
527.50	-4.126E+1
527.84	5.097E+1
528.18	-8.738E+1
528.52	2.670E+1
528.86	1.456E+1
529.20	-6.796E+1
529.54	-2.427E+0
529.87	4.854E+0
530.21	0.000E+0
530.55	1.214E+1
530.89	8.253E+1
531.23	-9.709E+0
531.57	2.184E+1
531.91	1.456E+1
532.25	-1.214E+1
532.59	5.583E+1
532.93	3.398E+1
533.27	-1.214E+1
533.60	1.214E+1
533.94	0.000E+0
534.28	7.524E+1
534.62	2.427E+0
534.96	8.738E+1
535.30	9.709E+0
535.64	-2.913E+1
535.98	1.359E+2
536.31	3.641E+1
536.65	-9.709E+0
536.99	9.709E+1
537.33	0.000E+0
537.67	6.796E+1
538.01	-2.427E+1
538.34	-5.825E+1
538.68	4.854E+1
539.02	0.000E+0
539.36	1.068E+2
539.70	1.044E+2
540.03	-4.854E+1
540.37	-2.913E+1
540.71	9.709E+0
541.05	1.456E+1
541.39	-2.427E+1
541.72	9.709E+0
542.06	-6.311E+1
542.40	-9.709E+0
542.74	7.282E+0
543.07	1.141E+2
543.41	3.884E+1
543.75	-2.427E+0
544.09	-3.884E+1
544.42	2.913E+1
544.76	8.981E+1
545.10	0.000E+0
545.44	-1.456E+1
545.77	4.854E+1
546.11	0.000E+0
546.45	-4.369E+1
546.78	4.854E+1
547.12	-3.155E+1
547.46	2.913E+1
547.80	1.942E+1
548.13	-7.039E+1
548.47	8.253E+1
548.81	-4.854E+0
549.14	-9.709E+0
549.48	-7.767E+1
549.82	1.456E+1
550.15	4.612E+1
550.49	-1.214E+1
550.83	-9.709E+0
551.16	1.262E+2
551.50	2.427E+0
551.84	-8.738E+1
552.17	6.796E+1
552.51	3.884E+1
552.84	5.340E+1
553.18	6.068E+1
553.52	5.825E+1
553.85	-1.942E+1
554.19	1.942E+1
554.53	1.699E+1
554.86	4.854E+0
555.20	9.709E+0
555.53	6.796E+1
555.87	9.223E+1
556.20	3.398E+1
556.54	1.699E+1
556.88	1.456E+1
557.21	5.825E+1
557.55	-7.039E+1
557.88	1.214E+1
558.22	3.398E+1
558.55	9.466E+1
558.89	3.398E+1
559.23	-9.709E+0
559.56	8.738E+1
559.90	4.612E+1
560.23	-4.369E+1
560.57	7.282E+0
560.90	9.709E+0
561.24	1.456E+1
561.57	7.282E+0
561.91	4.612E+1
562.24	8.253E+1
562.58	5.825E+1
562.91	9.466E+1
563.25	4.854E+1
563.58	-4.854E+0
563.92	-4.126E+1
564.25	8.738E+1
564.59	-4.854E+0
564.92	-9.709E+0
565.25	-3.155E+1
565.59	5.340E+1
565.92	5.825E+1
566.26	-7.039E+1
566.59	-3.398E+1
566.93	1.481E+2
567.26	1.214E+1
567.60	4.369E+1
567.93	-4.612E+1
568.26	3.155E+1
568.60	6.796E+1
568.93	-1.068E+2
569.27	1.214E+1
569.60	0.000E+0
569.93	1.189E+2
570.27	2.913E+1
570.60	5.340E+1
570.94	2.427E+1
571.27	1.262E+2
571.60	0.000E+0
571.94	8.738E+1
572.27	1.529E+2
572.60	1.044E+2
572.94	7.767E+1
573.27	3.884E+1
573.60	9.709E+0
573.94	4.854E+1
574.27	-7.524E+1
574.60	-4.369E+1
574.94	7.767E+1
575.27	2.913E+1
575.60	6.311E+1
575.94	7.282E+1
576.27	6.068E+1
576.60	-5.340E+1
576.94	6.796E+1
577.27	1.092E+2
577.60	6.068E+1
577.94	6.311E+1
578.27	3.155E+1
578.60	1.942E+1
578.93	2.427E+1
579.27	9.223E+1
579.60	-2.427E+0
579.93	6.068E+1
580.26	1.165E+2
580.60	6.554E+1
580.93	-2.184E+1
581.26	2.913E+1
581.59	4.126E+1
581.93	-1.456E+1
582.26	-6.796E+1
582.59	1.481E+2
582.92	1.262E+2
583.25	1.019E+2
583.59	4.126E+1
583.92	0.000E+0
584.25	7.282E+1
584.58	2.913E+1
584.91	8.981E+1
585.25	1.602E+2
585.58	1.214E+2
585.91	8.010E+1
586.24	-9.709E+0
586.57	9.952E+1
586.90	2.670E+1
587.24	6.068E+1
587.57	3.398E+1
587.90	9.709E+1
588.23	1.845E+2
588.56	5.825E+1
588.89	3.010E+2
589.22	1.578E+2
589.56	1.359E+2
589.89	1.651E+2
590.22	2.282E+2
590.55	1.796E+2
590.88	1.068E+2
591.21	1.845E+2
591.54	1.456E+2
591.87	2.257E+2
592.20	1.578E+2
592.53	1.262E+2
592.87	2.379E+2
593.20	1.505E+2
593.53	2.184E+2
593.86	2.063E+2
594.19	2.039E+2
594.52	1.966E+2
594.85	2.257E+2
595.18	2.112E+2
595.51	1.820E+2
595.84	3.058E+2
596.17	1.845E+2
596.50	2.791E+2
596.83	2.233E+2
597.16	2.524E+2
597.49	3.131E+2
597.82	2.184E+2
598.15	2.718E+2
598.48	4.515E+2
598.81	2.961E+2
599.14	3.617E+2
599.47	3.277E+2
599.80	3.301E+2
600.13	3.422E+2
600.46	4.782E+2
600.79	4.126E+2
601.12	4.199E+2
601.45	4.515E+2
601.78	5.316E+2
602.11	5.728E+2
602.44	5.947E+2
602.77	6.602E+2
603.10	5.704E+2
603.42	5.364E+2
603.75	6.311E+2
604.08	6.359E+2
604.41	7.185E+2
604.74	5.388E+2
605.07	7.621E+2
605.40	7.476E+2
605.73	7.840E+2
606.06	8.738E+2
606.39	1.002E+3
606.71	8.956E+2
607.04	8.884E+2
607.37	1.189E+3
607.70	1.112E+3
608.03	1.053E+3
608.36	1.131E+3
608.69	1.153E+3
609.02	1.187E+3
609.34	1.216E+3
609.67	1.396E+3
610.00	1.274E+3
610.33	1.415E+3
610.66	1.379E+3
610.98	1.485E+3
611.31	1.629E+3
611.64	1.624E+3
611.97	1.675E+3
612.30	1.748E+3
612.63	1.728E+3
612.95	1.828E+3
613.28	1.947E+3
613.61	2.027E+3
613.94	2.058E+3
614.26	2.180E+3
614.59	2.177E+3
614.92	2.328E+3
615.25	2.301E+3
615.57	2.495E+3
615.90	2.517E+3
616.23	2.692E+3
616.56	2.789E+3
616.88	2.903E+3
617.21	2.908E+3
617.54	3.010E+3
617.87	3.143E+3
618.19	3.172E+3
618.52	3.345E+3
618.85	3.614E+3
619.17	3.568E+3
619.50	3.745E+3
619.83	3.842E+3
620.15	4.085E+3
620.48	4.209E+3
620.81	4.488E+3
621.14	4.512E+3
621.46	4.825E+3
621.79	4.908E+3
622.11	5.032E+3
622.44	5.180E+3
622.77	5.478E+3
623.09	5.500E+3
623.42	5.716E+3
623.75	5.954E+3
624.07	6.352E+3
624.40	6.507E+3
624.73	6.716E+3
625.05	6.891E+3
625.38	7.037E+3
625.70	7.452E+3
626.03	7.539E+3
626.36	7.910E+3
626.68	8.202E+3
627.01	8.554E+3
627.33	8.813E+3
627.66	9.313E+3
627.99	9.651E+3
628.31	9.811E+3
628.64	1.009E+4
628.96	1.093E+4
629.29	1.116E+4
629.61	1.167E+4
629.94	1.206E+4
630.26	1.243E+4
630.59	1.314E+4
630.91	1.321E+4
631.24	1.399E+4
631.57	1.412E+4
631.89	1.502E+4
632.22	1.533E+4
632.54	1.609E+4
632.87	1.678E+4
633.19	1.741E+4
633.52	1.792E+4
633.84	1.821E+4
634.16	1.923E+4
634.49	1.973E+4
634.81	2.011E+4
635.14	2.108E+4
635.46	2.182E+4
635.79	2.266E+4
636.11	2.337E+4
636.44	2.426E+4
636.76	2.509E+4
637.09	2.602E+4
637.41	2.649E+4
637.73	2.745E+4
638.06	2.848E+4
638.38	2.937E+4
638.71	3.060E+4
639.03	3.120E+4
639.36	3.177E+4
639.68	3.243E+4
640.00	3.396E+4
640.33	3.421E+4
640.65	3.553E+4
640.97	3.641E+4
641.30	3.727E+4
641.62	3.865E+4
641.95	3.942E+4
642.27	4.035E+4
642.59	4.092E+4
642.92	4.189E+4
643.24	4.292E+4
643.56	4.373E+4
643.89	4.458E+4
644.21	4.537E+4
644.53	4.580E+4
644.86	4.666E+4
645.18	4.741E+4
645.50	4.824E+4
645.83	4.832E+4
646.15	4.915E+4
646.47	4.968E+4
646.80	4.964E+4
647.12	5.010E+4
647.44	5.026E+4
647.76	5.037E+4
648.09	5.068E+4
648.41	5.027E+4
648.73	5.017E+4
649.05	5.049E+4
649.38	4.967E+4
649.70	4.977E+4
650.02	4.892E+4
650.34	4.861E+4
650.67	4.808E+4
650.99	4.748E+4
651.31	4.691E+4
651.63	4.584E+4
651.96	4.527E+4
652.28	4.394E+4
652.60	4.300E+4
652.92	4.181E+4
653.24	4.127E+4
653.57	3.963E+4
653.89	3.819E+4
654.21	3.675E+4
654.53	3.539E+4
654.85	3.465E+4
655.18	3.273E+4
655.50	3.153E+4
655.82	3.066E+4
656.14	2.906E+4
656.46	2.811E+4
656.78	2.690E+4
657.10	2.544E+4
657.43	2.432E+4
657.75	2.312E+4
658.07	2.224E+4
658.39	2.135E+4
658.71	2.016E+4
659.03	1.923E+4
659.35	1.841E+4
659.67	1.752E+4
659.99	1.682E+4
660.32	1.617E+4
660.64	1.525E+4
660.96	1.461E+4
661.28	1.381E+4
661.60	1.328E+4
661.92	1.290E+4
662.24	1.204E+4
662.56	1.155E+4
662.88	1.101E+4
663.20	1.043E+4
663.52	9.794E+3
663.84	9.478E+3
664.16	9.017E+3
664.48	8.629E+3
664.80	8.354E+3
665.12	7.692E+3
665.44	7.362E+3
665.76	6.818E+3
666.08	6.787E+3
666.40	6.570E+3
666.72	6.136E+3
667.04	5.692E+3
667.36	5.418E+3
667.68	5.379E+3
668.00	4.935E+3
668.32	4.820E+3
668.64	4.333E+3
668.96	4.320E+3
669.28	4.058E+3
669.60	3.811E+3
669.92	3.634E+3
670.24	3.510E+3
670.56	3.379E+3
670.88	3.117E+3
671.20	3.012E+3
671.52	2.850E+3
671.84	2.663E+3
672.16	2.529E+3
672.47	2.510E+3
672.79	2.265E+3
673.11	2.265E+3
673.43	2.117E+3
673.75	2.032E+3
674.07	1.905E+3
674.39	1.964E+3
674.71	1.631E+3
675.03	1.529E+3
675.34	1.500E+3
675.66	1.425E+3
675.98	1.357E+3
676.30	1.354E+3
676.62	1.235E+3
676.94	1.221E+3
677.25	1.141E+3
677.57	1.044E+3
677.89	1.002E+3
678.21	8.568E+2
678.53	8.787E+2
678.85	7.209E+2
679.16	8.520E+2
679.48	8.641E+2
679.80	7.816E+2
680.12	8.131E+2
680.44	7.233E+2
680.75	6.165E+2
681.07	6.651E+2
681.39	5.801E+2
681.71	6.675E+2
682.02	4.296E+2
682.34	6.141E+2
682.66	4.587E+2
682.98	4.151E+2
683.29	3.689E+2
683.61	3.544E+2
683.93	4.272E+2
684.25	3.107E+2
684.56	2.937E+2
684.88	3.592E+2
685.20	3.422E+2
685.51	3.981E+2
685.83	2.913E+2
686.15	3.204E+2
686.47	2.670E+2
686.78	2.840E+2
687.10	2.767E+2
687.42	2.282E+2
687.73	3.592E+2
688.05	2.500E+2
688.37	1.432E+2
688.68	1.529E+2
689.00	2.451E+2
689.32	1.990E+2
689.63	1.068E+2
689.95	1.990E+2
690.26	1.626E+2
690.58	8.495E+1
690.90	1.238E+2
691.21	1.845E+2
691.53	1.529E+2
691.85	1.748E+2
692.16	1.141E+2
692.48	1.189E+2
692.79	9.709E+1
693.11	1.044E+2
693.42	5.340E+1
693.74	1.092E+2
694.06	2.427E+1
694.37	5.825E+1
694.69	8.981E+1
695.00	1.044E+2
695.32	9.952E+1
695.63	8.495E+1
695.95	1.214E+2
696.26	1.481E+2
696.58	4.126E+1
696.90	1.432E+2
697.21	6.068E+1
697.53	7.039E+1
697.84	2.427E+0
698.16	8.495E+1
698.47	3.884E+1
698.79	1.092E+2
699.10	7.524E+1
699.42	1.456E+1
699.73	3.884E+1
700.05	-3.884E+1
700.36	4.612E+1
700.68	7.524E+1
700.99	5.097E+1
701.30	1.602E+2
701.62	1.942E+1
701.93	1.189E+2
702.25	-5.583E+1
702.56	-9.709E+0
702.88	7.039E+1
703.19	5.825E+1
703.50	1.456E+2
703.82	9.952E+1
704.13	-3.884E+1
704.45	3.884E+1
704.76	-4.854E+1
705.08	1.456E+1
705.39	-2.670E+1
705.70	4.369E+1
706.02	2.427E+1
706.33	7.282E+1
706.64	4.126E+1
706.96	-3.155E+1
707.27	7.039E+1
707.59	2.670E+1
707.90	3.155E+1
708.21	6.068E+1
708.53	3.641E+1
708.84	3.884E+1
709.15	7.282E+0
709.47	3.884E+1
709.78	1.942E+1
710.09	-5.583E+1
710.41	-3.884E+1
710.72	9.223E+1
711.03	0.000E+0
711.34	6.796E+1
711.66	-5.097E+1
711.97	-6.311E+1
712.28	-1.699E+1
712.60	-4.854E+0
712.91	6.796E+1
713.22	-2.184E+1
713.53	-3.641E+1
713.85	-6.068E+1
714.16	9.466E+1
714.47	-3.884E+1
714.78	4.369E+1
715.10	9.709E+1
715.41	-5.825E+1
715.72	-4.612E+1
716.03	2.913E+1
716.35	-6.554E+1
716.66	6.796E+1
716.97	-3.398E+1
717.28	9.709E+1
717.59	4.854E+0
717.91	1.214E+1
718.22	-2.913E+1
718.53	7.524E+1
718.84	3.398E+1
719.15	4.612E+1
719.46	-4.612E+1
719.78	8.253E+1
720.09	4.854E+0
720.40	-5.097E+1
720.71	2.427E+0
721.02	-2.427E+1
721.33	4.612E+1
721.65	6.068E+1
721.96	7.282E+0
722.27	3.884E+1
722.58	4.612E+1
722.89	9.709E+0
723.20	4.126E+1
723.51	9.952E+1
723.82	2.427E+1
724.13	1.699E+1
724.45	2.427E+1
724.76	-2.184E+1
725.07	9.709E+0
725.38	9.466E+1
725.69	7.282E+0
726.00	4.126E+1
726.31	0.000E+0
726.62	-9.709E+0
726.93	-7.282E+0
727.24	2.427E+1
727.55	2.427E+0
727.86	3.884E+1
728.17	8.253E+1
728.48	9.223E+1
728.79	-4.126E+1
729.10	6.068E+1
729.41	-2.913E+1
729.72	-1.699E+1
730.03	2.670E+1
730.34	-6.311E+1
730.65	3.398E+1
730.96	3.884E+1
731.27	-7.282E+0
731.58	-2.184E+1
731.89	-1.092E+2
732.20	-3.155E+1
732.51	2.913E+1
732.82	-1.335E+2
733.13	2.184E+1
733.44	1.214E+1
733.75	-1.456E+1
734.06	1.456E+1
734.37	-1.214E+1
734.68	2.670E+1
734.98	3.884E+1
735.29	-2.670E+1
735.60	3.155E+1
735.91	-1.699E+1
736.22	8.253E+1
736.53	-3.398E+1
736.84	4.369E+1
737.15	1.456E+1
737.46	-2.184E+1
737.77	6.068E+1
738.07	-2.427E+0
738.38	-4.612E+1
738.69	-1.699E+1
739.00	3.398E+1
739.31	6.554E+1
739.62	2.913E+1
739.92	2.427E+1
740.23	5.097E+1
740.54	2.427E+0
740.85	-1.699E+1
741.16	2.427E+1
741.47	7.282E+0
741.77	-3.398E+1
742.08	3.398E+1
742.39	5.825E+1
742.70	3.641E+1
743.01	-1.214E+1
743.31	4.612E+1
743.62	-5.097E+1
743.93	2.913E+1
744.24	-4.612E+1
744.54	-2.427E+0
744.85	-7.039E+1
745.16	-3.884E+1
745.47	-4.854E+1
745.77	-6.554E+1
746.08	1.456E+1
746.39	-1.214E+1
746.70	-4.854E+1
747.00	1.456E+1
747.31	3.641E+1
747.62	7.282E+0
747.92	1.699E+1
748.23	6.311E+1
748.54	-2.427E+0
748.84	-9.709E+0
749.15	-1.432E+2
749.46	-2.670E+1
749.76	5.097E+1
750.07	2.427E+0
750.38	6.311E+1
750.68	8.010E+1
750.99	1.068E+2
751.30	3.884E+1
751.60	9.952E+1
751.91	-6.068E+1
752.22	-3.155E+1
752.52	5.825E+1
752.83	5.340E+1
753.14	5.583E+1
753.44	8.010E+1
753.75	-3.884E+1
754.05	-5.340E+1
754.36	6.554E+1
754.67	4.126E+1
754.97	2.427E+0
755.28	-2.913E+1
755.58	-1.092E+2
755.89	4.612E+1
756.19	3.398E+1
756.50	-1.699E+1
756.81	8.738E+1
757.11	2.427E+0
757.42	-6.311E+1
757.72	8.495E+1
758.03	-5.340E+1
758.33	9.709E+0
758.64	6.068E+1
758.94	6.554E+1
759.25	8.495E+1
759.55	1.699E+1
759.86	3.398E+1
760.16	9.466E+1
760.47	1.456E+1
760.77	5.583E+1
761.08	4.854E+1
761.38	2.184E+1
761.69	-7.282E+0
761.99	-5.097E+1
762.30	1.456E+1
762.60	-1.456E+1
762.91	-9.223E+1
763.21	-9.223E+1
763.51	1.044E+2
763.82	-7.039E+1
764.12	-8.495E+1
764.43	2.670E+1
764.73	4.126E+1
765.04	3.398E+1
765.34	4.854E+1
765.64	-3.155E+1
765.95	1.699E+1
766.25	-4.854E+0
766.56	-2.184E+1
766.86	-4.854E+1
767.16	1.699E+1
767.47	-1.214E+1
767.77	-6.554E+1
768.07	-7.282E+0
768.38	-1.942E+1
768.68	8.981E+1
768.98	7.524E+1
769.29	-6.068E+1
769.59	1.214E+1
769.89	2.913E+1
770.20	2.427E+0
770.50	8.010E+1
770.80	-2.427E+0
771.11	4.369E+1
771.41	1.942E+1
771.71	4.126E+1
772.02	-2.670E+1
772.32	-6.311E+1
772.62	2.670E+1
772.93	1.456E+1
773.23	3.884E+1
773.53	1.699E+1
773.83	5.097E+1
774.14	-4.854E+1
774.44	-6.554E+1
774.74	-3.884E+1
775.04	-8.495E+1
775.35	1.942E+1
775.65	-2.913E+1
775.95	4.126E+1
776.25	3.398E+1
776.55	-8.010E+1
776.86	-4.854E+1
777.16	2.427E+1
777.46	-4.126E+1
777.76	3.155E+1
778.06	-3.155E+1
778.37	3.884E+1
778.67	-4.612E+1
778.97	1.456E+1
779.27	-9.709E+0
779.57	8.981E+1
779.88	-6.311E+1
780.18	-1.456E+1
780.48	-1.044E+2
780.78	9.709E+0
781.08	-8.738E+1
781.38	-1.214E+1
781.68	6.068E+1
781.98	-9.466E+1
782.29	1.942E+1
782.59	-2.913E+1
782.89	-2.427E+1
783.19	6.068E+1
783.49	4.612E+1
783.79	6.796E+1
784.09	1.796E+2
784.39	1.699E+1
784.69	6.554E+1
784.99	3.155E+1
785.30	0.000E+0
785.60	-5.097E+1
785.90	-1.942E+1
786.20	-1.942E+1
786.50	-1.942E+1
786.80	-5.340E+1
787.10	1.456E+1
787.40	-1.456E+1
787.70	-4.369E+1
788.00	9.223E+1
788.30	2.427E+0
788.60	-2.184E+1
788.90	-4.126E+1
789.20	5.097E+1
789.50	5.097E+1
789.80	3.155E+1
790.10	-2.184E+1
790.40	4.854E+0
790.70	5.097E+1
791.00	-2.427E+1
791.30	-1.214E+1
791.60	2.427E+0
791.90	-1.214E+1
792.20	-2.913E+1
792.50	-1.699E+1
792.79	-3.884E+1
793.09	6.068E+1
793.39	-4.369E+1
793.69	-9.223E+1
793.99	-6.311E+1
794.29	-1.942E+1
794.59	4.854E+1
794.89	6.554E+1
795.19	-7.282E+0
795.49	6.068E+1
795.79	9.709E+0
796.08	-4.854E+0
796.38	-4.369E+1
796.68	9.709E+0
796.98	1.189E+2
797.28	3.398E+1
797.58	3.641E+1
797.88	1.699E+1
798.17	-4.369E+1
798.47	2.670E+1
798.77	2.670E+1
799.07	-4.369E+1
799.37	1.699E+1
799.67	-1.141E+2
799.96	-2.184E+1
800.26	2.427E+1
800.56	1.214E+1
800.86	1.456E+1
801.16	-4.854E+0
801.45	4.612E+1
801.75	6.068E+1
802.05	1.238E+2
802.35	7.282E+0
802.64	1.238E+2
802.94	-2.184E+1
803.24	8.738E+1
803.54	-3.155E+1
803.83	3.884E+1
804.13	2.184E+1
804.43	-6.796E+1
804.73	-1.845E+2
805.02	-6.311E+1
805.32	-1.117E+2
805.62	5.825E+1
805.91	2.427E+1
806.21	9.709E+0
806.51	-1.286E+2
806.81	-8.981E+1
807.10	4.369E+1
807.40	2.184E+1
807.70	7.767E+1
807.99	3.884E+1
808.29	8.495E+1
808.59	1.214E+1
808.88	3.398E+1
809.18	-5.340E+1
809.47	-6.311E+1
809.77	-7.282E+0
810.07	-9.223E+1
810.36	2.184E+1
810.66	-5.097E+1
810.96	-2.670E+1
811.25	-1.942E+1
811.55	1.214E+1
811.84	1.456E+1
812.14	0.000E+0
812.44	0.000E+0
812.73	-5.340E+1
813.03	7.282E+0
813.32	7.282E+0
813.62	2.427E+1
813.91	7.767E+1
814.21	2.184E+1
814.51	5.340E+1
814.80	-5.340E+1
815.10	-1.286E+2
815.39	-2.427E+1
815.69	3.155E+1
815.98	9.952E+1
816.28	1.214E+1
816.57	7.767E+1
816.87	7.039E+1
817.16	1.942E+1
817.46	2.184E+1
817.75	-2.427E+0
818.05	-3.398E+1
818.34	-7.039E+1
818.64	4.854E+1
818.93	9.952E+1
819.23	3.884E+1
819.52	-2.184E+1
819.82	-9.952E+1
820.11	0.000E+0
820.40	4.126E+1
820.70	-6.311E+1
820.99	0.000E+0
821.29	-9.223E+1
821.58	-4.854E+0
821.88	4.854E+1
822.17	1.699E+1
822.46	-2.427E+1
822.76	-2.427E+0
823.05	7.524E+1
823.35	-6.796E+1
823.64	1.699E+1
823.93	5.583E+1
824.23	-4.854E+0
824.52	9.223E+1
824.81	-7.767E+1
825.11	7.039E+1
825.40	-2.184E+1
825.69	3.641E+1
825.99	1.214E+1
826.28	-7.282E+1
826.58	9.709E+1
826.87	-3.884E+1
827.16	-4.612E+1
827.45	7.767E+1
827.75	3.155E+1
828.04	0.000E+0
828.33	0.000E+0
828.63	-7.039E+1
828.92	4.854E+1
829.21	-5.097E+1
829.51	-7.282E+1
829.80	-3.398E+1
830.09	-1.456E+1
830.38	4.854E+0
830.68	-1.117E+2
830.97	-3.155E+1
831.26	-2.670E+1
831.55	4.612E+1
831.85	1.699E+1
832.14	-5.583E+1
832.43	6.796E+1
832.72	-3.641E+1
833.01	1.699E+1
833.31	-2.427E+0
833.60	7.282E+0
833.89	6.796E+1
834.18	2.670E+1
834.47	1.189E+2
834.77	-5.825E+1
835.06	-2.427E+1
835.35	1.456E+2
835.64	-4.126E+1
835.93	2.670E+1
836.22	-2.427E+1
836.52	-1.214E+1
836.81	8.738E+1
837.10	1.942E+1
837.39	-3.155E+1
837.68	-3.641E+1
837.97	4.126E+1
838.26	9.223E+1
838.55	1.942E+1
838.85	7.282E+0
839.14	9.709E+1
839.43	-9.709E+0
839.72	6.554E+1
840.01	-5.340E+1
840.30	-8.010E+1
840.59	3.398E+1
840.88	1.019E+2
841.17	1.942E+1
841.46	-6.554E+1
841.75	2.427E+0
842.04	3.641E+1
842.33	3.155E+1
842.62	-5.340E+1
842.91	2.427E+1
843.21	-8.010E+1
843.50	4.369E+1
843.79	-2.913E+1
844.08	2.184E+1
844.37	-5.583E+1
844.66	2.670E+1
844.95	1.092E+2
845.24	7.282E+1
845.53	3.398E+1
845.81	1.942E+1
846.10	-4.854E+0
846.39	-4.369E+1
846.68	6.068E+1
846.97	-1.189E+2
847.26	5.825E+1
847.55	-2.184E+1
847.84	6.068E+1
848.13	-1.214E+1
848.42	1.699E+1
848.71	-1.942E+1
849.00	2.670E+1
849.29	-6.068E+1
849.58	1.214E+2
849.87	0.000E+0
850.15	-2.427E+1
850.44	3.398E+1
850.73	-6.068E+1
851.02	-2.427E+0
851.31	-1.068E+2
851.60	3.641E+1
851.89	1.214E+1
852.18	6.554E+1
852.46	9.709E+0
852.75	-2.913E+1
853.04	1.699E+1
853.33	-1.481E+2
853.62	-2.427E+1
853.91	-2.913E+1
854.19	1.165E+2
854.48	-2.184E+1
854.77	1.456E+1
855.06	4.126E+1
855.35	-3.884E+1
855.63	-5.340E+1
855.92	-5.340E+1
856.21	8.495E+1
856.50	-2.184E+1
856.79	9.709E+0
857.07	3.641E+1
857.36	-1.214E+1
857.65	-2.427E+1
857.94	5.825E+1
858.22	1.456E+1
858.51	5.583E+1
858.80	4.126E+1
859.08	1.699E+1
859.37	-6.311E+1
859.66	2.184E+1
859.95	-4.369E+1
860.23	2.184E+1
860.52	8.010E+1
860.81	9.466E+1
861.09	1.408E+2
861.38	-6.068E+1
861.67	-6.068E+1
861.95	9.709E+0
862.24	-2.427E+0
862.53	-3.155E+1
862.81	2.670E+1
863.10	5.340E+1
863.39	4.369E+1
863.67	3.398E+1
863.96	1.214E+2
864.25	2.670E+1
864.53	-2.670E+1
864.82	-7.282E+0
865.10	7.039E+1
865.39	-2.670E+1
865.68	-1.092E+2
865.96	-1.408E+2
866.25	1.092E+2
866.53	1.092E+2
866.82	1.092E+2