Wavelength	Intensity	Ocean Optics Flame
nm	counts
187.89	-4.126E+1
188.27	-1.699E+1
188.64	-1.165E+2
189.02	4.854E+0
189.40	6.311E+1
189.78	1.456E+1
190.15	3.641E+1
190.53	0.000E+0
190.91	2.670E+1
191.29	8.981E+1
191.66	-3.641E+1
192.04	4.369E+1
192.42	3.884E+1
192.80	8.495E+1
193.17	7.282E+1
193.55	-1.456E+1
193.93	3.155E+1
194.30	2.913E+1
194.68	1.092E+2
195.06	-9.952E+1
195.44	2.184E+1
195.81	-1.699E+1
196.19	-2.913E+1
196.57	-5.340E+1
196.94	4.612E+1
197.32	2.257E+2
197.70	-1.214E+1
198.07	-1.456E+1
198.45	-2.670E+1
198.83	1.214E+2
199.20	9.466E+1
199.58	6.796E+1
199.96	-3.155E+1
200.33	-3.155E+1
200.71	-2.184E+1
201.09	7.282E+1
201.46	-3.884E+1
201.84	4.854E+0
202.22	2.913E+1
202.59	5.340E+1
202.97	3.155E+1
203.34	3.884E+1
203.72	-5.583E+1
204.10	2.427E+1
204.47	5.583E+1
204.85	-1.699E+1
205.23	4.854E+0
205.60	-2.670E+1
205.98	2.670E+1
206.35	7.524E+1
206.73	1.165E+2
207.11	1.044E+2
207.48	5.583E+1
207.86	5.583E+1
208.23	-4.126E+1
208.61	2.913E+1
208.98	8.010E+1
209.36	3.155E+1
209.74	-2.670E+1
210.11	1.214E+1
210.49	5.340E+1
210.86	5.340E+1
211.24	-2.427E+0
211.61	-9.709E+0
211.99	-2.427E+0
212.36	6.068E+1
212.74	-1.699E+1
213.11	4.854E+0
213.49	9.709E+0
213.87	4.854E+1
214.24	-1.456E+1
214.62	8.981E+1
214.99	5.097E+1
215.37	0.000E+0
215.74	-9.709E+0
216.12	7.282E+0
216.49	8.738E+1
216.87	3.641E+1
217.24	2.427E+1
217.62	8.738E+1
217.99	-1.699E+1
218.37	4.854E+0
218.74	-2.670E+1
219.11	3.155E+1
219.49	5.340E+1
219.86	-4.369E+1
220.24	6.554E+1
220.61	4.854E+1
220.99	5.097E+1
221.36	-2.184E+1
221.74	-3.155E+1
222.11	-3.155E+1
222.49	9.709E+1
222.86	4.612E+1
223.23	2.670E+1
223.61	7.282E+1
223.98	7.039E+1
224.36	5.825E+1
224.73	8.738E+1
225.11	-3.155E+1
225.48	5.097E+1
225.85	-6.796E+1
226.23	1.456E+1
226.60	5.825E+1
226.98	-3.155E+1
227.35	-1.456E+1
227.72	5.825E+1
228.10	3.155E+1
228.47	6.796E+1
228.84	4.369E+1
229.22	5.097E+1
229.59	-3.884E+1
229.97	9.952E+1
230.34	3.884E+1
230.71	9.952E+1
231.09	4.854E+1
231.46	-3.884E+1
231.83	7.282E+1
232.21	6.796E+1
232.58	4.126E+1
232.95	4.369E+1
233.33	7.282E+1
233.70	5.583E+1
234.07	1.942E+1
234.45	-6.554E+1
234.82	9.466E+1
235.19	1.384E+2
235.57	-9.709E+0
235.94	1.456E+2
236.31	2.427E+1
236.69	1.456E+1
237.06	-1.456E+1
237.43	3.398E+1
237.80	-7.767E+1
238.18	1.675E+2
238.55	8.495E+1
238.92	2.427E+0
239.30	4.126E+1
239.67	-1.942E+1
240.04	9.952E+1
240.41	5.825E+1
240.79	9.952E+1
241.16	5.825E+1
241.53	1.311E+2
241.90	1.456E+1
242.28	1.117E+2
242.65	-2.184E+1
243.02	4.854E+1
243.39	-2.184E+1
243.77	-2.184E+1
244.14	5.583E+1
244.51	7.524E+1
244.88	6.311E+1
245.25	6.311E+1
245.63	-9.709E+0
246.00	-1.456E+1
246.37	7.524E+1
246.74	-2.427E+0
247.11	5.583E+1
247.49	-6.311E+1
247.86	5.097E+1
248.23	3.398E+1
248.60	1.335E+2
248.97	7.524E+1
249.35	-2.184E+1
249.72	-2.427E+1
250.09	-3.155E+1
250.46	4.854E+0
250.83	3.641E+1
251.20	-1.456E+1
251.58	6.554E+1
251.95	5.340E+1
252.32	-1.214E+1
252.69	4.854E+0
253.06	-9.952E+1
253.43	-4.612E+1
253.80	1.189E+2
254.17	0.000E+0
254.55	8.981E+1
254.92	-6.554E+1
255.29	9.466E+1
255.66	1.699E+1
256.03	8.253E+1
256.40	-8.981E+1
256.77	7.282E+0
257.14	2.427E+1
257.51	2.670E+1
257.88	2.184E+1
258.26	4.369E+1
258.63	7.039E+1
259.00	1.214E+1
259.37	1.214E+1
259.74	3.155E+1
260.11	7.524E+1
260.48	-3.641E+1
260.85	-2.184E+1
261.22	9.466E+1
261.59	-4.369E+1
261.96	3.155E+1
262.33	-2.427E+0
262.70	-3.884E+1
263.07	7.767E+1
263.44	1.699E+1
263.81	4.854E+1
264.18	1.699E+1
264.55	1.942E+1
264.92	-4.854E+1
265.29	1.942E+1
265.66	-9.223E+1
266.03	9.709E+0
266.40	4.854E+1
266.77	5.825E+1
267.14	-6.796E+1
267.51	-4.612E+1
267.88	2.427E+1
268.25	6.796E+1
268.62	4.854E+1
268.99	-4.854E+1
269.36	-4.854E+0
269.73	5.583E+1
270.10	9.709E+0
270.47	-4.369E+1
270.84	1.408E+2
271.21	7.039E+1
271.58	-6.311E+1
271.95	-3.884E+1
272.32	6.554E+1
272.69	9.466E+1
273.06	-9.709E+0
273.43	-3.155E+1
273.80	2.427E+1
274.17	5.825E+1
274.53	2.039E+2
274.90	-4.369E+1
275.27	2.913E+1
275.64	1.141E+2
276.01	-4.854E+0
276.38	3.884E+1
276.75	6.068E+1
277.12	1.456E+1
277.49	8.253E+1
277.86	3.641E+1
278.22	7.767E+1
278.59	9.709E+1
278.96	-1.699E+1
279.33	8.495E+1
279.70	9.709E+1
280.07	5.340E+1
280.44	-2.913E+1
280.80	-2.427E+0
281.17	7.767E+1
281.54	5.825E+1
281.91	-8.981E+1
282.28	1.068E+2
282.65	1.214E+1
283.02	1.942E+1
283.38	4.854E+1
283.75	2.184E+1
284.12	0.000E+0
284.49	-9.709E+0
284.86	0.000E+0
285.22	1.068E+2
285.59	3.398E+1
285.96	3.884E+1
286.33	-7.282E+1
286.70	-1.456E+1
287.06	1.117E+2
287.43	6.554E+1
287.80	-4.854E+1
288.17	-7.282E+0
288.53	3.155E+1
288.90	4.612E+1
289.27	7.282E+1
289.64	2.913E+1
290.01	9.709E+0
290.37	-1.942E+1
290.74	5.097E+1
291.11	2.184E+1
291.48	-4.854E+1
291.84	9.709E+0
292.21	-4.854E+1
292.58	-7.767E+1
292.94	1.335E+2
293.31	6.796E+1
293.68	3.398E+1
294.05	3.884E+1
294.41	-6.311E+1
294.78	2.913E+1
295.15	3.398E+1
295.51	1.869E+2
295.88	3.398E+1
296.25	4.612E+1
296.61	5.825E+1
296.98	5.583E+1
297.35	-2.670E+1
297.72	-5.097E+1
298.08	5.583E+1
298.45	4.369E+1
298.82	7.282E+0
299.18	2.184E+1
299.55	-1.942E+1
299.91	8.981E+1
300.28	-7.039E+1
300.65	9.709E+0
301.01	7.524E+1
301.38	-9.709E+0
301.75	8.253E+1
302.11	-2.427E+0
302.48	7.282E+1
302.85	-2.427E+1
303.21	2.427E+1
303.58	-2.427E+0
303.94	5.340E+1
304.31	2.670E+1
304.68	-6.068E+1
305.04	-2.670E+1
305.41	-1.942E+1
305.77	1.214E+1
306.14	-6.796E+1
306.51	-6.554E+1
306.87	7.767E+1
307.24	-1.942E+1
307.60	-4.854E+0
307.97	7.767E+1
308.33	9.709E+0
308.70	5.825E+1
309.07	-9.709E+0
309.43	-5.583E+1
309.80	-4.369E+1
310.16	3.884E+1
310.53	-3.398E+1
310.89	-7.767E+1
311.26	-3.155E+1
311.62	-7.282E+0
311.99	2.913E+1
312.35	-3.155E+1
312.72	4.369E+1
313.08	-7.282E+0
313.45	-8.495E+1
313.81	-7.282E+1
314.18	3.155E+1
314.54	-2.184E+1
314.91	-7.282E+0
315.27	0.000E+0
315.64	2.427E+0
316.00	9.709E+0
316.37	5.825E+1
316.73	-4.854E+0
317.10	-9.709E+0
317.46	3.641E+1
317.83	-1.019E+2
318.19	-2.913E+1
318.56	7.039E+1
318.92	1.117E+2
319.28	7.524E+1
319.65	4.126E+1
320.01	-9.709E+0
320.38	9.709E+0
320.74	-1.699E+1
321.11	1.699E+1
321.47	6.311E+1
321.83	3.884E+1
322.20	-2.427E+1
322.56	-5.825E+1
322.93	-9.952E+1
323.29	7.282E+0
323.66	4.854E+0
324.02	6.554E+1
324.38	-6.796E+1
324.75	2.427E+0
325.11	-8.738E+1
325.47	7.282E+0
325.84	-9.709E+0
326.20	0.000E+0
326.57	6.311E+1
326.93	4.854E+1
327.29	6.068E+1
327.66	-5.825E+1
328.02	2.427E+1
328.38	2.670E+1
328.75	1.262E+2
329.11	6.554E+1
329.47	-5.340E+1
329.84	1.699E+1
330.20	-3.155E+1
330.56	2.427E+1
330.93	3.155E+1
331.29	4.612E+1
331.65	-4.854E+0
332.02	3.398E+1
332.38	-2.670E+1
332.74	2.670E+1
333.10	2.427E+0
333.47	8.981E+1
333.83	5.097E+1
334.19	-5.825E+1
334.56	6.068E+1
334.92	-2.913E+1
335.28	-4.126E+1
335.64	-5.340E+1
336.01	1.019E+2
336.37	9.709E+0
336.73	2.913E+1
337.09	3.155E+1
337.46	4.126E+1
337.82	-3.155E+1
338.18	-2.427E+1
338.54	-2.913E+1
338.91	8.253E+1
339.27	1.019E+2
339.63	4.854E+1
339.99	1.214E+1
340.36	5.340E+1
340.72	1.432E+2
341.08	3.155E+1
341.44	2.427E+1
341.80	6.311E+1
342.17	-7.282E+0
342.53	6.311E+1
342.89	6.554E+1
343.25	1.699E+1
343.61	-3.155E+1
343.98	8.253E+1
344.34	5.097E+1
344.70	2.427E+1
345.06	1.092E+2
345.42	7.524E+1
345.78	-1.214E+1
346.14	2.427E+0
346.51	-7.039E+1
346.87	6.068E+1
347.23	6.796E+1
347.59	5.825E+1
347.95	6.554E+1
348.31	-7.767E+1
348.67	-3.155E+1
349.04	9.223E+1
349.40	4.854E+1
349.76	1.214E+1
350.12	5.340E+1
350.48	-1.942E+1
350.84	-2.670E+1
351.20	-2.427E+1
351.56	2.670E+1
351.92	2.184E+1
352.28	9.709E+1
352.65	5.097E+1
353.01	2.670E+1
353.37	3.398E+1
353.73	-7.282E+0
354.09	0.000E+0
354.45	-4.854E+1
354.81	1.214E+2
355.17	-6.554E+1
355.53	2.427E+0
355.89	0.000E+0
356.25	6.796E+1
356.61	1.189E+2
356.97	3.641E+1
357.33	5.825E+1
357.69	-2.427E+1
358.05	4.854E+1
358.41	1.942E+1
358.77	5.825E+1
359.13	-1.942E+1
359.49	7.282E+0
359.85	4.854E+1
360.21	3.398E+1
360.57	-1.942E+1
360.93	3.398E+1
361.29	1.456E+1
361.65	-4.854E+0
362.01	-2.427E+0
362.37	1.408E+2
362.73	7.282E+0
363.09	-5.583E+1
363.45	4.126E+1
363.81	7.282E+1
364.17	-2.427E+0
364.53	9.709E+0
364.89	-6.554E+1
365.25	5.825E+1
365.61	-2.184E+1
365.97	-2.427E+0
366.33	1.942E+1
366.69	3.398E+1
367.05	-9.709E+0
367.40	-7.282E+0
367.76	1.068E+2
368.12	4.854E+0
368.48	8.010E+1
368.84	8.253E+1
369.20	-9.709E+0
369.56	8.253E+1
369.92	3.155E+1
370.28	9.709E+1
370.63	7.282E+0
370.99	-7.282E+1
371.35	-5.097E+1
371.71	7.282E+0
372.07	-1.068E+2
372.43	-3.641E+1
372.79	1.481E+2
373.15	-7.282E+0
373.50	-1.214E+1
373.86	9.709E+1
374.22	9.709E+0
374.58	4.126E+1
374.94	-5.583E+1
375.30	-2.427E+0
375.65	8.253E+1
376.01	7.282E+1
376.37	-4.854E+1
376.73	-3.398E+1
377.09	-3.398E+1
377.44	-3.155E+1
377.80	-2.427E+0
378.16	0.000E+0
378.52	-8.495E+1
378.88	5.583E+1
379.23	-2.670E+1
379.59	5.825E+1
379.95	-5.340E+1
380.31	3.398E+1
380.66	-3.884E+1
381.02	5.583E+1
381.38	1.456E+1
381.74	7.524E+1
382.09	-7.282E+0
382.45	2.427E+1
382.81	-1.214E+1
383.17	1.699E+1
383.52	-1.092E+2
383.88	3.155E+1
384.24	-6.068E+1
384.60	1.359E+2
384.95	-1.942E+1
385.31	1.699E+1
385.67	3.155E+1
386.02	4.854E+0
386.38	-2.427E+1
386.74	-1.942E+1
387.10	5.583E+1
387.45	1.092E+2
387.81	-1.214E+1
388.17	-2.427E+0
388.52	2.913E+1
388.88	1.699E+1
389.24	-9.709E+0
389.59	-7.524E+1
389.95	-4.854E+1
390.31	9.709E+0
390.66	1.311E+2
391.02	4.854E+0
391.38	1.214E+1
391.73	3.398E+1
392.09	1.068E+2
392.44	6.554E+1
392.80	5.583E+1
393.16	8.253E+1
393.51	2.427E+0
393.87	1.456E+1
394.23	-9.466E+1
394.58	2.427E+0
394.94	3.641E+1
395.29	1.432E+2
395.65	7.282E+0
396.01	-3.398E+1
396.36	5.583E+1
396.72	4.854E+0
397.07	2.670E+1
397.43	8.495E+1
397.78	1.481E+2
398.14	-1.068E+2
398.50	5.097E+1
398.85	-1.456E+1
399.21	-1.699E+1
399.56	2.913E+1
399.92	-6.311E+1
400.27	2.427E+1
400.63	1.384E+2
400.98	1.456E+1
401.34	1.068E+2
401.69	5.097E+1
402.05	-3.641E+1
402.40	9.709E+0
402.76	6.068E+1
403.11	-4.854E+0
403.47	-3.884E+1
403.82	-3.155E+1
404.18	-4.854E+0
404.53	6.554E+1
404.89	1.044E+2
405.24	-4.854E+0
405.60	2.427E+0
405.95	2.670E+1
406.31	6.311E+1
406.66	-5.583E+1
407.02	2.427E+0
407.37	-2.427E+0
407.73	-9.709E+1
408.08	6.554E+1
408.44	8.495E+1
408.79	-1.942E+1
409.14	-4.854E+0
409.50	1.068E+2
409.85	1.092E+2
410.21	-9.709E+0
410.56	-7.282E+1
410.92	7.524E+1
411.27	3.884E+1
411.62	-7.767E+1
411.98	9.709E+0
412.33	1.092E+2
412.69	-8.738E+1
413.04	-9.709E+0
413.39	5.340E+1
413.75	4.369E+1
414.10	9.709E+0
414.45	-2.913E+1
414.81	9.709E+0
415.16	6.068E+1
415.52	1.238E+2
415.87	-2.427E+1
416.22	-6.796E+1
416.58	9.709E+1
416.93	1.141E+2
417.28	5.583E+1
417.64	-7.039E+1
417.99	-4.369E+1
418.34	-1.019E+2
418.70	5.825E+1
419.05	8.738E+1
419.40	3.398E+1
419.76	-7.282E+0
420.11	-2.427E+0
420.46	-4.854E+1
420.81	7.767E+1
421.17	-6.068E+1
421.52	3.398E+1
421.87	0.000E+0
422.23	2.427E+1
422.58	2.427E+1
422.93	-6.068E+1
423.28	-1.214E+1
423.64	4.369E+1
423.99	1.214E+1
424.34	-1.214E+1
424.69	-7.282E+0
425.05	1.699E+1
425.40	3.641E+1
425.75	2.184E+1
426.10	4.612E+1
426.46	1.189E+2
426.81	4.854E+0
427.16	-1.942E+1
427.51	-1.214E+1
427.87	-4.126E+1
428.22	-3.398E+1
428.57	-1.214E+1
428.92	2.427E+1
429.27	1.019E+2
429.63	-9.709E+0
429.98	3.155E+1
430.33	5.825E+1
430.68	8.010E+1
431.03	-2.670E+1
431.38	6.796E+1
431.74	6.796E+1
432.09	4.854E+1
432.44	1.214E+1
432.79	8.253E+1
433.14	4.854E+0
433.49	7.767E+1
433.85	5.340E+1
434.20	0.000E+0
434.55	-3.155E+1
434.90	8.010E+1
435.25	-7.767E+1
435.60	-1.699E+1
435.95	9.223E+1
436.30	0.000E+0
436.66	1.141E+2
437.01	2.913E+1
437.36	1.044E+2
437.71	9.952E+1
438.06	2.427E+1
438.41	-3.641E+1
438.76	-2.913E+1
439.11	5.825E+1
439.46	5.583E+1
439.81	4.126E+1
440.16	3.641E+1
440.52	1.456E+1
440.87	7.282E+1
441.22	-1.699E+1
441.57	-2.913E+1
441.92	1.117E+2
442.27	-9.952E+1
442.62	-1.699E+1
442.97	-1.942E+1
443.32	-1.456E+1
443.67	4.612E+1
444.02	6.796E+1
444.37	9.709E+0
444.72	6.311E+1
445.07	4.612E+1
445.42	-3.884E+1
445.77	-4.369E+1
446.12	-8.253E+1
446.47	8.981E+1
446.82	5.340E+1
447.17	1.942E+1
447.52	-1.699E+1
447.87	-8.981E+1
448.22	-1.214E+1
448.57	9.952E+1
448.92	2.913E+1
449.27	-1.456E+1
449.62	9.709E+0
449.97	0.000E+0
450.32	5.583E+1
450.66	6.311E+1
451.01	4.126E+1
451.36	-6.796E+1
451.71	9.709E+0
452.06	-8.253E+1
452.41	-2.184E+1
452.76	6.068E+1
453.11	1.068E+2
453.46	5.825E+1
453.81	2.184E+1
454.16	1.044E+2
454.51	5.825E+1
454.85	4.854E+0
455.20	-1.456E+1
455.55	-2.427E+0
455.90	4.126E+1
456.25	-1.456E+1
456.60	2.184E+1
456.95	-7.282E+0
457.30	3.641E+1
457.64	-1.262E+2
457.99	-1.723E+2
458.34	-4.854E+0
458.69	7.282E+0
459.04	2.427E+0
459.39	-1.456E+1
459.73	-3.641E+1
460.08	-8.495E+1
460.43	6.554E+1
460.78	1.456E+1
461.13	-4.612E+1
461.48	-5.340E+1
461.82	1.044E+2
462.17	2.913E+1
462.52	2.427E+0
462.87	1.699E+1
463.21	4.126E+1
463.56	-5.583E+1
463.91	1.942E+1
464.26	1.214E+2
464.61	4.854E+0
464.95	4.612E+1
465.30	6.068E+1
465.65	2.913E+1
466.00	1.699E+1
466.34	8.495E+1
466.69	3.398E+1
467.04	-1.942E+1
467.39	-2.427E+1
467.73	2.427E+1
468.08	-3.155E+1
468.43	1.214E+1
468.77	1.165E+2
469.12	1.699E+1
469.47	-6.068E+1
469.82	-2.670E+1
470.16	7.039E+1
470.51	4.854E+0
470.86	2.184E+1
471.20	4.854E+0
471.55	-7.039E+1
471.90	-2.427E+0
472.24	3.155E+1
472.59	-7.039E+1
472.94	3.641E+1
473.28	1.456E+1
473.63	4.854E+1
473.98	5.340E+1
474.32	8.253E+1
474.67	8.495E+1
475.02	3.155E+1
475.36	3.884E+1
475.71	-2.184E+1
476.06	3.641E+1
476.40	1.456E+1
476.75	2.913E+1
477.09	-6.311E+1
477.44	-8.495E+1
477.79	0.000E+0
478.13	8.495E+1
478.48	2.913E+1
478.82	2.184E+1
479.17	-2.427E+0
479.52	-6.311E+1
479.86	9.952E+1
480.21	8.738E+1
480.55	-4.854E+0
480.90	-2.670E+1
481.24	-3.155E+1
481.59	-2.670E+1
481.94	-1.068E+2
482.28	7.282E+0
482.63	-3.155E+1
482.97	1.456E+1
483.32	7.282E+1
483.66	0.000E+0
484.01	7.282E+1
484.35	9.466E+1
484.70	8.981E+1
485.04	-1.044E+2
485.39	2.913E+1
485.73	1.214E+1
486.08	1.214E+1
486.42	4.612E+1
486.77	-3.884E+1
487.11	1.456E+1
487.46	-1.456E+1
487.80	1.699E+1
488.15	2.913E+1
488.49	-9.709E+0
488.84	5.583E+1
489.18	4.126E+1
489.53	3.155E+1
489.87	0.000E+0
490.21	1.796E+2
490.56	-4.854E+0
490.90	5.583E+1
491.25	8.981E+1
491.59	7.767E+1
491.94	-4.126E+1
492.28	-5.097E+1
492.62	-2.670E+1
492.97	4.126E+1
493.31	6.311E+1
493.66	4.369E+1
494.00	7.039E+1
494.34	2.427E+0
494.69	3.641E+1
495.03	2.670E+1
495.38	-3.155E+1
495.72	-1.456E+1
496.06	6.311E+1
496.41	4.369E+1
496.75	-3.155E+1
497.09	9.952E+1
497.44	-2.427E+0
497.78	7.282E+0
498.13	6.068E+1
498.47	-2.184E+1
498.81	7.282E+0
499.16	2.427E+1
499.50	-3.398E+1
499.84	9.709E+0
500.19	8.981E+1
500.53	-8.253E+1
500.87	-2.427E+0
501.21	1.214E+1
501.56	-3.398E+1
501.90	7.039E+1
502.24	-9.952E+1
502.59	2.427E+1
502.93	1.311E+2
503.27	2.670E+1
503.61	-2.184E+1
503.96	-8.981E+1
504.30	1.699E+1
504.64	-1.238E+2
504.99	5.583E+1
505.33	1.019E+2
505.67	-1.456E+1
506.01	1.117E+2
506.36	1.262E+2
506.70	3.155E+1
507.04	7.282E+0
507.38	1.214E+1
507.72	-7.282E+0
508.07	6.796E+1
508.41	3.155E+1
508.75	-1.311E+2
509.09	-6.796E+1
509.44	3.398E+1
509.78	3.398E+1
510.12	-1.942E+1
510.46	6.554E+1
510.80	-9.709E+0
511.14	1.214E+1
511.49	1.214E+1
511.83	6.311E+1
512.17	3.884E+1
512.51	1.311E+2
512.85	1.044E+2
513.19	-8.495E+1
513.54	3.641E+1
513.88	2.427E+1
514.22	5.097E+1
514.56	4.612E+1
514.90	-8.495E+1
515.24	-1.456E+1
515.58	1.214E+1
515.93	-9.709E+0
516.27	-3.641E+1
516.61	-2.913E+1
516.95	2.670E+1
517.29	9.709E+0
517.63	-3.884E+1
517.97	5.097E+1
518.31	1.456E+1
518.65	2.670E+1
518.99	3.398E+1
519.33	-1.456E+1
519.67	1.044E+2
520.02	5.097E+1
520.36	-2.184E+1
520.70	9.466E+1
521.04	7.282E+0
521.38	7.282E+0
521.72	2.427E+1
522.06	-1.699E+2
522.40	1.189E+2
522.74	-6.554E+1
523.08	1.456E+1
523.42	7.039E+1
523.76	-1.699E+1
524.10	8.981E+1
524.44	5.583E+1
524.78	2.670E+1
525.12	2.913E+1
525.46	-9.709E+0
525.80	-1.408E+2
526.14	4.612E+1
526.48	3.641E+1
526.82	1.942E+1
527.16	2.913E+1
527.50	-2.427E+0
527.84	7.524E+1
528.18	6.796E+1
528.52	-3.398E+1
528.86	6.796E+1
529.20	1.335E+2
529.54	7.524E+1
529.87	9.223E+1
530.21	9.952E+1
530.55	3.884E+1
530.89	6.311E+1
531.23	6.311E+1
531.57	2.670E+1
531.91	3.398E+1
532.25	5.340E+1
532.59	1.189E+2
532.93	1.286E+2
533.27	-6.068E+1
533.60	7.282E+0
533.94	1.214E+1
534.28	7.282E+1
534.62	-1.214E+1
534.96	9.223E+1
535.30	2.427E+0
535.64	4.854E+1
535.98	-7.282E+0
536.31	-2.427E+0
536.65	7.282E+0
536.99	-1.699E+1
537.33	-4.854E+0
537.67	2.913E+1
538.01	2.427E+0
538.34	-6.796E+1
538.68	5.097E+1
539.02	7.039E+1
539.36	8.738E+1
539.70	-9.709E+0
540.03	5.340E+1
540.37	-7.039E+1
540.71	1.214E+1
541.05	3.398E+1
541.39	4.369E+1
541.72	3.155E+1
542.06	0.000E+0
542.40	1.214E+1
542.74	1.699E+1
543.07	-5.097E+1
543.41	-1.699E+1
543.75	5.825E+1
544.09	-4.126E+1
544.42	4.854E+0
544.76	-1.699E+1
545.10	3.155E+1
545.44	4.854E+0
545.77	4.369E+1
546.11	-4.126E+1
546.45	5.340E+1
546.78	7.767E+1
547.12	3.641E+1
547.46	8.495E+1
547.80	5.097E+1
548.13	7.282E+0
548.47	9.709E+0
548.81	4.612E+1
549.14	-7.767E+1
549.48	-2.427E+1
549.82	3.155E+1
550.15	7.282E+1
550.49	4.612E+1
550.83	-4.854E+1
551.16	1.214E+1
551.50	-4.854E+0
551.84	1.189E+2
552.17	2.670E+1
552.51	7.767E+1
552.84	-5.825E+1
553.18	2.427E+0
553.52	5.340E+1
553.85	6.796E+1
554.19	1.456E+1
554.53	6.796E+1
554.86	7.524E+1
555.20	5.097E+1
555.53	-5.825E+1
555.87	6.554E+1
556.20	1.311E+2
556.54	4.612E+1
556.88	5.340E+1
557.21	7.282E+1
557.55	3.398E+1
557.88	-2.670E+1
558.22	6.068E+1
558.55	-2.427E+0
558.89	-6.068E+1
559.23	1.092E+2
559.56	1.262E+2
559.90	7.282E+1
560.23	7.039E+1
560.57	-4.854E+0
560.90	-1.456E+1
561.24	9.709E+1
561.57	3.155E+1
561.91	1.456E+1
562.24	-4.126E+1
562.58	2.427E+0
562.91	8.738E+1
563.25	1.214E+2
563.58	-5.097E+1
563.92	-8.981E+1
564.25	5.097E+1
564.59	9.709E+0
564.92	6.068E+1
565.25	7.282E+0
565.59	-3.155E+1
565.92	8.010E+1
566.26	1.068E+2
566.59	2.913E+1
566.93	-3.641E+1
567.26	-3.641E+1
567.60	9.709E+1
567.93	2.427E+1
568.26	4.854E+1
568.60	-1.699E+1
568.93	-2.184E+1
569.27	2.913E+1
569.60	-4.126E+1
569.93	-4.854E+0
570.27	1.456E+1
570.60	6.554E+1
570.94	3.884E+1
571.27	7.282E+0
571.60	8.981E+1
571.94	4.612E+1
572.27	-1.456E+1
572.60	7.767E+1
572.94	2.670E+1
573.27	3.884E+1
573.60	2.427E+0
573.94	-5.097E+1
574.27	1.408E+2
574.60	4.612E+1
574.94	6.796E+1
575.27	-5.583E+1
575.60	3.641E+1
575.94	6.068E+1
576.27	7.524E+1
576.60	-3.884E+1
576.94	4.369E+1
577.27	8.495E+1
577.60	1.408E+2
577.94	4.854E+0
578.27	2.427E+1
578.60	-7.282E+0
578.93	-3.884E+1
579.27	1.286E+2
579.60	1.384E+2
579.93	1.699E+1
580.26	1.165E+2
580.60	8.253E+1
580.93	-3.155E+1
581.26	1.651E+2
581.59	1.456E+1
581.93	8.738E+1
582.26	9.466E+1
582.59	5.097E+1
582.92	1.651E+2
583.25	7.039E+1
583.59	1.068E+2
583.92	-2.427E+0
584.25	1.626E+2
584.58	2.039E+2
584.91	1.117E+2
585.25	1.942E+1
585.58	3.155E+1
585.91	1.578E+2
586.24	1.117E+2
586.57	2.112E+2
586.90	2.427E+2
587.24	4.126E+1
587.57	1.286E+2
587.90	1.626E+2
588.23	1.311E+2
588.56	7.767E+1
588.89	9.709E+1
589.22	2.063E+2
589.56	6.554E+1
589.89	8.010E+1
590.22	1.262E+2
590.55	4.369E+1
590.88	7.282E+0
591.21	1.141E+2
591.54	1.456E+1
591.87	2.136E+2
592.20	1.044E+2
592.53	1.772E+2
592.87	1.675E+2
593.20	2.063E+2
593.53	7.282E+1
593.86	2.184E+2
594.19	3.422E+2
594.52	2.306E+2
594.85	2.282E+2
595.18	2.985E+2
595.51	3.617E+2
595.84	2.646E+2
596.17	2.549E+2
596.50	3.519E+2
596.83	4.248E+2
597.16	3.859E+2
597.49	3.180E+2
597.82	3.228E+2
598.15	3.835E+2
598.48	4.490E+2
598.81	4.078E+2
599.14	4.976E+2
599.47	5.000E+2
599.80	4.830E+2
600.13	4.539E+2
600.46	4.952E+2
600.79	4.587E+2
601.12	5.995E+2
601.45	5.680E+2
601.78	5.219E+2
602.11	5.728E+2
602.44	6.796E+2
602.77	5.728E+2
603.10	6.578E+2
603.42	6.699E+2
603.75	8.107E+2
604.08	7.767E+2
604.41	7.524E+2
604.74	7.330E+2
605.07	9.175E+2
605.40	8.762E+2
605.73	9.806E+2
606.06	8.956E+2
606.39	9.685E+2
606.71	9.539E+2
607.04	1.114E+3
607.37	1.175E+3
607.70	1.160E+3
608.03	1.252E+3
608.36	1.277E+3
608.69	1.209E+3
609.02	1.194E+3
609.34	1.396E+3
609.67	1.432E+3
610.00	1.449E+3
610.33	1.425E+3
610.66	1.544E+3
610.98	1.684E+3
611.31	1.663E+3
611.64	1.665E+3
611.97	1.845E+3
612.30	1.937E+3
612.63	1.988E+3
612.95	2.005E+3
613.28	2.085E+3
613.61	2.228E+3
613.94	2.182E+3
614.26	2.466E+3
614.59	2.449E+3
614.92	2.551E+3
615.25	2.624E+3
615.57	2.723E+3
615.90	2.699E+3
616.23	2.893E+3
616.56	2.930E+3
616.88	2.922E+3
617.21	3.124E+3
617.54	3.447E+3
617.87	3.442E+3
618.19	3.551E+3
618.52	3.825E+3
618.85	3.850E+3
619.17	3.859E+3
619.50	4.168E+3
619.83	4.386E+3
620.15	4.422E+3
620.48	4.687E+3
620.81	4.799E+3
621.14	4.939E+3
621.46	5.070E+3
621.79	5.337E+3
622.11	5.442E+3
622.44	5.668E+3
622.77	5.978E+3
623.09	6.134E+3
623.42	6.439E+3
623.75	6.624E+3
624.07	6.816E+3
624.40	7.017E+3
624.73	7.202E+3
625.05	7.422E+3
625.38	8.024E+3
625.70	8.253E+3
626.03	8.427E+3
626.36	8.842E+3
626.68	9.046E+3
627.01	9.279E+3
627.33	9.515E+3
627.66	1.001E+4
627.99	1.045E+4
628.31	1.100E+4
628.64	1.129E+4
628.96	1.186E+4
629.29	1.228E+4
629.61	1.257E+4
629.94	1.304E+4
630.26	1.344E+4
630.59	1.397E+4
630.91	1.460E+4
631.24	1.509E+4
631.57	1.564E+4
631.89	1.623E+4
632.22	1.708E+4
632.54	1.754E+4
632.87	1.793E+4
633.19	1.873E+4
633.52	1.933E+4
633.84	2.009E+4
634.16	2.095E+4
634.49	2.183E+4
634.81	2.248E+4
635.14	2.324E+4
635.46	2.382E+4
635.79	2.472E+4
636.11	2.570E+4
636.44	2.659E+4
636.76	2.737E+4
637.09	2.866E+4
637.41	2.921E+4
637.73	2.993E+4
638.06	3.094E+4
638.38	3.193E+4
638.71	3.349E+4
639.03	3.384E+4
639.36	3.519E+4
639.68	3.560E+4
640.00	3.696E+4
640.33	3.805E+4
640.65	3.898E+4
640.97	3.978E+4
641.30	4.084E+4
641.62	4.122E+4
641.95	4.248E+4
642.27	4.352E+4
642.59	4.447E+4
642.92	4.534E+4
643.24	4.605E+4
643.56	4.694E+4
643.89	4.741E+4
644.21	4.823E+4
644.53	4.882E+4
644.86	4.938E+4
645.18	5.001E+4
645.50	5.022E+4
645.83	5.035E+4
646.15	5.088E+4
646.47	5.101E+4
646.80	5.147E+4
647.12	5.151E+4
647.44	5.115E+4
647.76	5.160E+4
648.09	5.145E+4
648.41	5.133E+4
648.73	5.059E+4
649.05	5.062E+4
649.38	4.975E+4
649.70	4.955E+4
650.02	4.858E+4
650.34	4.820E+4
650.67	4.693E+4
650.99	4.679E+4
651.31	4.568E+4
651.63	4.459E+4
651.96	4.385E+4
652.28	4.262E+4
652.60	4.150E+4
652.92	4.065E+4
653.24	3.932E+4
653.57	3.827E+4
653.89	3.689E+4
654.21	3.586E+4
654.53	3.460E+4
654.85	3.349E+4
655.18	3.188E+4
655.50	3.097E+4
655.82	2.986E+4
656.14	2.865E+4
656.46	2.751E+4
656.78	2.597E+4
657.10	2.512E+4
657.43	2.407E+4
657.75	2.272E+4
658.07	2.184E+4
658.39	2.129E+4
658.71	1.996E+4
659.03	1.896E+4
659.35	1.833E+4
659.67	1.756E+4
659.99	1.698E+4
660.32	1.597E+4
660.64	1.519E+4
660.96	1.475E+4
661.28	1.391E+4
661.60	1.299E+4
661.92	1.263E+4
662.24	1.200E+4
662.56	1.151E+4
662.88	1.094E+4
663.20	1.038E+4
663.52	9.811E+3
663.84	9.284E+3
664.16	9.102E+3
664.48	8.694E+3
664.80	8.323E+3
665.12	7.905E+3
665.44	7.500E+3
665.76	7.221E+3
666.08	6.721E+3
666.40	6.561E+3
666.72	6.100E+3
667.04	5.954E+3
667.36	5.779E+3
667.68	5.534E+3
668.00	5.216E+3
668.32	4.833E+3
668.64	4.553E+3
668.96	4.320E+3
669.28	4.175E+3
669.60	3.993E+3
669.92	3.864E+3
670.24	3.651E+3
670.56	3.306E+3
670.88	3.233E+3
671.20	3.002E+3
671.52	3.097E+3
671.84	2.752E+3
672.16	2.648E+3
672.47	2.573E+3
672.79	2.398E+3
673.11	2.151E+3
673.43	1.993E+3
673.75	2.019E+3
674.07	1.854E+3
674.39	1.840E+3
674.71	1.745E+3
675.03	1.558E+3
675.34	1.592E+3
675.66	1.456E+3
675.98	1.439E+3
676.30	1.206E+3
676.62	1.342E+3
676.94	1.146E+3
677.25	1.087E+3
677.57	1.002E+3
677.89	1.019E+3
678.21	8.422E+2
678.53	8.787E+2
678.85	8.495E+2
679.16	7.864E+2
679.48	6.408E+2
679.80	7.330E+2
680.12	7.354E+2
680.44	6.432E+2
680.75	6.311E+2
681.07	5.874E+2
681.39	6.287E+2
681.71	5.558E+2
682.02	4.806E+2
682.34	4.029E+2
682.66	3.422E+2
682.98	4.102E+2
683.29	3.859E+2
683.61	3.374E+2
683.93	3.859E+2
684.25	4.102E+2
684.56	2.961E+2
684.88	3.010E+2
685.20	2.209E+2
685.51	2.743E+2
685.83	3.350E+2
686.15	2.160E+2
686.47	1.990E+2
686.78	9.709E+1
687.10	1.481E+2
687.42	2.160E+2
687.73	2.282E+2
688.05	2.015E+2
688.37	1.408E+2
688.68	1.578E+2
689.00	1.553E+2
689.32	2.112E+2
689.63	1.553E+2
689.95	1.481E+2
690.26	1.432E+2
690.58	1.068E+2
690.90	1.602E+2
691.21	1.359E+2
691.53	2.015E+2
691.85	-1.699E+1
692.16	1.262E+2
692.48	8.010E+1
692.79	1.456E+1
693.11	6.796E+1
693.42	8.981E+1
693.74	1.311E+2
694.06	5.340E+1
694.37	9.952E+1
694.69	8.253E+1
695.00	7.282E+1
695.32	6.554E+1
695.63	7.282E+0
695.95	-2.427E+0
696.26	8.981E+1
696.58	1.286E+2
696.90	7.039E+1
697.21	1.699E+2
697.53	1.942E+1
697.84	-1.214E+1
698.16	2.427E+0
698.47	1.214E+1
698.79	9.466E+1
699.10	1.068E+2
699.42	3.884E+1
699.73	5.097E+1
700.05	9.709E+1
700.36	9.709E+1
700.68	8.738E+1
700.99	3.398E+1
701.30	6.311E+1
701.62	2.913E+1
701.93	6.796E+1
702.25	1.165E+2
702.56	6.068E+1
702.88	4.126E+1
703.19	-8.738E+1
703.50	-3.398E+1
703.82	-4.854E+0
704.13	2.427E+0
704.45	4.612E+1
704.76	-4.369E+1
705.08	4.126E+1
705.39	5.583E+1
705.70	1.553E+2
706.02	1.214E+1
706.33	1.141E+2
706.64	3.884E+1
706.96	6.796E+1
707.27	8.738E+1
707.59	7.282E+0
707.90	3.398E+1
708.21	5.340E+1
708.53	-2.913E+1
708.84	-4.854E+0
709.15	3.398E+1
709.47	8.981E+1
709.78	-4.126E+1
710.09	6.796E+1
710.41	8.495E+1
710.72	1.335E+2
711.03	7.282E+0
711.34	-1.699E+1
711.66	7.767E+1
711.97	3.884E+1
712.28	2.427E+1
712.60	4.854E+0
712.91	9.223E+1
713.22	-1.165E+2
713.53	-5.825E+1
713.85	4.126E+1
714.16	1.214E+1
714.47	1.675E+2
714.78	3.398E+1
715.10	2.427E+1
715.41	-1.699E+1
715.72	-3.884E+1
716.03	1.942E+1
716.35	-2.427E+0
716.66	-3.155E+1
716.97	4.369E+1
717.28	4.369E+1
717.59	6.311E+1
717.91	-2.184E+1
718.22	-6.796E+1
718.53	-7.039E+1
718.84	4.612E+1
719.15	4.126E+1
719.46	-1.456E+1
719.78	5.340E+1
720.09	-7.282E+1
720.40	9.223E+1
720.71	3.155E+1
721.02	-2.670E+1
721.33	1.699E+1
721.65	-1.214E+1
721.96	-1.214E+1
722.27	1.942E+1
722.58	4.369E+1
722.89	6.311E+1
723.20	4.854E+0
723.51	-5.583E+1
723.82	-7.282E+1
724.13	8.981E+1
724.45	1.141E+2
724.76	-3.641E+1
725.07	-7.282E+1
725.38	7.282E+0
725.69	0.000E+0
726.00	7.524E+1
726.31	7.039E+1
726.62	3.641E+1
726.93	5.097E+1
727.24	6.796E+1
727.55	4.126E+1
727.86	-7.282E+0
728.17	-1.214E+1
728.48	2.913E+1
728.79	-4.854E+0
729.10	-4.126E+1
729.41	1.699E+1
729.72	2.670E+1
730.03	-2.427E+1
730.34	-2.670E+1
730.65	9.709E+1
730.96	3.641E+1
731.27	2.427E+1
731.58	-2.670E+1
731.89	3.155E+1
732.20	1.942E+1
732.51	2.427E+0
732.82	-4.126E+1
733.13	-9.709E+0
733.44	-1.214E+1
733.75	6.311E+1
734.06	4.612E+1
734.37	2.913E+1
734.68	-1.456E+1
734.98	-1.335E+2
735.29	5.583E+1
735.60	-1.189E+2
735.91	-1.456E+1
736.22	2.427E+0
736.53	4.126E+1
736.84	2.427E+0
737.15	9.709E+1
737.46	-1.214E+1
737.77	2.184E+1
738.07	4.612E+1
738.38	1.214E+1
738.69	1.942E+1
739.00	1.456E+1
739.31	-3.398E+1
739.62	4.854E+0
739.92	-3.884E+1
740.23	-1.942E+1
740.54	1.214E+1
740.85	1.214E+1
741.16	-1.699E+1
741.47	1.165E+2
741.77	-6.796E+1
742.08	-8.495E+1
742.39	1.699E+1
742.70	-6.554E+1
743.01	-6.796E+1
743.31	-5.340E+1
743.62	1.214E+1
743.93	-2.184E+1
744.24	2.427E+1
744.54	5.340E+1
744.85	-2.670E+1
745.16	-6.796E+1
745.47	1.044E+2
745.77	1.214E+1
746.08	6.068E+1
746.39	3.398E+1
746.70	-6.311E+1
747.00	2.427E+1
747.31	-1.214E+1
747.62	1.699E+1
747.92	1.044E+2
748.23	-4.126E+1
748.54	-3.155E+1
748.84	-1.942E+1
749.15	-3.641E+1
749.46	-5.097E+1
749.76	3.641E+1
750.07	-5.583E+1
750.38	-1.942E+1
750.68	-5.583E+1
750.99	1.942E+1
751.30	-1.699E+1
751.60	-2.427E+1
751.91	2.427E+1
752.22	-2.427E+0
752.52	-2.427E+1
752.83	4.612E+1
753.14	-7.039E+1
753.44	-1.699E+1
753.75	6.554E+1
754.05	4.612E+1
754.36	-3.155E+1
754.67	2.184E+1
754.97	9.223E+1
755.28	-1.942E+1
755.58	3.641E+1
755.89	-6.796E+1
756.19	-6.311E+1
756.50	4.612E+1
756.81	4.369E+1
757.11	1.044E+2
757.42	-5.825E+1
757.72	-1.699E+1
758.03	-1.699E+1
758.33	-8.981E+1
758.64	-1.117E+2
758.94	0.000E+0
759.25	2.913E+1
759.55	7.524E+1
759.86	9.709E+0
760.16	6.068E+1
760.47	-2.427E+1
760.77	-7.767E+1
761.08	9.709E+1
761.38	4.854E+1
761.69	-6.068E+1
761.99	-4.126E+1
762.30	-9.223E+1
762.60	1.456E+1
762.91	-4.854E+0
763.21	1.942E+1
763.51	4.854E+0
763.82	3.641E+1
764.12	2.427E+0
764.43	4.126E+1
764.73	5.340E+1
765.04	-7.282E+0
765.34	-4.612E+1
765.64	2.670E+1
765.95	-6.554E+1
766.25	-3.155E+1
766.56	-4.854E+1
766.86	-5.097E+1
767.16	4.612E+1
767.47	1.942E+1
767.77	6.554E+1
768.07	1.117E+2
768.38	-3.155E+1
768.68	9.952E+1
768.98	1.019E+2
769.29	-3.641E+1
769.59	4.612E+1
769.89	1.456E+1
770.20	9.709E+0
770.50	-7.039E+1
770.80	-1.699E+1
771.11	-2.184E+1
771.41	-1.699E+1
771.71	9.223E+1
772.02	-4.854E+1
772.32	2.184E+1
772.62	-5.825E+1
772.93	1.262E+2
773.23	-1.699E+1
773.53	1.019E+2
773.83	-3.884E+1
774.14	0.000E+0
774.44	-3.884E+1
774.74	-1.699E+1
775.04	7.524E+1
775.35	-3.398E+1
775.65	-9.709E+1
775.95	4.369E+1
776.25	-8.253E+1
776.55	3.884E+1
776.86	-8.495E+1
777.16	9.223E+1
777.46	7.524E+1
777.76	-1.214E+1
778.06	6.796E+1
778.37	8.010E+1
778.67	-4.126E+1
778.97	9.709E+0
779.27	1.117E+2
779.57	-3.884E+1
779.88	3.398E+1
780.18	-2.427E+1
780.48	3.884E+1
780.78	7.524E+1
781.08	2.427E+1
781.38	7.039E+1
781.68	1.384E+2
781.98	-3.398E+1
782.29	8.495E+1
782.59	8.981E+1
782.89	-9.709E+0
783.19	2.913E+1
783.49	2.670E+1
783.79	-2.913E+1
784.09	4.126E+1
784.39	3.398E+1
784.69	7.282E+1
784.99	0.000E+0
785.30	4.854E+1
785.60	9.709E+1
785.90	-7.524E+1
786.20	1.214E+1
786.50	4.369E+1
786.80	9.709E+0
787.10	2.913E+1
787.40	3.641E+1
787.70	-4.854E+1
788.00	3.641E+1
788.30	-2.427E+1
788.60	4.854E+1
788.90	0.000E+0
789.20	2.427E+1
789.50	1.456E+1
789.80	5.583E+1
790.10	-5.340E+1
790.40	9.709E+0
790.70	8.010E+1
791.00	-6.554E+1
791.30	4.369E+1
791.60	7.282E+0
791.90	9.223E+1
792.20	-2.427E+1
792.50	-8.010E+1
792.79	9.952E+1
793.09	-4.854E+0
793.39	-5.097E+1
793.69	-2.670E+1
793.99	-1.214E+1
794.29	-4.854E+1
794.59	-3.155E+1
794.89	2.184E+1
795.19	9.709E+0
795.49	-1.699E+1
795.79	2.913E+1
796.08	-4.369E+1
796.38	7.039E+1
796.68	-5.825E+1
796.98	7.282E+1
797.28	3.884E+1
797.58	3.641E+1
797.88	8.253E+1
798.17	-2.913E+1
798.47	-2.184E+1
798.77	-2.913E+1
799.07	-4.854E+0
799.37	1.699E+1
799.67	-1.942E+1
799.96	5.825E+1
800.26	2.913E+1
800.56	8.981E+1
800.86	-2.670E+1
801.16	3.884E+1
801.45	0.000E+0
801.75	6.796E+1
802.05	5.825E+1
802.35	6.554E+1
802.64	6.311E+1
802.94	9.709E+0
803.24	-6.796E+1
803.54	0.000E+0
803.83	6.554E+1
804.13	8.010E+1
804.43	-5.825E+1
804.73	7.767E+1
805.02	6.796E+1
805.32	2.427E+1
805.62	-2.427E+1
805.91	5.340E+1
806.21	-1.942E+1
806.51	-1.408E+2
806.81	5.583E+1
807.10	5.583E+1
807.40	9.952E+1
807.70	-5.825E+1
807.99	6.554E+1
808.29	-2.427E+0
808.59	-9.709E+0
808.88	1.092E+2
809.18	7.282E+1
809.47	1.068E+2
809.77	1.699E+1
810.07	2.427E+1
810.36	-3.155E+1
810.66	-4.612E+1
810.96	-5.825E+1
811.25	7.282E+0
811.55	2.184E+1
811.84	5.340E+1
812.14	1.456E+1
812.44	-3.398E+1
812.73	-4.854E+0
813.03	1.942E+1
813.32	-2.427E+0
813.62	-7.282E+0
813.91	1.214E+1
814.21	5.097E+1
814.51	-5.825E+1
814.80	-8.738E+1
815.10	5.825E+1
815.39	7.282E+1
815.69	3.641E+1
815.98	-9.709E+0
816.28	5.825E+1
816.57	-9.709E+1
816.87	-2.670E+1
817.16	-4.369E+1
817.46	1.311E+2
817.75	9.709E+0
818.05	5.825E+1
818.34	-6.311E+1
818.64	5.097E+1
818.93	-8.495E+1
819.23	-1.942E+1
819.52	-4.369E+1
819.82	9.466E+1
820.11	-1.699E+1
820.40	1.699E+1
820.70	2.427E+1
820.99	6.068E+1
821.29	-2.427E+0
821.58	-4.126E+1
821.88	1.408E+2
822.17	-7.282E+0
822.46	-9.709E+0
822.76	8.253E+1
823.05	-3.155E+1
823.35	7.282E+0
823.64	-6.311E+1
823.93	-4.854E+0
824.23	-3.641E+1
824.52	-2.427E+1
824.81	3.884E+1
825.11	-3.641E+1
825.40	3.155E+1
825.69	-1.456E+1
825.99	9.952E+1
826.28	-2.913E+1
826.58	2.427E+0
826.87	-2.427E+0
827.16	2.184E+1
827.45	3.398E+1
827.75	3.884E+1
828.04	1.286E+2
828.33	7.524E+1
828.63	9.709E+0
828.92	-2.427E+0
829.21	1.456E+2
829.51	1.942E+1
829.80	-2.184E+1
830.09	6.796E+1
830.38	5.583E+1
830.68	-3.884E+1
830.97	-9.709E+0
831.26	-1.019E+2
831.55	-2.427E+1
831.85	-1.214E+1
832.14	3.398E+1
832.43	2.427E+1
832.72	1.141E+2
833.01	-2.670E+1
833.31	-7.282E+1
833.60	6.554E+1
833.89	6.068E+1
834.18	1.141E+2
834.47	5.825E+1
834.77	-8.981E+1
835.06	3.884E+1
835.35	-1.456E+1
835.64	1.214E+1
835.93	3.884E+1
836.22	1.456E+1
836.52	0.000E+0
836.81	1.214E+1
837.10	8.010E+1
837.39	0.000E+0
837.68	2.670E+1
837.97	-1.117E+2
838.26	7.039E+1
838.55	9.709E+0
838.85	7.767E+1
839.14	-9.223E+1
839.43	2.427E+0
839.72	0.000E+0
840.01	-8.253E+1
840.30	-1.942E+1
840.59	-3.641E+1
840.88	8.495E+1
841.17	-2.913E+1
841.46	7.039E+1
841.75	4.369E+1
842.04	-4.369E+1
842.33	1.942E+1
842.62	3.884E+1
842.91	7.282E+0
843.21	1.092E+2
843.50	-1.699E+1
843.79	9.709E+0
844.08	3.398E+1
844.37	1.141E+2
844.66	5.583E+1
844.95	-5.097E+1
845.24	8.253E+1
845.53	2.184E+1
845.81	1.214E+1
846.10	0.000E+0
846.39	-2.913E+1
846.68	5.097E+1
846.97	7.524E+1
847.26	3.641E+1
847.55	6.796E+1
847.84	-2.427E+1
848.13	-1.699E+1
848.42	3.398E+1
848.71	-1.214E+1
849.00	1.456E+1
849.29	3.155E+1
849.58	1.699E+1
849.87	1.141E+2
850.15	-1.214E+1
850.44	-6.068E+1
850.73	6.796E+1
851.02	7.282E+0
851.31	3.155E+1
851.60	5.097E+1
851.89	1.456E+1
852.18	5.340E+1
852.46	1.456E+1
852.75	-9.466E+1
853.04	-2.913E+1
853.33	4.126E+1
853.62	-7.039E+1
853.91	-4.126E+1
854.19	5.583E+1
854.48	9.709E+0
854.77	5.340E+1
855.06	2.670E+1
855.35	-1.699E+1
855.63	-1.699E+1
855.92	-7.767E+1
856.21	3.641E+1
856.50	-2.427E+1
856.79	3.398E+1
857.07	3.155E+1
857.36	4.369E+1
857.65	-4.854E+0
857.94	6.554E+1
858.22	7.039E+1
858.51	4.612E+1
858.80	-2.670E+1
859.08	7.282E+0
859.37	1.214E+2
859.66	2.184E+1
859.95	-2.913E+1
860.23	7.524E+1
860.52	9.223E+1
860.81	-7.282E+0
861.09	4.126E+1
861.38	3.398E+1
861.67	-1.214E+1
861.95	-2.427E+0
862.24	3.641E+1
862.53	-4.854E+1
862.81	1.141E+2
863.10	-4.369E+1
863.39	-5.340E+1
863.67	3.884E+1
863.96	-1.942E+1
864.25	1.214E+2
864.53	-1.699E+1
864.82	2.184E+1
865.10	4.854E+0
865.39	-1.456E+1
865.68	1.578E+2
865.96	9.709E+1
866.25	1.214E+1
866.53	1.214E+1
866.82	1.214E+1