Wavelength	Intensity	Ocean Optics Flame
nm	counts
187.89	4.854E+1
188.27	8.253E+1
188.64	-1.456E+1
189.02	1.456E+1
189.40	-2.427E+0
189.78	1.117E+2
190.15	5.583E+1
190.53	6.554E+1
190.91	1.699E+1
191.29	-1.456E+1
191.66	3.155E+1
192.04	-3.155E+1
192.42	8.981E+1
192.80	9.709E+1
193.17	1.335E+2
193.55	1.942E+1
193.93	3.884E+1
194.30	-1.942E+1
194.68	-3.398E+1
195.06	4.854E+1
195.44	1.942E+1
195.81	-3.398E+1
196.19	6.796E+1
196.57	2.427E+0
196.94	4.854E+1
197.32	-8.253E+1
197.70	2.427E+0
198.07	-6.796E+1
198.45	7.039E+1
198.83	1.456E+1
199.20	-3.641E+1
199.58	-5.583E+1
199.96	1.456E+1
200.33	1.942E+1
200.71	-4.126E+1
201.09	8.010E+1
201.46	-5.825E+1
201.84	8.981E+1
202.22	1.942E+1
202.59	-5.097E+1
202.97	8.253E+1
203.34	2.913E+1
203.72	4.854E+1
204.10	1.359E+2
204.47	9.709E+0
204.85	5.097E+1
205.23	-4.369E+1
205.60	-1.456E+1
205.98	0.000E+0
206.35	3.884E+1
206.73	1.092E+2
207.11	7.039E+1
207.48	6.068E+1
207.86	9.709E+1
208.23	7.767E+1
208.61	2.427E+0
208.98	-1.456E+1
209.36	-2.184E+1
209.74	-5.825E+1
210.11	4.369E+1
210.49	1.699E+1
210.86	9.466E+1
211.24	1.335E+2
211.61	-9.709E+0
211.99	3.641E+1
212.36	-2.427E+1
212.74	0.000E+0
213.11	2.184E+1
213.49	4.854E+0
213.87	5.340E+1
214.24	4.126E+1
214.62	-6.311E+1
214.99	-1.699E+1
215.37	2.427E+0
215.74	-2.427E+0
216.12	-5.583E+1
216.49	7.282E+0
216.87	0.000E+0
217.24	-4.854E+0
217.62	1.214E+1
217.99	4.126E+1
218.37	1.942E+1
218.74	-3.398E+1
219.11	4.612E+1
219.49	6.068E+1
219.86	-7.282E+0
220.24	0.000E+0
220.61	8.010E+1
220.99	-7.767E+1
221.36	4.369E+1
221.74	0.000E+0
222.11	3.398E+1
222.49	1.942E+1
222.86	-4.854E+1
223.23	2.670E+1
223.61	5.340E+1
223.98	-8.495E+1
224.36	3.398E+1
224.73	0.000E+0
225.11	-6.068E+1
225.48	3.641E+1
225.85	-3.398E+1
226.23	2.184E+1
226.60	-1.456E+1
226.98	2.184E+1
227.35	2.427E+1
227.72	8.981E+1
228.10	7.039E+1
228.47	-5.097E+1
228.84	7.767E+1
229.22	-5.583E+1
229.59	-1.456E+1
229.97	7.282E+0
230.34	-2.427E+1
230.71	2.427E+1
231.09	-9.709E+0
231.46	9.466E+1
231.83	3.398E+1
232.21	1.238E+2
232.58	2.670E+1
232.95	3.398E+1
233.33	-2.427E+1
233.70	3.641E+1
234.07	3.398E+1
234.45	9.709E+0
234.82	-7.282E+0
235.19	1.238E+2
235.57	2.670E+1
235.94	7.282E+0
236.31	1.117E+2
236.69	1.092E+2
237.06	-4.612E+1
237.43	2.427E+1
237.80	2.427E+0
238.18	-4.126E+1
238.55	9.952E+1
238.92	9.709E+0
239.30	6.554E+1
239.67	1.699E+1
240.04	6.796E+1
240.41	3.641E+1
240.79	6.796E+1
241.16	1.942E+1
241.53	7.039E+1
241.90	1.117E+2
242.28	2.913E+1
242.65	4.369E+1
243.02	1.068E+2
243.39	-4.126E+1
243.77	-3.641E+1
244.14	-9.709E+0
244.51	4.612E+1
244.88	-7.282E+1
245.25	-1.456E+1
245.63	-7.767E+1
246.00	6.796E+1
246.37	1.456E+2
246.74	7.039E+1
247.11	1.214E+1
247.49	9.709E+1
247.86	5.825E+1
248.23	3.884E+1
248.60	-1.942E+1
248.97	1.044E+2
249.35	-9.709E+0
249.72	2.476E+2
250.09	2.427E+1
250.46	-9.709E+0
250.83	-6.554E+1
251.20	8.253E+1
251.58	-3.641E+1
251.95	4.126E+1
252.32	5.825E+1
252.69	3.884E+1
253.06	7.524E+1
253.43	-5.340E+1
253.80	1.699E+1
254.17	7.282E+1
254.55	-4.854E+0
254.92	4.126E+1
255.29	2.427E+0
255.66	-1.942E+1
256.03	4.612E+1
256.40	1.699E+1
256.77	6.796E+1
257.14	-3.641E+1
257.51	-3.884E+1
257.88	2.427E+1
258.26	-2.427E+0
258.63	-1.942E+1
259.00	-8.010E+1
259.37	-9.709E+0
259.74	5.097E+1
260.11	1.311E+2
260.48	8.253E+1
260.85	-1.699E+1
261.22	4.854E+1
261.59	-9.223E+1
261.96	-6.068E+1
262.33	8.010E+1
262.70	-6.796E+1
263.07	0.000E+0
263.44	1.699E+1
263.81	2.427E+1
264.18	1.942E+1
264.55	3.884E+1
264.92	1.068E+2
265.29	4.369E+1
265.66	-7.282E+0
266.03	7.282E+1
266.40	-3.398E+1
266.77	-2.913E+1
267.14	4.126E+1
267.51	1.214E+1
267.88	-6.554E+1
268.25	-2.184E+1
268.62	-2.427E+1
268.99	-3.884E+1
269.36	-2.427E+1
269.73	7.767E+1
270.10	4.854E+1
270.47	9.466E+1
270.84	-9.223E+1
271.21	1.092E+2
271.58	-1.942E+1
271.95	-4.854E+0
272.32	-1.942E+1
272.69	2.184E+1
273.06	-5.340E+1
273.43	3.398E+1
273.80	3.641E+1
274.17	5.340E+1
274.53	4.854E+1
274.90	4.612E+1
275.27	2.670E+1
275.64	1.335E+2
276.01	-2.427E+0
276.38	-4.854E+1
276.75	3.155E+1
277.12	9.952E+1
277.49	-6.554E+1
277.86	-1.456E+1
278.22	2.913E+1
278.59	5.097E+1
278.96	3.398E+1
279.33	-2.427E+0
279.70	4.126E+1
280.07	-1.165E+2
280.44	-2.670E+1
280.80	4.612E+1
281.17	2.913E+1
281.54	-3.398E+1
281.91	-4.854E+0
282.28	-1.942E+1
282.65	4.854E+0
283.02	1.262E+2
283.38	-2.427E+0
283.75	4.612E+1
284.12	9.223E+1
284.49	1.214E+1
284.86	-3.884E+1
285.22	4.854E+1
285.59	1.699E+1
285.96	-2.184E+1
286.33	-2.184E+1
286.70	-9.709E+0
287.06	-3.884E+1
287.43	-1.699E+1
287.80	2.427E+1
288.17	-6.311E+1
288.53	0.000E+0
288.90	-4.854E+1
289.27	-2.913E+1
289.64	5.097E+1
290.01	-7.282E+0
290.37	-9.709E+0
290.74	4.854E+1
291.11	4.369E+1
291.48	4.612E+1
291.84	7.282E+0
292.21	6.311E+1
292.58	9.223E+1
292.94	1.214E+1
293.31	2.427E+1
293.68	9.709E+0
294.05	1.214E+1
294.41	-3.641E+1
294.78	1.699E+1
295.15	-3.155E+1
295.51	-1.942E+1
295.88	7.282E+1
296.25	-2.427E+1
296.61	7.524E+1
296.98	-2.427E+1
297.35	1.456E+1
297.72	4.612E+1
298.08	2.670E+1
298.45	3.884E+1
298.82	4.126E+1
299.18	5.583E+1
299.55	-2.670E+1
299.91	4.612E+1
300.28	1.748E+2
300.65	6.068E+1
301.01	6.311E+1
301.38	4.854E+1
301.75	1.796E+2
302.11	-5.340E+1
302.48	1.699E+1
302.85	5.097E+1
303.21	6.796E+1
303.58	1.699E+1
303.94	5.583E+1
304.31	-5.097E+1
304.68	-5.583E+1
305.04	-1.942E+1
305.41	1.165E+2
305.77	-1.214E+2
306.14	6.068E+1
306.51	-4.854E+0
306.87	-9.709E+0
307.24	-4.854E+0
307.60	1.432E+2
307.97	6.311E+1
308.33	-3.641E+1
308.70	6.311E+1
309.07	3.155E+1
309.43	9.709E+1
309.80	4.126E+1
310.16	2.913E+1
310.53	-7.282E+0
310.89	2.427E+0
311.26	-1.456E+1
311.62	-4.369E+1
311.99	1.456E+1
312.35	8.981E+1
312.72	3.884E+1
313.08	-3.641E+1
313.45	2.670E+1
313.81	-1.699E+1
314.18	4.612E+1
314.54	4.854E+0
314.91	9.223E+1
315.27	7.039E+1
315.64	-9.466E+1
316.00	1.456E+1
316.37	2.184E+1
316.73	4.612E+1
317.10	-7.039E+1
317.46	3.155E+1
317.83	-7.282E+0
318.19	7.524E+1
318.56	2.184E+1
318.92	-9.709E+0
319.28	1.456E+1
319.65	2.184E+1
320.01	6.554E+1
320.38	4.612E+1
320.74	-2.427E+1
321.11	4.612E+1
321.47	-6.796E+1
321.83	3.641E+1
322.20	4.854E+1
322.56	-6.554E+1
322.93	-6.068E+1
323.29	-4.854E+0
323.66	-1.092E+2
324.02	-1.942E+1
324.38	-4.854E+1
324.75	1.942E+1
325.11	-2.427E+0
325.47	-1.117E+2
325.84	-1.942E+1
326.20	4.854E+0
326.57	2.427E+1
326.93	2.427E+0
327.29	3.641E+1
327.66	6.311E+1
328.02	1.335E+2
328.38	1.699E+1
328.75	-3.155E+1
329.11	5.825E+1
329.47	-1.699E+1
329.84	3.155E+1
330.20	-3.641E+1
330.56	8.495E+1
330.93	5.340E+1
331.29	1.456E+1
331.65	1.942E+1
332.02	-4.612E+1
332.38	4.854E+0
332.74	2.184E+1
333.10	-7.282E+0
333.47	2.427E+1
333.83	9.709E+1
334.19	-5.097E+1
334.56	9.709E+0
334.92	4.612E+1
335.28	-2.427E+0
335.64	-9.709E+1
336.01	1.262E+2
336.37	-1.456E+1
336.73	7.282E+0
337.09	7.524E+1
337.46	2.427E+1
337.82	1.019E+2
338.18	5.097E+1
338.54	1.165E+2
338.91	2.427E+0
339.27	9.952E+1
339.63	6.068E+1
339.99	-3.641E+1
340.36	-6.796E+1
340.72	1.238E+2
341.08	7.282E+1
341.44	-4.854E+1
341.80	-1.699E+1
342.17	-1.456E+1
342.53	-4.854E+0
342.89	6.554E+1
343.25	4.369E+1
343.61	0.000E+0
343.98	3.155E+1
344.34	6.554E+1
344.70	-4.126E+1
345.06	2.427E+0
345.42	5.825E+1
345.78	8.981E+1
346.14	0.000E+0
346.51	4.369E+1
346.87	4.612E+1
347.23	-8.253E+1
347.59	6.554E+1
347.95	-6.796E+1
348.31	-2.427E+0
348.67	0.000E+0
349.04	5.097E+1
349.40	-9.709E+0
349.76	-2.913E+1
350.12	-2.913E+1
350.48	4.854E+0
350.84	3.398E+1
351.20	-9.709E+0
351.56	-8.253E+1
351.92	4.854E+1
352.28	-2.427E+0
352.65	-6.068E+1
353.01	3.884E+1
353.37	-7.282E+0
353.73	-1.311E+2
354.09	5.583E+1
354.45	5.340E+1
354.81	4.854E+0
355.17	-2.427E+1
355.53	7.524E+1
355.89	-2.427E+0
356.25	-2.427E+0
356.61	8.010E+1
356.97	4.126E+1
357.33	-1.214E+1
357.69	7.767E+1
358.05	7.524E+1
358.41	4.369E+1
358.77	4.854E+0
359.13	-6.796E+1
359.49	1.942E+1
359.85	9.223E+1
360.21	2.427E+0
360.57	-4.126E+1
360.93	3.884E+1
361.29	-5.340E+1
361.65	4.126E+1
362.01	-2.184E+1
362.37	7.282E+0
362.73	0.000E+0
363.09	-8.495E+1
363.45	-1.699E+1
363.81	1.189E+2
364.17	6.068E+1
364.53	2.427E+1
364.89	0.000E+0
365.25	7.282E+1
365.61	-7.282E+0
365.97	8.738E+1
366.33	1.214E+1
366.69	-1.456E+1
367.05	-2.184E+1
367.40	1.456E+1
367.76	-3.884E+1
368.12	5.097E+1
368.48	3.155E+1
368.84	-6.311E+1
369.20	2.670E+1
369.56	3.884E+1
369.92	1.214E+1
370.28	2.184E+1
370.63	-2.670E+1
370.99	4.854E+0
371.35	3.398E+1
371.71	-3.641E+1
372.07	5.825E+1
372.43	1.141E+2
372.79	-2.184E+1
373.15	2.184E+1
373.50	-2.184E+1
373.86	2.913E+1
374.22	1.214E+1
374.58	1.214E+1
374.94	1.214E+1
375.30	-7.524E+1
375.65	4.369E+1
376.01	2.427E+1
376.37	-3.641E+1
376.73	-4.369E+1
377.09	1.214E+2
377.44	3.641E+1
377.80	7.282E+0
378.16	-6.796E+1
378.52	9.466E+1
378.88	2.670E+1
379.23	-4.126E+1
379.59	1.942E+1
379.95	1.117E+2
380.31	-8.495E+1
380.66	0.000E+0
381.02	9.952E+1
381.38	-2.913E+1
381.74	5.583E+1
382.09	4.369E+1
382.45	1.942E+1
382.81	1.214E+1
383.17	5.825E+1
383.52	8.981E+1
383.88	3.641E+1
384.24	2.913E+1
384.60	6.796E+1
384.95	6.796E+1
385.31	4.369E+1
385.67	6.068E+1
386.02	-1.699E+2
386.38	4.854E+1
386.74	4.854E+1
387.10	-7.282E+0
387.45	2.670E+1
387.81	-1.699E+1
388.17	5.340E+1
388.52	1.942E+1
388.88	-6.068E+1
389.24	-5.583E+1
389.59	4.126E+1
389.95	-7.282E+0
390.31	6.796E+1
390.66	2.427E+1
391.02	2.427E+1
391.38	7.524E+1
391.73	4.369E+1
392.09	4.854E+1
392.44	-5.097E+1
392.80	3.641E+1
393.16	4.854E+0
393.51	3.641E+1
393.87	-2.427E+1
394.23	-2.427E+1
394.58	-5.583E+1
394.94	-2.670E+1
395.29	2.670E+1
395.65	2.184E+1
396.01	-2.184E+1
396.36	3.155E+1
396.72	1.019E+2
397.07	5.583E+1
397.43	-7.039E+1
397.78	3.884E+1
398.14	-2.427E+0
398.50	1.699E+1
398.85	-7.282E+0
399.21	4.126E+1
399.56	-1.942E+1
399.92	8.253E+1
400.27	-1.942E+1
400.63	7.039E+1
400.98	1.456E+1
401.34	-1.456E+1
401.69	7.282E+0
402.05	8.738E+1
402.40	-9.709E+0
402.76	6.068E+1
403.11	8.010E+1
403.47	6.796E+1
403.82	0.000E+0
404.18	-7.767E+1
404.53	-6.068E+1
404.89	3.398E+1
405.24	2.913E+1
405.60	2.427E+1
405.95	1.311E+2
406.31	1.505E+2
406.66	-1.214E+1
407.02	1.942E+1
407.37	-1.214E+1
407.73	6.068E+1
408.08	5.097E+1
408.44	4.126E+1
408.79	-6.796E+1
409.14	-5.340E+1
409.50	0.000E+0
409.85	-6.311E+1
410.21	4.854E+0
410.56	1.456E+1
410.92	2.184E+1
411.27	9.709E+1
411.62	-1.214E+1
411.98	2.670E+1
412.33	1.723E+2
412.69	-4.854E+0
413.04	-4.854E+1
413.39	5.583E+1
413.75	2.913E+1
414.10	-1.456E+1
414.45	4.612E+1
414.81	1.456E+1
415.16	1.699E+1
415.52	3.398E+1
415.87	4.612E+1
416.22	1.553E+2
416.58	1.699E+1
416.93	1.214E+1
417.28	1.699E+1
417.64	1.456E+1
417.99	6.796E+1
418.34	4.854E+0
418.70	-3.155E+1
419.05	4.854E+0
419.40	-3.641E+1
419.76	7.767E+1
420.11	5.097E+1
420.46	-7.282E+0
420.81	1.699E+1
421.17	4.369E+1
421.52	-1.456E+1
421.87	-4.854E+0
422.23	8.253E+1
422.58	5.340E+1
422.93	-1.432E+2
423.28	3.155E+1
423.64	5.097E+1
423.99	1.092E+2
424.34	7.039E+1
424.69	5.340E+1
425.05	5.097E+1
425.40	5.583E+1
425.75	-3.155E+1
426.10	1.238E+2
426.46	7.282E+0
426.81	-7.282E+1
427.16	-1.699E+1
427.51	-2.670E+1
427.87	1.286E+2
428.22	9.709E+0
428.57	1.214E+1
428.92	2.184E+1
429.27	7.524E+1
429.63	4.126E+1
429.98	3.884E+1
430.33	5.825E+1
430.68	7.282E+0
431.03	-7.282E+0
431.38	-2.427E+0
431.74	-2.427E+1
432.09	-1.942E+1
432.44	-1.214E+1
432.79	4.369E+1
433.14	-1.942E+1
433.49	3.155E+1
433.85	-4.854E+0
434.20	-1.456E+1
434.55	7.039E+1
434.90	4.854E+1
435.25	-2.427E+1
435.60	-2.427E+0
435.95	7.039E+1
436.30	1.019E+2
436.66	1.942E+1
437.01	8.495E+1
437.36	1.456E+1
437.71	1.214E+1
438.06	7.524E+1
438.41	-9.709E+0
438.76	3.155E+1
439.11	1.044E+2
439.46	7.524E+1
439.81	8.010E+1
440.16	2.913E+1
440.52	5.825E+1
440.87	-7.767E+1
441.22	-8.738E+1
441.57	-4.854E+1
441.92	4.369E+1
442.27	3.884E+1
442.62	-2.427E+1
442.97	8.738E+1
443.32	8.738E+1
443.67	8.495E+1
444.02	6.796E+1
444.37	2.670E+1
444.72	4.854E+1
445.07	-3.884E+1
445.42	2.427E+0
445.77	4.854E+1
446.12	-5.340E+1
446.47	6.311E+1
446.82	-2.427E+1
447.17	2.184E+1
447.52	-7.767E+1
447.87	7.524E+1
448.22	-1.214E+1
448.57	2.670E+1
448.92	4.854E+1
449.27	4.854E+1
449.62	3.398E+1
449.97	0.000E+0
450.32	-4.369E+1
450.66	-1.456E+1
451.01	-4.854E+1
451.36	7.524E+1
451.71	2.913E+1
452.06	3.155E+1
452.41	-3.641E+1
452.76	0.000E+0
453.11	-3.398E+1
453.46	4.854E+1
453.81	4.369E+1
454.16	-7.524E+1
454.51	-1.456E+1
454.85	2.670E+1
455.20	-5.340E+1
455.55	2.670E+1
455.90	1.942E+1
456.25	8.495E+1
456.60	2.184E+1
456.95	-4.612E+1
457.30	-3.155E+1
457.64	5.825E+1
457.99	-1.456E+1
458.34	9.709E+0
458.69	1.942E+1
459.04	3.155E+1
459.39	-6.311E+1
459.73	-2.427E+0
460.08	4.369E+1
460.43	1.942E+1
460.78	-5.097E+1
461.13	9.466E+1
461.48	-5.340E+1
461.82	6.554E+1
462.17	-4.854E+0
462.52	1.092E+2
462.87	6.068E+1
463.21	6.554E+1
463.56	5.097E+1
463.91	7.282E+0
464.26	1.456E+1
464.61	-8.981E+1
464.95	1.019E+2
465.30	4.126E+1
465.65	6.068E+1
466.00	1.699E+1
466.34	-1.942E+1
466.69	2.427E+0
467.04	-1.456E+1
467.39	3.641E+1
467.73	7.282E+0
468.08	2.427E+1
468.43	-4.369E+1
468.77	5.097E+1
469.12	-6.311E+1
469.47	-4.854E+1
469.82	1.214E+1
470.16	1.214E+1
470.51	1.942E+1
470.86	4.126E+1
471.20	3.398E+1
471.55	3.884E+1
471.90	-6.554E+1
472.24	2.087E+2
472.59	3.641E+1
472.94	2.670E+1
473.28	5.340E+1
473.63	-2.427E+0
473.98	1.214E+1
474.32	-5.340E+1
474.67	-3.155E+1
475.02	-2.184E+1
475.36	-5.825E+1
475.71	9.709E+0
476.06	-3.155E+1
476.40	0.000E+0
476.75	-2.913E+1
477.09	1.456E+1
477.44	4.854E+1
477.79	-7.039E+1
478.13	1.942E+1
478.48	8.253E+1
478.82	7.039E+1
479.17	-9.709E+0
479.52	-9.709E+0
479.86	-3.884E+1
480.21	8.981E+1
480.55	9.709E+0
480.90	-6.796E+1
481.24	5.825E+1
481.59	3.398E+1
481.94	4.854E+1
482.28	5.825E+1
482.63	-9.709E+0
482.97	-2.427E+1
483.32	-1.699E+1
483.66	-3.398E+1
484.01	5.825E+1
484.35	-9.709E+0
484.70	3.641E+1
485.04	-3.884E+1
485.39	1.141E+2
485.73	1.019E+2
486.08	4.854E+0
486.42	1.942E+1
486.77	-5.825E+1
487.11	-1.456E+1
487.46	-2.184E+1
487.80	-5.583E+1
488.15	0.000E+0
488.49	9.709E+1
488.84	-6.554E+1
489.18	-4.854E+0
489.53	-2.913E+1
489.87	-9.709E+0
490.21	-6.311E+1
490.56	2.427E+1
490.90	-1.699E+1
491.25	7.282E+1
491.59	-1.214E+2
491.94	-4.126E+1
492.28	3.641E+1
492.62	-2.913E+1
492.97	8.010E+1
493.31	-5.583E+1
493.66	-2.427E+1
494.00	2.184E+1
494.34	-4.369E+1
494.69	3.884E+1
495.03	2.427E+0
495.38	3.641E+1
495.72	4.369E+1
496.06	-7.524E+1
496.41	9.709E+0
496.75	-4.854E+0
497.09	-1.942E+1
497.44	3.155E+1
497.78	0.000E+0
498.13	1.456E+1
498.47	1.214E+1
498.81	3.884E+1
499.16	7.767E+1
499.50	0.000E+0
499.84	6.068E+1
500.19	6.311E+1
500.53	-9.709E+0
500.87	-3.884E+1
501.21	-2.427E+1
501.56	1.942E+1
501.90	-2.670E+1
502.24	-5.340E+1
502.59	1.942E+1
502.93	3.641E+1
503.27	1.456E+1
503.61	1.068E+2
503.96	5.583E+1
504.30	2.913E+1
504.64	-2.670E+1
504.99	4.126E+1
505.33	7.282E+1
505.67	9.223E+1
506.01	-6.796E+1
506.36	0.000E+0
506.70	4.369E+1
507.04	-1.189E+2
507.38	-5.097E+1
507.72	-2.427E+1
508.07	1.942E+1
508.41	-2.427E+0
508.75	-4.854E+1
509.09	3.884E+1
509.44	-2.427E+0
509.78	-5.825E+1
510.12	1.942E+1
510.46	-3.398E+1
510.80	3.884E+1
511.14	5.825E+1
511.49	-1.456E+1
511.83	-1.456E+1
512.17	7.039E+1
512.51	0.000E+0
512.85	4.369E+1
513.19	9.466E+1
513.54	1.214E+1
513.88	2.427E+1
514.22	9.709E+0
514.56	7.282E+0
514.90	2.184E+1
515.24	0.000E+0
515.58	-4.126E+1
515.93	-6.796E+1
516.27	-4.854E+0
516.61	-9.709E+1
516.95	8.738E+1
517.29	-2.913E+1
517.63	3.884E+1
517.97	-2.670E+1
518.31	0.000E+0
518.65	7.767E+1
518.99	-4.854E+1
519.33	1.311E+2
519.67	4.126E+1
520.02	1.796E+2
520.36	-1.942E+1
520.70	4.854E+0
521.04	-5.097E+1
521.38	-1.068E+2
521.72	-4.612E+1
522.06	2.913E+1
522.40	2.427E+0
522.74	0.000E+0
523.08	3.884E+1
523.42	3.155E+1
523.76	-4.854E+0
524.10	7.039E+1
524.44	-6.796E+1
524.78	-3.398E+1
525.12	1.068E+2
525.46	8.981E+1
525.80	4.854E+1
526.14	0.000E+0
526.48	-1.214E+1
526.82	1.456E+1
527.16	2.184E+1
527.50	-1.456E+1
527.84	-2.427E+1
528.18	7.282E+0
528.52	-5.583E+1
528.86	4.854E+1
529.20	-4.126E+1
529.54	-8.495E+1
529.87	-2.184E+1
530.21	4.126E+1
530.55	9.709E+0
530.89	4.854E+0
531.23	9.223E+1
531.57	-1.432E+2
531.91	-1.699E+1
532.25	1.068E+2
532.59	-2.670E+1
532.93	8.010E+1
533.27	-4.369E+1
533.60	0.000E+0
533.94	1.165E+2
534.28	9.223E+1
534.62	7.282E+0
534.96	7.282E+0
535.30	1.942E+1
535.64	-4.369E+1
535.98	4.126E+1
536.31	-4.369E+1
536.65	-8.253E+1
536.99	-6.311E+1
537.33	6.068E+1
537.67	9.223E+1
538.01	-7.039E+1
538.34	-2.427E+0
538.68	6.068E+1
539.02	-6.068E+1
539.36	-9.466E+1
539.70	5.340E+1
540.03	1.942E+1
540.37	2.427E+1
540.71	3.398E+1
541.05	8.495E+1
541.39	-2.427E+0
541.72	-1.942E+1
542.06	-1.699E+1
542.40	1.092E+2
542.74	-4.369E+1
543.07	5.097E+1
543.41	9.709E+1
543.75	4.369E+1
544.09	2.913E+1
544.42	3.155E+1
544.76	7.039E+1
545.10	-1.942E+1
545.44	-1.092E+2
545.77	-1.456E+1
546.11	-2.427E+0
546.45	-1.942E+1
546.78	-4.369E+1
547.12	-6.554E+1
547.46	3.641E+1
547.80	4.126E+1
548.13	9.709E+0
548.47	6.554E+1
548.81	2.670E+1
549.14	-2.427E+1
549.48	-6.796E+1
549.82	3.398E+1
550.15	-2.427E+1
550.49	7.282E+1
550.83	4.612E+1
551.16	9.709E+0
551.50	-8.010E+1
551.84	7.282E+0
552.17	-7.039E+1
552.51	3.884E+1
552.84	3.884E+1
553.18	3.641E+1
553.52	2.184E+1
553.85	-2.427E+0
554.19	3.884E+1
554.53	-5.825E+1
554.86	-2.427E+0
555.20	-2.184E+1
555.53	1.189E+2
555.87	1.165E+2
556.20	7.767E+1
556.54	6.311E+1
556.88	5.097E+1
557.21	-7.524E+1
557.55	-3.884E+1
557.88	4.854E+0
558.22	3.155E+1
558.55	1.456E+1
558.89	1.699E+1
559.23	-5.340E+1
559.56	1.044E+2
559.90	-5.097E+1
560.23	2.184E+1
560.57	9.709E+0
560.90	2.184E+1
561.24	2.427E+0
561.57	7.524E+1
561.91	2.670E+1
562.24	-2.427E+1
562.58	-2.427E+0
562.91	-2.427E+0
563.25	-7.039E+1
563.58	8.010E+1
563.92	8.981E+1
564.25	3.155E+1
564.59	1.699E+1
564.92	7.282E+1
565.25	-6.068E+1
565.59	1.553E+2
565.92	1.117E+2
566.26	8.981E+1
566.59	2.184E+1
566.93	1.189E+2
567.26	-4.854E+0
567.60	-3.641E+1
567.93	4.612E+1
568.26	7.767E+1
568.60	-1.942E+1
568.93	-1.092E+2
569.27	5.825E+1
569.60	-3.641E+1
569.93	1.359E+2
570.27	9.709E+1
570.60	1.432E+2
570.94	9.709E+0
571.27	3.398E+1
571.60	-1.942E+1
571.94	-6.796E+1
572.27	9.466E+1
572.60	3.398E+1
572.94	-3.155E+1
573.27	-9.709E+0
573.60	8.738E+1
573.94	-7.282E+0
574.27	4.126E+1
574.60	8.010E+1
574.94	8.738E+1
575.27	3.398E+1
575.60	6.311E+1
575.94	7.039E+1
576.27	4.854E+1
576.60	6.796E+1
576.94	5.097E+1
577.27	1.141E+2
577.60	6.796E+1
577.94	9.223E+1
578.27	0.000E+0
578.60	-2.427E+1
578.93	-2.670E+1
579.27	2.913E+1
579.60	1.286E+2
579.93	5.340E+1
580.26	9.952E+1
580.60	1.189E+2
580.93	1.019E+2
581.26	8.253E+1
581.59	1.238E+2
581.93	1.238E+2
582.26	6.068E+1
582.59	1.723E+2
582.92	5.583E+1
583.25	1.189E+2
583.59	1.019E+2
583.92	-1.456E+1
584.25	1.068E+2
584.58	1.044E+2
584.91	2.913E+1
585.25	7.524E+1
585.58	1.286E+2
585.91	2.282E+2
586.24	1.918E+2
586.57	2.913E+1
586.90	6.554E+1
587.24	8.981E+1
587.57	3.155E+1
587.90	1.893E+2
588.23	1.651E+2
588.56	1.820E+2
588.89	1.553E+2
589.22	2.209E+2
589.56	2.015E+2
589.89	1.796E+2
590.22	7.282E+1
590.55	3.010E+2
590.88	1.384E+2
591.21	1.578E+2
591.54	1.869E+2
591.87	1.966E+2
592.20	2.476E+2
592.53	1.723E+2
592.87	2.718E+2
593.20	2.476E+2
593.53	3.544E+2
593.86	2.500E+2
594.19	3.956E+2
594.52	2.136E+2
594.85	3.568E+2
595.18	3.083E+2
595.51	3.034E+2
595.84	3.544E+2
596.17	3.641E+2
596.50	2.791E+2
596.83	3.641E+2
597.16	3.447E+2
597.49	2.791E+2
597.82	4.345E+2
598.15	3.034E+2
598.48	3.714E+2
598.81	4.879E+2
599.14	5.194E+2
599.47	4.782E+2
599.80	5.874E+2
600.13	4.345E+2
600.46	5.340E+2
600.79	5.898E+2
601.12	6.141E+2
601.45	6.432E+2
601.78	6.068E+2
602.11	6.020E+2
602.44	5.825E+2
602.77	7.257E+2
603.10	7.403E+2
603.42	8.374E+2
603.75	7.427E+2
604.08	7.573E+2
604.41	7.961E+2
604.74	8.884E+2
605.07	8.520E+2
605.40	8.617E+2
605.73	9.855E+2
606.06	1.121E+3
606.39	9.927E+2
606.71	1.146E+3
607.04	1.066E+3
607.37	1.056E+3
607.70	1.201E+3
608.03	1.245E+3
608.36	1.112E+3
608.69	1.434E+3
609.02	1.333E+3
609.34	1.449E+3
609.67	1.478E+3
610.00	1.556E+3
610.33	1.575E+3
610.66	1.740E+3
610.98	1.663E+3
611.31	1.706E+3
611.64	1.837E+3
611.97	1.951E+3
612.30	2.051E+3
612.63	2.085E+3
612.95	2.243E+3
613.28	2.352E+3
613.61	2.340E+3
613.94	2.471E+3
614.26	2.478E+3
614.59	2.631E+3
614.92	2.726E+3
615.25	2.738E+3
615.57	2.925E+3
615.90	3.029E+3
616.23	3.029E+3
616.56	3.289E+3
616.88	3.369E+3
617.21	3.340E+3
617.54	3.859E+3
617.87	3.806E+3
618.19	3.728E+3
618.52	3.893E+3
618.85	4.146E+3
619.17	4.134E+3
619.50	4.447E+3
619.83	4.651E+3
620.15	4.748E+3
620.48	5.141E+3
620.81	5.333E+3
621.14	5.189E+3
621.46	5.636E+3
621.79	5.835E+3
622.11	5.915E+3
622.44	6.056E+3
622.77	6.512E+3
623.09	6.658E+3
623.42	6.670E+3
623.75	7.107E+3
624.07	7.068E+3
624.40	7.563E+3
624.73	7.998E+3
625.05	8.107E+3
625.38	8.573E+3
625.70	8.791E+3
626.03	9.185E+3
626.36	9.522E+3
626.68	9.796E+3
627.01	1.022E+4
627.33	1.060E+4
627.66	1.092E+4
627.99	1.147E+4
628.31	1.171E+4
628.64	1.220E+4
628.96	1.284E+4
629.29	1.307E+4
629.61	1.380E+4
629.94	1.417E+4
630.26	1.460E+4
630.59	1.539E+4
630.91	1.601E+4
631.24	1.667E+4
631.57	1.711E+4
631.89	1.763E+4
632.22	1.823E+4
632.54	1.893E+4
632.87	1.972E+4
633.19	2.025E+4
633.52	2.129E+4
633.84	2.203E+4
634.16	2.259E+4
634.49	2.358E+4
634.81	2.428E+4
635.14	2.508E+4
635.46	2.613E+4
635.79	2.689E+4
636.11	2.786E+4
636.44	2.883E+4
636.76	2.996E+4
637.09	3.049E+4
637.41	3.175E+4
637.73	3.240E+4
638.06	3.393E+4
638.38	3.504E+4
638.71	3.575E+4
639.03	3.689E+4
639.36	3.768E+4
639.68	3.886E+4
640.00	4.035E+4
640.33	4.136E+4
640.65	4.177E+4
640.97	4.314E+4
641.30	4.405E+4
641.62	4.515E+4
641.95	4.583E+4
642.27	4.676E+4
642.59	4.794E+4
642.92	4.925E+4
643.24	4.927E+4
643.56	5.074E+4
643.89	5.088E+4
644.21	5.168E+4
644.53	5.224E+4
644.86	5.252E+4
645.18	5.325E+4
645.50	5.354E+4
645.83	5.364E+4
646.15	5.388E+4
646.47	5.389E+4
646.80	5.440E+4
647.12	5.474E+4
647.44	5.438E+4
647.76	5.420E+4
648.09	5.426E+4
648.41	5.427E+4
648.73	5.373E+4
649.05	5.314E+4
649.38	5.264E+4
649.70	5.252E+4
650.02	5.172E+4
650.34	5.075E+4
650.67	5.018E+4
650.99	4.912E+4
651.31	4.811E+4
651.63	4.714E+4
651.96	4.599E+4
652.28	4.469E+4
652.60	4.354E+4
652.92	4.251E+4
653.24	4.121E+4
653.57	4.013E+4
653.89	3.872E+4
654.21	3.773E+4
654.53	3.607E+4
654.85	3.521E+4
655.18	3.341E+4
655.50	3.264E+4
655.82	3.112E+4
656.14	2.988E+4
656.46	2.899E+4
656.78	2.770E+4
657.10	2.661E+4
657.43	2.544E+4
657.75	2.432E+4
658.07	2.334E+4
658.39	2.197E+4
658.71	2.118E+4
659.03	1.985E+4
659.35	1.908E+4
659.67	1.831E+4
659.99	1.753E+4
660.32	1.684E+4
660.64	1.611E+4
660.96	1.497E+4
661.28	1.452E+4
661.60	1.384E+4
661.92	1.333E+4
662.24	1.228E+4
662.56	1.203E+4
662.88	1.136E+4
663.20	1.105E+4
663.52	1.034E+4
663.84	9.838E+3
664.16	9.629E+3
664.48	9.078E+3
664.80	8.575E+3
665.12	8.238E+3
665.44	7.626E+3
665.76	7.520E+3
666.08	7.117E+3
666.40	6.806E+3
666.72	6.396E+3
667.04	6.129E+3
667.36	5.750E+3
667.68	5.568E+3
668.00	5.257E+3
668.32	4.976E+3
668.64	4.687E+3
668.96	4.495E+3
669.28	4.138E+3
669.60	4.085E+3
669.92	3.760E+3
670.24	3.631E+3
670.56	3.471E+3
670.88	3.291E+3
671.20	3.218E+3
671.52	2.913E+3
671.84	2.854E+3
672.16	2.692E+3
672.47	2.597E+3
672.79	2.391E+3
673.11	2.316E+3
673.43	2.131E+3
673.75	2.007E+3
674.07	1.837E+3
674.39	1.808E+3
674.71	1.828E+3
675.03	1.585E+3
675.34	1.425E+3
675.66	1.391E+3
675.98	1.413E+3
676.30	1.279E+3
676.62	1.311E+3
676.94	1.216E+3
677.25	1.153E+3
677.57	9.879E+2
677.89	9.345E+2
678.21	8.787E+2
678.53	8.107E+2
678.85	8.641E+2
679.16	8.277E+2
679.48	7.913E+2
679.80	8.180E+2
680.12	6.675E+2
680.44	6.990E+2
680.75	5.728E+2
681.07	5.121E+2
681.39	5.655E+2
681.71	4.854E+2
682.02	5.194E+2
682.34	5.291E+2
682.66	2.718E+2
682.98	4.199E+2
683.29	3.884E+2
683.61	3.714E+2
683.93	2.743E+2
684.25	2.864E+2
684.56	3.083E+2
684.88	2.816E+2
685.20	2.840E+2
685.51	4.005E+2
685.83	2.549E+2
686.15	2.791E+2
686.47	2.816E+2
686.78	2.646E+2
687.10	2.427E+2
687.42	2.767E+2
687.73	1.723E+2
688.05	1.068E+2
688.37	1.432E+2
688.68	2.039E+2
689.00	1.529E+2
689.32	1.238E+2
689.63	2.136E+2
689.95	1.675E+2
690.26	1.214E+2
690.58	9.952E+1
690.90	1.942E+2
691.21	5.340E+1
691.53	1.359E+2
691.85	1.189E+2
692.16	8.981E+1
692.48	7.282E+1
692.79	9.952E+1
693.11	1.068E+2
693.42	1.699E+1
693.74	8.253E+1
694.06	-2.670E+1
694.37	6.311E+1
694.69	6.796E+1
695.00	3.884E+1
695.32	9.952E+1
695.63	7.524E+1
695.95	1.141E+2
696.26	1.505E+2
696.58	3.884E+1
696.90	5.340E+1
697.21	3.155E+1
697.53	1.432E+2
697.84	5.097E+1
698.16	6.796E+1
698.47	8.495E+1
698.79	2.184E+1
699.10	5.097E+1
699.42	4.369E+1
699.73	1.699E+2
700.05	9.466E+1
700.36	-3.641E+1
700.68	2.427E+0
700.99	1.626E+2
701.30	-1.214E+1
701.62	6.311E+1
701.93	6.554E+1
702.25	-7.282E+0
702.56	-1.699E+1
702.88	-7.282E+0
703.19	4.126E+1
703.50	1.092E+2
703.82	-7.282E+0
704.13	9.952E+1
704.45	-2.670E+1
704.76	3.641E+1
705.08	-4.126E+1
705.39	0.000E+0
705.70	9.223E+1
706.02	1.699E+1
706.33	8.495E+1
706.64	1.214E+1
706.96	3.398E+1
707.27	8.981E+1
707.59	4.126E+1
707.90	3.398E+1
708.21	0.000E+0
708.53	-2.427E+0
708.84	-1.262E+2
709.15	-3.884E+1
709.47	2.670E+1
709.78	4.854E+1
710.09	-3.884E+1
710.41	-9.709E+1
710.72	1.214E+2
711.03	7.282E+1
711.34	2.913E+1
711.66	1.456E+1
711.97	-4.854E+0
712.28	4.126E+1
712.60	4.612E+1
712.91	-4.854E+1
713.22	7.282E+0
713.53	8.010E+1
713.85	5.097E+1
714.16	7.767E+1
714.47	-3.884E+1
714.78	-4.854E+1
715.10	-7.039E+1
715.41	7.767E+1
715.72	4.854E+0
716.03	7.767E+1
716.35	1.165E+2
716.66	9.709E+0
716.97	6.796E+1
717.28	1.699E+1
717.59	-1.456E+1
717.91	-3.398E+1
718.22	-7.767E+1
718.53	8.738E+1
718.84	-1.942E+1
719.15	1.189E+2
719.46	-1.141E+2
719.78	-4.369E+1
720.09	4.854E+0
720.40	-1.456E+1
720.71	3.155E+1
721.02	8.981E+1
721.33	2.184E+1
721.65	7.282E+0
721.96	3.155E+1
722.27	8.738E+1
722.58	5.340E+1
722.89	-2.427E+0
723.20	1.942E+1
723.51	3.398E+1
723.82	1.068E+2
724.13	-4.126E+1
724.45	-4.369E+1
724.76	-3.398E+1
725.07	5.583E+1
725.38	4.854E+0
725.69	-3.398E+1
726.00	-5.583E+1
726.31	-6.068E+1
726.62	-7.282E+1
726.93	-3.155E+1
727.24	4.612E+1
727.55	1.044E+2
727.86	2.670E+1
728.17	-6.068E+1
728.48	2.913E+1
728.79	9.709E+0
729.10	-1.214E+1
729.41	8.010E+1
729.72	6.796E+1
730.03	8.738E+1
730.34	-1.942E+1
730.65	6.068E+1
730.96	4.126E+1
731.27	-2.913E+1
731.58	5.340E+1
731.89	-1.942E+1
732.20	-3.884E+1
732.51	1.068E+2
732.82	5.340E+1
733.13	-4.126E+1
733.44	-1.068E+2
733.75	5.340E+1
734.06	-1.505E+2
734.37	1.699E+1
734.68	-4.369E+1
734.98	-2.913E+1
735.29	1.189E+2
735.60	4.612E+1
735.91	-5.340E+1
736.22	7.282E+0
736.53	-9.709E+0
736.84	7.282E+0
737.15	5.097E+1
737.46	4.612E+1
737.77	2.184E+1
738.07	0.000E+0
738.38	5.097E+1
738.69	-7.524E+1
739.00	5.825E+1
739.31	-8.253E+1
739.62	-1.019E+2
739.92	3.641E+1
740.23	5.825E+1
740.54	-5.825E+1
740.85	-8.010E+1
741.16	1.286E+2
741.47	-2.913E+1
741.77	-4.854E+0
742.08	4.369E+1
742.39	6.554E+1
742.70	-2.427E+1
743.01	4.854E+1
743.31	2.184E+1
743.62	6.554E+1
743.93	-4.854E+1
744.24	-3.641E+1
744.54	-4.854E+0
744.85	-3.155E+1
745.16	2.427E+1
745.47	-3.884E+1
745.77	-1.942E+1
746.08	-7.282E+0
746.39	5.583E+1
746.70	3.155E+1
747.00	8.253E+1
747.31	-4.854E+0
747.62	-7.282E+1
747.92	-5.097E+1
748.23	-1.942E+1
748.54	-6.068E+1
748.84	-3.155E+1
749.15	6.068E+1
749.46	4.854E+1
749.76	-4.854E+0
750.07	5.340E+1
750.38	-2.427E+0
750.68	0.000E+0
750.99	4.854E+0
751.30	-1.699E+1
751.60	7.039E+1
751.91	-8.981E+1
752.22	6.311E+1
752.52	-3.155E+1
752.83	8.495E+1
753.14	3.641E+1
753.44	4.126E+1
753.75	7.282E+0
754.05	8.010E+1
754.36	-2.670E+1
754.67	-4.612E+1
754.97	4.854E+0
755.28	6.554E+1
755.58	-1.456E+1
755.89	1.699E+1
756.19	3.641E+1
756.50	4.612E+1
756.81	5.583E+1
757.11	7.524E+1
757.42	3.398E+1
757.72	5.825E+1
758.03	-9.709E+0
758.33	3.155E+1
758.64	-3.155E+1
758.94	-1.214E+1
759.25	-2.913E+1
759.55	5.825E+1
759.86	-4.612E+1
760.16	3.398E+1
760.47	-3.884E+1
760.77	7.282E+1
761.08	-2.427E+1
761.38	-6.796E+1
761.69	2.427E+0
761.99	-3.884E+1
762.30	1.092E+2
762.60	-1.214E+1
762.91	-2.427E+1
763.21	-8.010E+1
763.51	-1.456E+1
763.82	-4.854E+0
764.12	4.612E+1
764.43	6.068E+1
764.73	3.155E+1
765.04	-4.612E+1
765.34	-3.641E+1
765.64	-2.670E+1
765.95	7.282E+0
766.25	-1.214E+1
766.56	3.884E+1
766.86	-6.311E+1
767.16	-5.825E+1
767.47	-4.126E+1
767.77	2.913E+1
768.07	-5.825E+1
768.38	-2.184E+1
768.68	5.340E+1
768.98	2.670E+1
769.29	-5.825E+1
769.59	8.253E+1
769.89	-1.019E+2
770.20	-2.427E+0
770.50	-3.884E+1
770.80	-3.884E+1
771.11	2.427E+0
771.41	6.068E+1
771.71	-4.369E+1
772.02	2.427E+1
772.32	-9.223E+1
772.62	-4.369E+1
772.93	9.709E+0
773.23	2.670E+1
773.53	7.524E+1
773.83	1.238E+2
774.14	6.068E+1
774.44	9.223E+1
774.74	1.942E+1
775.04	6.311E+1
775.35	2.427E+1
775.65	6.068E+1
775.95	-1.699E+1
776.25	-5.825E+1
776.55	-8.495E+1
776.86	4.126E+1
777.16	-7.282E+1
777.46	-7.282E+1
777.76	-1.942E+1
778.06	6.068E+1
778.37	-6.311E+1
778.67	4.126E+1
778.97	-7.282E+0
779.27	0.000E+0
779.57	-1.456E+1
779.88	1.699E+1
780.18	-2.670E+1
780.48	-1.044E+2
780.78	2.427E+1
781.08	-2.670E+1
781.38	3.155E+1
781.68	1.675E+2
781.98	-5.825E+1
782.29	-2.427E+0
782.59	-2.670E+1
782.89	1.456E+1
783.19	-2.427E+1
783.49	7.767E+1
783.79	4.369E+1
784.09	1.529E+2
784.39	-8.981E+1
784.69	3.641E+1
784.99	-2.913E+1
785.30	-1.214E+1
785.60	7.282E+1
785.90	-1.456E+1
786.20	-3.155E+1
786.50	-3.884E+1
786.80	-2.670E+1
787.10	-2.184E+1
787.40	2.184E+1
787.70	-9.709E+0
788.00	-5.825E+1
788.30	-5.097E+1
788.60	-2.184E+1
788.90	-6.796E+1
789.20	1.456E+1
789.50	-3.398E+1
789.80	-3.155E+1
790.10	5.097E+1
790.40	9.709E+0
790.70	-2.184E+1
791.00	-7.039E+1
791.30	2.184E+1
791.60	1.699E+1
791.90	4.854E+0
792.20	3.641E+1
792.50	4.369E+1
792.79	1.117E+2
793.09	6.311E+1
793.39	-3.155E+1
793.69	-6.311E+1
793.99	7.524E+1
794.29	2.427E+0
794.59	7.282E+0
794.89	-1.117E+2
795.19	-5.097E+1
795.49	-5.825E+1
795.79	-5.097E+1
796.08	-1.141E+2
796.38	-2.670E+1
796.68	6.068E+1
796.98	1.456E+1
797.28	2.913E+1
797.58	6.311E+1
797.88	2.670E+1
798.17	-4.854E+0
798.47	7.282E+0
798.77	9.709E+0
799.07	6.068E+1
799.37	4.854E+1
799.67	2.184E+1
799.96	-8.495E+1
800.26	-9.709E+1
800.56	6.068E+1
800.86	4.854E+0
801.16	7.524E+1
801.45	1.286E+2
801.75	1.942E+1
802.05	-4.612E+1
802.35	7.039E+1
802.64	2.427E+1
802.94	3.641E+1
803.24	-4.854E+1
803.54	2.184E+1
803.83	3.155E+1
804.13	3.641E+1
804.43	6.554E+1
804.73	9.223E+1
805.02	1.214E+1
805.32	5.097E+1
805.62	1.092E+2
805.91	5.583E+1
806.21	8.495E+1
806.51	-4.854E+1
806.81	0.000E+0
807.10	3.884E+1
807.40	-3.155E+1
807.70	3.641E+1
807.99	-9.709E+0
808.29	2.427E+1
808.59	-9.223E+1
808.88	1.942E+1
809.18	4.369E+1
809.47	1.942E+1
809.77	-2.427E+0
810.07	-8.981E+1
810.36	1.942E+1
810.66	3.155E+1
810.96	2.913E+1
811.25	4.126E+1
811.55	1.456E+1
811.84	-8.253E+1
812.14	-7.524E+1
812.44	9.223E+1
812.73	-6.311E+1
813.03	2.427E+0
813.32	7.282E+0
813.62	9.466E+1
813.91	1.699E+1
814.21	-1.214E+1
814.51	-1.942E+1
814.80	3.641E+1
815.10	-2.670E+1
815.39	2.913E+1
815.69	4.854E+1
815.98	2.427E+1
816.28	4.612E+1
816.57	2.670E+1
816.87	-7.767E+1
817.16	-5.825E+1
817.46	1.092E+2
817.75	-2.184E+1
818.05	6.554E+1
818.34	-3.398E+1
818.64	1.456E+1
818.93	-1.942E+1
819.23	-8.738E+1
819.52	1.408E+2
819.82	-9.466E+1
820.11	7.039E+1
820.40	2.913E+1
820.70	3.398E+1
820.99	-6.068E+1
821.29	-5.340E+1
821.58	-5.340E+1
821.88	-5.825E+1
822.17	-2.184E+1
822.46	2.184E+1
822.76	1.699E+1
823.05	1.699E+1
823.35	4.369E+1
823.64	-4.612E+1
823.93	7.282E+1
824.23	6.554E+1
824.52	8.010E+1
824.81	1.214E+1
825.11	-4.126E+1
825.40	6.554E+1
825.69	-9.223E+1
825.99	-7.767E+1
826.28	-2.670E+1
826.58	-1.044E+2
826.87	4.369E+1
827.16	-4.612E+1
827.45	-3.398E+1
827.75	-4.854E+0
828.04	9.709E+1
828.33	1.141E+2
828.63	1.699E+1
828.92	-3.155E+1
829.21	5.583E+1
829.51	1.942E+1
829.80	-6.554E+1
830.09	9.709E+1
830.38	6.068E+1
830.68	8.495E+1
830.97	-4.369E+1
831.26	6.554E+1
831.55	-1.456E+1
831.85	9.709E+0
832.14	9.952E+1
832.43	7.282E+0
832.72	3.884E+1
833.01	-2.670E+1
833.31	-1.456E+1
833.60	-4.369E+1
833.89	4.612E+1
834.18	1.068E+2
834.47	-2.184E+1
834.77	5.097E+1
835.06	9.952E+1
835.35	-1.699E+1
835.64	2.913E+1
835.93	7.282E+0
836.22	1.748E+2
836.52	8.010E+1
836.81	-4.612E+1
837.10	9.709E+0
837.39	5.340E+1
837.68	0.000E+0
837.97	-6.068E+1
838.26	-2.427E+1
838.55	8.738E+1
838.85	-1.214E+1
839.14	3.884E+1
839.43	4.854E+0
839.72	-4.612E+1
840.01	8.253E+1
840.30	5.825E+1
840.59	-1.019E+2
840.88	1.699E+1
841.17	4.854E+0
841.46	5.097E+1
841.75	3.884E+1
842.04	6.068E+1
842.33	4.854E+0
842.62	-6.068E+1
842.91	-7.282E+0
843.21	-1.942E+1
843.50	-1.942E+1
843.79	6.554E+1
844.08	-3.155E+1
844.37	1.675E+2
844.66	2.913E+1
844.95	2.913E+1
845.24	9.709E+0
845.53	6.311E+1
845.81	4.369E+1
846.10	4.854E+1
846.39	1.019E+2
846.68	-8.253E+1
846.97	-5.097E+1
847.26	-1.699E+1
847.55	2.427E+1
847.84	-6.068E+1
848.13	-7.282E+0
848.42	-1.214E+1
848.71	-2.184E+1
849.00	-7.282E+0
849.29	-4.369E+1
849.58	4.369E+1
849.87	-2.184E+1
850.15	2.427E+1
850.44	6.068E+1
850.73	6.068E+1
851.02	5.583E+1
851.31	3.641E+1
851.60	5.097E+1
851.89	9.223E+1
852.18	9.223E+1
852.46	-2.913E+1
852.75	-7.767E+1
853.04	1.942E+1
853.33	3.155E+1
853.62	1.699E+1
853.91	2.913E+1
854.19	3.398E+1
854.48	-4.369E+1
854.77	7.524E+1
855.06	3.884E+1
855.35	-4.854E+0
855.63	8.495E+1
855.92	7.282E+0
856.21	7.767E+1
856.50	-9.709E+0
856.79	-4.612E+1
857.07	4.854E+0
857.36	1.214E+1
857.65	-3.884E+1
857.94	7.767E+1
858.22	2.427E+0
858.51	5.097E+1
858.80	-2.427E+0
859.08	-4.369E+1
859.37	2.427E+1
859.66	6.554E+1
859.95	1.699E+1
860.23	-9.709E+0
860.52	-1.699E+1
860.81	-1.092E+2
861.09	2.427E+0
861.38	5.340E+1
861.67	1.942E+1
861.95	-9.709E+0
862.24	2.670E+1
862.53	5.340E+1
862.81	1.286E+2
863.10	-1.942E+1
863.39	-4.369E+1
863.67	1.699E+1
863.96	-2.427E+0
864.25	-1.408E+2
864.53	-6.796E+1
864.82	7.524E+1
865.10	-1.214E+1
865.39	-2.427E+0
865.68	2.670E+1
865.96	-4.854E+0
866.25	7.039E+1
866.53	7.039E+1
866.82	7.039E+1