Wavelength	Intensity	Ocean Optics Flame
nm	counts
187.89	1.942E+1
188.27	-2.913E+1
188.64	-4.854E+1
189.02	5.097E+1
189.40	-4.612E+1
189.78	5.340E+1
190.15	1.456E+1
190.53	-2.427E+1
190.91	5.583E+1
191.29	6.068E+1
191.66	2.670E+1
192.04	5.583E+1
192.42	-4.126E+1
192.80	8.981E+1
193.17	7.282E+1
193.55	2.427E+0
193.93	8.981E+1
194.30	1.141E+2
194.68	6.311E+1
195.06	-1.214E+1
195.44	1.456E+1
195.81	1.214E+1
196.19	2.913E+1
196.57	2.670E+1
196.94	4.126E+1
197.32	1.578E+2
197.70	8.010E+1
198.07	4.854E+0
198.45	-4.126E+1
198.83	1.481E+2
199.20	9.466E+1
199.58	2.670E+1
199.96	-3.155E+1
200.33	-5.825E+1
200.71	-2.427E+1
201.09	5.340E+1
201.46	-7.282E+0
201.84	2.427E+1
202.22	4.854E+0
202.59	2.427E+0
202.97	4.126E+1
203.34	-9.709E+0
203.72	3.155E+1
204.10	9.952E+1
204.47	5.583E+1
204.85	2.427E+0
205.23	-2.913E+1
205.60	1.214E+1
205.98	9.709E+1
206.35	8.010E+1
206.73	7.282E+1
207.11	8.253E+1
207.48	-3.155E+1
207.86	3.398E+1
208.23	9.709E+0
208.61	4.612E+1
208.98	8.981E+1
209.36	5.097E+1
209.74	5.097E+1
210.11	6.796E+1
210.49	9.709E+0
210.86	1.117E+2
211.24	3.641E+1
211.61	4.854E+0
211.99	2.913E+1
212.36	3.398E+1
212.74	1.214E+1
213.11	1.456E+1
213.49	2.427E+0
213.87	9.709E+1
214.24	1.699E+1
214.62	8.010E+1
214.99	-2.184E+1
215.37	-3.398E+1
215.74	2.427E+1
216.12	9.709E+1
216.49	2.427E+1
216.87	3.398E+1
217.24	-4.612E+1
217.62	9.466E+1
217.99	9.709E+0
218.37	-1.699E+1
218.74	7.282E+0
219.11	8.981E+1
219.49	6.554E+1
219.86	6.311E+1
220.24	4.369E+1
220.61	-4.126E+1
220.99	1.044E+2
221.36	-4.854E+0
221.74	5.097E+1
222.11	-1.214E+1
222.49	1.335E+2
222.86	2.913E+1
223.23	4.126E+1
223.61	8.010E+1
223.98	3.641E+1
224.36	4.126E+1
224.73	4.854E+1
225.11	-4.854E+1
225.48	-2.427E+0
225.85	-2.670E+1
226.23	5.340E+1
226.60	8.253E+1
226.98	1.942E+1
227.35	7.282E+0
227.72	9.709E+1
228.10	6.554E+1
228.47	4.126E+1
228.84	5.340E+1
229.22	-1.214E+1
229.59	2.913E+1
229.97	1.165E+2
230.34	-2.427E+1
230.71	8.495E+1
231.09	3.155E+1
231.46	-6.311E+1
231.83	5.825E+1
232.21	6.554E+1
232.58	4.854E+1
232.95	5.097E+1
233.33	1.092E+2
233.70	4.369E+1
234.07	1.092E+2
234.45	-4.854E+0
234.82	9.466E+1
235.19	1.092E+2
235.57	6.068E+1
235.94	8.253E+1
236.31	5.583E+1
236.69	6.311E+1
237.06	-5.340E+1
237.43	-5.340E+1
237.80	1.214E+1
238.18	3.398E+1
238.55	7.282E+0
238.92	4.612E+1
239.30	-1.214E+1
239.67	1.942E+1
240.04	4.126E+1
240.41	-9.709E+0
240.79	4.369E+1
241.16	2.670E+1
241.53	9.709E+1
241.90	1.456E+1
242.28	1.019E+2
242.65	3.155E+1
243.02	8.981E+1
243.39	0.000E+0
243.77	2.427E+0
244.14	3.155E+1
244.51	3.884E+1
244.88	-3.155E+1
245.25	-2.913E+1
245.63	-2.427E+0
246.00	1.044E+2
246.37	6.796E+1
246.74	6.554E+1
247.11	1.942E+1
247.49	2.427E+0
247.86	6.068E+1
248.23	3.884E+1
248.60	8.981E+1
248.97	8.253E+1
249.35	8.253E+1
249.72	2.913E+1
250.09	0.000E+0
250.46	9.466E+1
250.83	1.529E+2
251.20	7.524E+1
251.58	5.340E+1
251.95	-3.398E+1
252.32	0.000E+0
252.69	7.767E+1
253.06	1.068E+2
253.43	-2.670E+1
253.80	8.010E+1
254.17	-9.709E+0
254.55	9.709E+0
254.92	8.738E+1
255.29	6.068E+1
255.66	4.126E+1
256.03	6.311E+1
256.40	-2.913E+1
256.77	5.340E+1
257.14	6.068E+1
257.51	7.282E+1
257.88	5.097E+1
258.26	8.253E+1
258.63	8.010E+1
259.00	-1.214E+1
259.37	2.670E+1
259.74	5.583E+1
260.11	3.641E+1
260.48	-4.126E+1
260.85	6.311E+1
261.22	7.282E+1
261.59	7.039E+1
261.96	1.141E+2
262.33	6.796E+1
262.70	-1.699E+1
263.07	9.952E+1
263.44	-3.641E+1
263.81	4.126E+1
264.18	5.340E+1
264.55	3.155E+1
264.92	-8.495E+1
265.29	-1.214E+1
265.66	2.427E+1
266.03	3.155E+1
266.40	2.427E+0
266.77	2.427E+0
267.14	3.398E+1
267.51	7.282E+0
267.88	7.767E+1
268.25	2.087E+2
268.62	2.913E+1
268.99	2.427E+0
269.36	-2.670E+1
269.73	2.427E+1
270.10	7.039E+1
270.47	-6.311E+1
270.84	9.709E+1
271.21	7.767E+1
271.58	1.699E+1
271.95	3.398E+1
272.32	3.641E+1
272.69	0.000E+0
273.06	-1.456E+1
273.43	8.010E+1
273.80	7.039E+1
274.17	2.427E+1
274.53	9.709E+1
274.90	2.427E+0
275.27	7.282E+0
275.64	1.117E+2
276.01	-2.427E+0
276.38	1.165E+2
276.75	1.699E+1
277.12	-2.184E+1
277.49	7.039E+1
277.86	-4.854E+0
278.22	4.854E+1
278.59	5.097E+1
278.96	-4.369E+1
279.33	-2.184E+1
279.70	6.554E+1
280.07	5.340E+1
280.44	2.184E+1
280.80	-2.427E+0
281.17	1.165E+2
281.54	6.311E+1
281.91	2.184E+1
282.28	3.884E+1
282.65	-4.126E+1
283.02	8.253E+1
283.38	-2.184E+1
283.75	4.369E+1
284.12	-3.398E+1
284.49	5.097E+1
284.86	3.155E+1
285.22	3.884E+1
285.59	-3.155E+1
285.96	2.184E+1
286.33	1.699E+1
286.70	-9.709E+0
287.06	-1.942E+1
287.43	3.641E+1
287.80	6.311E+1
288.17	-3.884E+1
288.53	4.854E+1
288.90	8.253E+1
289.27	4.369E+1
289.64	6.554E+1
290.01	1.117E+2
290.37	1.068E+2
290.74	1.384E+2
291.11	1.214E+1
291.48	-3.155E+1
291.84	6.554E+1
292.21	-4.854E+1
292.58	3.398E+1
292.94	7.039E+1
293.31	-2.427E+1
293.68	3.884E+1
294.05	3.884E+1
294.41	1.238E+2
294.78	9.466E+1
295.15	-2.670E+1
295.51	2.039E+2
295.88	2.427E+1
296.25	7.767E+1
296.61	6.068E+1
296.98	4.854E+1
297.35	-5.340E+1
297.72	1.214E+1
298.08	1.942E+1
298.45	1.456E+1
298.82	3.398E+1
299.18	-2.427E+0
299.55	-3.155E+1
299.91	1.068E+2
300.28	1.141E+2
300.65	8.010E+1
301.01	5.340E+1
301.38	-4.854E+0
301.75	1.214E+2
302.11	2.427E+0
302.48	9.952E+1
302.85	-1.699E+1
303.21	5.097E+1
303.58	1.699E+1
303.94	1.189E+2
304.31	-2.427E+0
304.68	-3.641E+1
305.04	4.369E+1
305.41	-5.340E+1
305.77	7.282E+1
306.14	-3.884E+1
306.51	5.825E+1
306.87	7.282E+0
307.24	-4.612E+1
307.60	7.282E+0
307.97	4.369E+1
308.33	4.854E+0
308.70	9.223E+1
309.07	-1.456E+1
309.43	-3.155E+1
309.80	-4.612E+1
310.16	-2.427E+0
310.53	2.184E+1
310.89	2.427E+0
311.26	1.456E+1
311.62	1.117E+2
311.99	2.427E+1
312.35	6.796E+1
312.72	6.796E+1
313.08	2.184E+1
313.45	-6.068E+1
313.81	-1.626E+2
314.18	5.340E+1
314.54	2.427E+1
314.91	1.699E+1
315.27	-5.583E+1
315.64	2.184E+1
316.00	4.612E+1
316.37	3.155E+1
316.73	4.126E+1
317.10	-2.913E+1
317.46	-4.126E+1
317.83	-1.092E+2
318.19	-7.039E+1
318.56	3.884E+1
318.92	5.825E+1
319.28	5.583E+1
319.65	-2.427E+0
320.01	-1.699E+1
320.38	4.369E+1
320.74	4.854E+0
321.11	8.981E+1
321.47	9.952E+1
321.83	7.524E+1
322.20	8.010E+1
322.56	-1.699E+1
322.93	3.884E+1
323.29	4.126E+1
323.66	4.612E+1
324.02	9.709E+1
324.38	-2.427E+1
324.75	6.311E+1
325.11	3.641E+1
325.47	2.913E+1
325.84	-8.253E+1
326.20	-1.189E+2
326.57	1.286E+2
326.93	1.699E+1
327.29	4.854E+1
327.66	1.214E+1
328.02	8.981E+1
328.38	3.155E+1
328.75	3.641E+1
329.11	1.019E+2
329.47	1.699E+1
329.84	9.466E+1
330.20	-9.709E+0
330.56	1.456E+1
330.93	7.039E+1
331.29	-4.854E+0
331.65	1.942E+1
332.02	1.068E+2
332.38	-3.641E+1
332.74	4.612E+1
333.10	-1.214E+1
333.47	5.340E+1
333.83	1.942E+1
334.19	9.709E+1
334.56	3.641E+1
334.92	-2.670E+1
335.28	7.282E+0
335.64	-5.825E+1
336.01	6.796E+1
336.37	7.039E+1
336.73	4.854E+0
337.09	5.097E+1
337.46	-9.709E+0
337.82	0.000E+0
338.18	-4.369E+1
338.54	-1.214E+1
338.91	4.854E+0
339.27	2.427E+1
339.63	4.369E+1
339.99	-2.184E+1
340.36	8.010E+1
340.72	1.286E+2
341.08	-7.282E+0
341.44	-2.184E+1
341.80	1.189E+2
342.17	7.282E+0
342.53	8.010E+1
342.89	7.524E+1
343.25	8.495E+1
343.61	3.641E+1
343.98	6.554E+1
344.34	7.282E+1
344.70	1.019E+2
345.06	4.612E+1
345.42	1.238E+2
345.78	9.223E+1
346.14	2.184E+1
346.51	-3.641E+1
346.87	4.854E+0
347.23	9.709E+1
347.59	1.214E+1
347.95	4.126E+1
348.31	-5.583E+1
348.67	-2.427E+0
349.04	4.854E+1
349.40	6.796E+1
349.76	-2.913E+1
350.12	6.796E+1
350.48	-1.456E+1
350.84	8.253E+1
351.20	1.165E+2
351.56	-4.854E+0
351.92	0.000E+0
352.28	8.981E+1
352.65	9.952E+1
353.01	-5.825E+1
353.37	1.214E+1
353.73	8.738E+1
354.09	4.369E+1
354.45	4.854E+0
354.81	3.884E+1
355.17	3.155E+1
355.53	1.214E+2
355.89	-3.155E+1
356.25	5.097E+1
356.61	6.796E+1
356.97	9.466E+1
357.33	3.641E+1
357.69	-5.097E+1
358.05	-2.913E+1
358.41	2.427E+1
358.77	5.340E+1
359.13	0.000E+0
359.49	-3.884E+1
359.85	7.282E+1
360.21	5.097E+1
360.57	3.641E+1
360.93	4.854E+1
361.29	8.253E+1
361.65	2.427E+0
362.01	2.427E+1
362.37	1.529E+2
362.73	6.796E+1
363.09	-3.155E+1
363.45	1.942E+1
363.81	3.641E+1
364.17	6.311E+1
364.53	-2.427E+1
364.89	-5.340E+1
365.25	6.796E+1
365.61	4.126E+1
365.97	-1.214E+1
366.33	1.044E+2
366.69	2.184E+1
367.05	-2.913E+1
367.40	-3.398E+1
367.76	7.767E+1
368.12	1.699E+1
368.48	1.044E+2
368.84	1.311E+2
369.20	7.039E+1
369.56	1.214E+2
369.92	-5.340E+1
370.28	5.583E+1
370.63	2.184E+1
370.99	4.126E+1
371.35	-6.554E+1
371.71	-3.155E+1
372.07	-1.214E+1
372.43	7.282E+1
372.79	1.141E+2
373.15	-3.398E+1
373.50	5.583E+1
373.86	6.554E+1
374.22	-7.524E+1
374.58	3.398E+1
374.94	-2.670E+1
375.30	6.554E+1
375.65	2.184E+1
376.01	-5.583E+1
376.37	3.641E+1
376.73	-5.340E+1
377.09	4.854E+0
377.44	4.126E+1
377.80	2.913E+1
378.16	4.854E+1
378.52	-2.184E+1
378.88	1.699E+1
379.23	-5.340E+1
379.59	1.602E+2
379.95	4.854E+1
380.31	9.952E+1
380.66	2.427E+1
381.02	7.039E+1
381.38	7.524E+1
381.74	5.340E+1
382.09	8.495E+1
382.45	-2.184E+1
382.81	7.282E+1
383.17	2.427E+1
383.52	-7.282E+0
383.88	-6.796E+1
384.24	-6.796E+1
384.60	1.044E+2
384.95	-7.039E+1
385.31	1.942E+1
385.67	1.117E+2
386.02	1.456E+1
386.38	1.456E+1
386.74	7.524E+1
387.10	4.854E+0
387.45	9.952E+1
387.81	-5.583E+1
388.17	2.670E+1
388.52	-2.913E+1
388.88	1.699E+1
389.24	4.369E+1
389.59	-9.709E+0
389.95	9.709E+1
390.31	-4.854E+1
390.66	4.854E+1
391.02	-7.282E+0
391.38	1.942E+1
391.73	4.854E+0
392.09	7.282E+1
392.44	1.942E+1
392.80	6.554E+1
393.16	4.854E+1
393.51	4.126E+1
393.87	4.612E+1
394.23	-4.369E+1
394.58	-3.641E+1
394.94	-5.825E+1
395.29	2.670E+1
395.65	2.913E+1
396.01	-7.039E+1
396.36	5.583E+1
396.72	2.913E+1
397.07	8.981E+1
397.43	-5.825E+1
397.78	8.981E+1
398.14	-4.369E+1
398.50	6.796E+1
398.85	-4.126E+1
399.21	-9.709E+0
399.56	1.408E+2
399.92	1.699E+1
400.27	1.942E+1
400.63	1.481E+2
400.98	3.398E+1
401.34	8.495E+1
401.69	3.398E+1
402.05	-4.369E+1
402.40	-9.709E+0
402.76	1.626E+2
403.11	2.670E+1
403.47	-2.427E+0
403.82	-2.427E+0
404.18	-2.427E+1
404.53	9.709E+1
404.89	2.913E+1
405.24	7.039E+1
405.60	-8.010E+1
405.95	-2.427E+0
406.31	-3.884E+1
406.66	-1.456E+1
407.02	-5.340E+1
407.37	-4.369E+1
407.73	4.854E+0
408.08	7.767E+1
408.44	2.184E+1
408.79	-6.068E+1
409.14	2.670E+1
409.50	2.427E+0
409.85	4.854E+1
410.21	2.670E+1
410.56	7.282E+0
410.92	1.092E+2
411.27	-1.214E+1
411.62	-7.282E+1
411.98	-5.097E+1
412.33	9.466E+1
412.69	3.155E+1
413.04	2.427E+0
413.39	4.612E+1
413.75	-1.699E+1
414.10	1.214E+1
414.45	-7.282E+0
414.81	7.524E+1
415.16	4.854E+0
415.52	1.068E+2
415.87	-5.340E+1
416.22	-5.097E+1
416.58	5.583E+1
416.93	3.155E+1
417.28	6.796E+1
417.64	-8.495E+1
417.99	-9.709E+0
418.34	9.709E+0
418.70	5.583E+1
419.05	3.884E+1
419.40	7.282E+0
419.76	5.825E+1
420.11	9.709E+0
420.46	6.068E+1
420.81	9.709E+1
421.17	-6.311E+1
421.52	-1.456E+1
421.87	1.117E+2
422.23	3.398E+1
422.58	8.253E+1
422.93	7.282E+0
423.28	4.612E+1
423.64	6.068E+1
423.99	8.010E+1
424.34	1.214E+1
424.69	1.699E+1
425.05	3.641E+1
425.40	9.223E+1
425.75	8.010E+1
426.10	6.796E+1
426.46	7.767E+1
426.81	1.942E+1
427.16	4.126E+1
427.51	-2.670E+1
427.87	-1.942E+1
428.22	-6.796E+1
428.57	2.913E+1
428.92	1.019E+2
429.27	1.214E+1
429.63	-5.340E+1
429.98	-9.709E+0
430.33	3.884E+1
430.68	5.583E+1
431.03	-1.699E+1
431.38	2.670E+1
431.74	4.854E+1
432.09	-3.398E+1
432.44	7.767E+1
432.79	1.214E+2
433.14	4.612E+1
433.49	5.340E+1
433.85	1.384E+2
434.20	-4.854E+0
434.55	-9.466E+1
434.90	1.141E+2
435.25	-2.427E+0
435.60	-2.913E+1
435.95	7.524E+1
436.30	8.010E+1
436.66	3.398E+1
437.01	6.554E+1
437.36	5.340E+1
437.71	9.223E+1
438.06	7.282E+0
438.41	3.155E+1
438.76	1.699E+1
439.11	8.010E+1
439.46	7.039E+1
439.81	4.612E+1
440.16	5.097E+1
440.52	2.427E+1
440.87	2.184E+1
441.22	4.369E+1
441.57	-4.126E+1
441.92	8.495E+1
442.27	-5.097E+1
442.62	6.796E+1
442.97	-1.214E+1
443.32	8.981E+1
443.67	3.884E+1
444.02	3.884E+1
444.37	4.369E+1
444.72	6.311E+1
445.07	7.524E+1
445.42	2.913E+1
445.77	1.942E+1
446.12	7.282E+0
446.47	-5.583E+1
446.82	8.738E+1
447.17	6.311E+1
447.52	-4.369E+1
447.87	-6.796E+1
448.22	7.039E+1
448.57	1.019E+2
448.92	9.952E+1
449.27	-3.155E+1
449.62	-2.913E+1
449.97	-2.427E+0
450.32	5.097E+1
450.66	2.913E+1
451.01	4.369E+1
451.36	-3.884E+1
451.71	1.214E+1
452.06	5.097E+1
452.41	4.854E+0
452.76	4.126E+1
453.11	6.311E+1
453.46	9.223E+1
453.81	5.825E+1
454.16	1.699E+1
454.51	4.854E+1
454.85	5.583E+1
455.20	-7.524E+1
455.55	8.738E+1
455.90	5.097E+1
456.25	4.854E+1
456.60	1.214E+1
456.95	-2.427E+1
457.30	4.369E+1
457.64	-6.311E+1
457.99	-3.398E+1
458.34	-3.884E+1
458.69	-1.699E+1
459.04	6.554E+1
459.39	6.068E+1
459.73	1.699E+1
460.08	-5.340E+1
460.43	6.796E+1
460.78	7.524E+1
461.13	1.942E+1
461.48	-6.554E+1
461.82	1.214E+1
462.17	1.019E+2
462.52	-2.427E+0
462.87	7.282E+1
463.21	8.738E+1
463.56	-4.369E+1
463.91	2.670E+1
464.26	2.670E+1
464.61	-6.068E+1
464.95	3.398E+1
465.30	4.612E+1
465.65	-9.709E+0
466.00	-2.427E+1
466.34	8.495E+1
466.69	9.952E+1
467.04	3.641E+1
467.39	-2.427E+1
467.73	1.214E+1
468.08	-1.699E+1
468.43	-1.942E+1
468.77	2.427E+1
469.12	4.126E+1
469.47	-4.854E+0
469.82	-4.854E+0
470.16	3.398E+1
470.51	5.583E+1
470.86	-4.854E+0
471.20	-5.583E+1
471.55	-6.554E+1
471.90	-5.097E+1
472.24	1.214E+1
472.59	1.214E+1
472.94	9.223E+1
473.28	2.670E+1
473.63	1.068E+2
473.98	7.767E+1
474.32	6.068E+1
474.67	-7.282E+0
475.02	-7.524E+1
475.36	1.942E+1
475.71	0.000E+0
476.06	1.311E+2
476.40	5.583E+1
476.75	9.709E+0
477.09	-7.282E+1
477.44	-1.262E+2
477.79	7.282E+0
478.13	9.952E+1
478.48	-1.942E+1
478.82	-3.155E+1
479.17	-5.825E+1
479.52	-5.583E+1
479.86	9.709E+1
480.21	6.796E+1
480.55	-2.427E+0
480.90	-4.854E+0
481.24	2.184E+1
481.59	4.854E+0
481.94	-4.369E+1
482.28	2.427E+0
482.63	-9.466E+1
482.97	2.427E+0
483.32	-1.214E+1
483.66	7.282E+0
484.01	4.612E+1
484.35	1.165E+2
484.70	1.068E+2
485.04	-7.039E+1
485.39	-2.427E+0
485.73	-2.184E+1
486.08	-2.913E+1
486.42	4.854E+1
486.77	2.670E+1
487.11	2.184E+1
487.46	3.641E+1
487.80	5.825E+1
488.15	9.709E+0
488.49	-4.369E+1
488.84	-1.044E+2
489.18	2.670E+1
489.53	1.262E+2
489.87	3.884E+1
490.21	1.966E+2
490.56	2.670E+1
490.90	0.000E+0
491.25	1.408E+2
491.59	1.456E+1
491.94	-1.699E+1
492.28	-2.184E+1
492.62	-3.884E+1
492.97	8.010E+1
493.31	-3.155E+1
493.66	3.641E+1
494.00	1.529E+2
494.34	3.398E+1
494.69	2.184E+1
495.03	4.612E+1
495.38	-1.699E+1
495.72	5.583E+1
496.06	7.039E+1
496.41	1.044E+2
496.75	-1.699E+1
497.09	6.311E+1
497.44	1.214E+1
497.78	-1.456E+1
498.13	2.670E+1
498.47	3.884E+1
498.81	2.670E+1
499.16	-7.282E+0
499.50	2.670E+1
499.84	6.068E+1
500.19	1.214E+2
500.53	3.884E+1
500.87	9.709E+0
501.21	1.699E+1
501.56	-3.884E+1
501.90	-3.155E+1
502.24	-5.825E+1
502.59	4.854E+1
502.93	3.155E+1
503.27	5.825E+1
503.61	-4.854E+0
503.96	-4.369E+1
504.30	6.311E+1
504.64	-1.214E+1
504.99	3.884E+1
505.33	3.641E+1
505.67	4.126E+1
506.01	1.699E+1
506.36	2.184E+1
506.70	4.854E+0
507.04	-7.524E+1
507.38	8.738E+1
507.72	9.466E+1
508.07	6.554E+1
508.41	5.097E+1
508.75	3.155E+1
509.09	-1.068E+2
509.44	4.612E+1
509.78	-7.282E+0
510.12	-3.884E+1
510.46	6.311E+1
510.80	2.913E+1
511.14	3.398E+1
511.49	-7.039E+1
511.83	3.398E+1
512.17	4.126E+1
512.51	9.223E+1
512.85	1.214E+1
513.19	2.427E+1
513.54	1.286E+2
513.88	1.942E+1
514.22	1.699E+1
514.56	0.000E+0
514.90	-3.155E+1
515.24	-1.699E+1
515.58	5.825E+1
515.93	2.670E+1
516.27	-4.854E+0
516.61	1.214E+1
516.95	-8.738E+1
517.29	-2.427E+1
517.63	2.913E+1
517.97	9.952E+1
518.31	2.427E+0
518.65	4.854E+0
518.99	2.184E+1
519.33	-1.456E+1
519.67	1.141E+2
520.02	-1.214E+1
520.36	-6.554E+1
520.70	9.466E+1
521.04	4.126E+1
521.38	-2.184E+1
521.72	1.675E+2
522.06	-7.039E+1
522.40	7.039E+1
522.74	1.456E+1
523.08	4.854E+1
523.42	1.456E+1
523.76	-7.039E+1
524.10	3.641E+1
524.44	5.097E+1
524.78	0.000E+0
525.12	3.155E+1
525.46	2.670E+1
525.80	-8.495E+1
526.14	1.117E+2
526.48	9.709E+1
526.82	1.214E+1
527.16	5.583E+1
527.50	2.913E+1
527.84	7.039E+1
528.18	0.000E+0
528.52	-2.427E+1
528.86	3.398E+1
529.20	1.311E+2
529.54	7.282E+1
529.87	4.854E+0
530.21	1.238E+2
530.55	1.699E+1
530.89	6.068E+1
531.23	6.068E+1
531.57	1.699E+1
531.91	1.214E+1
532.25	1.214E+1
532.59	9.709E+1
532.93	1.505E+2
533.27	-5.097E+1
533.60	5.097E+1
533.94	-3.155E+1
534.28	-2.913E+1
534.62	7.282E+0
534.96	7.767E+1
535.30	1.942E+1
535.64	1.432E+2
535.98	-9.223E+1
536.31	1.699E+1
536.65	3.398E+1
536.99	-1.942E+1
537.33	-3.884E+1
537.67	1.286E+2
538.01	-4.612E+1
538.34	-2.184E+1
538.68	2.427E+1
539.02	4.854E+1
539.36	4.369E+1
539.70	-3.398E+1
540.03	7.039E+1
540.37	1.699E+1
540.71	-4.854E+0
541.05	-2.427E+0
541.39	2.184E+1
541.72	-6.068E+1
542.06	-3.398E+1
542.40	6.068E+1
542.74	3.884E+1
543.07	4.854E+0
543.41	4.854E+0
543.75	4.612E+1
544.09	3.155E+1
544.42	-4.369E+1
544.76	2.670E+1
545.10	9.466E+1
545.44	6.068E+1
545.77	-9.952E+1
546.11	-6.068E+1
546.45	1.214E+1
546.78	2.670E+1
547.12	8.738E+1
547.46	2.184E+1
547.80	1.699E+1
548.13	9.709E+0
548.47	7.282E+1
548.81	3.884E+1
549.14	-7.282E+0
549.48	7.039E+1
549.82	-4.854E+0
550.15	2.670E+1
550.49	9.709E+0
550.83	-4.126E+1
551.16	9.466E+1
551.50	3.155E+1
551.84	6.796E+1
552.17	5.825E+1
552.51	6.796E+1
552.84	7.039E+1
553.18	1.942E+1
553.52	-9.709E+0
553.85	-3.884E+1
554.19	4.854E+0
554.53	1.384E+2
554.86	5.340E+1
555.20	3.398E+1
555.53	8.738E+1
555.87	6.554E+1
556.20	1.384E+2
556.54	-2.427E+0
556.88	7.282E+0
557.21	2.427E+1
557.55	4.369E+1
557.88	-2.184E+1
558.22	4.612E+1
558.55	1.456E+1
558.89	-1.286E+2
559.23	5.097E+1
559.56	1.335E+2
559.90	3.641E+1
560.23	7.282E+0
560.57	1.262E+2
560.90	4.854E+1
561.24	8.981E+1
561.57	7.282E+1
561.91	2.427E+0
562.24	1.456E+1
562.58	-2.913E+1
562.91	6.068E+1
563.25	4.612E+1
563.58	2.184E+1
563.92	-7.039E+1
564.25	0.000E+0
564.59	-2.427E+0
564.92	8.981E+1
565.25	7.282E+1
565.59	2.184E+1
565.92	9.709E+0
566.26	1.602E+2
566.59	1.456E+1
566.93	5.583E+1
567.26	0.000E+0
567.60	2.427E+1
567.93	1.238E+2
568.26	1.189E+2
568.60	-3.884E+1
568.93	1.456E+1
569.27	-1.214E+1
569.60	5.097E+1
569.93	-9.223E+1
570.27	8.738E+1
570.60	-1.214E+1
570.94	8.981E+1
571.27	9.709E+1
571.60	1.529E+2
571.94	9.709E+1
572.27	5.340E+1
572.60	9.223E+1
572.94	0.000E+0
573.27	1.044E+2
573.60	-1.942E+1
573.94	1.699E+1
574.27	1.481E+2
574.60	4.854E+0
574.94	1.942E+1
575.27	-3.398E+1
575.60	9.952E+1
575.94	7.282E+1
576.27	7.524E+1
576.60	1.456E+1
576.94	1.699E+1
577.27	1.262E+2
577.60	9.466E+1
577.94	5.825E+1
578.27	8.981E+1
578.60	1.942E+1
578.93	4.369E+1
579.27	3.641E+1
579.60	1.019E+2
579.93	2.670E+1
580.26	8.738E+1
580.60	1.189E+2
580.93	8.253E+1
581.26	1.092E+2
581.59	1.942E+2
581.93	8.253E+1
582.26	1.626E+2
582.59	6.068E+1
582.92	1.286E+2
583.25	1.214E+2
583.59	1.238E+2
583.92	9.466E+1
584.25	1.820E+2
584.58	1.432E+2
584.91	1.675E+2
585.25	1.384E+2
585.58	1.481E+2
585.91	1.189E+2
586.24	1.214E+2
586.57	1.408E+2
586.90	1.796E+2
587.24	1.626E+2
587.57	2.015E+2
587.90	1.384E+2
588.23	1.335E+2
588.56	1.384E+2
588.89	2.015E+2
589.22	2.136E+2
589.56	1.165E+2
589.89	2.015E+2
590.22	1.772E+2
590.55	1.529E+2
590.88	1.068E+2
591.21	1.165E+2
591.54	1.626E+2
591.87	2.670E+2
592.20	2.282E+2
592.53	1.990E+2
592.87	3.252E+2
593.20	2.087E+2
593.53	2.597E+2
593.86	2.015E+2
594.19	3.665E+2
594.52	3.325E+2
594.85	2.354E+2
595.18	3.762E+2
595.51	4.175E+2
595.84	2.573E+2
596.17	3.932E+2
596.50	3.762E+2
596.83	5.024E+2
597.16	5.534E+2
597.49	4.685E+2
597.82	4.102E+2
598.15	4.976E+2
598.48	5.413E+2
598.81	5.049E+2
599.14	5.194E+2
599.47	5.680E+2
599.80	5.753E+2
600.13	5.922E+2
600.46	7.282E+2
600.79	5.655E+2
601.12	6.238E+2
601.45	7.646E+2
601.78	7.039E+2
602.11	6.845E+2
602.44	7.621E+2
602.77	8.180E+2
603.10	7.840E+2
603.42	9.539E+2
603.75	1.046E+3
604.08	9.539E+2
604.41	1.015E+3
604.74	1.083E+3
605.07	1.121E+3
605.40	1.148E+3
605.73	1.117E+3
606.06	1.138E+3
606.39	1.308E+3
606.71	1.318E+3
607.04	1.274E+3
607.37	1.442E+3
607.70	1.403E+3
608.03	1.510E+3
608.36	1.502E+3
608.69	1.556E+3
609.02	1.561E+3
609.34	1.629E+3
609.67	1.881E+3
610.00	1.901E+3
610.33	1.769E+3
610.66	1.867E+3
610.98	2.044E+3
611.31	2.146E+3
611.64	2.124E+3
611.97	2.206E+3
612.30	2.415E+3
612.63	2.493E+3
612.95	2.655E+3
613.28	2.532E+3
613.61	2.772E+3
613.94	2.837E+3
614.26	3.034E+3
614.59	3.104E+3
614.92	3.129E+3
615.25	3.459E+3
615.57	3.522E+3
615.90	3.551E+3
616.23	3.735E+3
616.56	3.830E+3
616.88	3.956E+3
617.21	4.010E+3
617.54	4.335E+3
617.87	4.587E+3
618.19	4.566E+3
618.52	4.765E+3
618.85	4.932E+3
619.17	5.163E+3
619.50	5.362E+3
619.83	5.587E+3
620.15	5.653E+3
620.48	5.961E+3
620.81	6.148E+3
621.14	6.265E+3
621.46	6.590E+3
621.79	6.847E+3
622.11	7.073E+3
622.44	7.595E+3
622.77	7.626E+3
623.09	7.767E+3
623.42	8.233E+3
623.75	8.357E+3
624.07	8.876E+3
624.40	8.949E+3
624.73	9.505E+3
625.05	9.660E+3
625.38	1.024E+4
625.70	1.069E+4
626.03	1.087E+4
626.36	1.115E+4
626.68	1.165E+4
627.01	1.202E+4
627.33	1.263E+4
627.66	1.308E+4
627.99	1.351E+4
628.31	1.407E+4
628.64	1.460E+4
628.96	1.503E+4
629.29	1.576E+4
629.61	1.605E+4
629.94	1.679E+4
630.26	1.732E+4
630.59	1.811E+4
630.91	1.878E+4
631.24	1.917E+4
631.57	2.043E+4
631.89	2.060E+4
632.22	2.166E+4
632.54	2.241E+4
632.87	2.332E+4
633.19	2.395E+4
633.52	2.483E+4
633.84	2.637E+4
634.16	2.699E+4
634.49	2.772E+4
634.81	2.849E+4
635.14	2.971E+4
635.46	3.117E+4
635.79	3.191E+4
636.11	3.284E+4
636.44	3.419E+4
636.76	3.508E+4
637.09	3.633E+4
637.41	3.754E+4
637.73	3.838E+4
638.06	3.974E+4
638.38	4.126E+4
638.71	4.217E+4
639.03	4.334E+4
639.36	4.406E+4
639.68	4.545E+4
640.00	4.694E+4
640.33	4.773E+4
640.65	4.913E+4
640.97	5.070E+4
641.30	5.148E+4
641.62	5.270E+4
641.95	5.338E+4
642.27	5.375E+4
642.59	5.519E+4
642.92	5.593E+4
643.24	5.639E+4
643.56	5.730E+4
643.89	5.784E+4
644.21	5.837E+4
644.53	5.883E+4
644.86	5.908E+4
645.18	5.967E+4
645.50	5.977E+4
645.83	6.032E+4
646.15	6.044E+4
646.47	6.053E+4
646.80	6.089E+4
647.12	6.094E+4
647.44	6.092E+4
647.76	6.105E+4
648.09	6.101E+4
648.41	6.086E+4
648.73	6.014E+4
649.05	6.022E+4
649.38	5.979E+4
649.70	5.960E+4
650.02	5.904E+4
650.34	5.816E+4
650.67	5.772E+4
650.99	5.737E+4
651.31	5.646E+4
651.63	5.614E+4
651.96	5.498E+4
652.28	5.417E+4
652.60	5.273E+4
652.92	5.179E+4
653.24	5.011E+4
653.57	4.872E+4
653.89	4.770E+4
654.21	4.612E+4
654.53	4.457E+4
654.85	4.348E+4
655.18	4.141E+4
655.50	4.037E+4
655.82	3.847E+4
656.14	3.726E+4
656.46	3.568E+4
656.78	3.403E+4
657.10	3.255E+4
657.43	3.141E+4
657.75	3.006E+4
658.07	2.889E+4
658.39	2.737E+4
658.71	2.624E+4
659.03	2.513E+4
659.35	2.386E+4
659.67	2.239E+4
659.99	2.167E+4
660.32	2.074E+4
660.64	1.985E+4
660.96	1.874E+4
661.28	1.802E+4
661.60	1.725E+4
661.92	1.661E+4
662.24	1.563E+4
662.56	1.518E+4
662.88	1.429E+4
663.20	1.398E+4
663.52	1.313E+4
663.84	1.240E+4
664.16	1.195E+4
664.48	1.126E+4
664.80	1.110E+4
665.12	1.050E+4
665.44	9.838E+3
665.76	9.316E+3
666.08	8.825E+3
666.40	8.549E+3
666.72	7.954E+3
667.04	7.770E+3
667.36	7.459E+3
667.68	7.015E+3
668.00	6.789E+3
668.32	6.367E+3
668.64	5.942E+3
668.96	5.651E+3
669.28	5.410E+3
669.60	5.342E+3
669.92	4.845E+3
670.24	4.699E+3
670.56	4.335E+3
670.88	4.286E+3
671.20	4.114E+3
671.52	3.854E+3
671.84	3.558E+3
672.16	3.420E+3
672.47	3.255E+3
672.79	3.027E+3
673.11	3.034E+3
673.43	2.721E+3
673.75	2.701E+3
674.07	2.677E+3
674.39	2.430E+3
674.71	2.274E+3
675.03	2.151E+3
675.34	2.175E+3
675.66	1.966E+3
675.98	1.876E+3
676.30	1.757E+3
676.62	1.731E+3
676.94	1.573E+3
677.25	1.590E+3
677.57	1.381E+3
677.89	1.393E+3
678.21	1.294E+3
678.53	1.180E+3
678.85	1.078E+3
679.16	1.107E+3
679.48	1.022E+3
679.80	8.714E+2
680.12	8.859E+2
680.44	7.621E+2
680.75	8.787E+2
681.07	8.325E+2
681.39	7.913E+2
681.71	7.282E+2
682.02	7.452E+2
682.34	5.704E+2
682.66	4.102E+2
682.98	6.044E+2
683.29	5.243E+2
683.61	4.976E+2
683.93	4.442E+2
684.25	5.655E+2
684.56	4.223E+2
684.88	2.864E+2
685.20	3.641E+2
685.51	2.937E+2
685.83	3.544E+2
686.15	3.180E+2
686.47	3.422E+2
686.78	2.791E+2
687.10	1.918E+2
687.42	2.063E+2
687.73	3.519E+2
688.05	2.476E+2
688.37	2.621E+2
688.68	3.155E+2
689.00	2.039E+2
689.32	1.918E+2
689.63	2.160E+2
689.95	2.961E+2
690.26	1.335E+2
690.58	2.476E+2
690.90	1.408E+2
691.21	1.966E+2
691.53	2.257E+2
691.85	7.282E+0
692.16	1.529E+2
692.48	1.675E+2
692.79	7.767E+1
693.11	4.126E+1
693.42	8.253E+1
693.74	1.092E+2
694.06	5.340E+1
694.37	1.359E+2
694.69	8.253E+1
695.00	1.092E+2
695.32	8.010E+1
695.63	5.583E+1
695.95	2.427E+1
696.26	2.015E+2
696.58	1.723E+2
696.90	8.253E+1
697.21	1.796E+2
697.53	6.068E+1
697.84	5.825E+1
698.16	8.253E+1
698.47	8.981E+1
698.79	5.097E+1
699.10	6.311E+1
699.42	7.282E+1
699.73	1.092E+2
700.05	6.311E+1
700.36	1.578E+2
700.68	6.554E+1
700.99	1.092E+2
701.30	1.214E+2
701.62	9.466E+1
701.93	6.068E+1
702.25	1.286E+2
702.56	8.981E+1
702.88	9.466E+1
703.19	-1.942E+1
703.50	3.884E+1
703.82	2.913E+1
704.13	1.044E+2
704.45	4.854E+1
704.76	4.854E+0
705.08	0.000E+0
705.39	7.767E+1
705.70	8.981E+1
706.02	3.884E+1
706.33	5.097E+1
706.64	7.282E+1
706.96	1.068E+2
707.27	1.481E+2
707.59	7.282E+1
707.90	8.495E+1
708.21	1.214E+1
708.53	5.340E+1
708.84	1.456E+1
709.15	8.010E+1
709.47	6.311E+1
709.78	-3.884E+1
710.09	7.282E+0
710.41	8.981E+1
710.72	1.626E+2
711.03	2.427E+0
711.34	3.884E+1
711.66	7.282E+1
711.97	4.126E+1
712.28	-1.942E+1
712.60	1.141E+2
712.91	7.767E+1
713.22	-5.583E+1
713.53	1.214E+1
713.85	5.825E+1
714.16	-4.854E+0
714.47	1.942E+2
714.78	5.583E+1
715.10	1.456E+2
715.41	-6.796E+1
715.72	-2.184E+1
716.03	9.223E+1
716.35	1.359E+2
716.66	4.854E+0
716.97	4.369E+1
717.28	-4.126E+1
717.59	2.427E+0
717.91	4.854E+0
718.22	-2.427E+0
718.53	2.427E+0
718.84	7.767E+1
719.15	8.738E+1
719.46	6.068E+1
719.78	7.282E+0
720.09	-1.214E+1
720.40	3.884E+1
720.71	9.709E+1
721.02	4.126E+1
721.33	3.641E+1
721.65	1.699E+1
721.96	4.854E+0
722.27	4.854E+1
722.58	9.223E+1
722.89	5.340E+1
723.20	7.767E+1
723.51	-4.612E+1
723.82	-4.854E+1
724.13	6.068E+1
724.45	-3.155E+1
724.76	6.796E+1
725.07	-1.456E+1
725.38	-2.427E+1
725.69	7.282E+1
726.00	4.612E+1
726.31	9.709E+1
726.62	-2.184E+1
726.93	3.641E+1
727.24	5.583E+1
727.55	5.097E+1
727.86	2.427E+1
728.17	5.097E+1
728.48	2.184E+1
728.79	2.427E+0
729.10	7.282E+0
729.41	7.524E+1
729.72	3.884E+1
730.03	5.825E+1
730.34	2.427E+0
730.65	7.282E+1
730.96	6.068E+1
731.27	8.253E+1
731.58	-5.825E+1
731.89	4.126E+1
732.20	7.524E+1
732.51	-5.340E+1
732.82	-1.214E+1
733.13	1.214E+2
733.44	3.155E+1
733.75	9.709E+0
734.06	5.583E+1
734.37	3.884E+1
734.68	-6.554E+1
734.98	-9.223E+1
735.29	1.117E+2
735.60	-1.092E+2
735.91	9.709E+0
736.22	-3.398E+1
736.53	4.126E+1
736.84	1.699E+1
737.15	8.738E+1
737.46	2.427E+1
737.77	1.772E+2
738.07	-3.155E+1
738.38	7.282E+1
738.69	4.854E+0
739.00	7.039E+1
739.31	4.369E+1
739.62	2.427E+1
739.92	-2.427E+0
740.23	-6.068E+1
740.54	1.699E+1
740.85	7.282E+0
741.16	-2.184E+1
741.47	1.675E+2
741.77	-3.641E+1
742.08	-2.427E+1
742.39	8.738E+1
742.70	-3.398E+1
743.01	0.000E+0
743.31	-4.369E+1
743.62	2.427E+0
743.93	-4.369E+1
744.24	8.495E+1
744.54	2.913E+1
744.85	-4.612E+1
745.16	-9.709E+0
745.47	4.126E+1
745.77	-3.398E+1
746.08	1.262E+2
746.39	4.854E+1
746.70	4.854E+1
747.00	4.612E+1
747.31	4.126E+1
747.62	-4.369E+1
747.92	4.854E+0
748.23	0.000E+0
748.54	3.884E+1
748.84	2.184E+1
749.15	5.583E+1
749.46	-3.641E+1
749.76	4.369E+1
750.07	-7.282E+1
750.38	-4.612E+1
750.68	-6.311E+1
750.99	1.481E+2
751.30	2.670E+1
751.60	-2.670E+1
751.91	5.097E+1
752.22	3.641E+1
752.52	-1.214E+1
752.83	-1.942E+1
753.14	-8.010E+1
753.44	2.427E+1
753.75	2.670E+1
754.05	-1.214E+1
754.36	-4.854E+0
754.67	-4.126E+1
754.97	-2.427E+0
755.28	4.369E+1
755.58	9.952E+1
755.89	-7.282E+0
756.19	-9.952E+1
756.50	7.039E+1
756.81	2.670E+1
757.11	9.709E+1
757.42	-1.942E+1
757.72	8.010E+1
758.03	-3.398E+1
758.33	-2.427E+0
758.64	-2.427E+1
758.94	-4.369E+1
759.25	9.709E+0
759.55	3.641E+1
759.86	0.000E+0
760.16	-1.214E+1
760.47	-7.282E+0
760.77	-1.942E+1
761.08	8.738E+1
761.38	5.340E+1
761.69	-1.942E+1
761.99	0.000E+0
762.30	-9.223E+1
762.60	-8.253E+1
762.91	-6.554E+1
763.21	-1.942E+1
763.51	3.398E+1
763.82	-1.214E+1
764.12	-5.097E+1
764.43	4.369E+1
764.73	9.223E+1
765.04	3.155E+1
765.34	2.427E+0
765.64	3.884E+1
765.95	3.155E+1
766.25	5.583E+1
766.56	-4.854E+0
766.86	-5.583E+1
767.16	4.854E+1
767.47	2.913E+1
767.77	4.126E+1
768.07	7.039E+1
768.38	-1.942E+1
768.68	-2.913E+1
768.98	1.845E+2
769.29	4.369E+1
769.59	5.097E+1
769.89	-1.456E+1
770.20	9.709E+0
770.50	-4.369E+1
770.80	7.282E+0
771.11	1.942E+1
771.41	-1.699E+1
771.71	1.553E+2
772.02	3.641E+1
772.32	6.311E+1
772.62	0.000E+0
772.93	-2.913E+1
773.23	-2.427E+1
773.53	1.068E+2
773.83	5.097E+1
774.14	-4.369E+1
774.44	3.884E+1
774.74	-1.214E+1
775.04	7.767E+1
775.35	-4.126E+1
775.65	-4.126E+1
775.95	-4.854E+0
776.25	-1.092E+2
776.55	6.311E+1
776.86	3.398E+1
777.16	4.612E+1
777.46	8.981E+1
777.76	6.796E+1
778.06	3.641E+1
778.37	3.155E+1
778.67	-4.126E+1
778.97	6.068E+1
779.27	1.165E+2
779.57	-4.612E+1
779.88	1.942E+1
780.18	4.854E+1
780.48	-8.981E+1
780.78	4.854E+1
781.08	7.767E+1
781.38	9.709E+1
781.68	1.456E+1
781.98	8.495E+1
782.29	4.854E+1
782.59	8.253E+1
782.89	-1.942E+1
783.19	8.495E+1
783.49	4.854E+1
783.79	4.854E+0
784.09	6.068E+1
784.39	1.456E+1
784.69	2.913E+1
784.99	4.854E+0
785.30	5.583E+1
785.60	1.359E+2
785.90	-1.214E+1
786.20	-3.884E+1
786.50	1.238E+2
786.80	-9.709E+0
787.10	6.311E+1
787.40	1.942E+1
787.70	-4.854E+1
788.00	7.039E+1
788.30	8.253E+1
788.60	3.641E+1
788.90	2.913E+1
789.20	9.709E+0
789.50	7.282E+0
789.80	8.495E+1
790.10	-4.854E+0
790.40	-2.427E+1
790.70	7.767E+1
791.00	-1.456E+1
791.30	4.854E+0
791.60	5.097E+1
791.90	7.039E+1
792.20	-1.942E+1
792.50	-2.184E+1
792.79	6.068E+1
793.09	-7.524E+1
793.39	-4.612E+1
793.69	4.369E+1
793.99	3.641E+1
794.29	1.165E+2
794.59	3.641E+1
794.89	4.854E+0
795.19	9.466E+1
795.49	8.495E+1
795.79	5.340E+1
796.08	1.942E+1
796.38	1.214E+1
796.68	-2.427E+1
796.98	5.583E+1
797.28	1.214E+1
797.58	-9.709E+0
797.88	8.738E+1
798.17	-3.155E+1
798.47	-3.155E+1
798.77	-3.398E+1
799.07	5.825E+1
799.37	8.253E+1
799.67	-2.184E+1
799.96	-4.854E+0
800.26	-7.282E+0
800.56	3.884E+1
800.86	-1.214E+1
801.16	-2.427E+0
801.45	5.097E+1
801.75	1.578E+2
802.05	3.398E+1
802.35	-5.825E+1
802.64	4.612E+1
802.94	-1.456E+1
803.24	-3.884E+1
803.54	9.466E+1
803.83	8.738E+1
804.13	7.282E+1
804.43	-3.155E+1
804.73	7.282E+1
805.02	1.044E+2
805.32	3.398E+1
805.62	2.184E+1
805.91	7.282E+0
806.21	-1.699E+1
806.51	-4.369E+1
806.81	5.097E+1
807.10	-3.641E+1
807.40	1.092E+2
807.70	-1.942E+1
807.99	4.612E+1
808.29	-1.942E+1
808.59	-4.126E+1
808.88	-2.427E+0
809.18	4.854E+1
809.47	6.796E+1
809.77	5.825E+1
810.07	-2.427E+1
810.36	-8.253E+1
810.66	-3.398E+1
810.96	-3.884E+1
811.25	4.854E+0
811.55	-8.010E+1
811.84	9.952E+1
812.14	1.699E+1
812.44	-2.427E+1
812.73	4.612E+1
813.03	-1.699E+1
813.32	1.456E+1
813.62	2.427E+1
813.91	5.097E+1
814.21	8.495E+1
814.51	-1.019E+2
814.80	-8.010E+1
815.10	2.427E+0
815.39	0.000E+0
815.69	-3.884E+1
815.98	-2.670E+1
816.28	3.155E+1
816.57	-4.854E+0
816.87	-4.854E+0
817.16	-4.854E+0
817.46	1.117E+2
817.75	2.913E+1
818.05	1.626E+2
818.34	-3.641E+1
818.64	5.097E+1
818.93	4.612E+1
819.23	-4.854E+0
819.52	-6.796E+1
819.82	1.068E+2
820.11	6.554E+1
820.40	1.942E+1
820.70	1.214E+1
820.99	5.825E+1
821.29	4.369E+1
821.58	7.767E+1
821.88	1.019E+2
822.17	3.641E+1
822.46	-1.942E+1
822.76	-1.699E+1
823.05	-4.854E+0
823.35	-7.282E+0
823.64	-6.068E+1
823.93	-9.709E+0
824.23	-1.456E+1
824.52	-7.524E+1
824.81	1.214E+1
825.11	-8.495E+1
825.40	-9.709E+0
825.69	-3.155E+1
825.99	1.044E+2
826.28	-2.670E+1
826.58	-7.282E+0
826.87	-2.913E+1
827.16	7.282E+0
827.45	6.068E+1
827.75	3.398E+1
828.04	8.495E+1
828.33	5.340E+1
828.63	1.214E+1
828.92	1.165E+2
829.21	1.044E+2
829.51	1.481E+2
829.80	1.286E+2
830.09	6.311E+1
830.38	4.854E+0
830.68	-1.699E+1
830.97	-6.796E+1
831.26	1.699E+1
831.55	1.214E+1
831.85	1.092E+2
832.14	1.165E+2
832.43	-9.709E+0
832.72	1.214E+1
833.01	-5.825E+1
833.31	-3.641E+1
833.60	1.893E+2
833.89	2.427E+1
834.18	1.456E+1
834.47	6.796E+1
834.77	-3.641E+1
835.06	5.583E+1
835.35	8.010E+1
835.64	8.495E+1
835.93	8.738E+1
836.22	7.282E+0
836.52	1.214E+1
836.81	-1.699E+1
837.10	7.282E+1
837.39	3.398E+1
837.68	2.670E+1
837.97	-5.825E+1
838.26	7.524E+1
838.55	-2.670E+1
838.85	7.282E+0
839.14	4.854E+0
839.43	1.456E+2
839.72	-1.384E+2
840.01	-1.384E+2
840.30	3.398E+1
840.59	-1.699E+1
840.88	5.340E+1
841.17	3.155E+1
841.46	-4.126E+1
841.75	1.214E+1
842.04	1.456E+1
842.33	-7.039E+1
842.62	4.854E+1
842.91	9.709E+0
843.21	2.427E+0
843.50	-2.427E+0
843.79	6.068E+1
844.08	-6.311E+1
844.37	2.427E+1
844.66	-2.184E+1
844.95	-9.223E+1
845.24	2.670E+1
845.53	-2.184E+1
845.81	3.155E+1
846.10	-2.427E+1
846.39	1.699E+1
846.68	-2.427E+1
846.97	3.398E+1
847.26	6.068E+1
847.55	5.583E+1
847.84	-5.825E+1
848.13	6.554E+1
848.42	-5.097E+1
848.71	8.253E+1
849.00	6.554E+1
849.29	3.398E+1
849.58	0.000E+0
849.87	8.010E+1
850.15	-1.214E+1
850.44	-3.155E+1
850.73	2.670E+1
851.02	2.427E+1
851.31	9.709E+0
851.60	4.612E+1
851.89	-9.709E+0
852.18	8.495E+1
852.46	-4.126E+1
852.75	1.942E+1
853.04	-1.214E+1
853.33	-6.796E+1
853.62	3.884E+1
853.91	-4.612E+1
854.19	6.311E+1
854.48	2.913E+1
854.77	7.767E+1
855.06	1.456E+1
855.35	-2.427E+1
855.63	-6.068E+1
855.92	4.369E+1
856.21	5.340E+1
856.50	7.524E+1
856.79	3.155E+1
857.07	4.854E+0
857.36	8.981E+1
857.65	2.670E+1
857.94	4.854E+1
858.22	8.253E+1
858.51	-2.427E+0
858.80	-6.796E+1
859.08	0.000E+0
859.37	0.000E+0
859.66	2.427E+0
859.95	-4.854E+1
860.23	1.942E+1
860.52	4.854E+0
860.81	7.767E+1
861.09	5.097E+1
861.38	1.165E+2
861.67	-3.398E+1
861.95	-2.427E+0
862.24	-2.913E+1
862.53	-8.738E+1
862.81	9.709E+0
863.10	-2.184E+1
863.39	-6.796E+1
863.67	4.854E+1
863.96	1.942E+1
864.25	2.427E+1
864.53	-5.097E+1
864.82	0.000E+0
865.10	-4.854E+1
865.39	-4.369E+1
865.68	9.466E+1
865.96	2.427E+0
866.25	5.825E+1
866.53	5.825E+1
866.82	5.825E+1