Wavelength	Intensity	Ocean Optics Flame
nm	counts
187.89	6.311E+1
188.27	7.282E+1
188.64	3.398E+1
189.02	1.942E+1
189.40	8.981E+1
189.78	-4.126E+1
190.15	4.126E+1
190.53	4.126E+1
190.91	-2.913E+1
191.29	5.825E+1
191.66	8.253E+1
192.04	3.398E+1
192.42	1.044E+2
192.80	7.767E+1
193.17	5.825E+1
193.55	9.952E+1
193.93	1.699E+1
194.30	2.427E+0
194.68	-4.369E+1
195.06	3.398E+1
195.44	1.942E+1
195.81	6.068E+1
196.19	-8.253E+1
196.57	3.641E+1
196.94	-2.670E+1
197.32	3.398E+1
197.70	8.010E+1
198.07	6.068E+1
198.45	1.238E+2
198.83	5.340E+1
199.20	5.583E+1
199.58	2.670E+1
199.96	7.282E+0
200.33	-5.340E+1
200.71	-2.670E+1
201.09	1.408E+2
201.46	1.456E+1
201.84	-3.398E+1
202.22	-2.427E+0
202.59	7.039E+1
202.97	1.699E+1
203.34	1.092E+2
203.72	1.092E+2
204.10	4.612E+1
204.47	-6.796E+1
204.85	-7.039E+1
205.23	4.854E+0
205.60	6.796E+1
205.98	1.359E+2
206.35	1.456E+1
206.73	3.641E+1
207.11	3.155E+1
207.48	-4.369E+1
207.86	-4.854E+1
208.23	1.141E+2
208.61	2.184E+1
208.98	1.456E+1
209.36	4.126E+1
209.74	-6.796E+1
210.11	-2.427E+0
210.49	-1.699E+1
210.86	6.554E+1
211.24	8.981E+1
211.61	9.223E+1
211.99	4.854E+1
212.36	8.253E+1
212.74	-3.155E+1
213.11	-7.282E+1
213.49	4.612E+1
213.87	-3.884E+1
214.24	-7.282E+0
214.62	9.709E+1
214.99	-4.126E+1
215.37	-2.184E+1
215.74	7.767E+1
216.12	7.282E+0
216.49	-2.427E+1
216.87	-2.184E+1
217.24	-8.253E+1
217.62	-2.913E+1
217.99	5.097E+1
218.37	-4.612E+1
218.74	4.369E+1
219.11	1.699E+1
219.49	1.942E+1
219.86	-1.214E+1
220.24	2.670E+1
220.61	2.427E+0
220.99	-1.699E+1
221.36	4.854E+0
221.74	-4.126E+1
222.11	2.427E+0
222.49	4.612E+1
222.86	-5.097E+1
223.23	-1.141E+2
223.61	4.854E+0
223.98	3.884E+1
224.36	5.825E+1
224.73	2.184E+1
225.11	-1.699E+1
225.48	3.155E+1
225.85	1.311E+2
226.23	-5.340E+1
226.60	6.554E+1
226.98	-4.854E+0
227.35	9.709E+0
227.72	-1.214E+1
228.10	-2.427E+0
228.47	3.884E+1
228.84	4.612E+1
229.22	-3.884E+1
229.59	-2.670E+1
229.97	-9.223E+1
230.34	5.340E+1
230.71	-1.699E+1
231.09	-2.427E+1
231.46	1.117E+2
231.83	6.068E+1
232.21	6.068E+1
232.58	1.189E+2
232.95	-6.068E+1
233.33	6.554E+1
233.70	1.214E+1
234.07	2.427E+0
234.45	-8.981E+1
234.82	7.767E+1
235.19	-2.913E+1
235.57	3.398E+1
235.94	4.369E+1
236.31	-1.699E+1
236.69	-2.913E+1
237.06	4.854E+1
237.43	4.126E+1
237.80	7.039E+1
238.18	5.097E+1
238.55	5.340E+1
238.92	3.398E+1
239.30	9.709E+1
239.67	3.884E+1
240.04	-3.884E+1
240.41	7.039E+1
240.79	7.039E+1
241.16	-1.117E+2
241.53	4.369E+1
241.90	-5.340E+1
242.28	-9.709E+0
242.65	-3.398E+1
243.02	-5.097E+1
243.39	-3.155E+1
243.77	4.612E+1
244.14	1.456E+1
244.51	-1.214E+1
244.88	8.253E+1
245.25	1.019E+2
245.63	-7.282E+1
246.00	-8.981E+1
246.37	2.184E+1
246.74	3.641E+1
247.11	8.981E+1
247.49	-2.427E+0
247.86	2.427E+1
248.23	1.456E+1
248.60	-6.068E+1
248.97	1.214E+1
249.35	-2.427E+1
249.72	-3.155E+1
250.09	-3.641E+1
250.46	4.369E+1
250.83	9.709E+0
251.20	-8.010E+1
251.58	-7.524E+1
251.95	-2.427E+0
252.32	5.097E+1
252.69	3.398E+1
253.06	-1.699E+1
253.43	5.825E+1
253.80	-2.184E+1
254.17	-4.612E+1
254.55	-7.282E+0
254.92	9.466E+1
255.29	-4.854E+0
255.66	9.709E+0
256.03	1.092E+2
256.40	-3.641E+1
256.77	3.884E+1
257.14	2.670E+1
257.51	0.000E+0
257.88	1.456E+1
258.26	8.253E+1
258.63	9.709E+0
259.00	7.039E+1
259.37	8.738E+1
259.74	8.981E+1
260.11	6.068E+1
260.48	-1.942E+1
260.85	5.097E+1
261.22	4.854E+1
261.59	7.524E+1
261.96	4.612E+1
262.33	8.738E+1
262.70	2.670E+1
263.07	3.884E+1
263.44	5.583E+1
263.81	3.641E+1
264.18	0.000E+0
264.55	-6.068E+1
264.92	-9.709E+0
265.29	-3.398E+1
265.66	5.583E+1
266.03	-8.253E+1
266.40	2.670E+1
266.77	-9.709E+0
267.14	2.427E+0
267.51	-3.398E+1
267.88	3.641E+1
268.25	4.854E+1
268.62	2.913E+1
268.99	7.767E+1
269.36	-1.214E+1
269.73	2.184E+1
270.10	-1.942E+1
270.47	-5.825E+1
270.84	-1.942E+1
271.21	-1.092E+2
271.58	-2.184E+1
271.95	1.942E+1
272.32	0.000E+0
272.69	5.340E+1
273.06	-2.670E+1
273.43	6.311E+1
273.80	-4.854E+0
274.17	4.369E+1
274.53	-1.044E+2
274.90	5.583E+1
275.27	-5.583E+1
275.64	-1.699E+1
276.01	-5.097E+1
276.38	2.427E+0
276.75	-2.427E+1
277.12	1.699E+1
277.49	6.554E+1
277.86	-1.699E+1
278.22	-9.709E+0
278.59	1.214E+1
278.96	2.427E+0
279.33	-7.282E+0
279.70	3.155E+1
280.07	-9.709E+0
280.44	2.184E+1
280.80	2.670E+1
281.17	-7.282E+0
281.54	9.223E+1
281.91	9.709E+0
282.28	7.282E+0
282.65	5.097E+1
283.02	2.670E+1
283.38	1.141E+2
283.75	-3.884E+1
284.12	4.369E+1
284.49	5.340E+1
284.86	7.282E+0
285.22	4.854E+1
285.59	-5.340E+1
285.96	8.495E+1
286.33	8.981E+1
286.70	0.000E+0
287.06	3.884E+1
287.43	-3.155E+1
287.80	8.253E+1
288.17	8.981E+1
288.53	-1.942E+1
288.90	4.854E+0
289.27	4.126E+1
289.64	7.282E+0
290.01	4.612E+1
290.37	6.311E+1
290.74	-2.184E+1
291.11	1.699E+1
291.48	-8.738E+1
291.84	3.155E+1
292.21	-1.214E+1
292.58	-2.427E+0
292.94	-8.010E+1
293.31	4.369E+1
293.68	-1.068E+2
294.05	9.709E+0
294.41	7.039E+1
294.78	4.854E+0
295.15	4.612E+1
295.51	5.825E+1
295.88	-4.369E+1
296.25	-7.282E+0
296.61	-1.214E+1
296.98	-3.884E+1
297.35	1.262E+2
297.72	7.524E+1
298.08	-6.554E+1
298.45	-2.427E+0
298.82	3.398E+1
299.18	-2.913E+1
299.55	-9.223E+1
299.91	5.340E+1
300.28	4.854E+0
300.65	7.524E+1
301.01	7.767E+1
301.38	1.699E+1
301.75	-4.612E+1
302.11	-4.126E+1
302.48	-7.282E+0
302.85	4.854E+0
303.21	5.583E+1
303.58	-7.039E+1
303.94	3.884E+1
304.31	1.117E+2
304.68	1.214E+1
305.04	-1.456E+1
305.41	-2.670E+1
305.77	-5.340E+1
306.14	-2.184E+1
306.51	8.495E+1
306.87	4.612E+1
307.24	2.427E+0
307.60	1.214E+1
307.97	0.000E+0
308.33	1.456E+1
308.70	2.184E+1
309.07	-4.369E+1
309.43	1.699E+1
309.80	0.000E+0
310.16	5.097E+1
310.53	2.427E+1
310.89	1.699E+1
311.26	7.767E+1
311.62	-3.398E+1
311.99	6.311E+1
312.35	3.155E+1
312.72	1.942E+1
313.08	1.214E+2
313.45	-2.427E+0
313.81	9.952E+1
314.18	5.583E+1
314.54	-8.253E+1
314.91	1.723E+2
315.27	1.942E+1
315.64	4.369E+1
316.00	2.427E+0
316.37	7.039E+1
316.73	4.854E+0
317.10	4.369E+1
317.46	-2.427E+0
317.83	-8.981E+1
318.19	4.126E+1
318.56	-7.282E+0
318.92	-9.466E+1
319.28	-5.583E+1
319.65	3.884E+1
320.01	5.583E+1
320.38	-4.612E+1
320.74	-7.282E+1
321.11	9.709E+0
321.47	1.456E+1
321.83	1.699E+1
322.20	2.427E+0
322.56	1.214E+1
322.93	4.854E+1
323.29	-7.524E+1
323.66	-6.796E+1
324.02	-4.854E+0
324.38	7.282E+0
324.75	-8.738E+1
325.11	-9.952E+1
325.47	-9.709E+0
325.84	6.554E+1
326.20	3.641E+1
326.57	-1.942E+1
326.93	6.796E+1
327.29	-2.427E+1
327.66	-1.699E+1
328.02	-8.253E+1
328.38	7.282E+1
328.75	-4.854E+0
329.11	-5.583E+1
329.47	-5.097E+1
329.84	-2.184E+1
330.20	9.466E+1
330.56	5.583E+1
330.93	-1.699E+1
331.29	1.117E+2
331.65	-9.466E+1
332.02	6.311E+1
332.38	0.000E+0
332.74	-9.709E+0
333.10	9.952E+1
333.47	5.097E+1
333.83	-4.612E+1
334.19	9.709E+0
334.56	4.854E+1
334.92	2.184E+1
335.28	-4.126E+1
335.64	1.699E+1
336.01	-4.369E+1
336.37	6.796E+1
336.73	1.384E+2
337.09	2.670E+1
337.46	7.524E+1
337.82	-3.155E+1
338.18	-4.854E+0
338.54	-1.942E+1
338.91	8.253E+1
339.27	-2.427E+0
339.63	8.253E+1
339.99	-5.583E+1
340.36	-4.854E+0
340.72	-5.097E+1
341.08	1.214E+1
341.44	5.583E+1
341.80	-2.427E+0
342.17	2.184E+1
342.53	-9.466E+1
342.89	4.854E+1
343.25	1.699E+1
343.61	-1.214E+1
343.98	-7.282E+0
344.34	7.524E+1
344.70	3.398E+1
345.06	7.282E+0
345.42	2.670E+1
345.78	3.884E+1
346.14	-2.670E+1
346.51	6.554E+1
346.87	-1.044E+2
347.23	7.039E+1
347.59	-7.282E+1
347.95	-3.155E+1
348.31	5.097E+1
348.67	4.126E+1
349.04	6.311E+1
349.40	3.155E+1
349.76	-2.913E+1
350.12	-3.398E+1
350.48	7.767E+1
350.84	-2.427E+0
351.20	-2.913E+1
351.56	1.942E+1
351.92	2.427E+0
352.28	4.854E+1
352.65	-7.282E+0
353.01	-5.340E+1
353.37	0.000E+0
353.73	-9.223E+1
354.09	-9.709E+0
354.45	9.709E+0
354.81	-2.184E+1
355.17	5.340E+1
355.53	4.126E+1
355.89	-3.398E+1
356.25	4.854E+1
356.61	8.495E+1
356.97	-1.214E+1
357.33	3.884E+1
357.69	5.097E+1
358.05	7.767E+1
358.41	9.466E+1
358.77	-5.097E+1
359.13	-5.340E+1
359.49	-5.825E+1
359.85	3.398E+1
360.21	6.796E+1
360.57	-1.214E+1
360.93	-1.384E+2
361.29	1.942E+1
361.65	-5.583E+1
362.01	-1.456E+1
362.37	4.854E+1
362.73	2.670E+1
363.09	-4.854E+0
363.45	4.126E+1
363.81	-7.282E+0
364.17	-7.282E+1
364.53	5.340E+1
364.89	-3.641E+1
365.25	-9.709E+0
365.61	5.340E+1
365.97	-1.214E+1
366.33	2.670E+1
366.69	-6.311E+1
367.05	-1.456E+1
367.40	-1.214E+1
367.76	2.184E+1
368.12	2.427E+1
368.48	-9.952E+1
368.84	-1.699E+1
369.20	-3.884E+1
369.56	5.340E+1
369.92	1.141E+2
370.28	6.796E+1
370.63	-5.340E+1
370.99	3.884E+1
371.35	5.097E+1
371.71	3.884E+1
372.07	2.913E+1
372.43	-2.184E+1
372.79	-3.884E+1
373.15	4.369E+1
373.50	-9.709E+0
373.86	-5.340E+1
374.22	-2.427E+0
374.58	4.854E+1
374.94	2.427E+0
375.30	4.854E+1
375.65	7.524E+1
376.01	1.942E+1
376.37	6.796E+1
376.73	5.825E+1
377.09	9.223E+1
377.44	2.427E+0
377.80	0.000E+0
378.16	9.709E+1
378.52	-3.884E+1
378.88	2.184E+1
379.23	-4.612E+1
379.59	3.398E+1
379.95	0.000E+0
380.31	4.369E+1
380.66	1.942E+1
381.02	-7.282E+1
381.38	-1.214E+1
381.74	5.340E+1
382.09	-7.039E+1
382.45	-2.913E+1
382.81	-3.155E+1
383.17	7.282E+0
383.52	-2.427E+0
383.88	1.699E+1
384.24	4.854E+1
384.60	6.554E+1
384.95	-4.854E+0
385.31	1.189E+2
385.67	0.000E+0
386.02	9.223E+1
386.38	1.189E+2
386.74	6.554E+1
387.10	7.282E+0
387.45	-4.854E+0
387.81	6.068E+1
388.17	4.612E+1
388.52	-3.398E+1
388.88	-5.340E+1
389.24	-3.641E+1
389.59	-4.854E+0
389.95	4.126E+1
390.31	-8.981E+1
390.66	7.039E+1
391.02	2.427E+1
391.38	-6.068E+1
391.73	3.398E+1
392.09	-5.097E+1
392.44	3.884E+1
392.80	4.612E+1
393.16	-1.699E+1
393.51	5.097E+1
393.87	4.854E+1
394.23	5.825E+1
394.58	7.039E+1
394.94	2.670E+1
395.29	2.184E+1
395.65	-9.709E+0
396.01	-1.456E+1
396.36	-1.262E+2
396.72	-3.155E+1
397.07	1.456E+1
397.43	-4.854E+1
397.78	-8.981E+1
398.14	4.854E+0
398.50	8.981E+1
398.85	2.184E+1
399.21	-9.709E+0
399.56	-3.641E+1
399.92	-2.184E+1
400.27	7.282E+0
400.63	-5.097E+1
400.98	3.398E+1
401.34	1.214E+1
401.69	-4.126E+1
402.05	-6.554E+1
402.40	2.427E+1
402.76	-9.952E+1
403.11	2.184E+1
403.47	7.524E+1
403.82	1.238E+2
404.18	-7.039E+1
404.53	-7.282E+0
404.89	-9.709E+0
405.24	-9.709E+0
405.60	-1.942E+1
405.95	0.000E+0
406.31	-4.126E+1
406.66	7.767E+1
407.02	6.311E+1
407.37	4.854E+1
407.73	1.942E+1
408.08	5.583E+1
408.44	1.456E+1
408.79	-4.612E+1
409.14	9.709E+0
409.50	-2.427E+1
409.85	1.141E+2
410.21	7.039E+1
410.56	-1.942E+1
410.92	2.427E+1
411.27	6.554E+1
411.62	-4.854E+0
411.98	1.068E+2
412.33	-4.854E+0
412.69	1.214E+1
413.04	-3.155E+1
413.39	8.981E+1
413.75	0.000E+0
414.10	-4.126E+1
414.45	5.825E+1
414.81	2.427E+1
415.16	-2.184E+1
415.52	1.068E+2
415.87	1.214E+1
416.22	7.282E+1
416.58	1.044E+2
416.93	9.952E+1
417.28	-3.884E+1
417.64	0.000E+0
417.99	4.612E+1
418.34	1.456E+1
418.70	-5.097E+1
419.05	6.311E+1
419.40	-5.340E+1
419.76	-3.398E+1
420.11	2.184E+1
420.46	-4.612E+1
420.81	5.097E+1
421.17	-3.155E+1
421.52	6.554E+1
421.87	-4.369E+1
422.23	2.670E+1
422.58	7.282E+1
422.93	2.913E+1
423.28	-9.709E+0
423.64	-1.214E+1
423.99	3.155E+1
424.34	7.524E+1
424.69	3.398E+1
425.05	5.340E+1
425.40	5.097E+1
425.75	-1.456E+1
426.10	5.340E+1
426.46	-2.670E+1
426.81	5.097E+1
427.16	5.825E+1
427.51	-1.699E+1
427.87	2.670E+1
428.22	8.010E+1
428.57	9.466E+1
428.92	9.709E+0
429.27	1.456E+1
429.63	2.184E+1
429.98	-7.282E+1
430.33	2.670E+1
430.68	1.456E+1
431.03	2.427E+0
431.38	9.466E+1
431.74	-6.554E+1
432.09	-2.670E+1
432.44	1.699E+1
432.79	1.578E+2
433.14	9.709E+0
433.49	0.000E+0
433.85	2.913E+1
434.20	1.456E+1
434.55	-2.184E+1
434.90	1.456E+1
435.25	6.311E+1
435.60	8.738E+1
435.95	6.068E+1
436.30	-6.311E+1
436.66	-6.554E+1
437.01	-1.214E+1
437.36	-1.942E+1
437.71	1.311E+2
438.06	6.068E+1
438.41	2.184E+1
438.76	7.039E+1
439.11	7.282E+1
439.46	-2.670E+1
439.81	-5.340E+1
440.16	3.884E+1
440.52	-1.311E+2
440.87	-2.184E+1
441.22	-9.466E+1
441.57	1.335E+2
441.92	1.214E+2
442.27	9.952E+1
442.62	1.311E+2
442.97	-5.825E+1
443.32	2.427E+0
443.67	7.524E+1
444.02	9.709E+1
444.37	3.641E+1
444.72	-2.427E+1
445.07	-2.427E+1
445.42	7.282E+0
445.77	-4.369E+1
446.12	4.612E+1
446.47	-1.214E+1
446.82	-4.612E+1
447.17	4.854E+0
447.52	4.126E+1
447.87	1.456E+1
448.22	-1.141E+2
448.57	-1.214E+1
448.92	1.092E+2
449.27	7.282E+0
449.62	2.184E+1
449.97	1.942E+1
450.32	3.641E+1
450.66	3.398E+1
451.01	9.709E+0
451.36	-2.184E+1
451.71	-2.913E+1
452.06	-4.854E+0
452.41	-1.044E+2
452.76	1.699E+2
453.11	7.282E+1
453.46	4.854E+1
453.81	-4.126E+1
454.16	-4.854E+0
454.51	4.612E+1
454.85	-1.214E+1
455.20	1.942E+1
455.55	2.184E+1
455.90	8.981E+1
456.25	2.913E+1
456.60	-1.141E+2
456.95	5.825E+1
457.30	2.913E+1
457.64	5.097E+1
457.99	-5.825E+1
458.34	-2.427E+0
458.69	-2.913E+1
459.04	2.913E+1
459.39	4.369E+1
459.73	-1.456E+1
460.08	1.942E+1
460.43	1.456E+1
460.78	6.796E+1
461.13	-6.554E+1
461.48	8.981E+1
461.82	-1.942E+1
462.17	5.583E+1
462.52	-1.942E+1
462.87	2.427E+1
463.21	-1.165E+2
463.56	-1.068E+2
463.91	7.767E+1
464.26	-6.311E+1
464.61	5.583E+1
464.95	9.709E+0
465.30	-4.369E+1
465.65	1.068E+2
466.00	2.427E+0
466.34	-4.612E+1
466.69	9.709E+1
467.04	-1.214E+1
467.39	-6.311E+1
467.73	-3.884E+1
468.08	2.913E+1
468.43	9.223E+1
468.77	8.495E+1
469.12	1.214E+1
469.47	1.942E+1
469.82	-2.913E+1
470.16	6.068E+1
470.51	-3.398E+1
470.86	-4.612E+1
471.20	-4.854E+1
471.55	8.253E+1
471.90	-2.427E+1
472.24	5.097E+1
472.59	9.709E+0
472.94	5.825E+1
473.28	2.184E+1
473.63	7.039E+1
473.98	-8.495E+1
474.32	9.709E+0
474.67	-7.282E+1
475.02	-4.126E+1
475.36	-3.884E+1
475.71	-2.427E+0
476.06	-9.709E+0
476.40	3.155E+1
476.75	5.097E+1
477.09	5.340E+1
477.44	8.010E+1
477.79	-1.456E+1
478.13	3.398E+1
478.48	-2.184E+1
478.82	1.699E+1
479.17	0.000E+0
479.52	-3.155E+1
479.86	5.583E+1
480.21	4.854E+0
480.55	-1.019E+2
480.90	-3.884E+1
481.24	5.097E+1
481.59	-7.282E+0
481.94	-1.384E+2
482.28	-2.427E+0
482.63	0.000E+0
482.97	9.709E+1
483.32	8.981E+1
483.66	7.039E+1
484.01	-4.126E+1
484.35	9.709E+0
484.70	-1.019E+2
485.04	2.913E+1
485.39	7.039E+1
485.73	-4.854E+1
486.08	-1.942E+1
486.42	1.626E+2
486.77	7.282E+1
487.11	7.282E+1
487.46	2.427E+1
487.80	2.427E+1
488.15	-7.282E+0
488.49	-2.427E+0
488.84	-7.039E+1
489.18	5.583E+1
489.53	-2.184E+1
489.87	-3.398E+1
490.21	6.554E+1
490.56	-2.184E+1
490.90	-4.854E+0
491.25	-4.126E+1
491.59	-4.126E+1
491.94	6.554E+1
492.28	-2.670E+1
492.62	8.495E+1
492.97	1.238E+2
493.31	7.282E+1
493.66	1.165E+2
494.00	3.398E+1
494.34	4.854E+0
494.69	7.282E+1
495.03	5.583E+1
495.38	2.913E+1
495.72	2.184E+1
496.06	1.699E+1
496.41	2.184E+1
496.75	-4.854E+1
497.09	-1.942E+1
497.44	8.010E+1
497.78	4.854E+0
498.13	-8.738E+1
498.47	-9.709E+0
498.81	1.942E+1
499.16	1.117E+2
499.50	2.184E+1
499.84	-4.854E+0
500.19	-6.796E+1
500.53	0.000E+0
500.87	3.641E+1
501.21	2.427E+0
501.56	2.184E+1
501.90	-3.884E+1
502.24	4.854E+0
502.59	2.427E+0
502.93	-9.223E+1
503.27	1.238E+2
503.61	8.738E+1
503.96	-6.068E+1
504.30	-2.184E+1
504.64	-3.155E+1
504.99	1.748E+2
505.33	4.854E+0
505.67	4.854E+1
506.01	-7.282E+0
506.36	-6.311E+1
506.70	1.456E+1
507.04	6.068E+1
507.38	1.456E+1
507.72	3.398E+1
508.07	1.092E+2
508.41	2.184E+1
508.75	8.981E+1
509.09	5.097E+1
509.44	7.282E+0
509.78	5.097E+1
510.12	1.942E+1
510.46	4.369E+1
510.80	8.495E+1
511.14	-7.282E+0
511.49	-8.010E+1
511.83	-3.398E+1
512.17	3.641E+1
512.51	7.524E+1
512.85	4.126E+1
513.19	-4.126E+1
513.54	-1.044E+2
513.88	-3.884E+1
514.22	-4.854E+0
514.56	2.427E+1
514.90	-2.913E+1
515.24	-1.942E+1
515.58	9.709E+0
515.93	-5.097E+1
516.27	5.097E+1
516.61	-9.709E+0
516.95	3.398E+1
517.29	6.311E+1
517.63	2.427E+0
517.97	7.282E+0
518.31	-9.709E+0
518.65	6.068E+1
518.99	7.524E+1
519.33	-5.097E+1
519.67	7.282E+1
520.02	4.854E+0
520.36	3.155E+1
520.70	-5.825E+1
521.04	2.913E+1
521.38	-2.427E+0
521.72	4.612E+1
522.06	-7.282E+0
522.40	-2.913E+1
522.74	-4.854E+0
523.08	6.311E+1
523.42	-5.583E+1
523.76	8.981E+1
524.10	6.796E+1
524.44	4.126E+1
524.78	-6.554E+1
525.12	3.155E+1
525.46	1.214E+1
525.80	-3.398E+1
526.14	9.709E+0
526.48	-5.825E+1
526.82	6.068E+1
527.16	1.699E+1
527.50	3.641E+1
527.84	-3.398E+1
528.18	-3.398E+1
528.52	4.369E+1
528.86	3.398E+1
529.20	3.641E+1
529.54	1.699E+1
529.87	5.583E+1
530.21	-5.097E+1
530.55	5.097E+1
530.89	2.184E+1
531.23	-8.495E+1
531.57	2.427E+1
531.91	-7.282E+1
532.25	-2.427E+1
532.59	-2.670E+1
532.93	2.427E+1
533.27	-2.427E+0
533.60	3.155E+1
533.94	4.126E+1
534.28	1.141E+2
534.62	2.670E+1
534.96	1.699E+1
535.30	7.524E+1
535.64	8.981E+1
535.98	5.097E+1
536.31	-6.796E+1
536.65	8.010E+1
536.99	7.039E+1
537.33	1.384E+2
537.67	-1.456E+1
538.01	-4.854E+0
538.34	4.854E+0
538.68	3.884E+1
539.02	-6.554E+1
539.36	-3.641E+1
539.70	2.427E+0
540.03	4.126E+1
540.37	-9.709E+0
540.71	1.699E+1
541.05	-5.825E+1
541.39	3.155E+1
541.72	-4.854E+1
542.06	-4.854E+0
542.40	0.000E+0
542.74	-3.884E+1
543.07	-7.282E+1
543.41	4.369E+1
543.75	2.670E+1
544.09	7.282E+1
544.42	-9.709E+0
544.76	8.010E+1
545.10	-7.282E+0
545.44	4.612E+1
545.77	1.699E+1
546.11	-1.456E+1
546.45	-4.126E+1
546.78	2.670E+1
547.12	7.524E+1
547.46	-4.854E+0
547.80	7.039E+1
548.13	2.427E+1
548.47	-4.612E+1
548.81	8.981E+1
549.14	4.612E+1
549.48	-5.340E+1
549.82	1.141E+2
550.15	1.942E+1
550.49	5.825E+1
550.83	6.311E+1
551.16	-6.068E+1
551.50	-4.854E+1
551.84	-4.369E+1
552.17	-4.854E+1
552.51	1.214E+1
552.84	-4.126E+1
553.18	4.369E+1
553.52	-3.155E+1
553.85	-1.117E+2
554.19	-1.456E+1
554.53	6.068E+1
554.86	1.432E+2
555.20	-1.214E+2
555.53	-7.282E+0
555.87	5.097E+1
556.20	9.709E+0
556.54	8.010E+1
556.88	5.583E+1
557.21	1.942E+1
557.55	4.612E+1
557.88	3.398E+1
558.22	3.641E+1
558.55	-8.010E+1
558.89	1.359E+2
559.23	-6.796E+1
559.56	-3.641E+1
559.90	3.641E+1
560.23	5.097E+1
560.57	4.369E+1
560.90	8.738E+1
561.24	1.699E+1
561.57	9.709E+0
561.91	1.942E+1
562.24	-2.427E+0
562.58	9.709E+0
562.91	-5.825E+1
563.25	9.709E+0
563.58	-4.854E+0
563.92	8.253E+1
564.25	-9.709E+0
564.59	-9.709E+0
564.92	-5.340E+1
565.25	-4.612E+1
565.59	-4.612E+1
565.92	5.340E+1
566.26	3.398E+1
566.59	6.068E+1
566.93	2.913E+1
567.26	-5.583E+1
567.60	-2.184E+1
567.93	1.481E+2
568.26	4.126E+1
568.60	-5.825E+1
568.93	1.019E+2
569.27	-9.709E+0
569.60	5.825E+1
569.93	5.825E+1
570.27	7.767E+1
570.60	2.184E+1
570.94	-4.369E+1
571.27	4.369E+1
571.60	-1.942E+1
571.94	1.117E+2
572.27	-7.767E+1
572.60	1.044E+2
572.94	-4.126E+1
573.27	1.165E+2
573.60	3.155E+1
573.94	1.942E+1
574.27	-4.854E+0
574.60	-1.699E+1
574.94	8.253E+1
575.27	8.495E+1
575.60	4.854E+1
575.94	4.126E+1
576.27	1.044E+2
576.60	-1.699E+1
576.94	5.825E+1
577.27	3.398E+1
577.60	8.738E+1
577.94	6.068E+1
578.27	-4.854E+0
578.60	-2.427E+1
578.93	4.126E+1
579.27	6.796E+1
579.60	3.398E+1
579.93	7.524E+1
580.26	-2.427E+0
580.60	-9.709E+0
580.93	1.408E+2
581.26	-2.184E+1
581.59	7.282E+1
581.93	1.068E+2
582.26	9.223E+1
582.59	8.010E+1
582.92	8.981E+1
583.25	9.466E+1
583.59	8.253E+1
583.92	7.039E+1
584.25	7.524E+1
584.58	1.092E+2
584.91	3.641E+1
585.25	-3.155E+1
585.58	1.359E+2
585.91	8.253E+1
586.24	1.068E+2
586.57	4.369E+1
586.90	9.709E+0
587.24	1.262E+2
587.57	2.209E+2
587.90	2.184E+2
588.23	1.092E+2
588.56	1.117E+2
588.89	7.282E+1
589.22	1.408E+2
589.56	8.010E+1
589.89	9.952E+1
590.22	1.286E+2
590.55	2.063E+2
590.88	8.981E+1
591.21	1.893E+2
591.54	1.311E+2
591.87	1.869E+2
592.20	1.553E+2
592.53	2.039E+2
592.87	1.820E+2
593.20	1.918E+2
593.53	2.112E+2
593.86	2.087E+2
594.19	6.311E+1
594.52	2.718E+2
594.85	2.209E+2
595.18	1.990E+2
595.51	2.985E+2
595.84	2.209E+2
596.17	2.233E+2
596.50	2.209E+2
596.83	3.034E+2
597.16	2.063E+2
597.49	2.500E+2
597.82	2.718E+2
598.15	3.301E+2
598.48	2.646E+2
598.81	3.325E+2
599.14	2.961E+2
599.47	3.447E+2
599.80	4.418E+2
600.13	4.126E+2
600.46	3.422E+2
600.79	4.733E+2
601.12	4.296E+2
601.45	5.607E+2
601.78	6.238E+2
602.11	5.558E+2
602.44	5.049E+2
602.77	5.073E+2
603.10	5.631E+2
603.42	5.291E+2
603.75	7.330E+2
604.08	7.476E+2
604.41	7.452E+2
604.74	6.505E+2
605.07	7.500E+2
605.40	7.112E+2
605.73	7.573E+2
606.06	7.694E+2
606.39	8.981E+2
606.71	1.027E+3
607.04	8.180E+2
607.37	1.010E+3
607.70	1.017E+3
608.03	1.027E+3
608.36	1.017E+3
608.69	1.102E+3
609.02	1.214E+3
609.34	1.248E+3
609.67	1.294E+3
610.00	1.296E+3
610.33	1.226E+3
610.66	1.451E+3
610.98	1.362E+3
611.31	1.505E+3
611.64	1.454E+3
611.97	1.617E+3
612.30	1.668E+3
612.63	1.689E+3
612.95	1.689E+3
613.28	1.942E+3
613.61	1.876E+3
613.94	2.061E+3
614.26	2.112E+3
614.59	2.112E+3
614.92	2.218E+3
615.25	2.267E+3
615.57	2.323E+3
615.90	2.430E+3
616.23	2.449E+3
616.56	2.658E+3
616.88	2.658E+3
617.21	2.762E+3
617.54	2.808E+3
617.87	3.017E+3
618.19	3.216E+3
618.52	3.405E+3
618.85	3.391E+3
619.17	3.634E+3
619.50	3.663E+3
619.83	3.653E+3
620.15	4.034E+3
620.48	4.075E+3
620.81	4.182E+3
621.14	4.269E+3
621.46	4.490E+3
621.79	4.745E+3
622.11	4.828E+3
622.44	4.961E+3
622.77	5.075E+3
623.09	5.148E+3
623.42	5.522E+3
623.75	5.723E+3
624.07	5.971E+3
624.40	6.153E+3
624.73	6.262E+3
625.05	6.660E+3
625.38	6.978E+3
625.70	7.160E+3
626.03	7.456E+3
626.36	7.447E+3
626.68	8.015E+3
627.01	8.209E+3
627.33	8.571E+3
627.66	8.932E+3
627.99	9.117E+3
628.31	9.847E+3
628.64	9.910E+3
628.96	1.025E+4
629.29	1.084E+4
629.61	1.110E+4
629.94	1.151E+4
630.26	1.181E+4
630.59	1.260E+4
630.91	1.299E+4
631.24	1.317E+4
631.57	1.393E+4
631.89	1.435E+4
632.22	1.474E+4
632.54	1.560E+4
632.87	1.597E+4
633.19	1.648E+4
633.52	1.697E+4
633.84	1.798E+4
634.16	1.863E+4
634.49	1.924E+4
634.81	1.965E+4
635.14	2.051E+4
635.46	2.111E+4
635.79	2.189E+4
636.11	2.291E+4
636.44	2.337E+4
636.76	2.369E+4
637.09	2.499E+4
637.41	2.569E+4
637.73	2.613E+4
638.06	2.748E+4
638.38	2.825E+4
638.71	2.920E+4
639.03	3.014E+4
639.36	3.073E+4
639.68	3.153E+4
640.00	3.251E+4
640.33	3.333E+4
640.65	3.410E+4
640.97	3.474E+4
641.30	3.595E+4
641.62	3.682E+4
641.95	3.732E+4
642.27	3.822E+4
642.59	3.975E+4
642.92	4.012E+4
643.24	4.075E+4
643.56	4.157E+4
643.89	4.209E+4
644.21	4.253E+4
644.53	4.321E+4
644.86	4.333E+4
645.18	4.462E+4
645.50	4.486E+4
645.83	4.472E+4
646.15	4.518E+4
646.47	4.538E+4
646.80	4.557E+4
647.12	4.580E+4
647.44	4.627E+4
647.76	4.529E+4
648.09	4.528E+4
648.41	4.554E+4
648.73	4.475E+4
649.05	4.486E+4
649.38	4.406E+4
649.70	4.377E+4
650.02	4.249E+4
650.34	4.181E+4
650.67	4.129E+4
650.99	4.072E+4
651.31	3.929E+4
651.63	3.933E+4
651.96	3.836E+4
652.28	3.710E+4
652.60	3.600E+4
652.92	3.523E+4
653.24	3.386E+4
653.57	3.300E+4
653.89	3.161E+4
654.21	3.095E+4
654.53	2.964E+4
654.85	2.877E+4
655.18	2.745E+4
655.50	2.648E+4
655.82	2.566E+4
656.14	2.423E+4
656.46	2.365E+4
656.78	2.249E+4
657.10	2.175E+4
657.43	2.042E+4
657.75	1.959E+4
658.07	1.879E+4
658.39	1.800E+4
658.71	1.730E+4
659.03	1.665E+4
659.35	1.557E+4
659.67	1.493E+4
659.99	1.428E+4
660.32	1.359E+4
660.64	1.331E+4
660.96	1.276E+4
661.28	1.179E+4
661.60	1.134E+4
661.92	1.086E+4
662.24	1.012E+4
662.56	9.626E+3
662.88	9.321E+3
663.20	8.789E+3
663.52	8.702E+3
663.84	8.165E+3
664.16	7.711E+3
664.48	7.384E+3
664.80	6.949E+3
665.12	6.828E+3
665.44	6.422E+3
665.76	6.187E+3
666.08	5.590E+3
666.40	5.483E+3
666.72	5.359E+3
667.04	5.100E+3
667.36	4.803E+3
667.68	4.765E+3
668.00	4.381E+3
668.32	4.248E+3
668.64	3.891E+3
668.96	3.714E+3
669.28	3.505E+3
669.60	3.175E+3
669.92	3.182E+3
670.24	3.197E+3
670.56	2.959E+3
670.88	2.680E+3
671.20	2.515E+3
671.52	2.546E+3
671.84	2.362E+3
672.16	2.345E+3
672.47	2.146E+3
672.79	1.990E+3
673.11	1.995E+3
673.43	1.740E+3
673.75	1.731E+3
674.07	1.544E+3
674.39	1.578E+3
674.71	1.425E+3
675.03	1.335E+3
675.34	1.294E+3
675.66	1.248E+3
675.98	1.114E+3
676.30	1.024E+3
676.62	1.138E+3
676.94	1.032E+3
677.25	9.248E+2
677.57	9.151E+2
677.89	8.034E+2
678.21	8.859E+2
678.53	7.379E+2
678.85	7.403E+2
679.16	6.553E+2
679.48	6.578E+2
679.80	7.354E+2
680.12	6.311E+2
680.44	5.121E+2
680.75	6.578E+2
681.07	5.194E+2
681.39	4.587E+2
681.71	4.418E+2
682.02	4.418E+2
682.34	4.296E+2
682.66	2.597E+2
682.98	4.053E+2
683.29	3.568E+2
683.61	2.646E+2
683.93	2.087E+2
684.25	2.597E+2
684.56	2.379E+2
684.88	2.573E+2
685.20	3.010E+2
685.51	3.180E+2
685.83	1.845E+2
686.15	1.578E+2
686.47	1.966E+2
686.78	2.039E+2
687.10	1.893E+2
687.42	2.233E+2
687.73	1.748E+2
688.05	1.214E+2
688.37	1.311E+2
688.68	1.869E+2
689.00	1.456E+2
689.32	2.184E+2
689.63	1.966E+2
689.95	1.092E+2
690.26	1.553E+2
690.58	1.311E+2
690.90	2.160E+2
691.21	7.767E+1
691.53	1.869E+2
691.85	2.913E+1
692.16	1.529E+2
692.48	1.723E+2
692.79	6.311E+1
693.11	1.675E+2
693.42	2.913E+1
693.74	1.068E+2
694.06	8.495E+1
694.37	4.126E+1
694.69	1.165E+2
695.00	8.738E+1
695.32	1.311E+2
695.63	1.384E+2
695.95	5.340E+1
696.26	-2.913E+1
696.58	5.825E+1
696.90	7.524E+1
697.21	-7.282E+1
697.53	2.670E+1
697.84	8.738E+1
698.16	7.767E+1
698.47	6.554E+1
698.79	6.068E+1
699.10	1.699E+1
699.42	-3.884E+1
699.73	-4.369E+1
700.05	6.796E+1
700.36	4.126E+1
700.68	-9.223E+1
700.99	4.854E+0
701.30	-2.427E+0
701.62	1.942E+1
701.93	4.612E+1
702.25	6.554E+1
702.56	7.524E+1
702.88	-2.427E+1
703.19	1.456E+1
703.50	-7.282E+0
703.82	1.699E+1
704.13	4.369E+1
704.45	7.282E+0
704.76	-1.214E+1
705.08	8.253E+1
705.39	1.796E+2
705.70	1.214E+1
706.02	2.427E+0
706.33	-1.699E+1
706.64	-5.583E+1
706.96	2.184E+1
707.27	9.466E+1
707.59	3.884E+1
707.90	1.456E+1
708.21	2.427E+1
708.53	-5.340E+1
708.84	-7.282E+0
709.15	1.456E+1
709.47	9.952E+1
709.78	-8.981E+1
710.09	5.583E+1
710.41	1.068E+2
710.72	3.641E+1
711.03	8.738E+1
711.34	1.117E+2
711.66	5.340E+1
711.97	0.000E+0
712.28	6.554E+1
712.60	-1.942E+1
712.91	-2.670E+1
713.22	-5.583E+1
713.53	4.854E+0
713.85	9.709E+0
714.16	-1.456E+1
714.47	2.427E+0
714.78	2.427E+0
715.10	3.155E+1
715.41	1.117E+2
715.72	-6.554E+1
716.03	-9.709E+0
716.35	-2.184E+1
716.66	-9.709E+0
716.97	-3.155E+1
717.28	3.641E+1
717.59	2.427E+1
717.91	5.583E+1
718.22	4.854E+0
718.53	6.554E+1
718.84	-9.709E+0
719.15	-2.670E+1
719.46	-1.456E+1
719.78	5.097E+1
720.09	5.340E+1
720.40	-2.427E+1
720.71	-1.699E+1
721.02	3.641E+1
721.33	-2.670E+1
721.65	-5.583E+1
721.96	-1.286E+2
722.27	-2.427E+0
722.58	-1.942E+1
722.89	-2.427E+0
723.20	8.981E+1
723.51	-3.155E+1
723.82	-7.524E+1
724.13	-4.854E+0
724.45	1.456E+1
724.76	-5.340E+1
725.07	1.529E+2
725.38	-2.427E+0
725.69	-8.010E+1
726.00	-7.282E+0
726.31	5.097E+1
726.62	1.214E+1
726.93	2.670E+1
727.24	3.884E+1
727.55	9.709E+0
727.86	2.427E+0
728.17	6.554E+1
728.48	5.825E+1
728.79	4.854E+0
729.10	-1.942E+1
729.41	-6.554E+1
729.72	2.427E+1
730.03	-1.456E+1
730.34	4.612E+1
730.65	4.854E+0
730.96	4.126E+1
731.27	-5.583E+1
731.58	-1.044E+2
731.89	-7.039E+1
732.20	1.214E+1
732.51	-3.155E+1
732.82	4.854E+0
733.13	-3.884E+1
733.44	-7.282E+1
733.75	8.738E+1
734.06	2.427E+0
734.37	2.427E+0
734.68	4.854E+0
734.98	-4.126E+1
735.29	1.942E+1
735.60	2.427E+0
735.91	2.184E+1
736.22	-6.554E+1
736.53	1.942E+1
736.84	9.223E+1
737.15	9.709E+0
737.46	7.767E+1
737.77	-2.184E+1
738.07	-9.223E+1
738.38	7.282E+0
738.69	-1.019E+2
739.00	3.884E+1
739.31	8.253E+1
739.62	7.039E+1
739.92	4.612E+1
740.23	-9.466E+1
740.54	7.282E+1
740.85	4.612E+1
741.16	7.282E+0
741.47	-4.854E+0
741.77	1.456E+1
742.08	8.010E+1
742.39	-5.097E+1
742.70	-9.709E+0
743.01	1.481E+2
743.31	4.126E+1
743.62	6.068E+1
743.93	-7.039E+1
744.24	2.913E+1
744.54	-2.427E+0
744.85	-4.854E+0
745.16	2.184E+1
745.47	1.189E+2
745.77	-1.456E+1
746.08	8.981E+1
746.39	1.699E+1
746.70	7.282E+0
747.00	-6.068E+1
747.31	-2.670E+1
747.62	1.456E+1
747.92	8.738E+1
748.23	1.942E+1
748.54	-7.282E+0
748.84	1.456E+1
749.15	-3.155E+1
749.46	-2.427E+1
749.76	1.553E+2
750.07	-5.340E+1
750.38	7.282E+0
750.68	9.709E+0
750.99	1.699E+1
751.30	-2.913E+1
751.60	-2.184E+1
751.91	4.612E+1
752.22	1.942E+1
752.52	7.767E+1
752.83	9.223E+1
753.14	-1.117E+2
753.44	-2.670E+1
753.75	1.019E+2
754.05	2.913E+1
754.36	-2.184E+1
754.67	1.286E+2
754.97	4.126E+1
755.28	3.155E+1
755.58	4.369E+1
755.89	8.495E+1
756.19	4.126E+1
756.50	5.340E+1
756.81	-1.699E+1
757.11	-2.427E+0
757.42	1.942E+1
757.72	2.427E+0
758.03	2.427E+0
758.33	1.214E+1
758.64	-4.854E+0
758.94	0.000E+0
759.25	4.126E+1
759.55	1.141E+2
759.86	4.369E+1
760.16	6.554E+1
760.47	5.825E+1
760.77	2.427E+1
761.08	8.738E+1
761.38	-2.427E+0
761.69	7.282E+0
761.99	5.825E+1
762.30	3.155E+1
762.60	3.884E+1
762.91	-1.262E+2
763.21	5.825E+1
763.51	-1.456E+1
763.82	9.223E+1
764.12	-5.340E+1
764.43	1.942E+1
764.73	3.398E+1
765.04	4.612E+1
765.34	-2.670E+1
765.64	4.126E+1
765.95	-9.709E+0
766.25	-7.039E+1
766.56	9.223E+1
766.86	9.223E+1
767.16	-1.699E+1
767.47	-1.942E+1
767.77	2.427E+0
768.07	-5.583E+1
768.38	1.699E+1
768.68	4.854E+1
768.98	6.796E+1
769.29	8.981E+1
769.59	1.942E+1
769.89	-6.068E+1
770.20	7.282E+1
770.50	-1.456E+1
770.80	-6.311E+1
771.11	3.398E+1
771.41	9.709E+0
771.71	-5.097E+1
772.02	1.214E+1
772.32	5.583E+1
772.62	7.524E+1
772.93	4.854E+0
773.23	-4.612E+1
773.53	4.854E+0
773.83	9.223E+1
774.14	1.408E+2
774.44	-1.214E+1
774.74	-3.884E+1
775.04	8.495E+1
775.35	8.981E+1
775.65	-2.427E+0
775.95	4.369E+1
776.25	-2.913E+1
776.55	-7.282E+0
776.86	2.427E+0
777.16	1.456E+1
777.46	2.427E+0
777.76	-2.913E+1
778.06	4.854E+0
778.37	9.952E+1
778.67	-3.155E+1
778.97	-9.952E+1
779.27	1.019E+2
779.57	2.670E+1
779.88	3.884E+1
780.18	-8.495E+1
780.48	-1.942E+1
780.78	-5.583E+1
781.08	-1.238E+2
781.38	4.369E+1
781.68	7.282E+0
781.98	-4.369E+1
782.29	1.238E+2
782.59	6.068E+1
782.89	2.670E+1
783.19	0.000E+0
783.49	-3.155E+1
783.79	2.427E+1
784.09	6.311E+1
784.39	-2.184E+1
784.69	-3.884E+1
784.99	-8.253E+1
785.30	7.039E+1
785.60	-6.554E+1
785.90	1.214E+1
786.20	0.000E+0
786.50	6.068E+1
786.80	9.952E+1
787.10	-2.184E+1
787.40	4.612E+1
787.70	9.709E+1
788.00	-4.854E+0
788.30	4.854E+0
788.60	2.670E+1
788.90	-4.612E+1
789.20	6.796E+1
789.50	-1.699E+1
789.80	2.427E+0
790.10	-4.854E+1
790.40	-1.699E+1
790.70	5.340E+1
791.00	4.369E+1
791.30	2.427E+1
791.60	1.942E+1
791.90	-4.854E+1
792.20	1.699E+1
792.50	5.097E+1
792.79	-1.699E+1
793.09	-6.311E+1
793.39	3.398E+1
793.69	7.282E+0
793.99	1.019E+2
794.29	-2.670E+1
794.59	-1.699E+1
794.89	-2.670E+1
795.19	1.699E+1
795.49	9.466E+1
795.79	4.854E+0
796.08	1.068E+2
796.38	-4.369E+1
796.68	0.000E+0
796.98	-3.884E+1
797.28	8.495E+1
797.58	7.282E+1
797.88	-4.612E+1
798.17	1.456E+1
798.47	7.282E+1
798.77	-5.097E+1
799.07	3.155E+1
799.37	-7.039E+1
799.67	-3.155E+1
799.96	2.184E+1
800.26	9.709E+0
800.56	0.000E+0
800.86	-9.466E+1
801.16	-4.854E+0
801.45	2.670E+1
801.75	-1.068E+2
802.05	3.884E+1
802.35	-4.612E+1
802.64	-3.641E+1
802.94	-4.126E+1
803.24	5.340E+1
803.54	2.913E+1
803.83	7.524E+1
804.13	1.456E+1
804.43	1.214E+1
804.73	1.214E+1
805.02	-1.165E+2
805.32	2.427E+1
805.62	2.670E+1
805.91	2.427E+0
806.21	0.000E+0
806.51	-1.456E+1
806.81	2.427E+0
807.10	-1.699E+1
807.40	0.000E+0
807.70	-4.369E+1
807.99	1.214E+1
808.29	8.495E+1
808.59	2.427E+1
808.88	-2.913E+1
809.18	-2.427E+0
809.47	4.126E+1
809.77	-2.670E+1
810.07	-1.214E+1
810.36	-4.854E+0
810.66	-3.884E+1
810.96	1.699E+1
811.25	2.913E+1
811.55	4.369E+1
811.84	3.641E+1
812.14	-4.369E+1
812.44	-3.641E+1
812.73	-4.854E+0
813.03	2.670E+1
813.32	4.854E+0
813.62	5.097E+1
813.91	7.282E+1
814.21	2.184E+1
814.51	-3.398E+1
814.80	7.282E+0
815.10	1.942E+1
815.39	-7.039E+1
815.69	1.699E+2
815.98	-2.670E+1
816.28	7.282E+0
816.57	9.709E+1
816.87	-2.670E+1
817.16	1.699E+1
817.46	4.854E+0
817.75	4.854E+0
818.05	4.369E+1
818.34	1.456E+1
818.64	-1.456E+1
818.93	-9.952E+1
819.23	1.214E+1
819.52	-5.583E+1
819.82	-2.670E+1
820.11	-4.126E+1
820.40	-3.155E+1
820.70	3.155E+1
820.99	-7.524E+1
821.29	2.670E+1
821.58	-4.612E+1
821.88	-4.126E+1
822.17	-8.010E+1
822.46	9.952E+1
822.76	7.282E+1
823.05	-4.369E+1
823.35	-8.738E+1
823.64	-2.913E+1
823.93	-6.311E+1
824.23	7.282E+0
824.52	-2.184E+1
824.81	-1.068E+2
825.11	-3.884E+1
825.40	-3.155E+1
825.69	4.126E+1
825.99	3.155E+1
826.28	-1.942E+1
826.58	9.709E+0
826.87	9.709E+0
827.16	2.913E+1
827.45	1.942E+1
827.75	5.340E+1
828.04	2.427E+1
828.33	-1.796E+2
828.63	2.913E+1
828.92	3.884E+1
829.21	-5.097E+1
829.51	2.670E+1
829.80	8.981E+1
830.09	6.311E+1
830.38	-5.825E+1
830.68	6.554E+1
830.97	7.282E+0
831.26	-6.311E+1
831.55	3.155E+1
831.85	4.854E+0
832.14	2.427E+0
832.43	-2.184E+1
832.72	-3.641E+1
833.01	-1.214E+1
833.31	-4.126E+1
833.60	6.796E+1
833.89	1.456E+2
834.18	6.311E+1
834.47	2.427E+1
834.77	1.214E+2
835.06	-2.427E+1
835.35	1.456E+1
835.64	-5.583E+1
835.93	2.670E+1
836.22	5.097E+1
836.52	3.641E+1
836.81	7.282E+0
837.10	-4.854E+0
837.39	-2.427E+0
837.68	-1.311E+2
837.97	0.000E+0
838.26	5.583E+1
838.55	1.214E+1
838.85	-6.311E+1
839.14	8.010E+1
839.43	5.825E+1
839.72	-2.913E+1
840.01	7.282E+0
840.30	-6.068E+1
840.59	-1.699E+1
840.88	6.311E+1
841.17	-3.398E+1
841.46	-6.796E+1
841.75	9.709E+0
842.04	-4.612E+1
842.33	7.282E+0
842.62	-7.282E+0
842.91	6.796E+1
843.21	9.709E+0
843.50	9.466E+1
843.79	3.884E+1
844.08	4.612E+1
844.37	-4.369E+1
844.66	-3.884E+1
844.95	1.214E+1
845.24	-2.427E+1
845.53	-4.854E+0
845.81	-4.126E+1
846.10	-5.340E+1
846.39	4.854E+0
846.68	-4.612E+1
846.97	3.155E+1
847.26	6.068E+1
847.55	3.641E+1
847.84	2.670E+1
848.13	1.456E+1
848.42	1.214E+1
848.71	-4.612E+1
849.00	-7.282E+0
849.29	-2.427E+0
849.58	-8.981E+1
849.87	-4.854E+1
850.15	-4.854E+1
850.44	-4.126E+1
850.73	7.282E+0
851.02	9.709E+1
851.31	-9.709E+0
851.60	-1.942E+1
851.89	6.311E+1
852.18	-4.369E+1
852.46	3.884E+1
852.75	8.738E+1
853.04	-4.854E+0
853.33	9.466E+1
853.62	2.670E+1
853.91	2.427E+1
854.19	1.942E+1
854.48	-6.068E+1
854.77	1.602E+2
855.06	1.019E+2
855.35	-1.214E+1
855.63	-7.282E+1
855.92	4.854E+1
856.21	4.612E+1
856.50	-1.699E+1
856.79	-1.068E+2
857.07	-4.612E+1
857.36	5.825E+1
857.65	-7.282E+0
857.94	6.554E+1
858.22	-9.223E+1
858.51	-1.456E+1
858.80	9.709E+0
859.08	1.456E+1
859.37	-9.709E+1
859.66	5.097E+1
859.95	-3.155E+1
860.23	-5.825E+1
860.52	-7.282E+0
860.81	7.767E+1
861.09	2.913E+1
861.38	8.253E+1
861.67	4.854E+1
861.95	-9.709E+0
862.24	-4.854E+0
862.53	4.854E+0
862.81	3.641E+1
863.10	1.942E+1
863.39	-3.398E+1
863.67	-4.126E+1
863.96	-6.554E+1
864.25	-5.825E+1
864.53	5.340E+1
864.82	-7.524E+1
865.10	-4.612E+1
865.39	-9.709E+1
865.68	-2.427E+1
865.96	2.670E+1
866.25	-5.583E+1
866.53	-5.583E+1
866.82	-5.583E+1