Wavelength	Intensity	Ocean Optics Flame
nm	counts
187.89	-7.524E+1
188.27	4.126E+1
188.64	4.369E+1
189.02	-4.612E+1
189.40	7.524E+1
189.78	-2.427E+0
190.15	1.942E+1
190.53	5.097E+1
190.91	3.641E+1
191.29	-4.854E+1
191.66	9.223E+1
192.04	-5.340E+1
192.42	-2.427E+1
192.80	3.155E+1
193.17	6.311E+1
193.55	6.554E+1
193.93	-1.699E+1
194.30	-8.981E+1
194.68	2.670E+1
195.06	2.184E+1
195.44	-8.738E+1
195.81	7.767E+1
196.19	5.583E+1
196.57	-2.184E+1
196.94	4.854E+1
197.32	-6.796E+1
197.70	8.738E+1
198.07	-5.583E+1
198.45	1.044E+2
198.83	0.000E+0
199.20	4.369E+1
199.58	4.854E+1
199.96	-2.184E+1
200.33	-1.214E+1
200.71	1.456E+1
201.09	-4.126E+1
201.46	4.854E+1
201.84	-2.184E+1
202.22	-4.369E+1
202.59	6.068E+1
202.97	-4.854E+0
203.34	-4.854E+1
203.72	-2.427E+0
204.10	8.495E+1
204.47	4.854E+0
204.85	7.282E+0
205.23	9.709E+0
205.60	-2.184E+1
205.98	-1.699E+1
206.35	7.039E+1
206.73	3.641E+1
207.11	2.913E+1
207.48	2.427E+0
207.86	-6.554E+1
208.23	-2.670E+1
208.61	-3.155E+1
208.98	4.854E+0
209.36	1.456E+1
209.74	-7.282E+0
210.11	6.554E+1
210.49	5.583E+1
210.86	4.612E+1
211.24	4.612E+1
211.61	-4.854E+0
211.99	-2.427E+1
212.36	5.583E+1
212.74	-5.340E+1
213.11	9.709E+0
213.49	7.524E+1
213.87	5.097E+1
214.24	5.825E+1
214.62	8.010E+1
214.99	9.709E+0
215.37	2.427E+0
215.74	3.398E+1
216.12	-9.709E+0
216.49	-7.282E+0
216.87	2.427E+1
217.24	1.699E+1
217.62	-4.612E+1
217.99	8.253E+1
218.37	-7.282E+0
218.74	-1.214E+1
219.11	9.709E+0
219.49	2.913E+1
219.86	-1.214E+1
220.24	2.427E+0
220.61	-8.738E+1
220.99	0.000E+0
221.36	1.019E+2
221.74	2.427E+1
222.11	2.670E+1
222.49	9.709E+0
222.86	-2.913E+1
223.23	-2.670E+1
223.61	-1.214E+1
223.98	2.427E+0
224.36	-1.942E+1
224.73	9.709E+1
225.11	7.767E+1
225.48	6.068E+1
225.85	7.282E+1
226.23	1.068E+2
226.60	1.456E+1
226.98	9.709E+0
227.35	-2.427E+1
227.72	2.427E+0
228.10	-1.942E+1
228.47	3.641E+1
228.84	1.942E+1
229.22	2.184E+1
229.59	1.699E+1
229.97	1.214E+2
230.34	8.010E+1
230.71	9.223E+1
231.09	1.456E+1
231.46	4.854E+0
231.83	5.097E+1
232.21	5.583E+1
232.58	-2.184E+1
232.95	4.612E+1
233.33	1.699E+1
233.70	5.583E+1
234.07	-4.854E+0
234.45	6.796E+1
234.82	1.699E+1
235.19	1.019E+2
235.57	9.223E+1
235.94	-2.427E+0
236.31	3.884E+1
236.69	4.612E+1
237.06	2.427E+0
237.43	-4.612E+1
237.80	2.427E+1
238.18	3.398E+1
238.55	-6.311E+1
238.92	6.554E+1
239.30	-9.709E+0
239.67	4.612E+1
240.04	6.068E+1
240.41	-1.699E+1
240.79	2.184E+1
241.16	-3.884E+1
241.53	-2.913E+1
241.90	-1.942E+1
242.28	1.699E+1
242.65	2.184E+1
243.02	-7.282E+1
243.39	5.825E+1
243.77	2.427E+1
244.14	4.854E+0
244.51	9.223E+1
244.88	2.670E+1
245.25	-4.854E+0
245.63	4.612E+1
246.00	2.670E+1
246.37	4.126E+1
246.74	6.068E+1
247.11	2.670E+1
247.49	5.340E+1
247.86	-2.184E+1
248.23	-2.427E+1
248.60	4.612E+1
248.97	-3.398E+1
249.35	1.044E+2
249.72	9.952E+1
250.09	2.184E+1
250.46	-6.554E+1
250.83	-1.044E+2
251.20	-5.340E+1
251.58	3.155E+1
251.95	7.524E+1
252.32	1.359E+2
252.69	4.854E+0
253.06	8.010E+1
253.43	7.767E+1
253.80	3.641E+1
254.17	-9.709E+0
254.55	4.612E+1
254.92	5.340E+1
255.29	-1.456E+1
255.66	3.641E+1
256.03	-4.854E+1
256.40	-4.612E+1
256.77	-4.612E+1
257.14	-7.524E+1
257.51	1.214E+1
257.88	-9.709E+1
258.26	4.612E+1
258.63	2.913E+1
259.00	-3.398E+1
259.37	1.189E+2
259.74	9.709E+0
260.11	-4.369E+1
260.48	-3.398E+1
260.85	1.238E+2
261.22	1.456E+1
261.59	2.913E+1
261.96	-7.282E+0
262.33	2.427E+0
262.70	2.427E+0
263.07	-6.554E+1
263.44	-3.398E+1
263.81	8.738E+1
264.18	-4.854E+0
264.55	1.214E+1
264.92	-3.398E+1
265.29	4.612E+1
265.66	9.709E+0
266.03	1.335E+2
266.40	2.913E+1
266.77	-3.155E+1
267.14	3.398E+1
267.51	-4.854E+1
267.88	9.709E+0
268.25	-2.913E+1
268.62	5.097E+1
268.99	-2.427E+0
269.36	-3.884E+1
269.73	7.282E+1
270.10	2.427E+1
270.47	8.495E+1
270.84	3.641E+1
271.21	1.942E+1
271.58	3.155E+1
271.95	-7.282E+0
272.32	4.126E+1
272.69	-6.554E+1
273.06	4.854E+0
273.43	6.554E+1
273.80	6.068E+1
274.17	8.010E+1
274.53	-1.699E+1
274.90	-7.039E+1
275.27	2.427E+0
275.64	1.942E+1
276.01	2.427E+0
276.38	-5.340E+1
276.75	1.699E+1
277.12	-7.282E+0
277.49	-1.942E+1
277.86	2.670E+1
278.22	2.184E+1
278.59	4.612E+1
278.96	7.039E+1
279.33	-5.340E+1
279.70	2.913E+1
280.07	9.709E+0
280.44	3.155E+1
280.80	-8.738E+1
281.17	3.641E+1
281.54	6.796E+1
281.91	-5.340E+1
282.28	-4.126E+1
282.65	-1.456E+1
283.02	5.340E+1
283.38	-1.068E+2
283.75	6.068E+1
284.12	7.767E+1
284.49	8.981E+1
284.86	7.524E+1
285.22	-1.942E+1
285.59	4.369E+1
285.96	-1.214E+2
286.33	-5.340E+1
286.70	8.010E+1
287.06	9.709E+0
287.43	7.524E+1
287.80	6.068E+1
288.17	-3.155E+1
288.53	4.612E+1
288.90	0.000E+0
289.27	2.427E+0
289.64	9.466E+1
290.01	-6.311E+1
290.37	7.767E+1
290.74	5.340E+1
291.11	-4.854E+1
291.48	-4.126E+1
291.84	7.282E+0
292.21	1.456E+1
292.58	-1.699E+1
292.94	-2.427E+1
293.31	-9.709E+1
293.68	5.583E+1
294.05	7.282E+0
294.41	4.369E+1
294.78	-2.184E+1
295.15	3.398E+1
295.51	3.641E+1
295.88	9.709E+0
296.25	4.126E+1
296.61	-4.854E+0
296.98	-2.427E+0
297.35	3.884E+1
297.72	9.223E+1
298.08	-3.398E+1
298.45	7.039E+1
298.82	-2.184E+1
299.18	7.282E+1
299.55	-2.184E+1
299.91	7.524E+1
300.28	3.398E+1
300.65	8.738E+1
301.01	9.952E+1
301.38	5.340E+1
301.75	4.854E+0
302.11	-2.670E+1
302.48	5.340E+1
302.85	4.369E+1
303.21	2.184E+1
303.58	7.282E+0
303.94	9.466E+1
304.31	4.612E+1
304.68	8.495E+1
305.04	-2.427E+0
305.41	-2.184E+1
305.77	9.709E+0
306.14	-7.282E+0
306.51	5.583E+1
306.87	1.044E+2
307.24	7.767E+1
307.60	1.068E+2
307.97	-6.796E+1
308.33	1.359E+2
308.70	-2.670E+1
309.07	1.553E+2
309.43	2.913E+1
309.80	-8.253E+1
310.16	4.369E+1
310.53	6.796E+1
310.89	6.796E+1
311.26	2.913E+1
311.62	2.184E+1
311.99	7.282E+0
312.35	6.796E+1
312.72	-9.709E+0
313.08	5.340E+1
313.45	3.398E+1
313.81	4.612E+1
314.18	5.340E+1
314.54	4.854E+1
314.91	-4.126E+1
315.27	-2.670E+1
315.64	5.097E+1
316.00	-2.184E+1
316.37	-3.884E+1
316.73	1.699E+1
317.10	-9.709E+0
317.46	9.709E+0
317.83	-7.282E+0
318.19	4.854E+0
318.56	8.738E+1
318.92	-1.117E+2
319.28	4.854E+0
319.65	2.184E+1
320.01	2.184E+1
320.38	6.796E+1
320.74	2.184E+1
321.11	4.612E+1
321.47	-3.398E+1
321.83	7.524E+1
322.20	-6.796E+1
322.56	5.340E+1
322.93	-3.884E+1
323.29	5.583E+1
323.66	-7.282E+0
324.02	-4.854E+1
324.38	-7.282E+0
324.75	-9.709E+0
325.11	-3.641E+1
325.47	-3.884E+1
325.84	-3.398E+1
326.20	1.456E+1
326.57	-5.825E+1
326.93	1.044E+2
327.29	1.942E+1
327.66	3.155E+1
328.02	7.524E+1
328.38	-1.456E+1
328.75	5.825E+1
329.11	8.253E+1
329.47	2.427E+1
329.84	1.117E+2
330.20	7.039E+1
330.56	-2.913E+1
330.93	9.466E+1
331.29	-7.282E+0
331.65	-2.670E+1
332.02	9.709E+1
332.38	4.369E+1
332.74	6.554E+1
333.10	-7.282E+0
333.47	-7.282E+0
333.83	5.340E+1
334.19	-3.641E+1
334.56	-1.942E+1
334.92	7.039E+1
335.28	6.311E+1
335.64	8.981E+1
336.01	3.884E+1
336.37	8.253E+1
336.73	-1.699E+1
337.09	-4.612E+1
337.46	-4.854E+1
337.82	4.854E+0
338.18	-3.155E+1
338.54	-8.253E+1
338.91	1.214E+1
339.27	5.340E+1
339.63	-2.427E+0
339.99	9.466E+1
340.36	5.583E+1
340.72	-5.340E+1
341.08	-3.641E+1
341.44	7.282E+0
341.80	4.612E+1
342.17	4.854E+0
342.53	2.427E+0
342.89	4.126E+1
343.25	6.554E+1
343.61	3.155E+1
343.98	8.981E+1
344.34	5.825E+1
344.70	7.767E+1
345.06	2.184E+1
345.42	5.340E+1
345.78	5.583E+1
346.14	-2.913E+1
346.51	4.854E+0
346.87	1.699E+1
347.23	1.699E+1
347.59	5.097E+1
347.95	1.117E+2
348.31	7.282E+0
348.67	3.155E+1
349.04	2.913E+1
349.40	4.854E+0
349.76	6.068E+1
350.12	2.427E+0
350.48	-5.340E+1
350.84	4.369E+1
351.20	2.670E+1
351.56	9.709E+0
351.92	-4.369E+1
352.28	4.126E+1
352.65	2.427E+0
353.01	2.913E+1
353.37	3.398E+1
353.73	1.699E+1
354.09	7.282E+0
354.45	9.709E+0
354.81	0.000E+0
355.17	-8.495E+1
355.53	2.427E+0
355.89	6.068E+1
356.25	2.427E+1
356.61	-9.709E+0
356.97	-4.854E+0
357.33	-2.184E+1
357.69	-1.942E+1
358.05	-4.126E+1
358.41	0.000E+0
358.77	1.699E+1
359.13	-2.913E+1
359.49	1.117E+2
359.85	-9.709E+0
360.21	-2.427E+1
360.57	-2.670E+1
360.93	-2.427E+1
361.29	7.039E+1
361.65	8.253E+1
362.01	-8.010E+1
362.37	4.854E+0
362.73	7.282E+0
363.09	1.117E+2
363.45	7.282E+0
363.81	6.068E+1
364.17	1.092E+2
364.53	4.126E+1
364.89	2.184E+1
365.25	7.282E+0
365.61	-1.942E+1
365.97	-3.155E+1
366.33	3.155E+1
366.69	4.612E+1
367.05	7.039E+1
367.40	-4.854E+0
367.76	-7.282E+0
368.12	7.282E+1
368.48	-5.097E+1
368.84	1.456E+1
369.20	9.466E+1
369.56	1.141E+2
369.92	-1.214E+1
370.28	7.282E+0
370.63	-2.670E+1
370.99	-5.583E+1
371.35	-3.641E+1
371.71	-2.427E+1
372.07	-8.981E+1
372.43	3.884E+1
372.79	3.398E+1
373.15	-2.913E+1
373.50	8.981E+1
373.86	-2.913E+1
374.22	-4.854E+0
374.58	3.641E+1
374.94	-4.369E+1
375.30	1.214E+1
375.65	-9.709E+0
376.01	1.214E+1
376.37	6.554E+1
376.73	7.282E+0
377.09	-2.184E+1
377.44	5.825E+1
377.80	-5.583E+1
378.16	-2.913E+1
378.52	-5.340E+1
378.88	2.913E+1
379.23	1.456E+1
379.59	-3.155E+1
379.95	-6.796E+1
380.31	-4.126E+1
380.66	-7.767E+1
381.02	-7.524E+1
381.38	-4.126E+1
381.74	4.369E+1
382.09	5.340E+1
382.45	1.456E+2
382.81	7.282E+1
383.17	-2.427E+0
383.52	8.010E+1
383.88	-3.155E+1
384.24	-3.398E+1
384.60	-4.612E+1
384.95	-2.427E+1
385.31	9.466E+1
385.67	-6.311E+1
386.02	1.699E+1
386.38	1.456E+1
386.74	1.699E+1
387.10	3.398E+1
387.45	-6.554E+1
387.81	1.942E+1
388.17	-5.583E+1
388.52	-1.699E+1
388.88	1.699E+1
389.24	-5.340E+1
389.59	7.282E+1
389.95	2.427E+0
390.31	2.184E+1
390.66	9.709E+0
391.02	1.044E+2
391.38	1.141E+2
391.73	7.282E+0
392.09	6.068E+1
392.44	3.398E+1
392.80	3.155E+1
393.16	-2.670E+1
393.51	-5.097E+1
393.87	-2.670E+1
394.23	2.184E+1
394.58	8.981E+1
394.94	2.184E+1
395.29	8.495E+1
395.65	5.583E+1
396.01	7.282E+0
396.36	4.369E+1
396.72	-1.214E+1
397.07	-4.612E+1
397.43	1.214E+1
397.78	-1.456E+1
398.14	8.010E+1
398.50	2.427E+1
398.85	2.913E+1
399.21	-2.913E+1
399.56	1.214E+1
399.92	-2.913E+1
400.27	-8.010E+1
400.63	-7.767E+1
400.98	9.709E+0
401.34	1.699E+1
401.69	1.942E+1
402.05	-5.825E+1
402.40	5.340E+1
402.76	9.709E+0
403.11	1.942E+1
403.47	1.456E+1
403.82	-4.854E+0
404.18	8.495E+1
404.53	4.369E+1
404.89	3.884E+1
405.24	7.039E+1
405.60	-4.612E+1
405.95	2.913E+1
406.31	-8.010E+1
406.66	7.282E+1
407.02	2.670E+1
407.37	-2.184E+1
407.73	7.767E+1
408.08	-3.641E+1
408.44	-3.155E+1
408.79	9.709E+1
409.14	-8.738E+1
409.50	9.709E+0
409.85	9.709E+1
410.21	9.952E+1
410.56	-2.913E+1
410.92	8.738E+1
411.27	0.000E+0
411.62	9.223E+1
411.98	8.981E+1
412.33	7.767E+1
412.69	6.311E+1
413.04	2.427E+1
413.39	-8.495E+1
413.75	6.796E+1
414.10	6.796E+1
414.45	-9.466E+1
414.81	3.641E+1
415.16	-4.854E+0
415.52	-4.854E+0
415.87	9.709E+0
416.22	-1.456E+1
416.58	0.000E+0
416.93	3.155E+1
417.28	8.010E+1
417.64	2.913E+1
417.99	2.427E+0
418.34	1.942E+1
418.70	6.796E+1
419.05	-1.699E+1
419.40	-8.253E+1
419.76	-1.214E+1
420.11	3.884E+1
420.46	7.767E+1
420.81	1.699E+1
421.17	3.641E+1
421.52	-4.854E+0
421.87	-4.369E+1
422.23	-2.913E+1
422.58	-1.044E+2
422.93	1.311E+2
423.28	1.214E+1
423.64	2.184E+1
423.99	-2.913E+1
424.34	-4.854E+0
424.69	2.670E+1
425.05	-1.699E+1
425.40	-8.738E+1
425.75	7.282E+1
426.10	-2.427E+0
426.46	9.709E+0
426.81	-7.767E+1
427.16	3.398E+1
427.51	3.155E+1
427.87	-8.981E+1
428.22	1.456E+1
428.57	-4.854E+0
428.92	9.952E+1
429.27	-3.398E+1
429.63	-9.952E+1
429.98	7.282E+0
430.33	1.141E+2
430.68	-2.913E+1
431.03	-5.583E+1
431.38	9.709E+0
431.74	1.456E+1
432.09	2.670E+1
432.44	-1.942E+1
432.79	-3.641E+1
433.14	-2.427E+1
433.49	-2.184E+1
433.85	-4.854E+0
434.20	9.709E+0
434.55	1.408E+2
434.90	-3.155E+1
435.25	-6.554E+1
435.60	6.554E+1
435.95	-3.884E+1
436.30	-6.554E+1
436.66	-2.427E+1
437.01	0.000E+0
437.36	-1.092E+2
437.71	-9.709E+0
438.06	2.670E+1
438.41	-1.699E+1
438.76	-7.282E+1
439.11	7.524E+1
439.46	7.282E+1
439.81	-1.456E+1
440.16	-2.913E+1
440.52	-3.155E+1
440.87	-4.612E+1
441.22	3.155E+1
441.57	3.641E+1
441.92	7.282E+1
442.27	-2.427E+0
442.62	5.097E+1
442.97	-7.524E+1
443.32	3.641E+1
443.67	1.699E+1
444.02	-1.019E+2
444.37	2.184E+1
444.72	-6.796E+1
445.07	-3.884E+1
445.42	-6.311E+1
445.77	4.612E+1
446.12	5.340E+1
446.47	-1.456E+1
446.82	1.456E+1
447.17	2.427E+0
447.52	5.825E+1
447.87	3.155E+1
448.22	1.044E+2
448.57	6.554E+1
448.92	-1.214E+1
449.27	1.942E+1
449.62	4.612E+1
449.97	1.214E+2
450.32	1.942E+1
450.66	5.583E+1
451.01	-5.825E+1
451.36	7.282E+1
451.71	-2.670E+1
452.06	7.767E+1
452.41	-2.427E+0
452.76	9.223E+1
453.11	-1.335E+2
453.46	-1.214E+1
453.81	-7.282E+1
454.16	9.709E+1
454.51	-1.214E+1
454.85	6.554E+1
455.20	-4.369E+1
455.55	-4.612E+1
455.90	4.369E+1
456.25	-2.184E+1
456.60	-5.825E+1
456.95	-1.189E+2
457.30	-9.709E+0
457.64	-7.282E+0
457.99	-6.796E+1
458.34	4.369E+1
458.69	-4.854E+0
459.04	4.369E+1
459.39	-3.884E+1
459.73	2.913E+1
460.08	7.039E+1
460.43	7.282E+0
460.78	-2.427E+0
461.13	-5.825E+1
461.48	0.000E+0
461.82	3.155E+1
462.17	1.456E+1
462.52	6.554E+1
462.87	7.282E+1
463.21	-4.369E+1
463.56	6.068E+1
463.91	-3.155E+1
464.26	-5.097E+1
464.61	2.427E+0
464.95	-3.155E+1
465.30	-5.097E+1
465.65	2.427E+0
466.00	-2.427E+1
466.34	-9.952E+1
466.69	-1.456E+1
467.04	-7.282E+1
467.39	-4.854E+0
467.73	-1.699E+1
468.08	1.092E+2
468.43	-4.612E+1
468.77	5.097E+1
469.12	-1.238E+2
469.47	-2.913E+1
469.82	1.456E+1
470.16	9.952E+1
470.51	1.214E+1
470.86	-9.709E+0
471.20	6.796E+1
471.55	2.670E+1
471.90	-4.612E+1
472.24	-4.854E+1
472.59	-6.311E+1
472.94	0.000E+0
473.28	4.854E+0
473.63	5.583E+1
473.98	5.340E+1
474.32	-1.214E+1
474.67	7.767E+1
475.02	-3.155E+1
475.36	-3.155E+1
475.71	-1.214E+1
476.06	1.214E+1
476.40	8.253E+1
476.75	-1.942E+1
477.09	-8.010E+1
477.44	-1.044E+2
477.79	-5.340E+1
478.13	-2.427E+0
478.48	1.019E+2
478.82	7.524E+1
479.17	3.884E+1
479.52	2.670E+1
479.86	9.709E+0
480.21	1.238E+2
480.55	-1.699E+1
480.90	-1.019E+2
481.24	7.524E+1
481.59	4.854E+0
481.94	1.044E+2
482.28	-7.282E+0
482.63	1.335E+2
482.97	-9.709E+0
483.32	2.184E+1
483.66	-9.709E+0
484.01	4.612E+1
484.35	-4.126E+1
484.70	-1.456E+1
485.04	-2.670E+1
485.39	-7.282E+1
485.73	3.398E+1
486.08	-3.155E+1
486.42	3.641E+1
486.77	-7.282E+0
487.11	3.155E+1
487.46	2.427E+0
487.80	-3.641E+1
488.15	-9.709E+0
488.49	4.854E+0
488.84	-3.398E+1
489.18	3.155E+1
489.53	-1.214E+1
489.87	1.456E+1
490.21	-2.427E+0
490.56	1.699E+1
490.90	-9.709E+0
491.25	2.427E+0
491.59	-5.097E+1
491.94	3.884E+1
492.28	-1.311E+2
492.62	4.369E+1
492.97	1.699E+1
493.31	-1.942E+1
493.66	1.942E+1
494.00	7.524E+1
494.34	-3.641E+1
494.69	4.369E+1
495.03	-4.854E+0
495.38	2.427E+1
495.72	1.238E+2
496.06	-3.155E+1
496.41	5.097E+1
496.75	3.641E+1
497.09	7.039E+1
497.44	-1.942E+1
497.78	-9.709E+0
498.13	-3.398E+1
498.47	4.369E+1
498.81	1.019E+2
499.16	2.913E+1
499.50	5.825E+1
499.84	2.427E+0
500.19	2.184E+1
500.53	8.981E+1
500.87	-2.427E+1
501.21	6.311E+1
501.56	4.369E+1
501.90	6.554E+1
502.24	-4.854E+0
502.59	5.097E+1
502.93	3.155E+1
503.27	6.068E+1
503.61	1.384E+2
503.96	2.184E+1
504.30	-4.854E+1
504.64	-5.825E+1
504.99	1.699E+1
505.33	1.214E+1
505.67	4.126E+1
506.01	1.456E+1
506.36	3.398E+1
506.70	4.854E+0
507.04	1.019E+2
507.38	9.466E+1
507.72	-7.282E+0
508.07	4.612E+1
508.41	4.612E+1
508.75	-3.641E+1
509.09	7.039E+1
509.44	5.097E+1
509.78	9.709E+0
510.12	8.010E+1
510.46	-4.854E+0
510.80	3.155E+1
511.14	-4.369E+1
511.49	-2.427E+1
511.83	-2.670E+1
512.17	-2.184E+1
512.51	-1.117E+2
512.85	1.214E+1
513.19	-8.010E+1
513.54	6.554E+1
513.88	2.184E+1
514.22	6.068E+1
514.56	2.913E+1
514.90	-6.068E+1
515.24	-7.282E+0
515.58	1.699E+1
515.93	-1.942E+1
516.27	1.456E+1
516.61	5.340E+1
516.95	3.398E+1
517.29	7.039E+1
517.63	1.165E+2
517.97	3.641E+1
518.31	2.427E+0
518.65	-3.641E+1
518.99	-8.738E+1
519.33	3.398E+1
519.67	-2.184E+1
520.02	-1.942E+1
520.36	-8.253E+1
520.70	-9.709E+0
521.04	-3.641E+1
521.38	-3.398E+1
521.72	1.456E+1
522.06	9.466E+1
522.40	4.854E+0
522.74	-4.854E+1
523.08	4.612E+1
523.42	-2.427E+0
523.76	-4.612E+1
524.10	-5.583E+1
524.44	-4.369E+1
524.78	-2.670E+1
525.12	2.427E+1
525.46	-2.670E+1
525.80	-1.942E+1
526.14	-1.699E+1
526.48	-2.670E+1
526.82	8.010E+1
527.16	8.738E+1
527.50	2.913E+1
527.84	-4.854E+1
528.18	-1.189E+2
528.52	8.495E+1
528.86	2.913E+1
529.20	-1.019E+2
529.54	-7.282E+1
529.87	3.884E+1
530.21	4.369E+1
530.55	1.942E+1
530.89	5.097E+1
531.23	3.155E+1
531.57	2.427E+1
531.91	2.427E+0
532.25	-6.796E+1
532.59	5.583E+1
532.93	1.699E+1
533.27	-2.670E+1
533.60	-2.427E+0
533.94	-1.456E+1
534.28	7.039E+1
534.62	-2.427E+0
534.96	-7.282E+0
535.30	-2.670E+1
535.64	-3.641E+1
535.98	6.554E+1
536.31	-5.825E+1
536.65	-4.612E+1
536.99	1.481E+2
537.33	-9.709E+0
537.67	4.854E+1
538.01	-4.854E+0
538.34	-7.039E+1
538.68	1.141E+2
539.02	-1.456E+1
539.36	4.854E+1
539.70	5.097E+1
540.03	-7.282E+0
540.37	2.913E+1
540.71	3.155E+1
541.05	2.913E+1
541.39	7.524E+1
541.72	1.262E+2
542.06	-2.427E+1
542.40	6.068E+1
542.74	-1.942E+1
543.07	1.068E+2
543.41	1.456E+1
543.75	-4.612E+1
544.09	4.369E+1
544.42	4.369E+1
544.76	1.942E+1
545.10	-1.699E+1
545.44	2.670E+1
545.77	7.039E+1
546.11	-3.155E+1
546.45	0.000E+0
546.78	1.699E+1
547.12	-4.369E+1
547.46	4.612E+1
547.80	3.884E+1
548.13	9.709E+0
548.47	-4.612E+1
548.81	-7.282E+0
549.14	2.427E+0
549.48	-2.427E+1
549.82	1.262E+2
550.15	5.825E+1
550.49	-7.282E+1
550.83	4.612E+1
551.16	-7.282E+0
551.50	6.311E+1
551.84	-3.884E+1
552.17	3.641E+1
552.51	3.155E+1
552.84	5.097E+1
553.18	-5.097E+1
553.52	6.311E+1
553.85	2.670E+1
554.19	8.738E+1
554.53	1.189E+2
554.86	2.670E+1
555.20	-7.282E+0
555.53	-4.854E+0
555.87	6.311E+1
556.20	1.044E+2
556.54	-2.670E+1
556.88	3.155E+1
557.21	9.466E+1
557.55	-7.524E+1
557.88	3.884E+1
558.22	7.039E+1
558.55	7.039E+1
558.89	5.825E+1
559.23	2.670E+1
559.56	4.854E+1
559.90	-2.427E+0
560.23	8.981E+1
560.57	0.000E+0
560.90	-2.427E+0
561.24	1.456E+1
561.57	2.184E+1
561.91	-2.427E+0
562.24	5.340E+1
562.58	6.554E+1
562.91	8.495E+1
563.25	-1.699E+1
563.58	6.311E+1
563.92	-7.039E+1
564.25	1.044E+2
564.59	-9.709E+1
564.92	-3.884E+1
565.25	-1.214E+1
565.59	4.369E+1
565.92	2.913E+1
566.26	-6.796E+1
566.59	-2.913E+1
566.93	9.466E+1
567.26	2.670E+1
567.60	4.854E+1
567.93	-1.942E+1
568.26	1.262E+2
568.60	1.141E+2
568.93	-6.554E+1
569.27	-8.253E+1
569.60	0.000E+0
569.93	3.884E+1
570.27	-9.709E+0
570.60	1.092E+2
570.94	1.214E+1
571.27	2.913E+1
571.60	7.767E+1
571.94	1.456E+1
572.27	2.670E+1
572.60	4.369E+1
572.94	7.282E+1
573.27	1.942E+1
573.60	6.068E+1
573.94	1.456E+1
574.27	7.282E+0
574.60	-7.282E+0
574.94	5.825E+1
575.27	-2.670E+1
575.60	8.495E+1
575.94	8.981E+1
576.27	5.583E+1
576.60	-1.456E+1
576.94	6.068E+1
577.27	1.699E+1
577.60	-1.456E+1
577.94	1.820E+2
578.27	3.641E+1
578.60	1.068E+2
578.93	-5.097E+1
579.27	6.554E+1
579.60	-4.126E+1
579.93	2.087E+2
580.26	1.068E+2
580.60	4.612E+1
580.93	2.184E+1
581.26	-4.854E+1
581.59	8.495E+1
581.93	9.709E+0
582.26	-3.398E+1
582.59	5.825E+1
582.92	4.854E+1
583.25	1.481E+2
583.59	1.942E+1
583.92	6.554E+1
584.25	6.796E+1
584.58	7.767E+1
584.91	5.825E+1
585.25	3.398E+1
585.58	4.369E+1
585.91	3.398E+1
586.24	-9.709E+0
586.57	1.602E+2
586.90	-1.214E+1
587.24	8.981E+1
587.57	4.612E+1
587.90	1.165E+2
588.23	1.820E+2
588.56	9.709E+1
588.89	1.602E+2
589.22	1.966E+2
589.56	1.796E+2
589.89	1.384E+2
590.22	2.233E+2
590.55	8.010E+1
590.88	1.165E+2
591.21	1.578E+2
591.54	7.039E+1
591.87	2.816E+2
592.20	1.820E+2
592.53	1.699E+2
592.87	1.796E+2
593.20	2.087E+2
593.53	2.184E+2
593.86	2.039E+2
594.19	2.791E+2
594.52	1.578E+2
594.85	2.888E+2
595.18	2.306E+2
595.51	1.893E+2
595.84	2.840E+2
596.17	2.087E+2
596.50	1.311E+2
596.83	2.087E+2
597.16	1.869E+2
597.49	3.180E+2
597.82	2.888E+2
598.15	2.937E+2
598.48	4.248E+2
598.81	3.058E+2
599.14	3.689E+2
599.47	3.981E+2
599.80	4.151E+2
600.13	4.223E+2
600.46	3.956E+2
600.79	4.563E+2
601.12	3.447E+2
601.45	4.053E+2
601.78	4.636E+2
602.11	6.189E+2
602.44	5.874E+2
602.77	5.801E+2
603.10	5.388E+2
603.42	4.733E+2
603.75	6.505E+2
604.08	4.976E+2
604.41	7.500E+2
604.74	5.850E+2
605.07	7.063E+2
605.40	6.942E+2
605.73	7.573E+2
606.06	7.840E+2
606.39	8.325E+2
606.71	8.568E+2
607.04	9.782E+2
607.37	9.466E+2
607.70	1.032E+3
608.03	1.046E+3
608.36	1.058E+3
608.69	1.112E+3
609.02	1.124E+3
609.34	1.172E+3
609.67	1.211E+3
610.00	1.155E+3
610.33	1.284E+3
610.66	1.328E+3
610.98	1.240E+3
611.31	1.444E+3
611.64	1.563E+3
611.97	1.566E+3
612.30	1.801E+3
612.63	1.643E+3
612.95	1.769E+3
613.28	1.825E+3
613.61	1.842E+3
613.94	1.876E+3
614.26	2.102E+3
614.59	2.066E+3
614.92	2.141E+3
615.25	2.209E+3
615.57	2.267E+3
615.90	2.459E+3
616.23	2.553E+3
616.56	2.857E+3
616.88	2.706E+3
617.21	2.930E+3
617.54	2.816E+3
617.87	3.112E+3
618.19	3.134E+3
618.52	3.175E+3
618.85	3.439E+3
619.17	3.359E+3
619.50	3.566E+3
619.83	3.765E+3
620.15	3.961E+3
620.48	3.830E+3
620.81	4.165E+3
621.14	4.219E+3
621.46	4.481E+3
621.79	4.476E+3
622.11	4.711E+3
622.44	4.952E+3
622.77	5.100E+3
623.09	5.197E+3
623.42	5.520E+3
623.75	5.648E+3
624.07	5.922E+3
624.40	5.959E+3
624.73	6.279E+3
625.05	6.677E+3
625.38	6.680E+3
625.70	6.903E+3
626.03	7.255E+3
626.36	7.401E+3
626.68	7.590E+3
627.01	8.117E+3
627.33	8.350E+3
627.66	8.551E+3
627.99	9.158E+3
628.31	9.374E+3
628.64	9.651E+3
628.96	1.008E+4
629.29	1.068E+4
629.61	1.103E+4
629.94	1.134E+4
630.26	1.176E+4
630.59	1.230E+4
630.91	1.258E+4
631.24	1.335E+4
631.57	1.374E+4
631.89	1.401E+4
632.22	1.460E+4
632.54	1.490E+4
632.87	1.570E+4
633.19	1.635E+4
633.52	1.695E+4
633.84	1.751E+4
634.16	1.829E+4
634.49	1.858E+4
634.81	1.951E+4
635.14	2.000E+4
635.46	2.054E+4
635.79	2.126E+4
636.11	2.230E+4
636.44	2.274E+4
636.76	2.369E+4
637.09	2.427E+4
637.41	2.537E+4
637.73	2.570E+4
638.06	2.674E+4
638.38	2.767E+4
638.71	2.867E+4
639.03	2.922E+4
639.36	3.011E+4
639.68	3.115E+4
640.00	3.196E+4
640.33	3.253E+4
640.65	3.338E+4
640.97	3.468E+4
641.30	3.530E+4
641.62	3.602E+4
641.95	3.715E+4
642.27	3.765E+4
642.59	3.898E+4
642.92	3.946E+4
643.24	3.981E+4
643.56	4.128E+4
643.89	4.223E+4
644.21	4.254E+4
644.53	4.299E+4
644.86	4.357E+4
645.18	4.444E+4
645.50	4.509E+4
645.83	4.540E+4
646.15	4.595E+4
646.47	4.641E+4
646.80	4.676E+4
647.12	4.767E+4
647.44	4.729E+4
647.76	4.736E+4
648.09	4.742E+4
648.41	4.681E+4
648.73	4.746E+4
649.05	4.632E+4
649.38	4.623E+4
649.70	4.649E+4
650.02	4.553E+4
650.34	4.507E+4
650.67	4.452E+4
650.99	4.410E+4
651.31	4.291E+4
651.63	4.253E+4
651.96	4.175E+4
652.28	4.031E+4
652.60	3.956E+4
652.92	3.819E+4
653.24	3.711E+4
653.57	3.586E+4
653.89	3.445E+4
654.21	3.359E+4
654.53	3.251E+4
654.85	3.124E+4
655.18	2.984E+4
655.50	2.891E+4
655.82	2.746E+4
656.14	2.635E+4
656.46	2.533E+4
656.78	2.417E+4
657.10	2.310E+4
657.43	2.192E+4
657.75	2.098E+4
658.07	2.012E+4
658.39	1.934E+4
658.71	1.859E+4
659.03	1.735E+4
659.35	1.654E+4
659.67	1.586E+4
659.99	1.503E+4
660.32	1.462E+4
660.64	1.356E+4
660.96	1.309E+4
661.28	1.250E+4
661.60	1.212E+4
661.92	1.152E+4
662.24	1.113E+4
662.56	1.021E+4
662.88	9.706E+3
663.20	9.388E+3
663.52	9.170E+3
663.84	8.740E+3
664.16	8.245E+3
664.48	7.811E+3
664.80	7.495E+3
665.12	7.158E+3
665.44	6.711E+3
665.76	6.432E+3
666.08	6.202E+3
666.40	6.024E+3
666.72	5.573E+3
667.04	5.153E+3
667.36	5.138E+3
667.68	4.879E+3
668.00	4.527E+3
668.32	4.369E+3
668.64	4.126E+3
668.96	4.063E+3
669.28	3.794E+3
669.60	3.403E+3
669.92	3.505E+3
670.24	3.170E+3
670.56	3.027E+3
670.88	2.908E+3
671.20	2.668E+3
671.52	2.699E+3
671.84	2.473E+3
672.16	2.427E+3
672.47	2.240E+3
672.79	2.102E+3
673.11	2.126E+3
673.43	1.925E+3
673.75	1.879E+3
674.07	1.718E+3
674.39	1.721E+3
674.71	1.646E+3
675.03	1.476E+3
675.34	1.371E+3
675.66	1.286E+3
675.98	1.235E+3
676.30	1.221E+3
676.62	1.189E+3
676.94	1.083E+3
677.25	1.134E+3
677.57	9.588E+2
677.89	1.005E+3
678.21	9.102E+2
678.53	7.791E+2
678.85	7.403E+2
679.16	7.840E+2
679.48	7.112E+2
679.80	6.432E+2
680.12	7.767E+2
680.44	6.505E+2
680.75	6.505E+2
681.07	5.631E+2
681.39	5.583E+2
681.71	5.922E+2
682.02	5.049E+2
682.34	5.291E+2
682.66	5.146E+2
682.98	4.442E+2
683.29	3.884E+2
683.61	3.981E+2
683.93	3.277E+2
684.25	3.155E+2
684.56	2.646E+2
684.88	2.816E+2
685.20	3.689E+2
685.51	3.350E+2
685.83	2.549E+2
686.15	2.670E+2
686.47	2.427E+2
686.78	2.427E+2
687.10	2.646E+2
687.42	1.820E+2
687.73	2.209E+2
688.05	2.039E+2
688.37	1.408E+2
688.68	1.359E+2
689.00	2.330E+2
689.32	7.767E+1
689.63	1.456E+2
689.95	1.869E+2
690.26	1.408E+2
690.58	1.845E+2
690.90	1.311E+2
691.21	1.019E+2
691.53	8.010E+1
691.85	2.257E+2
692.16	2.427E+1
692.48	1.626E+2
692.79	8.495E+1
693.11	7.282E+1
693.42	8.253E+1
693.74	8.981E+1
694.06	1.286E+2
694.37	2.670E+1
694.69	-2.427E+0
695.00	8.981E+1
695.32	8.981E+1
695.63	4.126E+1
695.95	4.854E+1
696.26	7.282E+1
696.58	7.767E+1
696.90	2.427E+0
697.21	4.854E+0
697.53	1.553E+2
697.84	-1.699E+1
698.16	8.738E+1
698.47	2.670E+1
698.79	8.010E+1
699.10	-2.913E+1
699.42	2.427E+1
699.73	1.456E+1
700.05	3.884E+1
700.36	-3.641E+1
700.68	4.854E+1
700.99	7.039E+1
701.30	1.675E+2
701.62	4.854E+0
701.93	5.340E+1
702.25	-4.854E+0
702.56	-3.884E+1
702.88	1.214E+1
703.19	-1.214E+1
703.50	9.952E+1
703.82	9.952E+1
704.13	-1.942E+1
704.45	2.913E+1
704.76	-6.311E+1
705.08	-3.398E+1
705.39	-1.214E+1
705.70	1.214E+2
706.02	1.942E+1
706.33	1.772E+2
706.64	-3.155E+1
706.96	2.913E+1
707.27	-2.427E+0
707.59	1.117E+2
707.90	8.010E+1
708.21	1.019E+2
708.53	7.282E+1
708.84	1.214E+1
709.15	3.641E+1
709.47	6.311E+1
709.78	-2.670E+1
710.09	-2.670E+1
710.41	-3.155E+1
710.72	1.117E+2
711.03	-1.214E+1
711.34	4.126E+1
711.66	-7.282E+0
711.97	-1.117E+2
712.28	2.670E+1
712.60	-9.709E+0
712.91	4.369E+1
713.22	4.854E+0
713.53	4.612E+1
713.85	-9.709E+0
714.16	5.825E+1
714.47	-2.184E+1
714.78	7.282E+0
715.10	1.044E+2
715.41	3.884E+1
715.72	-3.398E+1
716.03	-2.427E+0
716.35	-2.913E+1
716.66	8.738E+1
716.97	-1.456E+1
717.28	3.641E+1
717.59	-3.641E+1
717.91	1.456E+1
718.22	0.000E+0
718.53	2.184E+1
718.84	2.184E+1
719.15	0.000E+0
719.46	-1.699E+1
719.78	1.651E+2
720.09	-7.282E+0
720.40	1.699E+1
720.71	4.854E+0
721.02	3.398E+1
721.33	1.262E+2
721.65	2.670E+1
721.96	8.010E+1
722.27	-2.184E+1
722.58	2.670E+1
722.89	5.340E+1
723.20	0.000E+0
723.51	6.311E+1
723.82	2.184E+1
724.13	-4.126E+1
724.45	-3.641E+1
724.76	-2.913E+1
725.07	2.184E+1
725.38	8.253E+1
725.69	2.670E+1
726.00	2.913E+1
726.31	1.456E+1
726.62	7.282E+0
726.93	1.699E+1
727.24	-1.456E+1
727.55	2.427E+1
727.86	-2.670E+1
728.17	6.554E+1
728.48	6.554E+1
728.79	-5.583E+1
729.10	1.141E+2
729.41	-1.456E+1
729.72	2.427E+0
730.03	5.583E+1
730.34	-6.068E+1
730.65	-7.282E+0
730.96	7.282E+0
731.27	2.427E+0
731.58	3.155E+1
731.89	-4.854E+1
732.20	-1.699E+1
732.51	-2.427E+0
732.82	-3.641E+1
733.13	9.709E+1
733.44	-4.854E+0
733.75	-3.155E+1
734.06	9.709E+0
734.37	2.184E+1
734.68	3.398E+1
734.98	5.097E+1
735.29	1.214E+1
735.60	3.398E+1
735.91	1.942E+1
736.22	7.282E+0
736.53	9.709E+0
736.84	-9.709E+0
737.15	-2.184E+1
737.46	9.709E+0
737.77	4.854E+1
738.07	4.854E+0
738.38	-6.311E+1
738.69	2.184E+1
739.00	5.825E+1
739.31	1.942E+1
739.62	-8.010E+1
739.92	6.068E+1
740.23	1.238E+2
740.54	1.942E+1
740.85	7.767E+1
741.16	-6.554E+1
741.47	2.427E+0
741.77	-2.184E+1
742.08	9.709E+0
742.39	3.884E+1
742.70	-4.612E+1
743.01	7.767E+1
743.31	4.369E+1
743.62	-1.262E+2
743.93	1.456E+1
744.24	-1.942E+1
744.54	-6.796E+1
744.85	-3.641E+1
745.16	-2.427E+1
745.47	4.126E+1
745.77	-9.223E+1
746.08	-2.427E+1
746.39	3.884E+1
746.70	-1.699E+1
747.00	-1.044E+2
747.31	7.039E+1
747.62	-6.068E+1
747.92	-8.738E+1
748.23	-8.010E+1
748.54	-5.583E+1
748.84	5.097E+1
749.15	4.612E+1
749.46	4.854E+1
749.76	5.825E+1
750.07	6.311E+1
750.38	4.126E+1
750.68	2.427E+1
750.99	5.340E+1
751.30	0.000E+0
751.60	1.189E+2
751.91	-5.340E+1
752.22	-1.335E+2
752.52	6.554E+1
752.83	1.942E+1
753.14	-2.427E+0
753.44	3.641E+1
753.75	-4.126E+1
754.05	3.641E+1
754.36	2.913E+1
754.67	-5.097E+1
754.97	-4.369E+1
755.28	7.282E+1
755.58	-1.189E+2
755.89	0.000E+0
756.19	-2.184E+1
756.50	-2.184E+1
756.81	5.097E+1
757.11	3.641E+1
757.42	-4.369E+1
757.72	-1.942E+1
758.03	-2.670E+1
758.33	-2.184E+1
758.64	-1.942E+1
758.94	1.214E+1
759.25	3.884E+1
759.55	4.854E+0
759.86	-6.796E+1
760.16	3.398E+1
760.47	-4.612E+1
760.77	9.709E+0
761.08	1.214E+1
761.38	-2.427E+1
761.69	-3.641E+1
761.99	-3.398E+1
762.30	-9.709E+0
762.60	4.369E+1
762.91	-7.282E+0
763.21	-6.796E+1
763.51	2.184E+1
763.82	-1.942E+1
764.12	1.699E+1
764.43	-2.427E+0
764.73	-2.913E+1
765.04	1.699E+1
765.34	2.913E+1
765.64	-9.223E+1
765.95	-1.699E+1
766.25	2.427E+1
766.56	-5.097E+1
766.86	-4.369E+1
767.16	3.641E+1
767.47	-6.796E+1
767.77	-2.670E+1
768.07	2.427E+0
768.38	1.214E+1
768.68	7.039E+1
768.98	1.117E+2
769.29	-8.010E+1
769.59	1.214E+1
769.89	9.709E+1
770.20	2.670E+1
770.50	-1.699E+1
770.80	2.670E+1
771.11	5.825E+1
771.41	9.709E+0
771.71	2.427E+1
772.02	4.126E+1
772.32	-5.340E+1
772.62	-7.282E+1
772.93	7.282E+1
773.23	1.044E+2
773.53	7.524E+1
773.83	6.068E+1
774.14	2.184E+1
774.44	-3.155E+1
774.74	-4.854E+1
775.04	-8.981E+1
775.35	6.796E+1
775.65	-1.699E+1
775.95	-1.456E+1
776.25	9.223E+1
776.55	-7.282E+1
776.86	4.854E+0
777.16	-5.340E+1
777.46	4.612E+1
777.76	3.155E+1
778.06	-8.010E+1
778.37	1.699E+1
778.67	1.141E+2
778.97	1.456E+1
779.27	0.000E+0
779.57	3.155E+1
779.88	-4.612E+1
780.18	-6.554E+1
780.48	-8.495E+1
780.78	-2.427E+1
781.08	-3.398E+1
781.38	-6.068E+1
781.68	4.369E+1
781.98	-4.126E+1
782.29	-6.068E+1
782.59	2.427E+0
782.89	-4.854E+0
783.19	4.126E+1
783.49	2.913E+1
783.79	-2.913E+1
784.09	7.524E+1
784.39	2.427E+0
784.69	-3.155E+1
784.99	-1.456E+1
785.30	2.427E+1
785.60	-2.184E+1
785.90	-6.554E+1
786.20	1.456E+1
786.50	3.155E+1
786.80	7.282E+0
787.10	-1.456E+1
787.40	-8.010E+1
787.70	3.155E+1
788.00	1.019E+2
788.30	1.942E+1
788.60	4.612E+1
788.90	1.942E+1
789.20	-2.184E+1
789.50	-3.155E+1
789.80	-2.427E+1
790.10	1.699E+1
790.40	4.854E+0
790.70	4.854E+1
791.00	-6.068E+1
791.30	3.641E+1
791.60	3.641E+1
791.90	-2.184E+1
792.20	-1.942E+1
792.50	-7.282E+0
792.79	-1.942E+1
793.09	1.942E+1
793.39	-5.340E+1
793.69	-8.738E+1
793.99	-3.884E+1
794.29	-7.282E+1
794.59	-3.884E+1
794.89	-2.184E+1
795.19	-2.913E+1
795.49	7.282E+1
795.79	-2.184E+1
796.08	-9.709E+0
796.38	-3.398E+1
796.68	5.340E+1
796.98	1.044E+2
797.28	-4.854E+0
797.58	6.796E+1
797.88	-1.214E+1
798.17	-5.583E+1
798.47	-3.398E+1
798.77	5.583E+1
799.07	-2.913E+1
799.37	-6.068E+1
799.67	9.709E+0
799.96	-2.184E+1
800.26	-4.854E+1
800.56	-5.825E+1
800.86	6.796E+1
801.16	7.767E+1
801.45	-1.699E+1
801.75	-6.311E+1
802.05	7.282E+1
802.35	2.913E+1
802.64	4.854E+1
802.94	-7.767E+1
803.24	2.670E+1
803.54	1.699E+1
803.83	-2.913E+1
804.13	-5.340E+1
804.43	-3.398E+1
804.73	-6.554E+1
805.02	9.223E+1
805.32	-4.369E+1
805.62	-5.097E+1
805.91	7.524E+1
806.21	6.068E+1
806.51	-1.335E+2
806.81	-4.612E+1
807.10	-3.884E+1
807.40	1.238E+2
807.70	1.165E+2
807.99	3.155E+1
808.29	1.019E+2
808.59	-6.311E+1
808.88	4.126E+1
809.18	-4.369E+1
809.47	-5.340E+1
809.77	-2.184E+1
810.07	-3.641E+1
810.36	1.942E+1
810.66	-2.427E+0
810.96	-2.184E+1
811.25	-5.097E+1
811.55	-3.884E+1
811.84	-1.942E+1
812.14	2.427E+1
812.44	1.699E+1
812.73	2.184E+1
813.03	-6.311E+1
813.32	-3.398E+1
813.62	-4.126E+1
813.91	4.854E+1
814.21	7.282E+0
814.51	8.495E+1
814.80	-8.981E+1
815.10	-6.311E+1
815.39	0.000E+0
815.69	7.767E+1
815.98	1.845E+2
816.28	6.311E+1
816.57	5.583E+1
816.87	7.282E+1
817.16	5.340E+1
817.46	-4.369E+1
817.75	-1.335E+2
818.05	-2.184E+1
818.34	-1.214E+1
818.64	-1.699E+1
818.93	-2.427E+0
819.23	3.155E+1
819.52	-2.913E+1
819.82	-8.495E+1
820.11	-2.427E+1
820.40	-2.427E+1
820.70	-1.699E+1
820.99	-9.709E+0
821.29	-3.641E+1
821.58	-7.282E+0
821.88	2.670E+1
822.17	-3.641E+1
822.46	4.369E+1
822.76	-2.427E+1
823.05	-7.282E+0
823.35	-1.456E+1
823.64	0.000E+0
823.93	1.214E+1
824.23	-2.427E+0
824.52	1.699E+1
824.81	-6.554E+1
825.11	3.398E+1
825.40	-3.884E+1
825.69	3.884E+1
825.99	-6.554E+1
826.28	-2.427E+1
826.58	-2.427E+0
826.87	-3.398E+1
827.16	3.884E+1
827.45	6.311E+1
827.75	4.126E+1
828.04	3.884E+1
828.33	-7.039E+1
828.63	9.709E+0
828.92	-3.155E+1
829.21	-2.670E+1
829.51	2.427E+1
829.80	2.913E+1
830.09	1.456E+1
830.38	1.019E+2
830.68	-4.612E+1
830.97	-9.466E+1
831.26	-5.825E+1
831.55	-7.039E+1
831.85	-2.427E+0
832.14	3.641E+1
832.43	6.068E+1
832.72	-6.311E+1
833.01	-2.670E+1
833.31	-1.699E+1
833.60	2.427E+1
833.89	-7.282E+0
834.18	2.427E+0
834.47	9.709E+1
834.77	-8.495E+1
835.06	-1.699E+1
835.35	6.554E+1
835.64	-3.398E+1
835.93	3.398E+1
836.22	-7.039E+1
836.52	-4.612E+1
836.81	2.913E+1
837.10	1.286E+2
837.39	-7.282E+0
837.68	6.311E+1
837.97	-9.709E+0
838.26	9.709E+0
838.55	3.641E+1
838.85	-1.942E+1
839.14	3.155E+1
839.43	-1.165E+2
839.72	5.825E+1
840.01	-2.913E+1
840.30	-7.282E+1
840.59	-2.427E+1
840.88	1.408E+2
841.17	-1.942E+1
841.46	1.456E+1
841.75	7.282E+0
842.04	7.524E+1
842.33	4.126E+1
842.62	9.709E+0
842.91	7.524E+1
843.21	-1.456E+1
843.50	7.282E+1
843.79	-2.913E+1
844.08	3.398E+1
844.37	-8.010E+1
844.66	5.583E+1
844.95	7.524E+1
845.24	1.942E+1
845.53	-1.214E+1
845.81	-4.612E+1
846.10	-5.825E+1
846.39	-6.554E+1
846.68	-4.854E+0
846.97	-4.854E+0
847.26	2.427E+1
847.55	-4.854E+0
847.84	5.825E+1
848.13	3.155E+1
848.42	6.554E+1
848.71	-7.282E+0
849.00	-5.097E+1
849.29	-3.398E+1
849.58	8.010E+1
849.87	1.456E+1
850.15	-6.068E+1
850.44	5.825E+1
850.73	-3.641E+1
851.02	-4.126E+1
851.31	-2.427E+0
851.60	3.641E+1
851.89	-5.825E+1
852.18	1.456E+1
852.46	6.796E+1
852.75	4.854E+1
853.04	9.466E+1
853.33	-4.369E+1
853.62	-2.184E+1
853.91	7.767E+1
854.19	4.369E+1
854.48	-7.039E+1
854.77	8.495E+1
855.06	5.097E+1
855.35	-9.223E+1
855.63	-2.427E+0
855.92	0.000E+0
856.21	6.068E+1
856.50	-1.214E+1
856.79	5.097E+1
857.07	-2.184E+1
857.36	4.369E+1
857.65	-2.184E+1
857.94	6.311E+1
858.22	6.554E+1
858.51	2.427E+0
858.80	6.068E+1
859.08	9.709E+0
859.37	-1.699E+1
859.66	-4.369E+1
859.95	2.427E+0
860.23	-7.282E+0
860.52	7.767E+1
860.81	7.282E+1
861.09	2.184E+1
861.38	-7.282E+0
861.67	-8.495E+1
861.95	-9.709E+0
862.24	-7.282E+0
862.53	-6.068E+1
862.81	1.456E+1
863.10	-7.524E+1
863.39	-9.709E+0
863.67	4.612E+1
863.96	6.311E+1
864.25	1.189E+2
864.53	-1.214E+1
864.82	3.398E+1
865.10	2.670E+1
865.39	-2.670E+1
865.68	-3.398E+1
865.96	-6.554E+1
866.25	2.015E+2
866.53	2.015E+2
866.82	2.015E+2