Wavelength	Intensity	Ocean Optics Flame
nm	counts
187.89	-3.398E+1
188.27	-2.670E+1
188.64	2.427E+0
189.02	-5.825E+1
189.40	1.505E+2
189.78	2.427E+0
190.15	8.738E+1
190.53	0.000E+0
190.91	-1.456E+1
191.29	2.670E+1
191.66	9.709E+0
192.04	-5.825E+1
192.42	5.340E+1
192.80	2.427E+0
193.17	-1.699E+1
193.55	-4.854E+0
193.93	3.398E+1
194.30	-2.427E+0
194.68	6.068E+1
195.06	-1.432E+2
195.44	2.670E+1
195.81	7.282E+0
196.19	7.767E+1
196.57	3.884E+1
196.94	9.952E+1
197.32	4.854E+0
197.70	-4.612E+1
198.07	4.854E+1
198.45	0.000E+0
198.83	6.311E+1
199.20	3.641E+1
199.58	2.427E+0
199.96	7.767E+1
200.33	4.369E+1
200.71	2.670E+1
201.09	5.097E+1
201.46	9.952E+1
201.84	4.854E+1
202.22	-7.524E+1
202.59	7.282E+1
202.97	-3.641E+1
203.34	2.427E+0
203.72	4.854E+1
204.10	-2.427E+1
204.47	8.495E+1
204.85	5.097E+1
205.23	-3.398E+1
205.60	9.223E+1
205.98	3.641E+1
206.35	7.039E+1
206.73	1.602E+2
207.11	-3.641E+1
207.48	4.612E+1
207.86	-7.282E+0
208.23	4.854E+0
208.61	7.039E+1
208.98	6.311E+1
209.36	7.039E+1
209.74	4.612E+1
210.11	7.282E+0
210.49	4.854E+0
210.86	3.641E+1
211.24	2.184E+1
211.61	5.825E+1
211.99	-4.854E+0
212.36	1.141E+2
212.74	2.427E+1
213.11	7.039E+1
213.49	9.709E+1
213.87	2.670E+1
214.24	1.456E+1
214.62	1.044E+2
214.99	2.913E+1
215.37	9.223E+1
215.74	7.282E+1
216.12	1.699E+1
216.49	5.097E+1
216.87	2.427E+1
217.24	-9.952E+1
217.62	-1.699E+1
217.99	-2.913E+1
218.37	9.952E+1
218.74	-2.670E+1
219.11	-9.709E+1
219.49	2.573E+2
219.86	1.456E+1
220.24	3.155E+1
220.61	8.253E+1
220.99	1.602E+2
221.36	2.670E+1
221.74	7.282E+0
222.11	1.092E+2
222.49	8.495E+1
222.86	1.238E+2
223.23	-1.699E+1
223.61	1.942E+1
223.98	4.126E+1
224.36	-2.670E+1
224.73	1.238E+2
225.11	6.796E+1
225.48	9.709E+1
225.85	-3.398E+1
226.23	2.427E+1
226.60	-4.854E+0
226.98	-9.709E+1
227.35	9.709E+0
227.72	3.641E+1
228.10	-2.670E+1
228.47	-1.699E+1
228.84	1.165E+2
229.22	9.709E+0
229.59	4.854E+1
229.97	1.092E+2
230.34	2.670E+1
230.71	-9.709E+0
231.09	4.369E+1
231.46	1.214E+2
231.83	2.670E+1
232.21	4.854E+0
232.58	0.000E+0
232.95	7.282E+0
233.33	1.214E+1
233.70	1.214E+1
234.07	6.554E+1
234.45	1.117E+2
234.82	7.282E+1
235.19	3.398E+1
235.57	1.408E+2
235.94	-3.641E+1
236.31	9.952E+1
236.69	8.495E+1
237.06	1.699E+1
237.43	4.612E+1
237.80	1.238E+2
238.18	-6.554E+1
238.55	2.427E+0
238.92	-5.825E+1
239.30	1.189E+2
239.67	6.554E+1
240.04	6.554E+1
240.41	1.262E+2
240.79	-4.854E+0
241.16	1.456E+1
241.53	9.466E+1
241.90	2.427E+0
242.28	-4.369E+1
242.65	-7.282E+0
243.02	-5.097E+1
243.39	-6.068E+1
243.77	-9.709E+0
244.14	-4.126E+1
244.51	7.039E+1
244.88	8.981E+1
245.25	8.253E+1
245.63	4.854E+1
246.00	9.709E+1
246.37	8.253E+1
246.74	7.282E+1
247.11	1.214E+1
247.49	2.427E+1
247.86	6.311E+1
248.23	-2.670E+1
248.60	1.699E+1
248.97	2.670E+1
249.35	-8.010E+1
249.72	1.092E+2
250.09	2.427E+0
250.46	4.854E+1
250.83	3.884E+1
251.20	5.340E+1
251.58	-2.427E+0
251.95	6.554E+1
252.32	-7.282E+1
252.69	0.000E+0
253.06	3.641E+1
253.43	-2.670E+1
253.80	-2.427E+0
254.17	2.427E+0
254.55	-2.913E+1
254.92	1.019E+2
255.29	-6.554E+1
255.66	5.825E+1
256.03	-7.767E+1
256.40	3.884E+1
256.77	7.282E+0
257.14	4.126E+1
257.51	6.311E+1
257.88	2.184E+2
258.26	3.398E+1
258.63	-1.214E+1
259.00	-1.214E+1
259.37	7.524E+1
259.74	-1.214E+1
260.11	-5.583E+1
260.48	2.913E+1
260.85	-1.699E+1
261.22	-1.456E+1
261.59	2.184E+1
261.96	8.981E+1
262.33	-9.709E+0
262.70	8.981E+1
263.07	7.524E+1
263.44	1.505E+2
263.81	1.942E+1
264.18	1.117E+2
264.55	3.155E+1
264.92	6.068E+1
265.29	3.155E+1
265.66	1.456E+1
266.03	4.126E+1
266.40	-2.427E+0
266.77	3.155E+1
267.14	2.427E+0
267.51	2.184E+1
267.88	1.456E+1
268.25	7.767E+1
268.62	7.039E+1
268.99	4.854E+1
269.36	7.039E+1
269.73	7.282E+0
270.10	4.369E+1
270.47	4.369E+1
270.84	1.456E+1
271.21	-5.340E+1
271.58	1.019E+2
271.95	-6.068E+1
272.32	2.670E+1
272.69	-1.699E+1
273.06	7.524E+1
273.43	1.214E+1
273.80	9.466E+1
274.17	4.369E+1
274.53	4.854E+0
274.90	-1.214E+1
275.27	-9.709E+1
275.64	4.369E+1
276.01	-1.699E+1
276.38	7.524E+1
276.75	-6.311E+1
277.12	2.427E+1
277.49	-8.981E+1
277.86	-1.942E+1
278.22	4.854E+0
278.59	2.670E+1
278.96	7.282E+0
279.33	4.854E+1
279.70	-9.709E+0
280.07	7.282E+0
280.44	1.214E+1
280.80	-6.068E+1
281.17	1.068E+2
281.54	3.884E+1
281.91	-4.854E+1
282.28	3.641E+1
282.65	4.612E+1
283.02	-9.709E+0
283.38	-1.019E+2
283.75	8.738E+1
284.12	-2.913E+1
284.49	2.670E+1
284.86	2.913E+1
285.22	1.820E+2
285.59	-1.942E+1
285.96	-5.340E+1
286.33	1.942E+1
286.70	3.398E+1
287.06	2.184E+1
287.43	7.282E+1
287.80	-6.068E+1
288.17	3.398E+1
288.53	-2.427E+0
288.90	1.699E+1
289.27	1.432E+2
289.64	-2.427E+0
290.01	2.184E+1
290.37	3.641E+1
290.74	-7.282E+0
291.11	5.825E+1
291.48	2.670E+1
291.84	-8.010E+1
292.21	1.165E+2
292.58	7.282E+0
292.94	-9.709E+0
293.31	-4.612E+1
293.68	5.583E+1
294.05	4.369E+1
294.41	1.699E+1
294.78	-5.340E+1
295.15	4.612E+1
295.51	8.253E+1
295.88	-5.097E+1
296.25	-2.670E+1
296.61	5.583E+1
296.98	0.000E+0
297.35	3.641E+1
297.72	6.796E+1
298.08	6.796E+1
298.45	0.000E+0
298.82	9.709E+1
299.18	6.554E+1
299.55	8.253E+1
299.91	-1.942E+1
300.28	-9.709E+0
300.65	7.767E+1
301.01	-4.612E+1
301.38	7.282E+0
301.75	-3.398E+1
302.11	-2.427E+1
302.48	1.942E+1
302.85	7.282E+0
303.21	-6.068E+1
303.58	6.554E+1
303.94	3.641E+1
304.31	2.913E+1
304.68	-1.214E+1
305.04	4.612E+1
305.41	-5.340E+1
305.77	3.641E+1
306.14	9.709E+1
306.51	1.141E+2
306.87	2.913E+1
307.24	-3.641E+1
307.60	-2.427E+1
307.97	7.767E+1
308.33	5.583E+1
308.70	3.398E+1
309.07	-2.427E+0
309.43	2.670E+1
309.80	4.854E+0
310.16	-4.126E+1
310.53	7.039E+1
310.89	-5.097E+1
311.26	4.126E+1
311.62	-8.495E+1
311.99	9.709E+0
312.35	5.097E+1
312.72	7.282E+1
313.08	-2.427E+1
313.45	-7.282E+1
313.81	9.223E+1
314.18	2.184E+1
314.54	5.097E+1
314.91	5.097E+1
315.27	-5.097E+1
315.64	8.495E+1
316.00	-8.738E+1
316.37	0.000E+0
316.73	5.825E+1
317.10	2.670E+1
317.46	9.709E+1
317.83	-9.709E+0
318.19	5.340E+1
318.56	-3.884E+1
318.92	-1.214E+1
319.28	1.942E+1
319.65	6.311E+1
320.01	-2.184E+1
320.38	3.398E+1
320.74	2.427E+0
321.11	6.311E+1
321.47	1.214E+1
321.83	7.767E+1
322.20	-1.529E+2
322.56	-7.282E+0
322.93	7.039E+1
323.29	1.214E+2
323.66	6.796E+1
324.02	3.641E+1
324.38	2.184E+1
324.75	7.282E+0
325.11	3.155E+1
325.47	-2.913E+1
325.84	9.709E+0
326.20	2.670E+1
326.57	6.796E+1
326.93	1.699E+1
327.29	6.311E+1
327.66	4.369E+1
328.02	1.456E+1
328.38	-1.456E+1
328.75	-3.641E+1
329.11	4.612E+1
329.47	-4.612E+1
329.84	2.184E+1
330.20	3.155E+1
330.56	6.311E+1
330.93	8.010E+1
331.29	7.282E+0
331.65	1.699E+1
332.02	1.408E+2
332.38	8.495E+1
332.74	-5.583E+1
333.10	1.214E+2
333.47	7.524E+1
333.83	-2.184E+1
334.19	9.223E+1
334.56	8.738E+1
334.92	-3.155E+1
335.28	4.126E+1
335.64	4.854E+0
336.01	-2.427E+0
336.37	-9.709E+0
336.73	-2.427E+0
337.09	2.670E+1
337.46	7.524E+1
337.82	-3.398E+1
338.18	2.427E+1
338.54	-1.699E+1
338.91	7.767E+1
339.27	2.913E+1
339.63	-1.214E+1
339.99	-4.126E+1
340.36	4.854E+1
340.72	6.311E+1
341.08	-1.942E+1
341.44	-1.456E+1
341.80	1.942E+1
342.17	1.068E+2
342.53	7.524E+1
342.89	7.282E+1
343.25	2.670E+1
343.61	4.369E+1
343.98	1.456E+1
344.34	4.126E+1
344.70	-4.126E+1
345.06	-1.942E+1
345.42	8.495E+1
345.78	3.641E+1
346.14	-1.699E+1
346.51	3.884E+1
346.87	4.854E+0
347.23	4.369E+1
347.59	-3.884E+1
347.95	-2.427E+0
348.31	-4.854E+1
348.67	8.981E+1
349.04	9.466E+1
349.40	6.311E+1
349.76	5.340E+1
350.12	6.796E+1
350.48	9.466E+1
350.84	-4.369E+1
351.20	-2.184E+1
351.56	-5.097E+1
351.92	-2.913E+1
352.28	7.282E+1
352.65	1.238E+2
353.01	3.398E+1
353.37	4.854E+0
353.73	4.854E+1
354.09	-2.670E+1
354.45	1.214E+1
354.81	-2.427E+0
355.17	-1.044E+2
355.53	-9.709E+0
355.89	4.612E+1
356.25	-1.456E+1
356.61	1.432E+2
356.97	0.000E+0
357.33	-2.427E+1
357.69	3.155E+1
358.05	7.282E+0
358.41	1.626E+2
358.77	8.738E+1
359.13	-1.384E+2
359.49	-7.767E+1
359.85	2.427E+1
360.21	1.214E+1
360.57	-4.854E+0
360.93	-4.854E+0
361.29	-4.854E+1
361.65	-3.155E+1
362.01	6.068E+1
362.37	-1.214E+1
362.73	-5.097E+1
363.09	2.427E+1
363.45	-6.554E+1
363.81	6.796E+1
364.17	3.641E+1
364.53	-2.184E+1
364.89	1.141E+2
365.25	-8.738E+1
365.61	-3.398E+1
365.97	7.524E+1
366.33	-6.554E+1
366.69	1.699E+1
367.05	8.738E+1
367.40	1.044E+2
367.76	5.340E+1
368.12	4.854E+0
368.48	6.311E+1
368.84	-8.738E+1
369.20	-4.612E+1
369.56	4.612E+1
369.92	-4.612E+1
370.28	2.670E+1
370.63	8.738E+1
370.99	4.126E+1
371.35	1.214E+2
371.71	-2.184E+1
372.07	7.524E+1
372.43	3.398E+1
372.79	7.282E+0
373.15	2.670E+1
373.50	-7.282E+0
373.86	4.369E+1
374.22	1.214E+1
374.58	-3.641E+1
374.94	-5.097E+1
375.30	-1.456E+1
375.65	1.699E+1
376.01	1.019E+2
376.37	8.495E+1
376.73	1.456E+1
377.09	-2.427E+0
377.44	2.670E+1
377.80	8.495E+1
378.16	1.068E+2
378.52	3.641E+1
378.88	2.913E+1
379.23	1.214E+1
379.59	2.670E+1
379.95	1.117E+2
380.31	1.942E+1
380.66	-7.767E+1
381.02	-4.854E+0
381.38	2.670E+1
381.74	4.612E+1
382.09	4.369E+1
382.45	9.223E+1
382.81	1.044E+2
383.17	3.641E+1
383.52	8.738E+1
383.88	7.039E+1
384.24	5.097E+1
384.60	2.184E+1
384.95	1.092E+2
385.31	2.427E+1
385.67	-4.612E+1
386.02	3.155E+1
386.38	1.117E+2
386.74	-3.155E+1
387.10	-4.126E+1
387.45	-3.398E+1
387.81	4.854E+0
388.17	3.155E+1
388.52	6.554E+1
388.88	-1.942E+1
389.24	2.670E+1
389.59	-5.097E+1
389.95	7.767E+1
390.31	7.282E+0
390.66	-3.398E+1
391.02	-9.466E+1
391.38	3.398E+1
391.73	8.738E+1
392.09	-9.709E+0
392.44	1.335E+2
392.80	6.796E+1
393.16	8.010E+1
393.51	2.913E+1
393.87	1.019E+2
394.23	-1.942E+1
394.58	4.369E+1
394.94	3.884E+1
395.29	-6.796E+1
395.65	4.126E+1
396.01	2.913E+1
396.36	1.699E+1
396.72	1.456E+1
397.07	3.398E+1
397.43	4.369E+1
397.78	9.709E+0
398.14	1.456E+1
398.50	4.612E+1
398.85	3.641E+1
399.21	1.214E+1
399.56	8.253E+1
399.92	-4.126E+1
400.27	1.214E+1
400.63	-1.456E+2
400.98	-4.126E+1
401.34	7.282E+0
401.69	4.854E+0
402.05	8.010E+1
402.40	-1.456E+1
402.76	-2.427E+1
403.11	-7.767E+1
403.47	1.699E+1
403.82	1.068E+2
404.18	2.670E+1
404.53	-4.612E+1
404.89	8.253E+1
405.24	-2.184E+1
405.60	9.223E+1
405.95	1.942E+1
406.31	7.282E+0
406.66	-5.097E+1
407.02	-1.699E+1
407.37	2.184E+1
407.73	0.000E+0
408.08	0.000E+0
408.44	-6.311E+1
408.79	9.709E+0
409.14	-6.311E+1
409.50	2.427E+1
409.85	-9.709E+0
410.21	-5.583E+1
410.56	9.709E+0
410.92	2.427E+0
411.27	-7.282E+0
411.62	-1.456E+1
411.98	-7.039E+1
412.33	-2.913E+1
412.69	5.340E+1
413.04	-6.311E+1
413.39	-1.699E+1
413.75	3.398E+1
414.10	7.282E+1
414.45	-2.184E+1
414.81	-3.155E+1
415.16	2.913E+1
415.52	-1.214E+1
415.87	1.214E+1
416.22	-5.583E+1
416.58	-5.825E+1
416.93	7.282E+1
417.28	6.796E+1
417.64	7.767E+1
417.99	-4.126E+1
418.34	5.340E+1
418.70	3.641E+1
419.05	4.369E+1
419.40	-5.340E+1
419.76	0.000E+0
420.11	6.554E+1
420.46	0.000E+0
420.81	-1.214E+1
421.17	-2.184E+1
421.52	-5.825E+1
421.87	1.942E+1
422.23	4.369E+1
422.58	4.126E+1
422.93	4.854E+0
423.28	4.854E+0
423.64	3.884E+1
423.99	4.612E+1
424.34	2.670E+1
424.69	-1.214E+1
425.05	-4.126E+1
425.40	5.825E+1
425.75	1.214E+1
426.10	3.398E+1
426.46	2.427E+0
426.81	6.554E+1
427.16	-1.942E+1
427.51	-2.670E+1
427.87	6.554E+1
428.22	5.340E+1
428.57	-2.670E+1
428.92	8.738E+1
429.27	9.709E+0
429.63	-2.184E+1
429.98	8.981E+1
430.33	-1.214E+1
430.68	1.456E+1
431.03	1.068E+2
431.38	-1.214E+1
431.74	1.214E+1
432.09	1.141E+2
432.44	1.214E+1
432.79	1.165E+2
433.14	1.214E+1
433.49	6.796E+1
433.85	4.126E+1
434.20	-1.092E+2
434.55	-5.825E+1
434.90	-2.427E+1
435.25	1.942E+1
435.60	1.942E+1
435.95	8.253E+1
436.30	1.456E+1
436.66	-5.097E+1
437.01	7.282E+1
437.36	5.825E+1
437.71	-1.699E+1
438.06	-7.039E+1
438.41	8.010E+1
438.76	-2.427E+0
439.11	-4.854E+1
439.46	7.282E+0
439.81	4.126E+1
440.16	8.738E+1
440.52	6.068E+1
440.87	1.311E+2
441.22	1.044E+2
441.57	1.214E+1
441.92	0.000E+0
442.27	-5.825E+1
442.62	7.524E+1
442.97	-2.184E+1
443.32	3.884E+1
443.67	1.359E+2
444.02	4.854E+0
444.37	2.670E+1
444.72	-8.738E+1
445.07	4.854E+0
445.42	9.709E+0
445.77	4.126E+1
446.12	-2.184E+1
446.47	9.709E+0
446.82	9.466E+1
447.17	2.427E+1
447.52	7.767E+1
447.87	-4.854E+1
448.22	2.427E+1
448.57	2.670E+1
448.92	3.155E+1
449.27	3.884E+1
449.62	-5.340E+1
449.97	7.524E+1
450.32	-4.369E+1
450.66	8.010E+1
451.01	2.913E+1
451.36	-2.184E+1
451.71	9.466E+1
452.06	6.068E+1
452.41	-2.913E+1
452.76	-9.709E+0
453.11	3.155E+1
453.46	8.010E+1
453.81	1.286E+2
454.16	6.796E+1
454.51	4.369E+1
454.85	8.010E+1
455.20	6.796E+1
455.55	1.214E+1
455.90	1.165E+2
456.25	1.214E+1
456.60	7.282E+0
456.95	4.369E+1
457.30	8.495E+1
457.64	9.709E+1
457.99	-3.398E+1
458.34	-3.641E+1
458.69	1.286E+2
459.04	8.981E+1
459.39	4.369E+1
459.73	-5.097E+1
460.08	7.524E+1
460.43	5.097E+1
460.78	-9.709E+0
461.13	-1.699E+1
461.48	-6.068E+1
461.82	4.126E+1
462.17	2.670E+1
462.52	1.748E+2
462.87	-9.709E+0
463.21	4.612E+1
463.56	4.126E+1
463.91	8.981E+1
464.26	9.709E+0
464.61	-2.427E+1
464.95	4.369E+1
465.30	-7.282E+0
465.65	1.942E+1
466.00	4.854E+1
466.34	1.044E+2
466.69	-3.155E+1
467.04	3.641E+1
467.39	-4.854E+1
467.73	-1.456E+1
468.08	2.670E+1
468.43	7.282E+0
468.77	-1.456E+1
469.12	0.000E+0
469.47	2.427E+0
469.82	-2.427E+1
470.16	7.282E+0
470.51	3.155E+1
470.86	4.369E+1
471.20	1.286E+2
471.55	8.981E+1
471.90	-5.583E+1
472.24	3.641E+1
472.59	5.583E+1
472.94	-1.214E+1
473.28	3.398E+1
473.63	3.398E+1
473.98	-9.709E+0
474.32	5.583E+1
474.67	4.126E+1
475.02	4.126E+1
475.36	8.010E+1
475.71	0.000E+0
476.06	-8.495E+1
476.40	4.854E+1
476.75	1.214E+1
477.09	-5.825E+1
477.44	3.884E+1
477.79	-7.282E+0
478.13	-7.767E+1
478.48	-5.825E+1
478.82	7.767E+1
479.17	3.398E+1
479.52	5.097E+1
479.86	4.854E+0
480.21	-4.854E+0
480.55	-1.456E+1
480.90	1.214E+1
481.24	1.699E+1
481.59	4.126E+1
481.94	3.155E+1
482.28	8.010E+1
482.63	9.466E+1
482.97	-4.854E+0
483.32	5.097E+1
483.66	-9.709E+0
484.01	2.184E+1
484.35	2.427E+0
484.70	-1.214E+1
485.04	7.767E+1
485.39	6.311E+1
485.73	-5.825E+1
486.08	9.709E+0
486.42	1.044E+2
486.77	-2.427E+1
487.11	-4.126E+1
487.46	1.117E+2
487.80	1.942E+1
488.15	9.466E+1
488.49	-1.189E+2
488.84	7.039E+1
489.18	1.699E+1
489.53	5.340E+1
489.87	2.427E+1
490.21	0.000E+0
490.56	6.554E+1
490.90	1.456E+1
491.25	3.641E+1
491.59	6.554E+1
491.94	-7.767E+1
492.28	-2.184E+1
492.62	-4.612E+1
492.97	8.010E+1
493.31	-2.670E+1
493.66	-1.942E+1
494.00	4.612E+1
494.34	-3.398E+1
494.69	4.126E+1
495.03	-1.214E+1
495.38	1.505E+2
495.72	1.117E+2
496.06	5.583E+1
496.41	1.335E+2
496.75	5.825E+1
497.09	-9.952E+1
497.44	2.670E+1
497.78	2.184E+1
498.13	4.612E+1
498.47	-9.709E+1
498.81	1.214E+1
499.16	-7.767E+1
499.50	3.398E+1
499.84	0.000E+0
500.19	2.427E+1
500.53	1.189E+2
500.87	3.884E+1
501.21	6.554E+1
501.56	-1.456E+1
501.90	-2.427E+0
502.24	2.670E+1
502.59	-1.942E+1
502.93	-4.854E+1
503.27	-7.524E+1
503.61	2.427E+1
503.96	-3.641E+1
504.30	-7.282E+1
504.64	2.913E+1
504.99	3.398E+1
505.33	8.010E+1
505.67	9.223E+1
506.01	1.189E+2
506.36	2.427E+1
506.70	7.524E+1
507.04	5.340E+1
507.38	2.427E+0
507.72	5.340E+1
508.07	-1.699E+1
508.41	0.000E+0
508.75	-3.641E+1
509.09	5.583E+1
509.44	3.155E+1
509.78	-3.398E+1
510.12	6.311E+1
510.46	3.641E+1
510.80	8.253E+1
511.14	2.427E+1
511.49	-4.612E+1
511.83	1.189E+2
512.17	-3.398E+1
512.51	6.068E+1
512.85	6.068E+1
513.19	-5.340E+1
513.54	-3.641E+1
513.88	7.039E+1
514.22	3.641E+1
514.56	8.495E+1
514.90	4.126E+1
515.24	8.981E+1
515.58	4.612E+1
515.93	4.612E+1
516.27	6.554E+1
516.61	5.825E+1
516.95	-7.039E+1
517.29	4.126E+1
517.63	2.427E+0
517.97	-1.942E+1
518.31	7.767E+1
518.65	-2.913E+1
518.99	1.942E+1
519.33	9.466E+1
519.67	8.738E+1
520.02	9.223E+1
520.36	9.709E+0
520.70	-7.767E+1
521.04	3.884E+1
521.38	5.825E+1
521.72	1.699E+1
522.06	3.884E+1
522.40	-2.427E+1
522.74	-2.913E+1
523.08	-1.942E+1
523.42	-2.427E+1
523.76	5.340E+1
524.10	5.097E+1
524.44	1.019E+2
524.78	1.942E+1
525.12	7.282E+0
525.46	3.155E+1
525.80	9.466E+1
526.14	-7.039E+1
526.48	1.262E+2
526.82	2.184E+1
527.16	5.825E+1
527.50	4.369E+1
527.84	9.466E+1
528.18	-9.709E+0
528.52	2.427E+1
528.86	9.709E+0
529.20	5.583E+1
529.54	3.884E+1
529.87	1.456E+1
530.21	1.214E+1
530.55	5.825E+1
530.89	4.854E+1
531.23	-3.398E+1
531.57	-4.612E+1
531.91	5.825E+1
532.25	1.456E+1
532.59	-3.884E+1
532.93	5.097E+1
533.27	-1.699E+1
533.60	-1.942E+1
533.94	1.286E+2
534.28	-9.709E+0
534.62	-2.670E+1
534.96	-3.398E+1
535.30	8.738E+1
535.64	3.884E+1
535.98	0.000E+0
536.31	-3.155E+1
536.65	2.670E+1
536.99	6.311E+1
537.33	-5.340E+1
537.67	-3.884E+1
538.01	0.000E+0
538.34	4.369E+1
538.68	-1.699E+1
539.02	-2.427E+0
539.36	4.854E+1
539.70	-9.709E+0
540.03	-3.155E+1
540.37	3.641E+1
540.71	-3.641E+1
541.05	2.913E+1
541.39	1.019E+2
541.72	-1.214E+1
542.06	-7.282E+0
542.40	3.641E+1
542.74	9.709E+1
543.07	6.554E+1
543.41	4.369E+1
543.75	-9.466E+1
544.09	-7.282E+0
544.42	-4.854E+0
544.76	2.670E+1
545.10	7.039E+1
545.44	-2.427E+1
545.77	1.068E+2
546.11	1.699E+1
546.45	1.699E+1
546.78	5.340E+1
547.12	4.126E+1
547.46	1.456E+2
547.80	2.670E+1
548.13	8.010E+1
548.47	-1.238E+2
548.81	6.554E+1
549.14	2.427E+1
549.48	8.495E+1
549.82	-1.214E+1
550.15	3.641E+1
550.49	3.884E+1
550.83	4.612E+1
551.16	-3.641E+1
551.50	-4.854E+0
551.84	0.000E+0
552.17	4.369E+1
552.51	9.709E+0
552.84	3.884E+1
553.18	-7.282E+0
553.52	9.223E+1
553.85	-1.699E+1
554.19	8.253E+1
554.53	9.709E+1
554.86	7.524E+1
555.20	2.184E+1
555.53	-3.884E+1
555.87	2.427E+0
556.20	5.340E+1
556.54	-2.184E+1
556.88	2.913E+1
557.21	-2.913E+1
557.55	-7.282E+0
557.88	-2.670E+1
558.22	9.709E+0
558.55	1.942E+1
558.89	-4.369E+1
559.23	-1.214E+1
559.56	3.641E+1
559.90	1.117E+2
560.23	6.796E+1
560.57	5.583E+1
560.90	1.117E+2
561.24	7.282E+0
561.57	1.214E+1
561.91	5.340E+1
562.24	4.369E+1
562.58	-7.282E+0
562.91	1.456E+2
563.25	8.738E+1
563.58	3.155E+1
563.92	-2.184E+1
564.25	3.641E+1
564.59	5.340E+1
564.92	4.369E+1
565.25	-3.155E+1
565.59	1.456E+2
565.92	3.641E+1
566.26	3.155E+1
566.59	6.554E+1
566.93	2.184E+1
567.26	1.165E+2
567.60	6.068E+1
567.93	-6.311E+1
568.26	-4.854E+1
568.60	1.214E+1
568.93	1.942E+1
569.27	4.854E+1
569.60	1.092E+2
569.93	2.427E+1
570.27	-6.311E+1
570.60	1.311E+2
570.94	6.796E+1
571.27	-5.583E+1
571.60	9.952E+1
571.94	2.427E+0
572.27	9.952E+1
572.60	9.709E+1
572.94	6.311E+1
573.27	-1.699E+1
573.60	-3.398E+1
573.94	4.612E+1
574.27	6.796E+1
574.60	9.466E+1
574.94	6.796E+1
575.27	7.039E+1
575.60	9.709E+1
575.94	4.854E+1
576.27	1.214E+2
576.60	6.796E+1
576.94	3.398E+1
577.27	3.398E+1
577.60	1.311E+2
577.94	1.286E+2
578.27	8.253E+1
578.60	4.612E+1
578.93	1.772E+2
579.27	1.384E+2
579.60	7.282E+1
579.93	4.126E+1
580.26	2.184E+1
580.60	9.223E+1
580.93	2.427E+1
581.26	1.044E+2
581.59	7.524E+1
581.93	2.427E+0
582.26	8.010E+1
582.59	1.141E+2
582.92	8.981E+1
583.25	1.845E+2
583.59	1.626E+2
583.92	1.942E+1
584.25	1.505E+2
584.58	8.738E+1
584.91	1.456E+1
585.25	1.966E+2
585.58	1.165E+2
585.91	6.554E+1
586.24	5.825E+1
586.57	1.189E+2
586.90	1.044E+2
587.24	1.311E+2
587.57	2.087E+2
587.90	1.651E+2
588.23	1.626E+2
588.56	1.165E+2
588.89	2.597E+2
589.22	2.015E+2
589.56	3.155E+2
589.89	2.136E+2
590.22	1.796E+2
590.55	4.053E+2
590.88	1.893E+2
591.21	2.257E+2
591.54	1.796E+2
591.87	2.306E+2
592.20	1.796E+2
592.53	3.034E+2
592.87	3.689E+2
593.20	3.228E+2
593.53	2.549E+2
593.86	2.791E+2
594.19	3.107E+2
594.52	2.864E+2
594.85	2.257E+2
595.18	3.568E+2
595.51	4.151E+2
595.84	4.709E+2
596.17	4.248E+2
596.50	4.563E+2
596.83	3.252E+2
597.16	3.859E+2
597.49	4.248E+2
597.82	5.073E+2
598.15	4.223E+2
598.48	5.073E+2
598.81	5.558E+2
599.14	5.704E+2
599.47	6.287E+2
599.80	5.801E+2
600.13	5.655E+2
600.46	6.384E+2
600.79	5.874E+2
601.12	7.306E+2
601.45	6.626E+2
601.78	7.791E+2
602.11	7.913E+2
602.44	8.228E+2
602.77	9.199E+2
603.10	8.520E+2
603.42	8.981E+2
603.75	9.102E+2
604.08	8.738E+2
604.41	1.019E+3
604.74	1.046E+3
605.07	1.032E+3
605.40	1.056E+3
605.73	1.175E+3
606.06	1.165E+3
606.39	1.201E+3
606.71	1.320E+3
607.04	1.272E+3
607.37	1.519E+3
607.70	1.519E+3
608.03	1.638E+3
608.36	1.631E+3
608.69	1.820E+3
609.02	1.731E+3
609.34	1.706E+3
609.67	1.733E+3
610.00	1.893E+3
610.33	1.993E+3
610.66	2.085E+3
610.98	2.102E+3
611.31	2.158E+3
611.64	2.189E+3
611.97	2.379E+3
612.30	2.444E+3
612.63	2.619E+3
612.95	2.517E+3
613.28	2.721E+3
613.61	2.791E+3
613.94	3.029E+3
614.26	3.107E+3
614.59	3.158E+3
614.92	3.422E+3
615.25	3.469E+3
615.57	3.694E+3
615.90	3.738E+3
616.23	3.801E+3
616.56	3.969E+3
616.88	4.252E+3
617.21	4.114E+3
617.54	4.388E+3
617.87	4.449E+3
618.19	4.743E+3
618.52	5.005E+3
618.85	5.027E+3
619.17	5.238E+3
619.50	5.267E+3
619.83	5.503E+3
620.15	5.876E+3
620.48	6.087E+3
620.81	6.367E+3
621.14	6.265E+3
621.46	6.833E+3
621.79	6.983E+3
622.11	7.160E+3
622.44	7.668E+3
622.77	7.794E+3
623.09	8.131E+3
623.42	8.143E+3
623.75	8.692E+3
624.07	8.806E+3
624.40	9.138E+3
624.73	9.605E+3
625.05	9.857E+3
625.38	1.052E+4
625.70	1.072E+4
626.03	1.140E+4
626.36	1.169E+4
626.68	1.199E+4
627.01	1.269E+4
627.33	1.283E+4
627.66	1.366E+4
627.99	1.375E+4
628.31	1.449E+4
628.64	1.482E+4
628.96	1.586E+4
629.29	1.634E+4
629.61	1.692E+4
629.94	1.749E+4
630.26	1.794E+4
630.59	1.899E+4
630.91	1.930E+4
631.24	2.010E+4
631.57	2.082E+4
631.89	2.127E+4
632.22	2.243E+4
632.54	2.345E+4
632.87	2.421E+4
633.19	2.519E+4
633.52	2.632E+4
633.84	2.689E+4
634.16	2.761E+4
634.49	2.907E+4
634.81	2.993E+4
635.14	3.070E+4
635.46	3.215E+4
635.79	3.299E+4
636.11	3.452E+4
636.44	3.545E+4
636.76	3.682E+4
637.09	3.751E+4
637.41	3.874E+4
637.73	3.982E+4
638.06	4.156E+4
638.38	4.283E+4
638.71	4.316E+4
639.03	4.506E+4
639.36	4.570E+4
639.68	4.703E+4
640.00	4.835E+4
640.33	4.977E+4
640.65	5.081E+4
640.97	5.179E+4
641.30	5.268E+4
641.62	5.365E+4
641.95	5.487E+4
642.27	5.538E+4
642.59	5.628E+4
642.92	5.684E+4
643.24	5.736E+4
643.56	5.844E+4
643.89	5.860E+4
644.21	5.947E+4
644.53	5.987E+4
644.86	6.015E+4
645.18	6.058E+4
645.50	6.059E+4
645.83	6.080E+4
646.15	6.135E+4
646.47	6.110E+4
646.80	6.144E+4
647.12	6.166E+4
647.44	6.142E+4
647.76	6.137E+4
648.09	6.122E+4
648.41	6.085E+4
648.73	6.065E+4
649.05	6.054E+4
649.38	6.004E+4
649.70	5.971E+4
650.02	5.888E+4
650.34	5.868E+4
650.67	5.812E+4
650.99	5.729E+4
651.31	5.620E+4
651.63	5.561E+4
651.96	5.489E+4
652.28	5.356E+4
652.60	5.274E+4
652.92	5.149E+4
653.24	5.020E+4
653.57	4.833E+4
653.89	4.746E+4
654.21	4.538E+4
654.53	4.392E+4
654.85	4.273E+4
655.18	4.149E+4
655.50	3.939E+4
655.82	3.796E+4
656.14	3.654E+4
656.46	3.546E+4
656.78	3.345E+4
657.10	3.245E+4
657.43	3.062E+4
657.75	2.978E+4
658.07	2.810E+4
658.39	2.720E+4
658.71	2.559E+4
659.03	2.446E+4
659.35	2.319E+4
659.67	2.225E+4
659.99	2.152E+4
660.32	2.051E+4
660.64	1.919E+4
660.96	1.880E+4
661.28	1.763E+4
661.60	1.706E+4
661.92	1.629E+4
662.24	1.539E+4
662.56	1.455E+4
662.88	1.397E+4
663.20	1.345E+4
663.52	1.271E+4
663.84	1.182E+4
664.16	1.165E+4
664.48	1.102E+4
664.80	1.062E+4
665.12	9.956E+3
665.44	9.609E+3
665.76	8.932E+3
666.08	8.505E+3
666.40	8.345E+3
666.72	7.726E+3
667.04	7.413E+3
667.36	6.981E+3
667.68	6.859E+3
668.00	6.473E+3
668.32	6.100E+3
668.64	5.803E+3
668.96	5.486E+3
669.28	5.163E+3
669.60	4.830E+3
669.92	4.568E+3
670.24	4.456E+3
670.56	4.403E+3
670.88	4.058E+3
671.20	3.828E+3
671.52	3.765E+3
671.84	3.519E+3
672.16	3.163E+3
672.47	3.194E+3
672.79	2.915E+3
673.11	2.626E+3
673.43	2.692E+3
673.75	2.459E+3
674.07	2.364E+3
674.39	2.121E+3
674.71	2.104E+3
675.03	2.056E+3
675.34	1.891E+3
675.66	1.716E+3
675.98	1.575E+3
676.30	1.553E+3
676.62	1.541E+3
676.94	1.393E+3
677.25	1.401E+3
677.57	1.272E+3
677.89	1.151E+3
678.21	1.182E+3
678.53	1.119E+3
678.85	9.660E+2
679.16	9.806E+2
679.48	9.248E+2
679.80	8.277E+2
680.12	8.471E+2
680.44	7.937E+2
680.75	6.359E+2
681.07	6.602E+2
681.39	6.432E+2
681.71	5.388E+2
682.02	6.578E+2
682.34	5.024E+2
682.66	5.777E+2
682.98	4.126E+2
683.29	5.364E+2
683.61	4.272E+2
683.93	4.151E+2
684.25	4.442E+2
684.56	4.199E+2
684.88	3.495E+2
685.20	2.767E+2
685.51	2.597E+2
685.83	2.427E+2
686.15	2.743E+2
686.47	3.932E+2
686.78	3.034E+2
687.10	2.403E+2
687.42	2.476E+2
687.73	2.549E+2
688.05	2.791E+2
688.37	2.670E+2
688.68	1.456E+2
689.00	2.063E+2
689.32	9.223E+1
689.63	1.553E+2
689.95	1.189E+2
690.26	4.369E+1
690.58	1.990E+2
690.90	1.189E+2
691.21	5.825E+1
691.53	7.039E+1
691.85	8.010E+1
692.16	1.966E+2
692.48	1.165E+2
692.79	1.748E+2
693.11	5.583E+1
693.42	8.495E+1
693.74	1.286E+2
694.06	9.223E+1
694.37	1.262E+2
694.69	1.845E+2
695.00	1.845E+2
695.32	6.796E+1
695.63	4.612E+1
695.95	1.359E+2
696.26	1.359E+2
696.58	7.767E+1
696.90	6.311E+1
697.21	4.854E+1
697.53	4.369E+1
697.84	-2.427E+1
698.16	5.340E+1
698.47	1.092E+2
698.79	2.427E+1
699.10	1.699E+1
699.42	8.495E+1
699.73	3.641E+1
700.05	3.398E+1
700.36	8.010E+1
700.68	2.670E+1
700.99	1.214E+1
701.30	6.068E+1
701.62	2.427E+0
701.93	5.340E+1
702.25	2.913E+1
702.56	8.495E+1
702.88	1.262E+2
703.19	1.165E+2
703.50	-2.427E+0
703.82	-3.398E+1
704.13	1.942E+1
704.45	-3.398E+1
704.76	3.884E+1
705.08	8.253E+1
705.39	1.238E+2
705.70	3.884E+1
706.02	-2.427E+0
706.33	-3.398E+1
706.64	-2.427E+0
706.96	-5.583E+1
707.27	9.223E+1
707.59	-3.398E+1
707.90	1.699E+1
708.21	9.709E+1
708.53	5.825E+1
708.84	3.641E+1
709.15	7.524E+1
709.47	4.854E+1
709.78	8.253E+1
710.09	-8.738E+1
710.41	-9.709E+0
710.72	3.398E+1
711.03	-8.738E+1
711.34	1.092E+2
711.66	1.214E+2
711.97	-1.456E+1
712.28	8.981E+1
712.60	0.000E+0
712.91	4.612E+1
713.22	8.981E+1
713.53	7.282E+0
713.85	6.796E+1
714.16	-6.796E+1
714.47	-1.286E+2
714.78	2.913E+1
715.10	1.505E+2
715.41	1.117E+2
715.72	4.854E+1
716.03	-2.184E+1
716.35	-1.942E+1
716.66	-6.068E+1
716.97	-1.141E+2
717.28	7.767E+1
717.59	-5.825E+1
717.91	4.854E+1
718.22	4.126E+1
718.53	2.913E+1
718.84	7.282E+1
719.15	-2.427E+1
719.46	8.253E+1
719.78	7.282E+0
720.09	7.767E+1
720.40	7.282E+0
720.71	7.039E+1
721.02	-7.524E+1
721.33	1.456E+1
721.65	6.796E+1
721.96	2.427E+1
722.27	8.981E+1
722.58	1.165E+2
722.89	-6.554E+1
723.20	2.427E+1
723.51	8.495E+1
723.82	7.767E+1
724.13	5.825E+1
724.45	-7.039E+1
724.76	8.495E+1
725.07	7.282E+0
725.38	9.709E+1
725.69	6.311E+1
726.00	5.097E+1
726.31	-6.311E+1
726.62	-6.068E+1
726.93	-6.311E+1
727.24	3.155E+1
727.55	2.427E+1
727.86	8.010E+1
728.17	-2.184E+1
728.48	8.981E+1
728.79	4.612E+1
729.10	5.097E+1
729.41	2.913E+1
729.72	6.554E+1
730.03	3.641E+1
730.34	-2.670E+1
730.65	-1.214E+1
730.96	-4.854E+0
731.27	-3.884E+1
731.58	-5.583E+1
731.89	-1.699E+1
732.20	-2.670E+1
732.51	2.427E+0
732.82	-4.854E+0
733.13	4.369E+1
733.44	-3.641E+1
733.75	2.184E+1
734.06	8.981E+1
734.37	4.126E+1
734.68	-2.670E+1
734.98	-7.767E+1
735.29	7.282E+0
735.60	4.369E+1
735.91	-2.913E+1
736.22	-2.184E+1
736.53	4.854E+0
736.84	-9.709E+0
737.15	3.641E+1
737.46	5.340E+1
737.77	-2.427E+0
738.07	2.184E+1
738.38	-1.456E+1
738.69	4.126E+1
739.00	-2.670E+1
739.31	2.427E+1
739.62	7.524E+1
739.92	4.612E+1
740.23	-4.854E+0
740.54	1.529E+2
740.85	7.282E+0
741.16	-1.942E+1
741.47	-5.825E+1
741.77	-1.214E+1
742.08	1.942E+1
742.39	-6.068E+1
742.70	4.854E+1
743.01	9.223E+1
743.31	3.884E+1
743.62	0.000E+0
743.93	7.767E+1
744.24	8.738E+1
744.54	-6.554E+1
744.85	3.884E+1
745.16	1.942E+1
745.47	3.884E+1
745.77	-9.709E+0
746.08	4.854E+1
746.39	-8.738E+1
746.70	6.311E+1
747.00	4.854E+1
747.31	0.000E+0
747.62	2.427E+1
747.92	4.854E+0
748.23	1.238E+2
748.54	-1.456E+1
748.84	9.709E+0
749.15	-2.184E+1
749.46	1.335E+2
749.76	5.340E+1
750.07	-7.282E+0
750.38	5.825E+1
750.68	-3.398E+1
750.99	9.709E+0
751.30	-7.282E+0
751.60	7.767E+1
751.91	-9.709E+0
752.22	7.282E+0
752.52	7.767E+1
752.83	-1.942E+1
753.14	1.748E+2
753.44	-4.854E+0
753.75	-2.913E+1
754.05	0.000E+0
754.36	2.913E+1
754.67	-4.369E+1
754.97	-8.010E+1
755.28	2.913E+1
755.58	1.456E+1
755.89	5.825E+1
756.19	9.466E+1
756.50	9.223E+1
756.81	8.738E+1
757.11	-6.068E+1
757.42	1.942E+1
757.72	-1.214E+1
758.03	-2.670E+1
758.33	1.456E+1
758.64	-1.942E+1
758.94	3.884E+1
759.25	-9.709E+0
759.55	-6.796E+1
759.86	3.641E+1
760.16	-2.427E+1
760.47	2.913E+1
760.77	9.709E+0
761.08	7.282E+1
761.38	5.340E+1
761.69	4.126E+1
761.99	1.942E+1
762.30	1.165E+2
762.60	1.699E+1
762.91	1.238E+2
763.21	-5.825E+1
763.51	-4.854E+1
763.82	3.398E+1
764.12	4.369E+1
764.43	4.126E+1
764.73	1.942E+1
765.04	-1.456E+1
765.34	1.699E+1
765.64	4.612E+1
765.95	-3.398E+1
766.25	-1.456E+2
766.56	1.214E+1
766.86	1.456E+1
767.16	-1.942E+1
767.47	2.427E+0
767.77	-6.796E+1
768.07	-1.456E+1
768.38	4.612E+1
768.68	-3.398E+1
768.98	6.311E+1
769.29	-2.913E+1
769.59	3.155E+1
769.89	0.000E+0
770.20	4.126E+1
770.50	-1.214E+1
770.80	4.369E+1
771.11	3.641E+1
771.41	-3.398E+1
771.71	-6.796E+1
772.02	2.913E+1
772.32	-4.612E+1
772.62	-2.913E+1
772.93	8.981E+1
773.23	3.884E+1
773.53	9.709E+0
773.83	-6.796E+1
774.14	5.825E+1
774.44	7.282E+1
774.74	-8.253E+1
775.04	-4.854E+1
775.35	1.456E+1
775.65	9.709E+0
775.95	-2.670E+1
776.25	-5.097E+1
776.55	4.854E+0
776.86	-1.214E+1
777.16	3.398E+1
777.46	7.282E+1
777.76	-4.854E+1
778.06	-7.282E+0
778.37	-8.253E+1
778.67	2.184E+1
778.97	6.554E+1
779.27	1.942E+1
779.57	-1.214E+1
779.88	5.583E+1
780.18	9.709E+1
780.48	-2.184E+1
780.78	-5.825E+1
781.08	-4.854E+0
781.38	3.398E+1
781.68	0.000E+0
781.98	-1.942E+1
782.29	-2.427E+1
782.59	-1.214E+1
782.89	5.097E+1
783.19	-4.854E+0
783.49	1.942E+1
783.79	4.126E+1
784.09	2.913E+1
784.39	-1.699E+1
784.69	5.583E+1
784.99	-3.884E+1
785.30	7.524E+1
785.60	-6.796E+1
785.90	-4.854E+0
786.20	9.709E+1
786.50	-6.311E+1
786.80	-2.913E+1
787.10	-3.884E+1
787.40	5.097E+1
787.70	-1.408E+2
788.00	-3.641E+1
788.30	6.796E+1
788.60	-2.427E+1
788.90	5.825E+1
789.20	-7.524E+1
789.50	-1.214E+1
789.80	0.000E+0
790.10	2.184E+1
790.40	3.884E+1
790.70	5.340E+1
791.00	6.554E+1
791.30	1.456E+1
791.60	-9.709E+0
791.90	1.068E+2
792.20	1.481E+2
792.50	-6.311E+1
792.79	-7.282E+0
793.09	6.311E+1
793.39	8.253E+1
793.69	5.825E+1
793.99	-1.044E+2
794.29	1.456E+1
794.59	-6.554E+1
794.89	2.184E+1
795.19	-6.796E+1
795.49	-2.184E+1
795.79	-1.699E+1
796.08	-3.155E+1
796.38	9.709E+0
796.68	9.709E+0
796.98	7.524E+1
797.28	4.854E+0
797.58	-2.913E+1
797.88	1.214E+2
798.17	2.427E+1
798.47	5.097E+1
798.77	-2.427E+0
799.07	1.117E+2
799.37	7.524E+1
799.67	7.282E+0
799.96	9.709E+1
800.26	-1.286E+2
800.56	-1.214E+1
800.86	-9.709E+0
801.16	9.466E+1
801.45	5.340E+1
801.75	-1.456E+1
802.05	-2.913E+1
802.35	-5.825E+1
802.64	4.126E+1
802.94	2.427E+0
803.24	3.155E+1
803.54	-4.369E+1
803.83	1.117E+2
804.13	-2.913E+1
804.43	2.184E+1
804.73	2.913E+1
805.02	1.699E+1
805.32	-9.466E+1
805.62	1.942E+1
805.91	1.165E+2
806.21	-5.825E+1
806.51	-2.427E+1
806.81	1.068E+2
807.10	-1.408E+2
807.40	-2.913E+1
807.70	3.398E+1
807.99	-2.184E+1
808.29	3.398E+1
808.59	1.214E+1
808.88	2.427E+1
809.18	5.097E+1
809.47	-2.427E+0
809.77	-4.612E+1
810.07	1.214E+1
810.36	1.044E+2
810.66	-2.427E+0
810.96	4.126E+1
811.25	1.019E+2
811.55	-6.554E+1
811.84	-2.913E+1
812.14	9.709E+0
812.44	2.184E+1
812.73	5.097E+1
813.03	-8.253E+1
813.32	2.913E+1
813.62	5.340E+1
813.91	-3.398E+1
814.21	3.398E+1
814.51	-7.039E+1
814.80	3.398E+1
815.10	1.214E+1
815.39	1.699E+1
815.69	1.214E+1
815.98	-7.767E+1
816.28	-2.670E+1
816.57	0.000E+0
816.87	-7.282E+1
817.16	9.709E+0
817.46	5.825E+1
817.75	-2.184E+1
818.05	4.854E+1
818.34	4.126E+1
818.64	-4.854E+0
818.93	9.709E+0
819.23	4.126E+1
819.52	-5.340E+1
819.82	1.699E+1
820.11	1.189E+2
820.40	3.884E+1
820.70	7.282E+1
820.99	1.699E+1
821.29	0.000E+0
821.58	3.155E+1
821.88	-9.709E+1
822.17	4.612E+1
822.46	-4.126E+1
822.76	-6.311E+1
823.05	7.039E+1
823.35	-9.223E+1
823.64	1.141E+2
823.93	0.000E+0
824.23	3.641E+1
824.52	6.796E+1
824.81	1.189E+2
825.11	-6.554E+1
825.40	3.884E+1
825.69	6.311E+1
825.99	3.884E+1
826.28	7.282E+0
826.58	4.369E+1
826.87	9.223E+1
827.16	1.214E+1
827.45	8.738E+1
827.75	-4.854E+1
828.04	7.282E+0
828.33	3.641E+1
828.63	5.583E+1
828.92	7.282E+1
829.21	2.087E+2
829.51	4.854E+0
829.80	-7.282E+0
830.09	-5.583E+1
830.38	-9.466E+1
830.68	-7.282E+0
830.97	7.524E+1
831.26	-1.699E+1
831.55	1.068E+2
831.85	9.709E+0
832.14	-7.282E+0
832.43	9.952E+1
832.72	7.039E+1
833.01	4.854E+1
833.31	-8.253E+1
833.60	-1.456E+1
833.89	1.214E+2
834.18	1.117E+2
834.47	-4.369E+1
834.77	-5.583E+1
835.06	1.214E+1
835.35	5.097E+1
835.64	1.286E+2
835.93	2.184E+1
836.22	7.524E+1
836.52	-6.068E+1
836.81	-3.155E+1
837.10	-7.767E+1
837.39	2.427E+1
837.68	1.311E+2
837.97	7.282E+0
838.26	-1.699E+1
838.55	1.456E+1
838.85	2.670E+1
839.14	-4.126E+1
839.43	-2.670E+1
839.72	-7.282E+0
840.01	2.670E+1
840.30	3.398E+1
840.59	-2.913E+1
840.88	-1.942E+1
841.17	1.699E+1
841.46	7.282E+0
841.75	5.583E+1
842.04	5.340E+1
842.33	-6.311E+1
842.62	5.340E+1
842.91	1.456E+1
843.21	4.369E+1
843.50	4.612E+1
843.79	6.068E+1
844.08	7.282E+0
844.37	-3.155E+1
844.66	-1.214E+1
844.95	1.942E+1
845.24	6.311E+1
845.53	3.398E+1
845.81	2.427E+0
846.10	-5.340E+1
846.39	4.854E+0
846.68	4.612E+1
846.97	-2.427E+0
847.26	-3.155E+1
847.55	-2.670E+1
847.84	-6.554E+1
848.13	7.282E+0
848.42	-2.184E+1
848.71	3.641E+1
849.00	-4.612E+1
849.29	-6.796E+1
849.58	9.709E+0
849.87	-4.612E+1
850.15	1.699E+1
850.44	2.184E+1
850.73	-2.427E+1
851.02	-9.709E+0
851.31	7.282E+0
851.60	-4.126E+1
851.89	-1.699E+1
852.18	2.184E+1
852.46	2.913E+1
852.75	2.913E+1
853.04	-5.825E+1
853.33	3.155E+1
853.62	-8.981E+1
853.91	2.913E+1
854.19	6.311E+1
854.48	1.117E+2
854.77	3.884E+1
855.06	7.282E+1
855.35	-4.854E+0
855.63	7.039E+1
855.92	-1.699E+1
856.21	4.854E+1
856.50	5.097E+1
856.79	-1.214E+1
857.07	2.184E+1
857.36	-2.670E+1
857.65	5.340E+1
857.94	6.554E+1
858.22	-2.184E+1
858.51	1.456E+1
858.80	-5.583E+1
859.08	3.641E+1
859.37	-6.068E+1
859.66	-8.010E+1
859.95	-1.699E+1
860.23	2.913E+1
860.52	-8.010E+1
860.81	-6.068E+1
861.09	-6.796E+1
861.38	-7.767E+1
861.67	-9.709E+0
861.95	9.466E+1
862.24	1.699E+1
862.53	-1.456E+1
862.81	-8.738E+1
863.10	0.000E+0
863.39	3.155E+1
863.67	0.000E+0
863.96	-1.699E+1
864.25	-4.369E+1
864.53	4.854E+1
864.82	0.000E+0
865.10	-4.854E+0
865.39	-2.913E+1
865.68	1.214E+1
865.96	-6.796E+1
866.25	6.311E+1
866.53	6.311E+1
866.82	6.311E+1