Wavelength	Intensity	Ocean Optics Flame
nm	counts
187.89	-5.825E+1
188.27	1.699E+1
188.64	5.097E+1
189.02	-1.942E+1
189.40	-5.097E+1
189.78	-3.884E+1
190.15	3.641E+1
190.53	4.854E+0
190.91	2.427E+1
191.29	-2.670E+1
191.66	-3.884E+1
192.04	3.884E+1
192.42	7.039E+1
192.80	8.495E+1
193.17	3.884E+1
193.55	5.825E+1
193.93	2.913E+1
194.30	1.214E+2
194.68	-2.427E+1
195.06	2.913E+1
195.44	0.000E+0
195.81	3.884E+1
196.19	5.097E+1
196.57	5.583E+1
196.94	1.602E+2
197.32	-1.456E+2
197.70	5.825E+1
198.07	5.583E+1
198.45	9.952E+1
198.83	2.670E+1
199.20	1.456E+1
199.58	-1.942E+1
199.96	5.340E+1
200.33	-3.398E+1
200.71	1.942E+1
201.09	-4.612E+1
201.46	2.913E+1
201.84	2.184E+1
202.22	-7.282E+0
202.59	1.456E+1
202.97	2.427E+1
203.34	9.709E+0
203.72	3.398E+1
204.10	-2.427E+1
204.47	-2.670E+1
204.85	-7.282E+0
205.23	1.456E+1
205.60	5.097E+1
205.98	2.670E+1
206.35	1.699E+1
206.73	5.097E+1
207.11	1.626E+2
207.48	-4.126E+1
207.86	1.044E+2
208.23	7.039E+1
208.61	-7.767E+1
208.98	9.709E+0
209.36	-4.126E+1
209.74	-1.456E+1
210.11	-2.670E+1
210.49	2.913E+1
210.86	3.398E+1
211.24	-3.155E+1
211.61	-2.184E+1
211.99	-9.709E+1
212.36	-1.942E+1
212.74	5.583E+1
213.11	-9.466E+1
213.49	2.913E+1
213.87	-9.709E+0
214.24	1.942E+1
214.62	-2.427E+0
214.99	3.398E+1
215.37	4.854E+0
215.74	-2.913E+1
216.12	9.709E+0
216.49	6.311E+1
216.87	7.524E+1
217.24	1.214E+1
217.62	9.709E+0
217.99	7.282E+1
218.37	-4.126E+1
218.74	5.583E+1
219.11	9.709E+0
219.49	-1.456E+1
219.86	3.641E+1
220.24	-4.854E+0
220.61	1.699E+1
220.99	-1.456E+1
221.36	-3.155E+1
221.74	-2.913E+1
222.11	7.282E+0
222.49	7.282E+0
222.86	5.097E+1
223.23	7.282E+1
223.61	1.796E+2
223.98	1.044E+2
224.36	8.253E+1
224.73	-9.709E+0
225.11	7.282E+0
225.48	5.583E+1
225.85	8.253E+1
226.23	-2.670E+1
226.60	-1.942E+1
226.98	-1.699E+1
227.35	6.311E+1
227.72	-2.670E+1
228.10	6.311E+1
228.47	9.223E+1
228.84	-7.282E+0
229.22	-1.481E+2
229.59	7.039E+1
229.97	-3.641E+1
230.34	1.699E+1
230.71	9.709E+1
231.09	6.554E+1
231.46	9.466E+1
231.83	1.384E+2
232.21	4.854E+1
232.58	4.854E+1
232.95	9.223E+1
233.33	4.854E+0
233.70	9.952E+1
234.07	-3.398E+1
234.45	3.398E+1
234.82	2.184E+1
235.19	2.184E+1
235.57	1.578E+2
235.94	5.583E+1
236.31	-7.282E+0
236.69	-1.068E+2
237.06	-7.282E+1
237.43	4.612E+1
237.80	2.427E+0
238.18	5.340E+1
238.55	1.408E+2
238.92	-2.670E+1
239.30	8.253E+1
239.67	7.767E+1
240.04	6.068E+1
240.41	-4.612E+1
240.79	3.155E+1
241.16	3.155E+1
241.53	-8.253E+1
241.90	4.612E+1
242.28	0.000E+0
242.65	9.709E+1
243.02	-7.282E+1
243.39	-1.214E+1
243.77	-2.427E+0
244.14	4.854E+0
244.51	2.913E+1
244.88	2.184E+1
245.25	1.432E+2
245.63	6.796E+1
246.00	6.068E+1
246.37	6.796E+1
246.74	-8.010E+1
247.11	2.427E+1
247.49	3.884E+1
247.86	9.223E+1
248.23	1.068E+2
248.60	-7.039E+1
248.97	-2.670E+1
249.35	1.117E+2
249.72	4.612E+1
250.09	-2.427E+1
250.46	-1.214E+1
250.83	7.282E+1
251.20	9.466E+1
251.58	2.184E+1
251.95	1.214E+1
252.32	0.000E+0
252.69	7.282E+0
253.06	-4.854E+0
253.43	5.097E+1
253.80	1.553E+2
254.17	4.854E+0
254.55	-3.155E+1
254.92	-9.466E+1
255.29	-3.641E+1
255.66	8.738E+1
256.03	-6.068E+1
256.40	-2.427E+1
256.77	7.039E+1
257.14	8.981E+1
257.51	-1.456E+1
257.88	-1.942E+1
258.26	-2.184E+1
258.63	8.495E+1
259.00	9.466E+1
259.37	-2.670E+1
259.74	-4.854E+0
260.11	-3.641E+1
260.48	8.010E+1
260.85	-7.767E+1
261.22	-2.427E+0
261.59	-1.214E+1
261.96	-1.238E+2
262.33	2.913E+1
262.70	1.456E+1
263.07	1.699E+1
263.44	1.214E+1
263.81	2.427E+0
264.18	-4.854E+0
264.55	5.097E+1
264.92	2.670E+1
265.29	8.253E+1
265.66	6.796E+1
266.03	-1.699E+1
266.40	2.913E+1
266.77	-2.427E+0
267.14	-8.010E+1
267.51	-2.913E+1
267.88	-3.641E+1
268.25	-4.854E+0
268.62	1.456E+1
268.99	1.456E+1
269.36	1.165E+2
269.73	-1.456E+1
270.10	8.495E+1
270.47	6.068E+1
270.84	1.214E+1
271.21	9.709E+0
271.58	-2.427E+0
271.95	3.641E+1
272.32	2.184E+1
272.69	2.913E+1
273.06	4.369E+1
273.43	5.825E+1
273.80	-2.670E+1
274.17	4.854E+1
274.53	-4.854E+0
274.90	4.612E+1
275.27	-4.369E+1
275.64	4.854E+1
276.01	1.942E+1
276.38	1.092E+2
276.75	1.214E+2
277.12	5.097E+1
277.49	-4.854E+0
277.86	-7.767E+1
278.22	4.612E+1
278.59	5.583E+1
278.96	-2.184E+1
279.33	2.184E+1
279.70	-1.456E+1
280.07	3.398E+1
280.44	1.699E+1
280.80	-5.097E+1
281.17	-7.282E+0
281.54	8.010E+1
281.91	4.126E+1
282.28	2.427E+1
282.65	5.340E+1
283.02	3.884E+1
283.38	4.369E+1
283.75	-1.456E+1
284.12	3.155E+1
284.49	-3.155E+1
284.86	3.398E+1
285.22	5.583E+1
285.59	-2.670E+1
285.96	5.340E+1
286.33	7.282E+1
286.70	6.554E+1
287.06	2.427E+0
287.43	4.854E+0
287.80	7.039E+1
288.17	3.155E+1
288.53	8.253E+1
288.90	7.039E+1
289.27	1.141E+2
289.64	-9.709E+0
290.01	1.942E+1
290.37	1.214E+1
290.74	2.427E+0
291.11	-7.039E+1
291.48	0.000E+0
291.84	8.738E+1
292.21	1.699E+1
292.58	-1.214E+1
292.94	7.767E+1
293.31	2.427E+1
293.68	0.000E+0
294.05	-3.884E+1
294.41	7.039E+1
294.78	-9.709E+0
295.15	-7.282E+0
295.51	9.709E+0
295.88	7.767E+1
296.25	6.311E+1
296.61	4.854E+1
296.98	2.427E+1
297.35	1.456E+1
297.72	1.699E+2
298.08	7.282E+0
298.45	-1.942E+1
298.82	-3.155E+1
299.18	6.068E+1
299.55	-7.282E+0
299.91	3.155E+1
300.28	-2.913E+1
300.65	-3.155E+1
301.01	3.884E+1
301.38	-2.670E+1
301.75	2.427E+0
302.11	-1.068E+2
302.48	-3.155E+1
302.85	-9.709E+0
303.21	6.554E+1
303.58	-4.612E+1
303.94	9.709E+0
304.31	7.039E+1
304.68	-1.942E+1
305.04	-6.311E+1
305.41	-2.913E+1
305.77	3.398E+1
306.14	-3.155E+1
306.51	-8.253E+1
306.87	-2.427E+0
307.24	1.311E+2
307.60	2.670E+1
307.97	-6.796E+1
308.33	8.981E+1
308.70	5.825E+1
309.07	3.641E+1
309.43	-1.699E+1
309.80	1.068E+2
310.16	0.000E+0
310.53	7.767E+1
310.89	-1.699E+1
311.26	-6.068E+1
311.62	6.311E+1
311.99	2.913E+1
312.35	-4.854E+0
312.72	2.427E+0
313.08	-1.456E+1
313.45	2.670E+1
313.81	-6.311E+1
314.18	5.097E+1
314.54	6.311E+1
314.91	5.583E+1
315.27	3.155E+1
315.64	5.583E+1
316.00	2.184E+1
316.37	9.466E+1
316.73	8.981E+1
317.10	-5.583E+1
317.46	3.398E+1
317.83	2.913E+1
318.19	1.189E+2
318.56	-5.097E+1
318.92	3.641E+1
319.28	-2.670E+1
319.65	2.427E+1
320.01	-4.612E+1
320.38	-7.282E+0
320.74	-1.384E+2
321.11	-3.398E+1
321.47	6.068E+1
321.83	-2.670E+1
322.20	-4.126E+1
322.56	1.214E+1
322.93	-4.126E+1
323.29	4.854E+1
323.66	-3.641E+1
324.02	7.282E+1
324.38	-9.709E+0
324.75	-3.398E+1
325.11	1.456E+1
325.47	5.583E+1
325.84	1.214E+1
326.20	-9.709E+1
326.57	-3.155E+1
326.93	-1.214E+1
327.29	3.398E+1
327.66	8.495E+1
328.02	-9.709E+1
328.38	8.253E+1
328.75	7.524E+1
329.11	3.641E+1
329.47	8.253E+1
329.84	-4.854E+1
330.20	-4.612E+1
330.56	-2.913E+1
330.93	5.340E+1
331.29	2.670E+1
331.65	-1.456E+1
332.02	-4.612E+1
332.38	4.854E+1
332.74	3.641E+1
333.10	9.709E+1
333.47	8.010E+1
333.83	6.554E+1
334.19	9.223E+1
334.56	-4.854E+1
334.92	5.825E+1
335.28	-8.253E+1
335.64	-5.825E+1
336.01	-3.641E+1
336.37	9.709E+0
336.73	4.854E+1
337.09	1.214E+1
337.46	-4.854E+1
337.82	1.189E+2
338.18	-9.223E+1
338.54	2.427E+1
338.91	7.282E+1
339.27	-1.456E+1
339.63	1.408E+2
339.99	4.612E+1
340.36	1.481E+2
340.72	-4.126E+1
341.08	5.583E+1
341.44	-9.952E+1
341.80	2.913E+1
342.17	2.427E+1
342.53	7.039E+1
342.89	-1.699E+1
343.25	1.942E+1
343.61	9.709E+0
343.98	2.670E+1
344.34	-2.427E+1
344.70	-3.884E+1
345.06	6.311E+1
345.42	-8.738E+1
345.78	-1.699E+1
346.14	-1.214E+1
346.51	-4.854E+0
346.87	-2.670E+1
347.23	0.000E+0
347.59	-5.825E+1
347.95	2.670E+1
348.31	-2.427E+0
348.67	-4.126E+1
349.04	-5.340E+1
349.40	-3.884E+1
349.76	2.670E+1
350.12	8.010E+1
350.48	-6.796E+1
350.84	1.214E+1
351.20	-7.282E+1
351.56	2.184E+1
351.92	7.282E+1
352.28	-4.854E+0
352.65	1.942E+1
353.01	-1.092E+2
353.37	3.398E+1
353.73	6.068E+1
354.09	5.583E+1
354.45	2.427E+1
354.81	3.398E+1
355.17	2.670E+1
355.53	3.398E+1
355.89	2.913E+1
356.25	-2.427E+0
356.61	3.641E+1
356.97	5.583E+1
357.33	1.214E+1
357.69	-4.854E+0
358.05	1.189E+2
358.41	3.884E+1
358.77	-1.456E+1
359.13	2.670E+1
359.49	-2.184E+1
359.85	1.044E+2
360.21	-9.709E+0
360.57	3.155E+1
360.93	-4.612E+1
361.29	9.709E+0
361.65	3.155E+1
362.01	2.913E+1
362.37	-2.913E+1
362.73	-2.670E+1
363.09	3.398E+1
363.45	4.854E+1
363.81	1.456E+1
364.17	-1.942E+1
364.53	1.699E+1
364.89	-4.612E+1
365.25	-3.884E+1
365.61	1.699E+1
365.97	6.311E+1
366.33	2.427E+0
366.69	4.854E+1
367.05	5.825E+1
367.40	6.554E+1
367.76	2.184E+1
368.12	-2.670E+1
368.48	-5.825E+1
368.84	8.738E+1
369.20	3.884E+1
369.56	6.796E+1
369.92	7.039E+1
370.28	-3.884E+1
370.63	9.223E+1
370.99	-1.456E+1
371.35	-9.709E+0
371.71	1.699E+1
372.07	4.369E+1
372.43	7.282E+0
372.79	7.282E+0
373.15	-7.767E+1
373.50	-9.709E+0
373.86	5.583E+1
374.22	6.554E+1
374.58	4.126E+1
374.94	-5.340E+1
375.30	-4.369E+1
375.65	-5.097E+1
376.01	-2.184E+1
376.37	5.097E+1
376.73	4.612E+1
377.09	1.238E+2
377.44	-9.709E+0
377.80	-2.427E+0
378.16	9.709E+0
378.52	-5.340E+1
378.88	7.039E+1
379.23	1.942E+1
379.59	5.583E+1
379.95	5.825E+1
380.31	2.670E+1
380.66	6.311E+1
381.02	4.854E+0
381.38	1.626E+2
381.74	4.854E+1
382.09	8.981E+1
382.45	2.427E+0
382.81	5.583E+1
383.17	8.981E+1
383.52	4.369E+1
383.88	4.612E+1
384.24	7.282E+0
384.60	-1.942E+1
384.95	1.456E+2
385.31	7.282E+0
385.67	3.398E+1
386.02	2.184E+1
386.38	7.282E+1
386.74	-2.427E+1
387.10	3.884E+1
387.45	8.495E+1
387.81	1.286E+2
388.17	-5.097E+1
388.52	-2.184E+1
388.88	1.456E+1
389.24	9.709E+0
389.59	2.427E+1
389.95	7.282E+0
390.31	-9.709E+0
390.66	-1.214E+1
391.02	4.854E+0
391.38	-1.384E+2
391.73	9.709E+0
392.09	1.456E+1
392.44	2.427E+1
392.80	6.554E+1
393.16	-3.398E+1
393.51	-6.311E+1
393.87	-1.699E+1
394.23	7.039E+1
394.58	0.000E+0
394.94	-2.427E+0
395.29	-2.670E+1
395.65	5.583E+1
396.01	2.427E+0
396.36	-9.709E+0
396.72	-1.189E+2
397.07	2.670E+1
397.43	3.641E+1
397.78	-1.044E+2
398.14	9.709E+0
398.50	3.641E+1
398.85	7.282E+0
399.21	4.126E+1
399.56	4.612E+1
399.92	-9.709E+0
400.27	1.092E+2
400.63	5.583E+1
400.98	5.825E+1
401.34	4.854E+1
401.69	7.282E+1
402.05	-8.495E+1
402.40	1.214E+2
402.76	-9.709E+0
403.11	4.854E+1
403.47	4.126E+1
403.82	-3.884E+1
404.18	-7.282E+0
404.53	1.942E+1
404.89	-9.709E+0
405.24	3.641E+1
405.60	1.942E+1
405.95	2.184E+1
406.31	9.709E+0
406.66	5.825E+1
407.02	-9.952E+1
407.37	3.398E+1
407.73	-6.554E+1
408.08	-2.427E+1
408.44	8.738E+1
408.79	3.884E+1
409.14	1.335E+2
409.50	5.097E+1
409.85	-4.126E+1
410.21	-2.427E+1
410.56	4.369E+1
410.92	1.214E+1
411.27	-1.214E+1
411.62	-7.767E+1
411.98	1.384E+2
412.33	-3.641E+1
412.69	4.854E+1
413.04	-7.767E+1
413.39	2.913E+1
413.75	9.466E+1
414.10	2.670E+1
414.45	0.000E+0
414.81	1.311E+2
415.16	5.340E+1
415.52	4.612E+1
415.87	7.282E+0
416.22	1.117E+2
416.58	-4.612E+1
416.93	-1.214E+1
417.28	-7.282E+0
417.64	-1.214E+1
417.99	1.723E+2
418.34	4.126E+1
418.70	-1.942E+1
419.05	6.554E+1
419.40	2.427E+1
419.76	-7.282E+1
420.11	-9.223E+1
420.46	9.709E+0
420.81	3.641E+1
421.17	2.670E+1
421.52	4.612E+1
421.87	3.155E+1
422.23	5.825E+1
422.58	-3.641E+1
422.93	-1.214E+1
423.28	1.141E+2
423.64	1.214E+1
423.99	0.000E+0
424.34	1.068E+2
424.69	-6.311E+1
425.05	2.184E+1
425.40	6.311E+1
425.75	5.825E+1
426.10	1.505E+2
426.46	7.039E+1
426.81	6.311E+1
427.16	-1.699E+1
427.51	-3.398E+1
427.87	1.214E+1
428.22	3.398E+1
428.57	9.466E+1
428.92	-1.699E+1
429.27	1.432E+2
429.63	9.709E+0
429.98	2.427E+0
430.33	-1.456E+1
430.68	1.311E+2
431.03	2.184E+1
431.38	1.068E+2
431.74	2.670E+1
432.09	3.155E+1
432.44	1.214E+1
432.79	4.126E+1
433.14	1.456E+1
433.49	-6.311E+1
433.85	4.126E+1
434.20	-1.214E+1
434.55	-1.456E+1
434.90	-7.282E+0
435.25	8.495E+1
435.60	5.097E+1
435.95	1.214E+1
436.30	-5.583E+1
436.66	-6.796E+1
437.01	-6.068E+1
437.36	-7.282E+0
437.71	6.311E+1
438.06	3.155E+1
438.41	1.408E+2
438.76	3.884E+1
439.11	-4.369E+1
439.46	6.068E+1
439.81	-3.884E+1
440.16	1.286E+2
440.52	4.854E+1
440.87	8.010E+1
441.22	1.384E+2
441.57	1.456E+1
441.92	7.282E+0
442.27	1.165E+2
442.62	-4.369E+1
442.97	-9.709E+0
443.32	2.427E+0
443.67	-9.709E+0
444.02	7.767E+1
444.37	5.097E+1
444.72	-4.854E+1
445.07	-4.854E+0
445.42	1.117E+2
445.77	4.854E+1
446.12	-4.612E+1
446.47	-1.117E+2
446.82	3.641E+1
447.17	1.675E+2
447.52	-2.913E+1
447.87	-2.427E+0
448.22	1.141E+2
448.57	-9.466E+1
448.92	-6.311E+1
449.27	-2.427E+1
449.62	1.942E+1
449.97	-3.641E+1
450.32	4.854E+1
450.66	-2.427E+0
451.01	-7.282E+0
451.36	4.854E+0
451.71	9.709E+1
452.06	3.398E+1
452.41	-6.796E+1
452.76	3.398E+1
453.11	-4.612E+1
453.46	0.000E+0
453.81	9.952E+1
454.16	1.942E+1
454.51	-1.699E+1
454.85	-2.427E+1
455.20	1.456E+1
455.55	-2.427E+1
455.90	2.427E+1
456.25	5.097E+1
456.60	1.699E+1
456.95	-1.044E+2
457.30	2.670E+1
457.64	3.155E+1
457.99	5.340E+1
458.34	4.126E+1
458.69	-8.738E+1
459.04	1.456E+1
459.39	8.010E+1
459.73	-7.282E+0
460.08	2.427E+1
460.43	-5.340E+1
460.78	2.184E+1
461.13	1.553E+2
461.48	-6.068E+1
461.82	1.214E+1
462.17	-4.612E+1
462.52	1.092E+2
462.87	-7.282E+1
463.21	-1.044E+2
463.56	2.913E+1
463.91	-5.583E+1
464.26	-8.010E+1
464.61	2.670E+1
464.95	6.796E+1
465.30	-9.709E+0
465.65	-1.214E+1
466.00	0.000E+0
466.34	-4.612E+1
466.69	1.942E+1
467.04	2.913E+1
467.39	-1.699E+1
467.73	-9.709E+0
468.08	8.981E+1
468.43	-9.709E+0
468.77	1.019E+2
469.12	5.583E+1
469.47	-6.311E+1
469.82	4.612E+1
470.16	9.709E+1
470.51	1.214E+1
470.86	5.340E+1
471.20	-2.427E+0
471.55	2.427E+0
471.90	1.068E+2
472.24	1.214E+1
472.59	-2.427E+0
472.94	4.126E+1
473.28	-9.709E+0
473.63	0.000E+0
473.98	-1.214E+1
474.32	7.039E+1
474.67	2.913E+1
475.02	9.709E+0
475.36	0.000E+0
475.71	8.010E+1
476.06	5.097E+1
476.40	-6.311E+1
476.75	9.223E+1
477.09	4.854E+0
477.44	7.524E+1
477.79	-7.282E+0
478.13	-1.699E+1
478.48	2.670E+1
478.82	2.184E+1
479.17	1.456E+1
479.52	1.456E+1
479.86	2.913E+1
480.21	6.311E+1
480.55	5.583E+1
480.90	8.981E+1
481.24	-2.427E+0
481.59	5.340E+1
481.94	-1.699E+1
482.28	1.942E+1
482.63	1.141E+2
482.97	-2.670E+1
483.32	8.495E+1
483.66	-9.466E+1
484.01	5.340E+1
484.35	-4.126E+1
484.70	9.952E+1
485.04	-4.612E+1
485.39	2.670E+1
485.73	2.184E+1
486.08	-6.796E+1
486.42	-1.456E+1
486.77	6.068E+1
487.11	-9.466E+1
487.46	5.583E+1
487.80	6.796E+1
488.15	-3.641E+1
488.49	1.044E+2
488.84	-2.670E+1
489.18	-1.335E+2
489.53	9.709E+0
489.87	2.427E+0
490.21	-2.670E+1
490.56	9.709E+0
490.90	1.214E+1
491.25	-5.825E+1
491.59	2.670E+1
491.94	-3.398E+1
492.28	1.311E+2
492.62	-1.214E+1
492.97	-3.398E+1
493.31	1.456E+1
493.66	1.214E+1
494.00	3.641E+1
494.34	-6.796E+1
494.69	-7.282E+0
495.03	-2.427E+0
495.38	-8.981E+1
495.72	1.068E+2
496.06	1.068E+2
496.41	-6.068E+1
496.75	-6.796E+1
497.09	3.641E+1
497.44	1.456E+1
497.78	-4.369E+1
498.13	4.854E+1
498.47	9.709E+1
498.81	1.699E+1
499.16	6.554E+1
499.50	2.184E+1
499.84	-1.456E+1
500.19	0.000E+0
500.53	-9.709E+0
500.87	1.942E+1
501.21	8.253E+1
501.56	-2.184E+1
501.90	9.223E+1
502.24	2.913E+1
502.59	-5.825E+1
502.93	-4.126E+1
503.27	1.092E+2
503.61	4.612E+1
503.96	3.398E+1
504.30	7.767E+1
504.64	7.282E+0
504.99	-1.214E+1
505.33	9.223E+1
505.67	8.495E+1
506.01	5.340E+1
506.36	3.641E+1
506.70	1.141E+2
507.04	5.097E+1
507.38	-4.612E+1
507.72	6.554E+1
508.07	-5.583E+1
508.41	-1.456E+1
508.75	-4.369E+1
509.09	-3.155E+1
509.44	-5.340E+1
509.78	-4.854E+0
510.12	-2.184E+1
510.46	3.641E+1
510.80	6.068E+1
511.14	-2.427E+0
511.49	-3.155E+1
511.83	-4.612E+1
512.17	2.427E+1
512.51	-1.214E+1
512.85	4.854E+0
513.19	4.854E+1
513.54	7.524E+1
513.88	4.612E+1
514.22	9.223E+1
514.56	3.155E+1
514.90	4.854E+1
515.24	5.825E+1
515.58	0.000E+0
515.93	-4.126E+1
516.27	6.068E+1
516.61	4.854E+0
516.95	9.709E+0
517.29	3.884E+1
517.63	9.709E+0
517.97	-5.097E+1
518.31	-7.039E+1
518.65	4.369E+1
518.99	4.854E+1
519.33	7.767E+1
519.67	8.495E+1
520.02	-6.796E+1
520.36	3.155E+1
520.70	8.253E+1
521.04	0.000E+0
521.38	2.670E+1
521.72	5.340E+1
522.06	-2.427E+1
522.40	-7.282E+0
522.74	5.340E+1
523.08	3.155E+1
523.42	-4.612E+1
523.76	-1.141E+2
524.10	2.427E+1
524.44	2.184E+1
524.78	4.126E+1
525.12	-4.854E+0
525.46	3.155E+1
525.80	-4.126E+1
526.14	5.340E+1
526.48	2.670E+1
526.82	-6.068E+1
527.16	1.044E+2
527.50	8.738E+1
527.84	2.184E+1
528.18	-6.068E+1
528.52	2.913E+1
528.86	-4.854E+0
529.20	-9.709E+0
529.54	1.456E+1
529.87	-4.854E+0
530.21	7.767E+1
530.55	-2.427E+0
530.89	0.000E+0
531.23	2.427E+0
531.57	-5.097E+1
531.91	3.884E+1
532.25	-4.854E+1
532.59	-8.738E+1
532.93	4.369E+1
533.27	6.311E+1
533.60	7.767E+1
533.94	-1.942E+1
534.28	-3.884E+1
534.62	4.612E+1
534.96	-1.214E+1
535.30	-7.767E+1
535.64	-6.796E+1
535.98	5.825E+1
536.31	3.641E+1
536.65	-4.126E+1
536.99	3.398E+1
537.33	-3.884E+1
537.67	9.709E+0
538.01	7.039E+1
538.34	8.253E+1
538.68	-2.670E+1
539.02	3.884E+1
539.36	5.825E+1
539.70	7.039E+1
540.03	-2.427E+0
540.37	9.223E+1
540.71	6.311E+1
541.05	-3.884E+1
541.39	-1.456E+1
541.72	1.456E+1
542.06	4.126E+1
542.40	1.214E+1
542.74	4.854E+1
543.07	7.282E+0
543.41	1.699E+1
543.75	4.126E+1
544.09	7.282E+0
544.42	2.427E+1
544.76	3.641E+1
545.10	-2.427E+0
545.44	3.641E+1
545.77	-6.311E+1
546.11	-7.282E+0
546.45	2.427E+0
546.78	-5.340E+1
547.12	0.000E+0
547.46	1.238E+2
547.80	7.282E+1
548.13	1.699E+1
548.47	-3.641E+1
548.81	7.767E+1
549.14	2.913E+1
549.48	-2.184E+1
549.82	-1.214E+1
550.15	2.427E+1
550.49	8.738E+1
550.83	-2.913E+1
551.16	7.282E+0
551.50	1.117E+2
551.84	-1.699E+1
552.17	8.738E+1
552.51	5.825E+1
552.84	6.068E+1
553.18	-3.641E+1
553.52	0.000E+0
553.85	6.311E+1
554.19	4.854E+1
554.53	2.427E+0
554.86	-1.456E+1
555.20	8.738E+1
555.53	2.112E+2
555.87	1.068E+2
556.20	-4.854E+0
556.54	1.699E+1
556.88	1.456E+1
557.21	-5.583E+1
557.55	2.427E+1
557.88	5.097E+1
558.22	7.039E+1
558.55	-4.126E+1
558.89	-1.456E+1
559.23	7.282E+0
559.56	2.184E+1
559.90	2.427E+1
560.23	-1.456E+1
560.57	-2.427E+0
560.90	-2.913E+1
561.24	-3.155E+1
561.57	3.155E+1
561.91	6.554E+1
562.24	3.884E+1
562.58	3.884E+1
562.91	1.456E+1
563.25	3.398E+1
563.58	-4.854E+0
563.92	6.796E+1
564.25	4.369E+1
564.59	3.641E+1
564.92	6.554E+1
565.25	4.612E+1
565.59	3.884E+1
565.92	-2.427E+0
566.26	7.282E+0
566.59	4.854E+1
566.93	-4.854E+0
567.26	1.165E+2
567.60	4.612E+1
567.93	4.854E+0
568.26	2.427E+1
568.60	4.612E+1
568.93	6.796E+1
569.27	5.097E+1
569.60	6.554E+1
569.93	7.282E+0
570.27	2.184E+1
570.60	1.019E+2
570.94	-3.398E+1
571.27	5.340E+1
571.60	2.913E+1
571.94	3.641E+1
572.27	-2.427E+0
572.60	7.282E+0
572.94	-2.184E+1
573.27	-2.427E+1
573.60	-1.942E+1
573.94	-2.913E+1
574.27	8.981E+1
574.60	8.981E+1
574.94	5.097E+1
575.27	-9.709E+0
575.60	-1.456E+1
575.94	2.913E+1
576.27	-3.398E+1
576.60	-1.214E+1
576.94	1.311E+2
577.27	-7.282E+0
577.60	4.369E+1
577.94	-6.068E+1
578.27	1.214E+1
578.60	-2.184E+1
578.93	1.456E+1
579.27	7.039E+1
579.60	8.981E+1
579.93	7.282E+0
580.26	9.223E+1
580.60	7.282E+0
580.93	2.670E+1
581.26	-2.670E+1
581.59	1.772E+2
581.93	4.126E+1
582.26	6.554E+1
582.59	6.068E+1
582.92	1.189E+2
583.25	7.039E+1
583.59	2.427E+1
583.92	9.466E+1
584.25	1.019E+2
584.58	4.126E+1
584.91	1.238E+2
585.25	1.044E+2
585.58	1.456E+1
585.91	9.466E+1
586.24	1.141E+2
586.57	8.738E+1
586.90	1.311E+2
587.24	1.723E+2
587.57	1.675E+2
587.90	7.767E+1
588.23	8.738E+1
588.56	2.354E+2
588.89	7.767E+1
589.22	5.340E+1
589.56	-9.709E+0
589.89	1.505E+2
590.22	2.282E+2
590.55	1.068E+2
590.88	1.481E+2
591.21	1.214E+2
591.54	2.354E+2
591.87	2.354E+2
592.20	1.748E+2
592.53	1.918E+2
592.87	1.966E+2
593.20	2.670E+2
593.53	2.718E+2
593.86	3.447E+2
594.19	2.937E+2
594.52	3.010E+2
594.85	2.354E+2
595.18	2.767E+2
595.51	2.403E+2
595.84	3.010E+2
596.17	1.942E+2
596.50	2.767E+2
596.83	4.151E+2
597.16	4.223E+2
597.49	5.049E+2
597.82	3.592E+2
598.15	4.490E+2
598.48	3.689E+2
598.81	3.956E+2
599.14	5.388E+2
599.47	5.388E+2
599.80	4.903E+2
600.13	6.408E+2
600.46	5.388E+2
600.79	5.704E+2
601.12	5.364E+2
601.45	6.820E+2
601.78	6.020E+2
602.11	7.209E+2
602.44	7.015E+2
602.77	6.287E+2
603.10	7.306E+2
603.42	7.330E+2
603.75	7.694E+2
604.08	8.617E+2
604.41	8.884E+2
604.74	8.592E+2
605.07	8.520E+2
605.40	1.056E+3
605.73	1.000E+3
606.06	9.685E+2
606.39	1.216E+3
606.71	1.044E+3
607.04	1.129E+3
607.37	1.151E+3
607.70	1.146E+3
608.03	1.323E+3
608.36	1.420E+3
608.69	1.420E+3
609.02	1.425E+3
609.34	1.476E+3
609.67	1.524E+3
610.00	1.658E+3
610.33	1.665E+3
610.66	1.779E+3
610.98	1.830E+3
611.31	1.786E+3
611.64	1.845E+3
611.97	2.032E+3
612.30	2.087E+3
612.63	2.265E+3
612.95	2.228E+3
613.28	2.408E+3
613.61	2.359E+3
613.94	2.607E+3
614.26	2.685E+3
614.59	2.701E+3
614.92	2.743E+3
615.25	2.947E+3
615.57	3.080E+3
615.90	3.231E+3
616.23	3.422E+3
616.56	3.333E+3
616.88	3.498E+3
617.21	3.626E+3
617.54	3.811E+3
617.87	3.964E+3
618.19	4.148E+3
618.52	4.238E+3
618.85	4.347E+3
619.17	4.580E+3
619.50	4.534E+3
619.83	4.949E+3
620.15	5.003E+3
620.48	5.311E+3
620.81	5.435E+3
621.14	5.651E+3
621.46	5.704E+3
621.79	6.192E+3
622.11	6.155E+3
622.44	6.563E+3
622.77	6.699E+3
623.09	6.954E+3
623.42	7.068E+3
623.75	7.442E+3
624.07	7.641E+3
624.40	8.155E+3
624.73	8.439E+3
625.05	8.379E+3
625.38	9.003E+3
625.70	9.194E+3
626.03	9.515E+3
626.36	9.767E+3
626.68	1.039E+4
627.01	1.054E+4
627.33	1.112E+4
627.66	1.155E+4
627.99	1.212E+4
628.31	1.235E+4
628.64	1.322E+4
628.96	1.331E+4
629.29	1.390E+4
629.61	1.457E+4
629.94	1.518E+4
630.26	1.515E+4
630.59	1.604E+4
630.91	1.674E+4
631.24	1.685E+4
631.57	1.818E+4
631.89	1.862E+4
632.22	1.947E+4
632.54	1.996E+4
632.87	2.051E+4
633.19	2.119E+4
633.52	2.218E+4
633.84	2.311E+4
634.16	2.386E+4
634.49	2.464E+4
634.81	2.549E+4
635.14	2.671E+4
635.46	2.774E+4
635.79	2.838E+4
636.11	2.926E+4
636.44	3.058E+4
636.76	3.133E+4
637.09	3.238E+4
637.41	3.309E+4
637.73	3.436E+4
638.06	3.546E+4
638.38	3.653E+4
638.71	3.775E+4
639.03	3.859E+4
639.36	3.997E+4
639.68	4.070E+4
640.00	4.210E+4
640.33	4.268E+4
640.65	4.375E+4
640.97	4.516E+4
641.30	4.570E+4
641.62	4.741E+4
641.95	4.833E+4
642.27	4.879E+4
642.59	4.993E+4
642.92	5.087E+4
643.24	5.175E+4
643.56	5.240E+4
643.89	5.292E+4
644.21	5.401E+4
644.53	5.390E+4
644.86	5.449E+4
645.18	5.496E+4
645.50	5.555E+4
645.83	5.525E+4
646.15	5.622E+4
646.47	5.599E+4
646.80	5.601E+4
647.12	5.653E+4
647.44	5.631E+4
647.76	5.652E+4
648.09	5.639E+4
648.41	5.586E+4
648.73	5.527E+4
649.05	5.519E+4
649.38	5.422E+4
649.70	5.425E+4
650.02	5.348E+4
650.34	5.264E+4
650.67	5.186E+4
650.99	5.143E+4
651.31	5.016E+4
651.63	4.886E+4
651.96	4.800E+4
652.28	4.716E+4
652.60	4.594E+4
652.92	4.442E+4
653.24	4.317E+4
653.57	4.245E+4
653.89	4.074E+4
654.21	3.965E+4
654.53	3.780E+4
654.85	3.617E+4
655.18	3.533E+4
655.50	3.387E+4
655.82	3.269E+4
656.14	3.122E+4
656.46	3.007E+4
656.78	2.875E+4
657.10	2.754E+4
657.43	2.664E+4
657.75	2.519E+4
658.07	2.445E+4
658.39	2.314E+4
658.71	2.209E+4
659.03	2.101E+4
659.35	2.010E+4
659.67	1.900E+4
659.99	1.824E+4
660.32	1.746E+4
660.64	1.640E+4
660.96	1.610E+4
661.28	1.496E+4
661.60	1.450E+4
661.92	1.400E+4
662.24	1.330E+4
662.56	1.259E+4
662.88	1.182E+4
663.20	1.158E+4
663.52	1.102E+4
663.84	1.012E+4
664.16	9.838E+3
664.48	9.456E+3
664.80	8.830E+3
665.12	8.585E+3
665.44	7.954E+3
665.76	7.811E+3
666.08	7.262E+3
666.40	6.954E+3
666.72	6.544E+3
667.04	6.277E+3
667.36	6.041E+3
667.68	5.660E+3
668.00	5.357E+3
668.32	5.180E+3
668.64	4.910E+3
668.96	4.651E+3
669.28	4.500E+3
669.60	4.265E+3
669.92	4.163E+3
670.24	3.794E+3
670.56	3.524E+3
670.88	3.532E+3
671.20	3.279E+3
671.52	3.245E+3
671.84	3.027E+3
672.16	2.777E+3
672.47	2.755E+3
672.79	2.534E+3
673.11	2.425E+3
673.43	2.228E+3
673.75	2.112E+3
674.07	2.044E+3
674.39	1.966E+3
674.71	1.981E+3
675.03	1.595E+3
675.34	1.561E+3
675.66	1.624E+3
675.98	1.468E+3
676.30	1.320E+3
676.62	1.408E+3
676.94	1.303E+3
677.25	1.206E+3
677.57	1.085E+3
677.89	1.039E+3
678.21	9.855E+2
678.53	9.879E+2
678.85	9.855E+2
679.16	7.646E+2
679.48	6.942E+2
679.80	7.597E+2
680.12	7.743E+2
680.44	6.772E+2
680.75	5.874E+2
681.07	5.704E+2
681.39	5.922E+2
681.71	5.971E+2
682.02	4.685E+2
682.34	4.345E+2
682.66	5.510E+2
682.98	3.835E+2
683.29	5.024E+2
683.61	4.248E+2
683.93	3.786E+2
684.25	4.199E+2
684.56	3.908E+2
684.88	2.451E+2
685.20	3.131E+2
685.51	3.884E+2
685.83	3.252E+2
686.15	2.015E+2
686.47	2.646E+2
686.78	2.451E+2
687.10	1.553E+2
687.42	3.325E+2
687.73	2.646E+2
688.05	1.699E+2
688.37	1.044E+2
688.68	1.748E+2
689.00	1.456E+2
689.32	1.432E+2
689.63	1.918E+2
689.95	2.160E+2
690.26	1.602E+2
690.58	1.651E+2
690.90	2.184E+2
691.21	-1.456E+1
691.53	7.767E+1
691.85	1.481E+2
692.16	2.670E+2
692.48	1.869E+2
692.79	1.189E+2
693.11	5.825E+1
693.42	8.010E+1
693.74	1.384E+2
694.06	1.141E+2
694.37	1.068E+2
694.69	7.767E+1
695.00	5.340E+1
695.32	1.311E+2
695.63	-5.583E+1
695.95	1.408E+2
696.26	1.214E+2
696.58	-2.427E+0
696.90	-3.155E+1
697.21	1.335E+2
697.53	-4.126E+1
697.84	9.952E+1
698.16	9.709E+0
698.47	-9.709E+0
698.79	-6.554E+1
699.10	4.854E+1
699.42	7.524E+1
699.73	3.398E+1
700.05	7.282E+1
700.36	1.408E+2
700.68	8.738E+1
700.99	6.068E+1
701.30	2.184E+1
701.62	4.126E+1
701.93	5.583E+1
702.25	3.398E+1
702.56	4.126E+1
702.88	3.884E+1
703.19	4.854E+1
703.50	8.253E+1
703.82	1.214E+1
704.13	-1.214E+1
704.45	4.854E+1
704.76	8.253E+1
705.08	5.097E+1
705.39	1.214E+1
705.70	1.456E+1
706.02	6.796E+1
706.33	5.097E+1
706.64	4.126E+1
706.96	2.427E+1
707.27	5.583E+1
707.59	6.311E+1
707.90	-1.214E+1
708.21	1.384E+2
708.53	-7.282E+0
708.84	4.854E+0
709.15	-3.155E+1
709.47	-6.311E+1
709.78	2.184E+1
710.09	-7.282E+1
710.41	-2.427E+0
710.72	4.612E+1
711.03	4.126E+1
711.34	-4.854E+0
711.66	4.612E+1
711.97	-4.854E+0
712.28	-1.699E+1
712.60	4.854E+1
712.91	-9.466E+1
713.22	-4.854E+0
713.53	2.427E+0
713.85	2.427E+1
714.16	2.427E+1
714.47	6.068E+1
714.78	5.583E+1
715.10	1.019E+2
715.41	1.286E+2
715.72	3.155E+1
716.03	9.709E+1
716.35	8.981E+1
716.66	6.554E+1
716.97	5.583E+1
717.28	-3.155E+1
717.59	-4.854E+0
717.91	-1.699E+1
718.22	3.155E+1
718.53	1.214E+2
718.84	-1.214E+1
719.15	6.554E+1
719.46	9.952E+1
719.78	-6.068E+1
720.09	-1.699E+1
720.40	5.583E+1
720.71	4.126E+1
721.02	-9.709E+0
721.33	0.000E+0
721.65	1.044E+2
721.96	-2.913E+1
722.27	7.282E+1
722.58	6.796E+1
722.89	4.369E+1
723.20	1.359E+2
723.51	1.942E+1
723.82	2.184E+1
724.13	-3.884E+1
724.45	2.427E+0
724.76	-3.398E+1
725.07	1.068E+2
725.38	1.942E+1
725.69	1.942E+1
726.00	1.651E+2
726.31	-3.641E+1
726.62	7.282E+1
726.93	-6.796E+1
727.24	5.825E+1
727.55	7.767E+1
727.86	7.282E+0
728.17	2.670E+1
728.48	4.854E+1
728.79	7.767E+1
729.10	6.311E+1
729.41	2.427E+0
729.72	-1.456E+1
730.03	5.340E+1
730.34	-4.854E+1
730.65	-8.495E+1
730.96	3.884E+1
731.27	-5.097E+1
731.58	2.670E+1
731.89	-6.796E+1
732.20	7.282E+0
732.51	-9.223E+1
732.82	0.000E+0
733.13	-3.155E+1
733.44	-4.854E+0
733.75	1.942E+1
734.06	1.699E+1
734.37	-4.854E+0
734.68	9.952E+1
734.98	-3.641E+1
735.29	-1.942E+1
735.60	8.981E+1
735.91	6.554E+1
736.22	1.141E+2
736.53	4.854E+0
736.84	-3.884E+1
737.15	3.155E+1
737.46	5.097E+1
737.77	-3.398E+1
738.07	-1.214E+1
738.38	7.767E+1
738.69	0.000E+0
739.00	1.942E+1
739.31	8.495E+1
739.62	-8.738E+1
739.92	3.398E+1
740.23	0.000E+0
740.54	4.854E+1
740.85	-4.854E+1
741.16	3.884E+1
741.47	-6.554E+1
741.77	-1.456E+1
742.08	5.340E+1
742.39	1.068E+2
742.70	-4.854E+0
743.01	1.699E+1
743.31	7.282E+0
743.62	6.554E+1
743.93	1.942E+1
744.24	7.282E+0
744.54	-5.340E+1
744.85	2.913E+1
745.16	1.699E+1
745.47	2.427E+1
745.77	5.583E+1
746.08	-1.699E+1
746.39	-9.709E+0
746.70	1.456E+1
747.00	-9.466E+1
747.31	-3.884E+1
747.62	-1.456E+1
747.92	3.884E+1
748.23	-5.583E+1
748.54	-6.311E+1
748.84	7.282E+1
749.15	-1.044E+2
749.46	2.913E+1
749.76	8.010E+1
750.07	2.670E+1
750.38	3.155E+1
750.68	-1.699E+1
750.99	-4.854E+0
751.30	-9.466E+1
751.60	2.913E+1
751.91	-1.456E+1
752.22	1.262E+2
752.52	1.481E+2
752.83	1.553E+2
753.14	4.369E+1
753.44	-1.214E+1
753.75	-2.913E+1
754.05	7.767E+1
754.36	7.767E+1
754.67	6.554E+1
754.97	2.184E+1
755.28	1.942E+1
755.58	4.854E+0
755.89	1.942E+1
756.19	-3.398E+1
756.50	2.670E+1
756.81	6.311E+1
757.11	-7.282E+0
757.42	-1.456E+1
757.72	-2.427E+0
758.03	-8.738E+1
758.33	7.039E+1
758.64	5.825E+1
758.94	-4.126E+1
759.25	-4.612E+1
759.55	-4.369E+1
759.86	4.369E+1
760.16	-4.369E+1
760.47	-9.709E+0
760.77	7.282E+1
761.08	-1.214E+1
761.38	1.699E+1
761.69	-2.427E+0
761.99	5.825E+1
762.30	-1.214E+1
762.60	8.981E+1
762.91	1.456E+1
763.21	8.495E+1
763.51	2.427E+1
763.82	7.524E+1
764.12	7.282E+0
764.43	-2.670E+1
764.73	3.155E+1
765.04	1.214E+1
765.34	2.670E+1
765.64	3.641E+1
765.95	9.709E+0
766.25	1.311E+2
766.56	-1.214E+1
766.86	-5.097E+1
767.16	5.340E+1
767.47	1.942E+1
767.77	-3.641E+1
768.07	-7.282E+0
768.38	-8.010E+1
768.68	2.184E+1
768.98	-4.854E+0
769.29	-1.942E+1
769.59	1.456E+1
769.89	1.165E+2
770.20	-2.427E+0
770.50	-9.952E+1
770.80	5.825E+1
771.11	2.670E+1
771.41	-2.427E+1
771.71	9.709E+0
772.02	-2.427E+1
772.32	-2.913E+1
772.62	2.427E+0
772.93	2.184E+1
773.23	8.253E+1
773.53	-2.427E+0
773.83	1.359E+2
774.14	-2.427E+0
774.44	-4.854E+0
774.74	5.097E+1
775.04	-1.214E+1
775.35	4.854E+0
775.65	7.039E+1
775.95	-2.670E+1
776.25	-8.010E+1
776.55	-1.117E+2
776.86	1.214E+1
777.16	-1.699E+1
777.46	3.884E+1
777.76	-4.369E+1
778.06	-2.670E+1
778.37	6.796E+1
778.67	5.097E+1
778.97	2.427E+1
779.27	1.699E+1
779.57	-2.427E+0
779.88	-5.340E+1
780.18	3.884E+1
780.48	7.282E+0
780.78	-6.068E+1
781.08	-2.670E+1
781.38	2.670E+1
781.68	1.456E+1
781.98	-2.913E+1
782.29	5.825E+1
782.59	1.942E+1
782.89	-8.010E+1
783.19	1.286E+2
783.49	8.738E+1
783.79	4.369E+1
784.09	2.427E+1
784.39	8.981E+1
784.69	6.796E+1
784.99	1.553E+2
785.30	6.068E+1
785.60	8.981E+1
785.90	-3.641E+1
786.20	4.854E+0
786.50	-4.854E+1
786.80	-8.495E+1
787.10	-8.253E+1
787.40	-7.282E+0
787.70	-7.039E+1
788.00	-5.340E+1
788.30	-2.184E+1
788.60	2.670E+1
788.90	-6.068E+1
789.20	6.311E+1
789.50	-1.238E+2
789.80	8.981E+1
790.10	5.825E+1
790.40	-7.282E+0
790.70	4.126E+1
791.00	1.214E+1
791.30	-5.340E+1
791.60	-6.311E+1
791.90	6.796E+1
792.20	-3.641E+1
792.50	5.583E+1
792.79	-2.184E+1
793.09	6.554E+1
793.39	1.942E+1
793.69	3.884E+1
793.99	-5.097E+1
794.29	7.282E+1
794.59	-2.913E+1
794.89	6.796E+1
795.19	0.000E+0
795.49	5.583E+1
795.79	-9.466E+1
796.08	-7.282E+1
796.38	-1.456E+1
796.68	-8.253E+1
796.98	9.223E+1
797.28	3.398E+1
797.58	-2.184E+1
797.88	2.670E+1
798.17	6.554E+1
798.47	1.214E+1
798.77	2.670E+1
799.07	7.039E+1
799.37	1.699E+1
799.67	1.942E+1
799.96	2.670E+1
800.26	2.427E+0
800.56	1.117E+2
800.86	-6.311E+1
801.16	6.796E+1
801.45	4.126E+1
801.75	8.253E+1
802.05	-2.184E+1
802.35	3.641E+1
802.64	-8.253E+1
802.94	4.126E+1
803.24	-6.554E+1
803.54	5.825E+1
803.83	1.942E+1
804.13	-1.214E+1
804.43	4.612E+1
804.73	-3.155E+1
805.02	9.709E+0
805.32	1.262E+2
805.62	4.854E+1
805.91	-4.854E+0
806.21	-7.282E+0
806.51	-4.854E+0
806.81	9.709E+0
807.10	3.398E+1
807.40	1.214E+1
807.70	-7.039E+1
807.99	8.010E+1
808.29	-4.854E+1
808.59	3.155E+1
808.88	4.369E+1
809.18	6.796E+1
809.47	-1.311E+2
809.77	5.340E+1
810.07	-4.854E+0
810.36	-8.010E+1
810.66	-6.311E+1
810.96	-1.044E+2
811.25	4.126E+1
811.55	1.214E+1
811.84	2.670E+1
812.14	-2.670E+1
812.44	-3.398E+1
812.73	-3.641E+1
813.03	8.253E+1
813.32	1.893E+2
813.62	-3.155E+1
813.91	-2.184E+1
814.21	4.126E+1
814.51	2.670E+1
814.80	-6.554E+1
815.10	9.709E+0
815.39	3.641E+1
815.69	-3.884E+1
815.98	5.583E+1
816.28	-1.942E+1
816.57	-2.427E+1
816.87	-1.699E+1
817.16	5.825E+1
817.46	-1.699E+1
817.75	6.796E+1
818.05	8.495E+1
818.34	5.825E+1
818.64	1.456E+2
818.93	3.155E+1
819.23	-6.311E+1
819.52	3.155E+1
819.82	9.709E+0
820.11	8.253E+1
820.40	3.641E+1
820.70	2.184E+1
820.99	1.456E+1
821.29	-1.214E+2
821.58	2.670E+1
821.88	1.068E+2
822.17	-3.641E+1
822.46	-7.524E+1
822.76	-2.427E+0
823.05	3.398E+1
823.35	8.253E+1
823.64	-6.796E+1
823.93	-1.141E+2
824.23	9.466E+1
824.52	1.238E+2
824.81	7.282E+0
825.11	-1.942E+1
825.40	-9.709E+0
825.69	-3.398E+1
825.99	3.155E+1
826.28	-7.524E+1
826.58	-4.854E+1
826.87	2.913E+1
827.16	6.068E+1
827.45	7.767E+1
827.75	-3.641E+1
828.04	8.253E+1
828.33	-3.398E+1
828.63	-4.126E+1
828.92	-3.398E+1
829.21	5.583E+1
829.51	9.952E+1
829.80	-5.097E+1
830.09	7.282E+0
830.38	-2.670E+1
830.68	-4.612E+1
830.97	-8.010E+1
831.26	-1.456E+1
831.55	-5.583E+1
831.85	4.126E+1
832.14	-1.214E+1
832.43	9.466E+1
832.72	2.670E+1
833.01	-3.398E+1
833.31	4.612E+1
833.60	-1.456E+2
833.89	-1.942E+1
834.18	7.282E+0
834.47	1.699E+1
834.77	5.340E+1
835.06	-9.709E+0
835.35	-1.456E+2
835.64	5.583E+1
835.93	9.709E+0
836.22	1.189E+2
836.52	4.854E+1
836.81	4.854E+1
837.10	-4.854E+0
837.39	-6.796E+1
837.68	-2.427E+0
837.97	1.456E+1
838.26	-7.767E+1
838.55	4.126E+1
838.85	7.767E+1
839.14	2.913E+1
839.43	1.699E+1
839.72	-8.738E+1
840.01	-8.981E+1
840.30	6.311E+1
840.59	2.427E+1
840.88	-2.427E+0
841.17	6.311E+1
841.46	-1.044E+2
841.75	-3.155E+1
842.04	3.155E+1
842.33	-9.709E+0
842.62	-1.699E+1
842.91	3.641E+1
843.21	-1.942E+1
843.50	7.282E+0
843.79	4.854E+1
844.08	2.670E+1
844.37	-2.913E+1
844.66	-1.942E+1
844.95	-4.369E+1
845.24	2.427E+1
845.53	4.854E+1
845.81	5.825E+1
846.10	1.942E+1
846.39	1.189E+2
846.68	7.039E+1
846.97	8.253E+1
847.26	8.253E+1
847.55	3.884E+1
847.84	1.214E+1
848.13	6.796E+1
848.42	6.068E+1
848.71	4.126E+1
849.00	-1.456E+1
849.29	8.253E+1
849.58	4.854E+1
849.87	8.253E+1
850.15	1.529E+2
850.44	2.427E+0
850.73	-7.282E+0
851.02	1.068E+2
851.31	1.214E+1
851.60	5.340E+1
851.89	-7.767E+1
852.18	4.369E+1
852.46	-2.427E+1
852.75	-7.282E+0
853.04	3.641E+1
853.33	-4.854E+0
853.62	-2.670E+1
853.91	3.641E+1
854.19	1.092E+2
854.48	-2.427E+1
854.77	-8.010E+1
855.06	4.854E+0
855.35	-1.117E+2
855.63	-5.097E+1
855.92	-5.097E+1
856.21	2.913E+1
856.50	1.214E+1
856.79	1.699E+1
857.07	5.583E+1
857.36	2.184E+1
857.65	5.340E+1
857.94	-2.670E+1
858.22	-5.825E+1
858.51	7.039E+1
858.80	-5.825E+1
859.08	-3.155E+1
859.37	4.612E+1
859.66	7.767E+1
859.95	-6.311E+1
860.23	-6.796E+1
860.52	7.282E+0
860.81	6.068E+1
861.09	-4.854E+1
861.38	-1.699E+1
861.67	-9.709E+0
861.95	5.340E+1
862.24	1.699E+1
862.53	-9.223E+1
862.81	-9.709E+0
863.10	-5.340E+1
863.39	2.670E+1
863.67	4.369E+1
863.96	-1.214E+1
864.25	8.738E+1
864.53	-3.641E+1
864.82	-8.495E+1
865.10	4.126E+1
865.39	-2.427E+0
865.68	6.311E+1
865.96	2.913E+1
866.25	5.583E+1
866.53	5.583E+1
866.82	5.583E+1