Wavelength	Intensity	Ocean Optics Flame
nm	counts
187.89	9.709E+0
188.27	1.456E+1
188.64	-5.097E+1
189.02	2.184E+1
189.40	9.223E+1
189.78	3.884E+1
190.15	7.282E+0
190.53	3.398E+1
190.91	-4.854E+0
191.29	1.699E+1
191.66	1.456E+1
192.04	-1.238E+2
192.42	-2.184E+1
192.80	9.952E+1
193.17	6.311E+1
193.55	5.583E+1
193.93	2.184E+1
194.30	-4.369E+1
194.68	-7.767E+1
195.06	-2.184E+1
195.44	4.369E+1
195.81	1.553E+2
196.19	-3.641E+1
196.57	1.942E+1
196.94	-6.796E+1
197.32	-8.010E+1
197.70	3.884E+1
198.07	-3.155E+1
198.45	-7.282E+1
198.83	-9.709E+0
199.20	5.340E+1
199.58	3.398E+1
199.96	-6.796E+1
200.33	6.554E+1
200.71	-4.854E+1
201.09	-1.214E+1
201.46	-1.699E+1
201.84	1.942E+1
202.22	-6.796E+1
202.59	7.767E+1
202.97	-3.641E+1
203.34	6.796E+1
203.72	8.738E+1
204.10	-3.884E+1
204.47	1.456E+1
204.85	-4.854E+0
205.23	-9.709E+1
205.60	3.398E+1
205.98	-9.709E+0
206.35	-3.641E+1
206.73	-3.641E+1
207.11	2.913E+1
207.48	1.578E+2
207.86	-4.854E+1
208.23	3.884E+1
208.61	1.214E+1
208.98	1.019E+2
209.36	4.612E+1
209.74	-1.942E+1
210.11	-5.825E+1
210.49	-1.481E+2
210.86	3.641E+1
211.24	1.214E+1
211.61	4.854E+1
211.99	6.796E+1
212.36	-4.126E+1
212.74	8.253E+1
213.11	-2.427E+1
213.49	5.825E+1
213.87	-1.942E+1
214.24	4.369E+1
214.62	2.670E+1
214.99	8.495E+1
215.37	8.738E+1
215.74	-4.854E+0
216.12	3.641E+1
216.49	-2.913E+1
216.87	9.709E+0
217.24	4.854E+0
217.62	4.126E+1
217.99	3.641E+1
218.37	-2.427E+1
218.74	-1.942E+1
219.11	5.097E+1
219.49	2.427E+0
219.86	-7.524E+1
220.24	-6.554E+1
220.61	2.913E+1
220.99	4.369E+1
221.36	-4.369E+1
221.74	-3.155E+1
222.11	-1.456E+1
222.49	1.068E+2
222.86	-1.214E+1
223.23	4.612E+1
223.61	-1.456E+1
223.98	4.612E+1
224.36	4.854E+0
224.73	5.825E+1
225.11	4.854E+0
225.48	3.155E+1
225.85	5.583E+1
226.23	-2.427E+0
226.60	2.913E+1
226.98	-2.670E+1
227.35	1.456E+1
227.72	-2.670E+1
228.10	4.126E+1
228.47	2.913E+1
228.84	3.641E+1
229.22	9.466E+1
229.59	3.641E+1
229.97	-2.670E+1
230.34	-9.709E+0
230.71	-1.456E+1
231.09	1.359E+2
231.46	-8.010E+1
231.83	9.223E+1
232.21	-1.456E+1
232.58	3.641E+1
232.95	1.117E+2
233.33	-1.214E+1
233.70	9.952E+1
234.07	-7.282E+0
234.45	7.282E+0
234.82	7.282E+0
235.19	8.738E+1
235.57	-2.670E+1
235.94	1.141E+2
236.31	1.942E+1
236.69	-3.398E+1
237.06	4.854E+0
237.43	3.398E+1
237.80	1.699E+1
238.18	-6.796E+1
238.55	3.155E+1
238.92	-1.141E+2
239.30	4.126E+1
239.67	4.126E+1
240.04	6.796E+1
240.41	-1.456E+1
240.79	-2.913E+1
241.16	9.709E+0
241.53	-8.981E+1
241.90	7.767E+1
242.28	3.641E+1
242.65	5.825E+1
243.02	1.456E+1
243.39	3.641E+1
243.77	2.913E+1
244.14	5.340E+1
244.51	9.709E+0
244.88	-3.155E+1
245.25	1.481E+2
245.63	-4.854E+0
246.00	5.097E+1
246.37	1.019E+2
246.74	7.524E+1
247.11	-1.456E+1
247.49	6.554E+1
247.86	-3.398E+1
248.23	-1.189E+2
248.60	6.068E+1
248.97	6.068E+1
249.35	-4.854E+1
249.72	7.282E+0
250.09	6.796E+1
250.46	3.155E+1
250.83	3.641E+1
251.20	-4.854E+0
251.58	2.427E+1
251.95	5.825E+1
252.32	4.854E+1
252.69	6.068E+1
253.06	9.952E+1
253.43	-7.282E+0
253.80	3.398E+1
254.17	1.456E+1
254.55	2.184E+1
254.92	1.214E+1
255.29	-7.039E+1
255.66	6.554E+1
256.03	7.282E+0
256.40	5.097E+1
256.77	4.854E+0
257.14	4.126E+1
257.51	7.282E+0
257.88	1.456E+1
258.26	-2.427E+0
258.63	-5.583E+1
259.00	4.854E+0
259.37	-1.456E+1
259.74	6.068E+1
260.11	-4.612E+1
260.48	6.311E+1
260.85	1.214E+1
261.22	1.141E+2
261.59	7.282E+0
261.96	-5.583E+1
262.33	-3.155E+1
262.70	5.825E+1
263.07	7.039E+1
263.44	8.981E+1
263.81	-1.942E+1
264.18	-6.796E+1
264.55	0.000E+0
264.92	-2.670E+1
265.29	5.825E+1
265.66	6.311E+1
266.03	9.709E+0
266.40	5.340E+1
266.77	-2.913E+1
267.14	2.913E+1
267.51	4.126E+1
267.88	4.854E+0
268.25	1.189E+2
268.62	-9.709E+0
268.99	-3.398E+1
269.36	0.000E+0
269.73	-1.699E+1
270.10	0.000E+0
270.47	6.311E+1
270.84	-6.068E+1
271.21	7.282E+1
271.58	2.913E+1
271.95	5.825E+1
272.32	9.466E+1
272.69	7.282E+0
273.06	-4.126E+1
273.43	6.796E+1
273.80	-2.427E+1
274.17	4.126E+1
274.53	-2.427E+1
274.90	4.369E+1
275.27	9.709E+0
275.64	6.554E+1
276.01	-3.398E+1
276.38	2.670E+1
276.75	3.155E+1
277.12	1.942E+1
277.49	-1.214E+1
277.86	2.184E+1
278.22	-2.427E+1
278.59	4.369E+1
278.96	1.311E+2
279.33	-4.369E+1
279.70	2.427E+1
280.07	-3.641E+1
280.44	2.670E+1
280.80	-1.699E+1
281.17	4.126E+1
281.54	3.641E+1
281.91	7.282E+0
282.28	7.767E+1
282.65	-4.854E+0
283.02	-1.262E+2
283.38	6.554E+1
283.75	-4.126E+1
284.12	-8.738E+1
284.49	4.126E+1
284.86	2.427E+1
285.22	1.456E+1
285.59	-4.854E+1
285.96	7.767E+1
286.33	7.282E+1
286.70	4.126E+1
287.06	6.554E+1
287.43	-7.767E+1
287.80	6.796E+1
288.17	6.554E+1
288.53	-1.214E+1
288.90	3.641E+1
289.27	3.398E+1
289.64	1.117E+2
290.01	1.214E+2
290.37	6.554E+1
290.74	1.820E+2
291.11	1.699E+1
291.48	-4.612E+1
291.84	2.670E+1
292.21	9.709E+0
292.58	-2.913E+1
292.94	1.286E+2
293.31	4.854E+0
293.68	2.427E+0
294.05	4.854E+0
294.41	1.068E+2
294.78	1.384E+2
295.15	7.282E+0
295.51	-1.456E+1
295.88	2.427E+0
296.25	-1.456E+1
296.61	-4.126E+1
296.98	6.554E+1
297.35	1.141E+2
297.72	1.044E+2
298.08	-4.612E+1
298.45	4.612E+1
298.82	-7.039E+1
299.18	5.097E+1
299.55	3.884E+1
299.91	1.456E+1
300.28	6.068E+1
300.65	-2.427E+0
301.01	4.854E+1
301.38	1.456E+1
301.75	7.524E+1
302.11	2.670E+1
302.48	1.408E+2
302.85	-7.282E+1
303.21	4.126E+1
303.58	1.456E+1
303.94	-1.942E+1
304.31	-7.039E+1
304.68	-1.578E+2
305.04	-1.942E+1
305.41	1.238E+2
305.77	1.456E+1
306.14	4.854E+0
306.51	-1.165E+2
306.87	-2.427E+1
307.24	0.000E+0
307.60	6.068E+1
307.97	-5.097E+1
308.33	1.602E+2
308.70	2.184E+1
309.07	9.223E+1
309.43	-1.214E+1
309.80	0.000E+0
310.16	2.184E+1
310.53	-4.854E+1
310.89	3.641E+1
311.26	9.709E+0
311.62	0.000E+0
311.99	4.369E+1
312.35	9.709E+0
312.72	4.126E+1
313.08	8.738E+1
313.45	7.767E+1
313.81	-7.039E+1
314.18	2.427E+1
314.54	8.495E+1
314.91	-9.709E+0
315.27	-6.311E+1
315.64	2.427E+0
316.00	5.583E+1
316.37	6.311E+1
316.73	9.223E+1
317.10	2.184E+1
317.46	1.699E+1
317.83	-8.495E+1
318.19	-2.427E+0
318.56	7.282E+0
318.92	7.282E+0
319.28	3.641E+1
319.65	-7.767E+1
320.01	7.524E+1
320.38	1.456E+2
320.74	3.155E+1
321.11	-2.427E+1
321.47	1.942E+1
321.83	1.942E+1
322.20	7.282E+1
322.56	-2.184E+1
322.93	-7.039E+1
323.29	-1.942E+1
323.66	6.311E+1
324.02	-2.184E+1
324.38	9.709E+0
324.75	4.126E+1
325.11	-1.942E+1
325.47	-1.214E+1
325.84	1.189E+2
326.20	1.942E+1
326.57	-4.854E+0
326.93	-4.369E+1
327.29	4.854E+0
327.66	5.583E+1
328.02	1.456E+1
328.38	9.466E+1
328.75	-5.583E+1
329.11	-1.699E+1
329.47	-1.165E+2
329.84	-5.097E+1
330.20	-9.709E+0
330.56	3.155E+1
330.93	-4.612E+1
331.29	-2.427E+1
331.65	4.126E+1
332.02	6.796E+1
332.38	9.709E+1
332.74	-8.010E+1
333.10	-5.583E+1
333.47	-2.670E+1
333.83	8.253E+1
334.19	-1.456E+2
334.56	-3.155E+1
334.92	-2.427E+0
335.28	4.854E+0
335.64	2.670E+1
336.01	-9.709E+0
336.37	-9.952E+1
336.73	6.311E+1
337.09	-7.282E+0
337.46	2.427E+0
337.82	-3.884E+1
338.18	1.214E+1
338.54	6.554E+1
338.91	0.000E+0
339.27	-4.369E+1
339.63	-4.854E+0
339.99	3.155E+1
340.36	-3.398E+1
340.72	-1.942E+1
341.08	8.010E+1
341.44	-1.699E+1
341.80	-1.214E+1
342.17	-4.612E+1
342.53	4.854E+0
342.89	2.670E+1
343.25	4.369E+1
343.61	-3.884E+1
343.98	-2.670E+1
344.34	4.126E+1
344.70	1.286E+2
345.06	-6.068E+1
345.42	-3.398E+1
345.78	-1.796E+2
346.14	-4.854E+0
346.51	2.913E+1
346.87	3.884E+1
347.23	1.481E+2
347.59	-2.427E+0
347.95	9.466E+1
348.31	-4.854E+1
348.67	6.311E+1
349.04	0.000E+0
349.40	4.126E+1
349.76	2.184E+1
350.12	-9.709E+0
350.48	-1.214E+1
350.84	-3.398E+1
351.20	4.612E+1
351.56	-1.456E+1
351.92	3.398E+1
352.28	3.641E+1
352.65	1.214E+1
353.01	7.767E+1
353.37	-8.981E+1
353.73	2.427E+0
354.09	6.554E+1
354.45	-3.398E+1
354.81	-4.854E+0
355.17	-4.612E+1
355.53	-3.641E+1
355.89	1.699E+1
356.25	6.068E+1
356.61	4.126E+1
356.97	9.466E+1
357.33	-7.282E+0
357.69	-1.214E+1
358.05	9.709E+0
358.41	4.854E+1
358.77	5.097E+1
359.13	-2.184E+1
359.49	-2.670E+1
359.85	-1.942E+1
360.21	-9.223E+1
360.57	4.612E+1
360.93	1.456E+1
361.29	3.884E+1
361.65	-4.369E+1
362.01	-3.641E+1
362.37	5.583E+1
362.73	6.068E+1
363.09	-6.796E+1
363.45	-4.612E+1
363.81	7.282E+0
364.17	4.854E+0
364.53	3.398E+1
364.89	7.767E+1
365.25	6.311E+1
365.61	-4.854E+0
365.97	-2.427E+0
366.33	-8.010E+1
366.69	-1.942E+1
367.05	7.282E+0
367.40	-2.184E+1
367.76	1.699E+1
368.12	8.495E+1
368.48	-4.854E+0
368.84	-1.456E+1
369.20	-5.340E+1
369.56	8.495E+1
369.92	-5.583E+1
370.28	2.670E+1
370.63	-2.670E+1
370.99	-1.214E+1
371.35	1.942E+1
371.71	-6.796E+1
372.07	1.019E+2
372.43	2.184E+1
372.79	7.282E+0
373.15	-1.942E+1
373.50	-1.942E+1
373.86	-1.214E+1
374.22	-5.097E+1
374.58	1.117E+2
374.94	5.340E+1
375.30	5.340E+1
375.65	2.184E+1
376.01	6.311E+1
376.37	7.039E+1
376.73	-2.670E+1
377.09	-6.068E+1
377.44	1.214E+1
377.80	-3.155E+1
378.16	-2.427E+0
378.52	-4.369E+1
378.88	-4.854E+0
379.23	-2.670E+1
379.59	-2.184E+1
379.95	2.184E+1
380.31	5.583E+1
380.66	4.126E+1
381.02	4.854E+0
381.38	-5.097E+1
381.74	-5.340E+1
382.09	-3.155E+1
382.45	1.456E+1
382.81	1.699E+1
383.17	5.583E+1
383.52	1.286E+2
383.88	6.796E+1
384.24	5.097E+1
384.60	-2.427E+1
384.95	5.583E+1
385.31	2.913E+1
385.67	1.456E+1
386.02	-3.398E+1
386.38	-6.068E+1
386.74	2.427E+0
387.10	1.408E+2
387.45	-7.282E+0
387.81	-3.155E+1
388.17	7.282E+1
388.52	-6.311E+1
388.88	-5.097E+1
389.24	2.913E+1
389.59	2.427E+0
389.95	-5.583E+1
390.31	-4.612E+1
390.66	1.699E+1
391.02	5.340E+1
391.38	1.699E+1
391.73	-3.155E+1
392.09	1.456E+1
392.44	-4.612E+1
392.80	1.141E+2
393.16	-2.670E+1
393.51	2.913E+1
393.87	-1.092E+2
394.23	7.524E+1
394.58	-3.155E+1
394.94	-1.942E+1
395.29	0.000E+0
395.65	-4.369E+1
396.01	2.913E+1
396.36	-3.155E+1
396.72	-1.942E+1
397.07	-2.427E+1
397.43	7.524E+1
397.78	4.854E+1
398.14	4.126E+1
398.50	8.738E+1
398.85	-2.670E+1
399.21	-3.398E+1
399.56	2.427E+1
399.92	-4.854E+1
400.27	0.000E+0
400.63	4.369E+1
400.98	-2.184E+1
401.34	-2.184E+1
401.69	-3.398E+1
402.05	-2.913E+1
402.40	-6.554E+1
402.76	-6.554E+1
403.11	-1.238E+2
403.47	1.092E+2
403.82	-4.854E+1
404.18	1.214E+1
404.53	4.854E+0
404.89	1.456E+1
405.24	-1.456E+1
405.60	-4.854E+1
405.95	9.466E+1
406.31	4.126E+1
406.66	-1.214E+1
407.02	1.699E+1
407.37	-1.456E+1
407.73	3.641E+1
408.08	9.223E+1
408.44	-1.942E+1
408.79	3.155E+1
409.14	-9.466E+1
409.50	7.767E+1
409.85	-5.583E+1
410.21	-2.913E+1
410.56	1.578E+2
410.92	-2.427E+0
411.27	5.340E+1
411.62	7.282E+0
411.98	-8.253E+1
412.33	-3.155E+1
412.69	1.456E+1
413.04	2.427E+0
413.39	3.398E+1
413.75	-4.612E+1
414.10	2.427E+0
414.45	5.097E+1
414.81	9.709E+0
415.16	2.670E+1
415.52	9.709E+0
415.87	4.612E+1
416.22	2.427E+1
416.58	4.369E+1
416.93	-7.282E+0
417.28	1.262E+2
417.64	6.796E+1
417.99	3.641E+1
418.34	-3.641E+1
418.70	4.369E+1
419.05	2.427E+1
419.40	-7.282E+1
419.76	-4.126E+1
420.11	1.044E+2
420.46	7.282E+0
420.81	1.214E+1
421.17	-2.427E+0
421.52	6.068E+1
421.87	-2.427E+1
422.23	1.214E+1
422.58	1.384E+2
422.93	4.854E+1
423.28	1.214E+1
423.64	7.282E+0
423.99	-7.524E+1
424.34	4.369E+1
424.69	-6.796E+1
425.05	-9.223E+1
425.40	-4.369E+1
425.75	4.369E+1
426.10	1.214E+1
426.46	-4.854E+0
426.81	-1.699E+1
427.16	-4.126E+1
427.51	2.427E+0
427.87	-1.699E+1
428.22	-5.583E+1
428.57	4.854E+1
428.92	0.000E+0
429.27	1.165E+2
429.63	-5.583E+1
429.98	-1.456E+1
430.33	2.427E+1
430.68	1.456E+1
431.03	4.854E+0
431.38	7.767E+1
431.74	6.554E+1
432.09	6.554E+1
432.44	-1.699E+1
432.79	-2.184E+1
433.14	1.942E+1
433.49	4.854E+0
433.85	7.282E+0
434.20	2.913E+1
434.55	-2.184E+1
434.90	3.398E+1
435.25	8.495E+1
435.60	-3.398E+1
435.95	5.825E+1
436.30	8.495E+1
436.66	2.184E+1
437.01	-2.427E+0
437.36	6.554E+1
437.71	2.427E+1
438.06	-7.282E+1
438.41	1.699E+1
438.76	3.884E+1
439.11	-6.311E+1
439.46	1.384E+2
439.81	1.699E+1
440.16	7.524E+1
440.52	1.214E+2
440.87	2.670E+1
441.22	4.126E+1
441.57	-6.311E+1
441.92	3.884E+1
442.27	-2.427E+0
442.62	4.126E+1
442.97	1.699E+1
443.32	-2.184E+1
443.67	6.311E+1
444.02	7.282E+1
444.37	-7.282E+0
444.72	-1.699E+1
445.07	-2.913E+1
445.42	1.238E+2
445.77	4.126E+1
446.12	3.398E+1
446.47	-1.456E+1
446.82	5.825E+1
447.17	0.000E+0
447.52	-9.466E+1
447.87	2.184E+1
448.22	5.097E+1
448.57	1.408E+2
448.92	-3.398E+1
449.27	-9.709E+0
449.62	-1.286E+2
449.97	-1.456E+1
450.32	4.126E+1
450.66	-5.097E+1
451.01	4.854E+1
451.36	9.952E+1
451.71	-8.010E+1
452.06	7.767E+1
452.41	5.097E+1
452.76	-4.369E+1
453.11	4.854E+1
453.46	5.340E+1
453.81	4.854E+0
454.16	8.495E+1
454.51	-1.699E+1
454.85	-4.854E+0
455.20	-7.282E+0
455.55	2.427E+0
455.90	7.524E+1
456.25	-5.583E+1
456.60	5.583E+1
456.95	1.214E+1
457.30	-2.427E+0
457.64	-1.068E+2
457.99	2.184E+1
458.34	9.709E+0
458.69	1.456E+1
459.04	0.000E+0
459.39	3.398E+1
459.73	-2.913E+1
460.08	-3.398E+1
460.43	-4.126E+1
460.78	3.884E+1
461.13	-4.612E+1
461.48	9.709E+0
461.82	5.097E+1
462.17	-4.612E+1
462.52	9.709E+0
462.87	-5.825E+1
463.21	-9.709E+0
463.56	-3.641E+1
463.91	-1.359E+2
464.26	-1.456E+1
464.61	0.000E+0
464.95	-3.398E+1
465.30	-2.184E+1
465.65	1.942E+1
466.00	1.699E+1
466.34	4.369E+1
466.69	-1.699E+1
467.04	-4.369E+1
467.39	-5.340E+1
467.73	-4.854E+0
468.08	7.524E+1
468.43	-3.884E+1
468.77	-2.670E+1
469.12	-3.155E+1
469.47	8.010E+1
469.82	-7.767E+1
470.16	1.068E+2
470.51	-1.214E+1
470.86	7.039E+1
471.20	-4.126E+1
471.55	0.000E+0
471.90	4.854E+0
472.24	-4.126E+1
472.59	8.253E+1
472.94	2.184E+1
473.28	-3.884E+1
473.63	5.097E+1
473.98	7.039E+1
474.32	2.427E+0
474.67	-6.068E+1
475.02	8.738E+1
475.36	-3.641E+1
475.71	1.044E+2
476.06	4.369E+1
476.40	-5.583E+1
476.75	3.398E+1
477.09	1.699E+1
477.44	-1.699E+1
477.79	-3.641E+1
478.13	6.796E+1
478.48	4.126E+1
478.82	8.981E+1
479.17	3.155E+1
479.52	-2.184E+1
479.86	-4.854E+1
480.21	-9.223E+1
480.55	8.495E+1
480.90	7.039E+1
481.24	4.612E+1
481.59	2.913E+1
481.94	-5.097E+1
482.28	9.709E+0
482.63	-7.039E+1
482.97	1.456E+1
483.32	5.825E+1
483.66	3.398E+1
484.01	-4.369E+1
484.35	-5.097E+1
484.70	-7.282E+0
485.04	1.456E+1
485.39	-7.282E+0
485.73	-1.699E+1
486.08	4.369E+1
486.42	3.884E+1
486.77	5.583E+1
487.11	-4.854E+0
487.46	-5.583E+1
487.80	1.214E+1
488.15	-4.854E+0
488.49	1.214E+1
488.84	-5.097E+1
489.18	4.612E+1
489.53	-8.253E+1
489.87	1.092E+2
490.21	4.612E+1
490.56	-2.184E+1
490.90	4.854E+1
491.25	1.432E+2
491.59	-2.913E+1
491.94	-3.155E+1
492.28	8.010E+1
492.62	1.165E+2
492.97	-1.942E+1
493.31	8.253E+1
493.66	2.913E+1
494.00	1.384E+2
494.34	-9.709E+0
494.69	-9.709E+0
495.03	-6.554E+1
495.38	1.456E+1
495.72	3.884E+1
496.06	0.000E+0
496.41	4.854E+0
496.75	-2.427E+0
497.09	4.612E+1
497.44	-2.427E+1
497.78	-4.369E+1
498.13	1.214E+1
498.47	-2.427E+0
498.81	4.854E+0
499.16	-1.214E+1
499.50	-6.554E+1
499.84	1.456E+1
500.19	2.913E+1
500.53	-4.612E+1
500.87	-3.641E+1
501.21	-9.709E+0
501.56	-6.068E+1
501.90	-2.427E+1
502.24	0.000E+0
502.59	7.282E+1
502.93	8.253E+1
503.27	4.854E+1
503.61	5.097E+1
503.96	-3.884E+1
504.30	2.427E+0
504.64	5.583E+1
504.99	1.942E+1
505.33	7.282E+0
505.67	3.884E+1
506.01	2.427E+0
506.36	-8.738E+1
506.70	-4.854E+0
507.04	-9.709E+0
507.38	0.000E+0
507.72	5.583E+1
508.07	1.942E+1
508.41	7.282E+0
508.75	-4.854E+1
509.09	-8.738E+1
509.44	-2.184E+1
509.78	-2.913E+1
510.12	7.524E+1
510.46	-1.942E+1
510.80	-9.709E+0
511.14	-1.699E+1
511.49	2.427E+1
511.83	-2.670E+1
512.17	-5.340E+1
512.51	-9.709E+1
512.85	-4.854E+0
513.19	-1.699E+1
513.54	1.214E+1
513.88	-4.126E+1
514.22	-3.398E+1
514.56	-1.214E+1
514.90	1.942E+1
515.24	-1.699E+1
515.58	1.165E+2
515.93	1.481E+2
516.27	8.495E+1
516.61	-3.884E+1
516.95	-4.854E+1
517.29	9.709E+1
517.63	-5.583E+1
517.97	-7.282E+0
518.31	-9.709E+0
518.65	-1.456E+1
518.99	-4.369E+1
519.33	-8.010E+1
519.67	-5.097E+1
520.02	4.854E+0
520.36	4.612E+1
520.70	8.495E+1
521.04	2.427E+0
521.38	-3.641E+1
521.72	1.092E+2
522.06	-7.767E+1
522.40	-1.335E+2
522.74	-5.583E+1
523.08	9.952E+1
523.42	-2.184E+1
523.76	-8.253E+1
524.10	1.942E+1
524.44	1.966E+2
524.78	2.184E+1
525.12	6.554E+1
525.46	1.214E+1
525.80	-9.709E+0
526.14	-7.039E+1
526.48	1.626E+2
526.82	-4.126E+1
527.16	-7.524E+1
527.50	8.738E+1
527.84	-1.214E+2
528.18	3.884E+1
528.52	4.126E+1
528.86	3.398E+1
529.20	1.942E+1
529.54	-2.184E+1
529.87	4.369E+1
530.21	9.709E+0
530.55	-9.952E+1
530.89	9.223E+1
531.23	-2.184E+1
531.57	-2.670E+1
531.91	-3.884E+1
532.25	-2.427E+0
532.59	2.670E+1
532.93	4.854E+1
533.27	3.641E+1
533.60	4.854E+0
533.94	-4.369E+1
534.28	2.427E+0
534.62	9.709E+1
534.96	5.097E+1
535.30	8.495E+1
535.64	2.427E+0
535.98	-1.214E+1
536.31	-5.825E+1
536.65	-9.709E+0
536.99	2.427E+1
537.33	-5.825E+1
537.67	-5.825E+1
538.01	-1.942E+1
538.34	9.709E+0
538.68	1.238E+2
539.02	9.709E+0
539.36	4.854E+0
539.70	-3.884E+1
540.03	-5.825E+1
540.37	-9.709E+0
540.71	-1.117E+2
541.05	5.583E+1
541.39	4.854E+0
541.72	-9.709E+0
542.06	-1.456E+1
542.40	2.670E+1
542.74	-1.214E+2
543.07	1.699E+1
543.41	4.854E+1
543.75	-3.641E+1
544.09	1.699E+1
544.42	2.427E+0
544.76	-9.709E+1
545.10	-5.825E+1
545.44	-4.854E+0
545.77	-8.738E+1
546.11	8.981E+1
546.45	2.913E+1
546.78	-6.311E+1
547.12	1.699E+1
547.46	8.738E+1
547.80	2.427E+1
548.13	1.456E+1
548.47	-8.495E+1
548.81	7.282E+1
549.14	4.854E+0
549.48	-6.554E+1
549.82	-2.670E+1
550.15	-2.427E+1
550.49	-3.641E+1
550.83	3.155E+1
551.16	7.282E+0
551.50	-6.796E+1
551.84	-3.155E+1
552.17	4.126E+1
552.51	2.670E+1
552.84	7.282E+0
553.18	7.767E+1
553.52	3.155E+1
553.85	-2.427E+1
554.19	-4.369E+1
554.53	0.000E+0
554.86	-2.913E+1
555.20	1.942E+1
555.53	-1.214E+1
555.87	6.068E+1
556.20	-9.709E+0
556.54	-1.942E+1
556.88	4.369E+1
557.21	4.126E+1
557.55	-2.913E+1
557.88	3.884E+1
558.22	6.311E+1
558.55	1.699E+1
558.89	-1.699E+1
559.23	-4.854E+1
559.56	4.854E+0
559.90	2.670E+1
560.23	1.456E+1
560.57	-7.282E+0
560.90	9.709E+1
561.24	-2.427E+0
561.57	3.398E+1
561.91	2.670E+1
562.24	4.369E+1
562.58	-2.427E+1
562.91	1.286E+2
563.25	-2.427E+0
563.58	-3.884E+1
563.92	3.155E+1
564.25	3.155E+1
564.59	2.670E+1
564.92	-2.913E+1
565.25	1.699E+2
565.59	3.155E+1
565.92	2.184E+1
566.26	-1.699E+1
566.59	4.854E+0
566.93	6.068E+1
567.26	9.223E+1
567.60	6.311E+1
567.93	5.583E+1
568.26	6.068E+1
568.60	4.612E+1
568.93	-2.184E+1
569.27	2.184E+1
569.60	2.184E+1
569.93	6.796E+1
570.27	1.456E+1
570.60	-3.641E+1
570.94	8.253E+1
571.27	-4.854E+1
571.60	6.311E+1
571.94	-2.670E+1
572.27	5.097E+1
572.60	5.097E+1
572.94	2.427E+1
573.27	4.126E+1
573.60	4.126E+1
573.94	3.641E+1
574.27	9.223E+1
574.60	1.335E+2
574.94	1.068E+2
575.27	6.796E+1
575.60	2.670E+1
575.94	-7.282E+0
576.27	2.913E+1
576.60	-4.854E+1
576.94	7.767E+1
577.27	1.699E+1
577.60	7.524E+1
577.94	-1.456E+1
578.27	1.117E+2
578.60	3.398E+1
578.93	1.432E+2
579.27	-5.583E+1
579.60	2.184E+1
579.93	2.670E+1
580.26	4.612E+1
580.60	-4.854E+0
580.93	1.262E+2
581.26	5.097E+1
581.59	9.952E+1
581.93	1.262E+2
582.26	-2.184E+1
582.59	7.282E+1
582.92	8.253E+1
583.25	4.126E+1
583.59	1.942E+2
583.92	2.670E+1
584.25	6.554E+1
584.58	2.670E+1
584.91	1.044E+2
585.25	6.311E+1
585.58	1.432E+2
585.91	9.952E+1
586.24	4.612E+1
586.57	9.952E+1
586.90	7.524E+1
587.24	1.311E+2
587.57	1.456E+2
587.90	4.126E+1
588.23	7.524E+1
588.56	1.068E+2
588.89	1.189E+2
589.22	1.359E+2
589.56	2.767E+2
589.89	1.141E+2
590.22	1.699E+2
590.55	1.165E+2
590.88	1.505E+2
591.21	5.583E+1
591.54	1.165E+2
591.87	1.286E+2
592.20	1.165E+2
592.53	1.481E+2
592.87	1.990E+2
593.20	2.087E+2
593.53	2.646E+2
593.86	1.796E+2
594.19	1.845E+2
594.52	2.209E+2
594.85	1.918E+2
595.18	3.398E+2
595.51	2.694E+2
595.84	3.107E+2
596.17	1.942E+2
596.50	2.257E+2
596.83	2.379E+2
597.16	3.010E+2
597.49	3.641E+2
597.82	2.670E+2
598.15	3.277E+2
598.48	3.228E+2
598.81	4.466E+2
599.14	3.811E+2
599.47	4.539E+2
599.80	5.024E+2
600.13	5.073E+2
600.46	3.835E+2
600.79	5.146E+2
601.12	5.728E+2
601.45	5.680E+2
601.78	5.922E+2
602.11	5.753E+2
602.44	6.117E+2
602.77	6.602E+2
603.10	6.966E+2
603.42	6.311E+2
603.75	7.427E+2
604.08	6.845E+2
604.41	7.961E+2
604.74	8.471E+2
605.07	8.544E+2
605.40	8.083E+2
605.73	8.859E+2
606.06	1.112E+3
606.39	1.034E+3
606.71	1.102E+3
607.04	1.095E+3
607.37	1.184E+3
607.70	1.187E+3
608.03	1.114E+3
608.36	1.182E+3
608.69	1.379E+3
609.02	1.447E+3
609.34	1.532E+3
609.67	1.510E+3
610.00	1.544E+3
610.33	1.655E+3
610.66	1.631E+3
610.98	1.714E+3
611.31	1.735E+3
611.64	1.864E+3
611.97	1.813E+3
612.30	1.956E+3
612.63	2.095E+3
612.95	2.117E+3
613.28	2.199E+3
613.61	2.250E+3
613.94	2.473E+3
614.26	2.590E+3
614.59	2.646E+3
614.92	2.590E+3
615.25	2.893E+3
615.57	2.988E+3
615.90	3.075E+3
616.23	3.119E+3
616.56	3.379E+3
616.88	3.335E+3
617.21	3.563E+3
617.54	3.750E+3
617.87	3.733E+3
618.19	3.879E+3
618.52	4.041E+3
618.85	4.398E+3
619.17	4.381E+3
619.50	4.522E+3
619.83	4.522E+3
620.15	4.736E+3
620.48	5.146E+3
620.81	5.325E+3
621.14	5.483E+3
621.46	5.638E+3
621.79	5.779E+3
622.11	6.015E+3
622.44	6.337E+3
622.77	6.236E+3
623.09	6.859E+3
623.42	6.779E+3
623.75	7.075E+3
624.07	7.517E+3
624.40	7.682E+3
624.73	7.935E+3
625.05	8.155E+3
625.38	8.471E+3
625.70	8.990E+3
626.03	9.131E+3
626.36	9.158E+3
626.68	9.913E+3
627.01	1.043E+4
627.33	1.074E+4
627.66	1.091E+4
627.99	1.141E+4
628.31	1.179E+4
628.64	1.248E+4
628.96	1.285E+4
629.29	1.334E+4
629.61	1.367E+4
629.94	1.434E+4
630.26	1.489E+4
630.59	1.536E+4
630.91	1.576E+4
631.24	1.663E+4
631.57	1.724E+4
631.89	1.771E+4
632.22	1.835E+4
632.54	1.901E+4
632.87	1.966E+4
633.19	2.076E+4
633.52	2.126E+4
633.84	2.209E+4
634.16	2.297E+4
634.49	2.383E+4
634.81	2.456E+4
635.14	2.517E+4
635.46	2.632E+4
635.79	2.770E+4
636.11	2.816E+4
636.44	2.894E+4
636.76	2.977E+4
637.09	3.110E+4
637.41	3.226E+4
637.73	3.282E+4
638.06	3.388E+4
638.38	3.524E+4
638.71	3.642E+4
639.03	3.734E+4
639.36	3.786E+4
639.68	3.909E+4
640.00	3.999E+4
640.33	4.129E+4
640.65	4.228E+4
640.97	4.333E+4
641.30	4.463E+4
641.62	4.558E+4
641.95	4.621E+4
642.27	4.702E+4
642.59	4.794E+4
642.92	4.912E+4
643.24	4.946E+4
643.56	5.073E+4
643.89	5.068E+4
644.21	5.198E+4
644.53	5.242E+4
644.86	5.270E+4
645.18	5.355E+4
645.50	5.362E+4
645.83	5.410E+4
646.15	5.439E+4
646.47	5.474E+4
646.80	5.485E+4
647.12	5.497E+4
647.44	5.471E+4
647.76	5.451E+4
648.09	5.457E+4
648.41	5.438E+4
648.73	5.386E+4
649.05	5.365E+4
649.38	5.290E+4
649.70	5.245E+4
650.02	5.165E+4
650.34	5.100E+4
650.67	5.021E+4
650.99	4.953E+4
651.31	4.859E+4
651.63	4.768E+4
651.96	4.654E+4
652.28	4.526E+4
652.60	4.380E+4
652.92	4.342E+4
653.24	4.170E+4
653.57	4.084E+4
653.89	3.917E+4
654.21	3.818E+4
654.53	3.666E+4
654.85	3.577E+4
655.18	3.401E+4
655.50	3.293E+4
655.82	3.135E+4
656.14	2.989E+4
656.46	2.853E+4
656.78	2.799E+4
657.10	2.618E+4
657.43	2.553E+4
657.75	2.432E+4
658.07	2.329E+4
658.39	2.220E+4
658.71	2.117E+4
659.03	2.017E+4
659.35	1.907E+4
659.67	1.832E+4
659.99	1.768E+4
660.32	1.703E+4
660.64	1.633E+4
660.96	1.547E+4
661.28	1.463E+4
661.60	1.398E+4
661.92	1.352E+4
662.24	1.262E+4
662.56	1.215E+4
662.88	1.165E+4
663.20	1.091E+4
663.52	1.038E+4
663.84	9.995E+3
664.16	9.544E+3
664.48	8.969E+3
664.80	8.723E+3
665.12	8.262E+3
665.44	7.770E+3
665.76	7.330E+3
666.08	7.117E+3
666.40	6.648E+3
666.72	6.384E+3
667.04	6.279E+3
667.36	5.918E+3
667.68	5.447E+3
668.00	5.148E+3
668.32	5.080E+3
668.64	4.694E+3
668.96	4.502E+3
669.28	4.141E+3
669.60	4.034E+3
669.92	3.932E+3
670.24	3.769E+3
670.56	3.592E+3
670.88	3.444E+3
671.20	3.294E+3
671.52	3.058E+3
671.84	2.874E+3
672.16	2.786E+3
672.47	2.451E+3
672.79	2.558E+3
673.11	2.359E+3
673.43	2.223E+3
673.75	2.131E+3
674.07	2.027E+3
674.39	1.769E+3
674.71	1.694E+3
675.03	1.660E+3
675.34	1.570E+3
675.66	1.549E+3
675.98	1.427E+3
676.30	1.454E+3
676.62	1.282E+3
676.94	1.182E+3
677.25	1.163E+3
677.57	1.121E+3
677.89	1.046E+3
678.21	9.515E+2
678.53	9.029E+2
678.85	9.588E+2
679.16	7.888E+2
679.48	7.816E+2
679.80	7.427E+2
680.12	6.699E+2
680.44	6.553E+2
680.75	6.311E+2
681.07	6.238E+2
681.39	5.413E+2
681.71	5.825E+2
682.02	5.753E+2
682.34	4.903E+2
682.66	5.437E+2
682.98	4.563E+2
683.29	4.078E+2
683.61	4.029E+2
683.93	4.199E+2
684.25	3.204E+2
684.56	4.126E+2
684.88	2.718E+2
685.20	2.597E+2
685.51	1.505E+2
685.83	2.524E+2
686.15	3.034E+2
686.47	2.087E+2
686.78	1.820E+2
687.10	2.791E+2
687.42	2.039E+2
687.73	1.602E+2
688.05	1.723E+2
688.37	2.015E+2
688.68	1.068E+2
689.00	1.651E+2
689.32	1.286E+2
689.63	1.553E+2
689.95	1.966E+2
690.26	2.087E+2
690.58	1.408E+2
690.90	1.092E+2
691.21	1.748E+2
691.53	1.456E+2
691.85	8.981E+1
692.16	7.524E+1
692.48	0.000E+0
692.79	7.767E+1
693.11	9.223E+1
693.42	-2.913E+1
693.74	7.282E+0
694.06	1.456E+2
694.37	1.796E+2
694.69	7.282E+0
695.00	1.651E+2
695.32	5.097E+1
695.63	3.398E+1
695.95	5.583E+1
696.26	-2.913E+1
696.58	7.767E+1
696.90	1.189E+2
697.21	7.282E+0
697.53	1.019E+2
697.84	3.884E+1
698.16	1.456E+1
698.47	-4.854E+0
698.79	1.262E+2
699.10	1.335E+2
699.42	6.796E+1
699.73	-4.612E+1
700.05	5.097E+1
700.36	1.359E+2
700.68	9.466E+1
700.99	7.282E+1
701.30	9.223E+1
701.62	8.253E+1
701.93	8.738E+1
702.25	9.466E+1
702.56	1.699E+1
702.88	-2.184E+1
703.19	-4.126E+1
703.50	4.854E+0
703.82	0.000E+0
704.13	4.126E+1
704.45	4.369E+1
704.76	-7.282E+0
705.08	2.184E+1
705.39	2.913E+1
705.70	9.709E+0
706.02	4.126E+1
706.33	4.854E+0
706.64	6.068E+1
706.96	6.311E+1
707.27	6.796E+1
707.59	1.456E+1
707.90	-4.612E+1
708.21	3.398E+1
708.53	-1.214E+1
708.84	4.854E+0
709.15	3.641E+1
709.47	-6.068E+1
709.78	2.184E+1
710.09	3.398E+1
710.41	1.699E+1
710.72	4.126E+1
711.03	-3.398E+1
711.34	2.913E+1
711.66	2.670E+1
711.97	1.699E+2
712.28	2.427E+1
712.60	8.981E+1
712.91	1.456E+1
713.22	-4.369E+1
713.53	2.184E+1
713.85	5.583E+1
714.16	3.398E+1
714.47	8.495E+1
714.78	6.554E+1
715.10	-1.019E+2
715.41	-2.670E+1
715.72	1.335E+2
716.03	-2.427E+0
716.35	7.767E+1
716.66	6.554E+1
716.97	3.641E+1
717.28	5.825E+1
717.59	3.884E+1
717.91	2.913E+1
718.22	1.044E+2
718.53	9.709E+0
718.84	1.942E+1
719.15	-9.223E+1
719.46	-4.854E+1
719.78	3.884E+1
720.09	2.913E+1
720.40	3.884E+1
720.71	-8.010E+1
721.02	2.913E+1
721.33	2.427E+1
721.65	3.398E+1
721.96	1.942E+1
722.27	-1.942E+1
722.58	0.000E+0
722.89	-7.282E+0
723.20	-1.699E+1
723.51	6.311E+1
723.82	2.913E+1
724.13	-1.942E+1
724.45	3.641E+1
724.76	1.092E+2
725.07	-1.092E+2
725.38	0.000E+0
725.69	5.825E+1
726.00	1.699E+1
726.31	1.068E+2
726.62	-9.709E+0
726.93	1.456E+1
727.24	-9.709E+1
727.55	5.583E+1
727.86	1.942E+1
728.17	1.456E+1
728.48	-5.097E+1
728.79	-3.884E+1
729.10	-4.854E+0
729.41	-4.369E+1
729.72	-5.097E+1
730.03	-2.427E+0
730.34	-6.311E+1
730.65	4.126E+1
730.96	2.427E+0
731.27	-6.068E+1
731.58	-2.670E+1
731.89	-7.039E+1
732.20	2.184E+1
732.51	2.184E+1
732.82	-4.854E+0
733.13	-2.913E+1
733.44	2.913E+1
733.75	7.039E+1
734.06	-2.913E+1
734.37	2.427E+0
734.68	-4.854E+0
734.98	8.253E+1
735.29	1.456E+1
735.60	1.942E+1
735.91	-1.942E+1
736.22	4.612E+1
736.53	3.641E+1
736.84	1.699E+1
737.15	9.709E+0
737.46	4.854E+1
737.77	-1.748E+2
738.07	7.282E+0
738.38	3.398E+1
738.69	-1.456E+1
739.00	-5.340E+1
739.31	5.825E+1
739.62	-4.126E+1
739.92	4.612E+1
740.23	3.641E+1
740.54	-7.524E+1
740.85	-6.796E+1
741.16	-8.981E+1
741.47	7.524E+1
741.77	2.427E+1
742.08	-6.554E+1
742.39	-9.223E+1
742.70	4.369E+1
743.01	-7.039E+1
743.31	-2.184E+1
743.62	-2.670E+1
743.93	-1.214E+1
744.24	-3.641E+1
744.54	3.155E+1
744.85	-1.214E+1
745.16	-6.311E+1
745.47	4.854E+0
745.77	-4.612E+1
746.08	8.253E+1
746.39	-1.699E+1
746.70	-7.282E+0
747.00	6.554E+1
747.31	0.000E+0
747.62	-2.427E+0
747.92	-3.884E+1
748.23	-6.796E+1
748.54	2.427E+1
748.84	-2.427E+1
749.15	-7.282E+0
749.46	-6.796E+1
749.76	0.000E+0
750.07	7.039E+1
750.38	8.495E+1
750.68	4.369E+1
750.99	-3.884E+1
751.30	1.068E+2
751.60	-4.369E+1
751.91	-3.155E+1
752.22	-5.583E+1
752.52	4.369E+1
752.83	4.854E+1
753.14	2.184E+1
753.44	-3.884E+1
753.75	9.466E+1
754.05	-2.427E+0
754.36	1.456E+1
754.67	-4.126E+1
754.97	5.825E+1
755.28	-8.495E+1
755.58	-8.253E+1
755.89	-1.214E+1
756.19	2.427E+1
756.50	1.456E+1
756.81	0.000E+0
757.11	5.583E+1
757.42	-4.854E+0
757.72	-1.092E+2
758.03	1.699E+1
758.33	1.359E+2
758.64	-1.699E+1
758.94	-4.612E+1
759.25	-4.854E+1
759.55	-7.282E+0
759.86	3.884E+1
760.16	-3.398E+1
760.47	1.214E+1
760.77	-1.456E+1
761.08	2.427E+1
761.38	2.427E+1
761.69	8.495E+1
761.99	3.641E+1
762.30	2.184E+1
762.60	2.670E+1
762.91	-4.126E+1
763.21	2.913E+1
763.51	-2.184E+1
763.82	5.097E+1
764.12	-3.884E+1
764.43	4.612E+1
764.73	9.709E+0
765.04	4.854E+0
765.34	1.165E+2
765.64	0.000E+0
765.95	-2.913E+1
766.25	7.767E+1
766.56	8.981E+1
766.86	8.253E+1
767.16	-4.854E+0
767.47	-3.398E+1
767.77	0.000E+0
768.07	3.155E+1
768.38	2.427E+0
768.68	-1.238E+2
768.98	-5.583E+1
769.29	1.942E+1
769.59	-1.942E+1
769.89	1.699E+1
770.20	6.796E+1
770.50	5.340E+1
770.80	2.913E+1
771.11	3.884E+1
771.41	1.214E+1
771.71	2.427E+1
772.02	4.126E+1
772.32	5.825E+1
772.62	3.398E+1
772.93	7.767E+1
773.23	-9.952E+1
773.53	-4.369E+1
773.83	-3.398E+1
774.14	-6.068E+1
774.44	-1.117E+2
774.74	2.427E+0
775.04	-2.184E+1
775.35	3.155E+1
775.65	3.884E+1
775.95	-9.466E+1
776.25	-6.554E+1
776.55	8.253E+1
776.86	4.854E+1
777.16	-1.456E+1
777.46	-2.184E+1
777.76	1.942E+1
778.06	-2.184E+1
778.37	8.253E+1
778.67	3.155E+1
778.97	-8.981E+1
779.27	0.000E+0
779.57	-7.039E+1
779.88	1.214E+1
780.18	-2.913E+1
780.48	-6.311E+1
780.78	2.427E+1
781.08	9.709E+0
781.38	2.184E+1
781.68	-9.709E+0
781.98	3.155E+1
782.29	6.068E+1
782.59	3.398E+1
782.89	6.796E+1
783.19	4.369E+1
783.49	-1.141E+2
783.79	4.612E+1
784.09	5.097E+1
784.39	-1.165E+2
784.69	4.126E+1
784.99	-8.010E+1
785.30	1.214E+1
785.60	-4.854E+0
785.90	-7.282E+1
786.20	2.913E+1
786.50	-1.456E+1
786.80	6.796E+1
787.10	1.214E+1
787.40	4.126E+1
787.70	-6.796E+1
788.00	-1.214E+1
788.30	7.282E+1
788.60	-2.184E+1
788.90	1.456E+1
789.20	1.456E+1
789.50	2.427E+0
789.80	3.641E+1
790.10	-3.155E+1
790.40	3.641E+1
790.70	4.612E+1
791.00	-6.554E+1
791.30	-1.214E+2
791.60	2.913E+1
791.90	-5.583E+1
792.20	3.155E+1
792.50	-8.981E+1
792.79	-3.155E+1
793.09	3.884E+1
793.39	4.369E+1
793.69	7.282E+0
793.99	-7.039E+1
794.29	1.942E+1
794.59	1.942E+1
794.89	6.068E+1
795.19	6.554E+1
795.49	1.044E+2
795.79	1.165E+2
796.08	-1.068E+2
796.38	7.282E+0
796.68	8.010E+1
796.98	-1.359E+2
797.28	-1.117E+2
797.58	-4.854E+0
797.88	1.214E+1
798.17	-7.282E+0
798.47	3.398E+1
798.77	3.641E+1
799.07	8.981E+1
799.37	-1.942E+1
799.67	6.554E+1
799.96	-7.282E+0
800.26	2.427E+1
800.56	7.039E+1
800.86	-2.427E+1
801.16	-5.583E+1
801.45	3.884E+1
801.75	-7.524E+1
802.05	-1.699E+1
802.35	-7.039E+1
802.64	4.126E+1
802.94	-9.223E+1
803.24	1.699E+1
803.54	1.165E+2
803.83	-5.097E+1
804.13	4.612E+1
804.43	1.699E+1
804.73	-2.670E+1
805.02	-3.884E+1
805.32	-1.942E+1
805.62	-9.709E+0
805.91	4.854E+0
806.21	-1.456E+1
806.51	-4.369E+1
806.81	2.427E+1
807.10	-5.825E+1
807.40	-2.670E+1
807.70	1.214E+1
807.99	-5.097E+1
808.29	-5.583E+1
808.59	1.456E+1
808.88	7.039E+1
809.18	9.709E+0
809.47	-4.612E+1
809.77	3.884E+1
810.07	8.010E+1
810.36	-2.427E+0
810.66	4.854E+0
810.96	3.641E+1
811.25	-3.884E+1
811.55	4.126E+1
811.84	4.126E+1
812.14	-7.282E+0
812.44	-4.369E+1
812.73	4.369E+1
813.03	4.854E+0
813.32	-9.709E+0
813.62	-1.456E+1
813.91	-4.612E+1
814.21	6.554E+1
814.51	-3.641E+1
814.80	-5.340E+1
815.10	3.155E+1
815.39	5.825E+1
815.69	-4.612E+1
815.98	2.184E+1
816.28	8.981E+1
816.57	4.126E+1
816.87	8.738E+1
817.16	3.398E+1
817.46	4.854E+0
817.75	2.427E+0
818.05	-1.044E+2
818.34	0.000E+0
818.64	-3.155E+1
818.93	-5.583E+1
819.23	-4.126E+1
819.52	6.068E+1
819.82	-2.427E+1
820.11	-4.854E+1
820.40	8.010E+1
820.70	4.612E+1
820.99	-2.427E+0
821.29	-2.670E+1
821.58	1.942E+1
821.88	1.699E+1
822.17	-4.612E+1
822.46	4.854E+0
822.76	2.670E+1
823.05	7.282E+1
823.35	7.524E+1
823.64	2.184E+1
823.93	-2.427E+0
824.23	1.699E+1
824.52	7.039E+1
824.81	4.369E+1
825.11	1.117E+2
825.40	-2.913E+1
825.69	2.427E+0
825.99	-2.427E+1
826.28	4.126E+1
826.58	-1.214E+1
826.87	-6.796E+1
827.16	5.583E+1
827.45	-1.214E+1
827.75	-7.767E+1
828.04	3.155E+1
828.33	4.854E+0
828.63	3.884E+1
828.92	-5.340E+1
829.21	0.000E+0
829.51	1.214E+1
829.80	7.524E+1
830.09	-4.369E+1
830.38	7.282E+0
830.68	8.253E+1
830.97	-9.709E+0
831.26	8.495E+1
831.55	-7.282E+0
831.85	1.214E+1
832.14	2.427E+0
832.43	-2.913E+1
832.72	2.427E+0
833.01	-5.825E+1
833.31	4.854E+0
833.60	2.913E+1
833.89	-9.223E+1
834.18	0.000E+0
834.47	-4.369E+1
834.77	7.524E+1
835.06	9.709E+0
835.35	6.554E+1
835.64	-3.398E+1
835.93	-9.466E+1
836.22	4.126E+1
836.52	-8.253E+1
836.81	4.854E+0
837.10	-3.155E+1
837.39	-2.427E+1
837.68	-4.854E+1
837.97	-2.670E+1
838.26	-5.583E+1
838.55	1.214E+2
838.85	-1.699E+1
839.14	-2.913E+1
839.43	-2.184E+1
839.72	-6.311E+1
840.01	-2.184E+1
840.30	-7.282E+1
840.59	-3.398E+1
840.88	-4.369E+1
841.17	9.466E+1
841.46	1.262E+2
841.75	8.981E+1
842.04	1.699E+1
842.33	7.039E+1
842.62	6.796E+1
842.91	0.000E+0
843.21	3.641E+1
843.50	-3.884E+1
843.79	1.262E+2
844.08	4.369E+1
844.37	-3.398E+1
844.66	-3.155E+1
844.95	-1.456E+1
845.24	4.854E+0
845.53	4.126E+1
845.81	6.068E+1
846.10	-1.384E+2
846.39	-1.214E+1
846.68	-5.583E+1
846.97	0.000E+0
847.26	3.641E+1
847.55	7.039E+1
847.84	-4.854E+0
848.13	-1.044E+2
848.42	-6.796E+1
848.71	8.981E+1
849.00	-2.427E+0
849.29	3.155E+1
849.58	-5.340E+1
849.87	6.796E+1
850.15	-8.738E+1
850.44	-2.670E+1
850.73	4.854E+0
851.02	-2.427E+0
851.31	-9.709E+0
851.60	-4.854E+1
851.89	3.398E+1
852.18	2.670E+1
852.46	-2.184E+1
852.75	-3.884E+1
853.04	6.796E+1
853.33	-9.952E+1
853.62	-7.282E+1
853.91	0.000E+0
854.19	8.253E+1
854.48	4.854E+0
854.77	1.214E+1
855.06	-7.039E+1
855.35	1.214E+2
855.63	1.214E+1
855.92	7.524E+1
856.21	5.583E+1
856.50	8.495E+1
856.79	7.524E+1
857.07	-5.340E+1
857.36	2.427E+0
857.65	-7.282E+0
857.94	1.117E+2
858.22	4.126E+1
858.51	2.670E+1
858.80	4.126E+1
859.08	-6.311E+1
859.37	1.044E+2
859.66	6.311E+1
859.95	-2.427E+1
860.23	1.165E+2
860.52	6.068E+1
860.81	-1.262E+2
861.09	3.155E+1
861.38	7.039E+1
861.67	-1.165E+2
861.95	2.427E+1
862.24	0.000E+0
862.53	8.981E+1
862.81	-2.913E+1
863.10	-7.767E+1
863.39	2.670E+1
863.67	4.854E+0
863.96	5.340E+1
864.25	1.068E+2
864.53	8.253E+1
864.82	1.456E+2
865.10	-3.155E+1
865.39	1.214E+1
865.68	9.709E+0
865.96	4.126E+1
866.25	2.913E+1
866.53	2.913E+1
866.82	2.913E+1