/* F3 - Waermeleitung in Kristallen - HZB - Hanjo Ryll, Bastian Klemke
/* Spannung am Agilent 6.667000E+0 V
/* Pulszeit am Agilent 7.200000E-2 s
/* t [s]   R1 [Ohm]  R2 [Ohm] 
-6.000000E+0     1.067390E+2     9.766543E+1
-5.967599E+0     1.067488E+2     9.766543E+1
-5.943682E+0     1.067453E+2     9.766543E+1
-5.917601E+0     1.067424E+2     9.766373E+1
-5.884364E+0     1.067570E+2     9.766395E+1
-5.851026E+0     1.067444E+2     9.765794E+1
-5.825339E+0     1.067444E+2     9.766001E+1
-5.798112E+0     1.067444E+2     9.766001E+1
-5.774097E+0     1.067427E+2     9.765997E+1
-5.743262E+0     1.067455E+2     9.765997E+1
-5.714224E+0     1.067479E+2     9.766008E+1
-5.684359E+0     1.067405E+2     9.765552E+1
-5.655372E+0     1.067412E+2     9.765552E+1
-5.623871E+0     1.067377E+2     9.765330E+1
-5.593503E+0     1.067394E+2     9.766261E+1
-5.560416E+0     1.067385E+2     9.765627E+1
-5.525279E+0     1.067371E+2     9.765671E+1
-5.502420E+0     1.067483E+2     9.765968E+1
-5.477949E+0     1.067450E+2     9.766283E+1
-5.453057E+0     1.067499E+2     9.766283E+1
-5.428881E+0     1.067538E+2     9.766283E+1
-5.401330E+0     1.067426E+2     9.766860E+1
-5.379041E+0     1.067391E+2     9.765284E+1
-5.355332E+0     1.067391E+2     9.765915E+1
-5.331929E+0     1.067391E+2     9.765317E+1
-5.307784E+0     1.067378E+2     9.765378E+1
-5.283133E+0     1.067427E+2     9.765378E+1
-5.258253E+0     1.067479E+2     9.765764E+1
-5.234392E+0     1.067454E+2     9.765541E+1
-5.203336E+0     1.067389E+2     9.766098E+1
-5.180750E+0     1.067446E+2     9.766367E+1
-5.148396E+0     1.067485E+2     9.766455E+1
-5.122973E+0     1.067485E+2     9.766455E+1
-5.089860E+0     1.067494E+2     9.765618E+1
-5.061011E+0     1.067373E+2     9.765658E+1
-5.029093E+0     1.067418E+2     9.765948E+1
-5.000359E+0     1.067452E+2     9.765554E+1
-4.969775E+0     1.067364E+2     9.765554E+1
-4.942952E+0     1.067474E+2     9.766477E+1
-4.914388E+0     1.067416E+2     9.766307E+1
-4.885560E+0     1.067416E+2     9.766140E+1
-4.854345E+0     1.067464E+2     9.765585E+1
-4.824085E+0     1.067543E+2     9.767016E+1
-4.798740E+0     1.067420E+2     9.767016E+1
-4.768355E+0     1.067497E+2     9.766208E+1
-4.743453E+0     1.067467E+2     9.766714E+1
-4.715215E+0     1.067478E+2     9.765823E+1
-4.682006E+0     1.067407E+2     9.767388E+1
-4.649998E+0     1.067527E+2     9.767388E+1
-4.626138E+0     1.067434E+2     9.766056E+1
-4.596395E+0     1.067398E+2     9.766536E+1
-4.573032E+0     1.067447E+2     9.766360E+1
-4.550771E+0     1.067489E+2     9.766974E+1
-4.523346E+0     1.067517E+2     9.765108E+1
-4.493407E+0     1.067332E+2     9.765108E+1
-4.465318E+0     1.067370E+2     9.765449E+1
-4.437433E+0     1.067467E+2     9.765889E+1
-4.400689E+0     1.067494E+2     9.766648E+1
-4.373356E+0     1.067459E+2     9.766325E+1
-4.347790E+0     1.067478E+2     9.766468E+1
-4.325269E+0     1.067494E+2     9.766468E+1
-4.300996E+0     1.067443E+2     9.766276E+1
-4.279003E+0     1.067507E+2     9.765612E+1
-4.250333E+0     1.067352E+2     9.765812E+1
-4.225361E+0     1.067352E+2     9.765169E+1
-4.195343E+0     1.067379E+2     9.766877E+1
-4.166074E+0     1.067559E+2     9.766877E+1
-4.135934E+0     1.067556E+2     9.766532E+1
-4.105461E+0     1.067419E+2     9.765926E+1
-4.079131E+0     1.067429E+2     9.766158E+1
-4.050332E+0     1.067535E+2     9.766279E+1
-4.018621E+0     1.067474E+2     9.766279E+1
-3.990087E+0     1.067416E+2     9.765777E+1
-3.951996E+0     1.067558E+2     9.766719E+1
-3.928000E+0     1.067520E+2     9.766078E+1
-3.905740E+0     1.067443E+2     9.766213E+1
-3.876210E+0     1.067470E+2     9.766450E+1
-3.853105E+0     1.067501E+2     9.766450E+1
-3.829757E+0     1.067475E+2     9.766431E+1
-3.806696E+0     1.067420E+2     9.765740E+1
-3.780832E+0     1.067420E+2     9.766158E+1
-3.755366E+0     1.067405E+2     9.766070E+1
-3.725382E+0     1.067395E+2     9.765806E+1
-3.695331E+0     1.067451E+2     9.765806E+1
-3.667105E+0     1.067451E+2     9.766061E+1
-3.635671E+0     1.067428E+2     9.766154E+1
-3.608861E+0     1.067412E+2     9.766217E+1
-3.586445E+0     1.067436E+2     9.765480E+1
-3.560370E+0     1.067436E+2     9.766603E+1
-3.537748E+0     1.067421E+2     9.766603E+1
-3.513375E+0     1.067487E+2     9.766094E+1
-3.489378E+0     1.067515E+2     9.766231E+1
-3.460983E+0     1.067442E+2     9.765176E+1
-3.438052E+0     1.067428E+2     9.766603E+1
-3.415354E+0     1.067535E+2     9.767221E+1
-3.387286E+0     1.067584E+2     9.767221E+1
-3.363739E+0     1.067450E+2     9.767221E+1
-3.337662E+0     1.067450E+2     9.766352E+1
-3.314328E+0     1.067513E+2     9.766803E+1
-3.290308E+0     1.067460E+2     9.765610E+1
-3.267891E+0     1.067468E+2     9.766691E+1
-3.244339E+0     1.067463E+2     9.765977E+1
-3.220605E+0     1.067393E+2     9.765977E+1
-3.196794E+0     1.067436E+2     9.765936E+1
-3.171983E+0     1.067436E+2     9.766798E+1
-3.146241E+0     1.067521E+2     9.765973E+1
-3.120671E+0     1.067521E+2     9.767355E+1
-3.095317E+0     1.067421E+2     9.767355E+1
-3.063250E+0     1.067472E+2     9.766768E+1
-3.035331E+0     1.067475E+2     9.767406E+1
-3.002896E+0     1.067423E+2     9.766105E+1
-2.973341E+0     1.067423E+2     9.766323E+1
-2.948327E+0     1.067483E+2     9.765269E+1
-2.917614E+0     1.067321E+2     9.765927E+1
-2.892991E+0     1.067321E+2     9.765927E+1
-2.862963E+0     1.067419E+2     9.765988E+1
-2.834317E+0     1.067494E+2     9.767021E+1
-2.805375E+0     1.067502E+2     9.765960E+1
-2.773154E+0     1.067442E+2     9.766609E+1
-2.740986E+0     1.067473E+2     9.766609E+1
-2.714029E+0     1.067417E+2     9.766609E+1
-2.687968E+0     1.067481E+2     9.766094E+1
-2.665345E+0     1.067481E+2     9.766132E+1
-2.640715E+0     1.067500E+2     9.765933E+1
-2.618233E+0     1.067462E+2     9.766697E+1
-2.596324E+0     1.067588E+2     9.767485E+1
-2.570644E+0     1.067565E+2     9.767485E+1
-2.546893E+0     1.067535E+2     9.767485E+1
-2.519883E+0     1.067494E+2     9.766992E+1
-2.497904E+0     1.067523E+2     9.765971E+1
-2.473544E+0     1.067425E+2     9.766134E+1
-2.442908E+0     1.067425E+2     9.766814E+1
-2.404885E+0     1.067504E+2     9.766814E+1
-2.381995E+0     1.067469E+2     9.766437E+1
-2.353659E+0     1.067518E+2     9.766902E+1
-2.322022E+0     1.067516E+2     9.765876E+1
-2.287010E+0     1.067489E+2     9.766277E+1
-2.259968E+0     1.067471E+2     9.766297E+1
-2.236778E+0     1.067471E+2     9.766297E+1
-2.211772E+0     1.067388E+2     9.765995E+1
-2.187998E+0     1.067514E+2     9.766966E+1
-2.157316E+0     1.067453E+2     9.766653E+1
-2.132328E+0     1.067520E+2     9.766752E+1
-2.098769E+0     1.067534E+2     9.766807E+1
-2.068252E+0     1.067438E+2     9.766134E+1
-2.036142E+0     1.067461E+2     9.766512E+1
-2.010963E+0     1.067461E+2     9.766506E+1
-1.985307E+0     1.067466E+2     9.766506E+1
-1.958136E+0     1.067338E+2     9.765555E+1
-1.935304E+0     1.067358E+2     9.765834E+1
-1.910754E+0     1.067498E+2     9.765834E+1
-1.885766E+0     1.067405E+2     9.766453E+1
-1.861335E+0     1.067516E+2     9.766836E+1
-1.833329E+0     1.067485E+2     9.766420E+1
-1.800732E+0     1.067525E+2     9.766548E+1
-1.771966E+0     1.067423E+2     9.766977E+1
-1.739021E+0     1.067672E+2     9.768355E+1
-1.707741E+0     1.067563E+2     9.766820E+1
-1.685175E+0     1.067540E+2     9.766856E+1
-1.659020E+0     1.067458E+2     9.765702E+1
-1.633209E+0     1.067418E+2     9.766184E+1
-1.607819E+0     1.067413E+2     9.766184E+1
-1.578101E+0     1.067431E+2     9.766021E+1
-1.552389E+0     1.067431E+2     9.765975E+1
-1.518394E+0     1.067504E+2     9.766556E+1
-1.484843E+0     1.067409E+2     9.765940E+1
-1.454296E+0     1.067444E+2     9.765749E+1
-1.426176E+0     1.067470E+2     9.766519E+1
-1.395251E+0     1.067490E+2     9.766570E+1
-1.366463E+0     1.067515E+2     9.767045E+1
-1.336160E+0     1.067515E+2     9.766202E+1
-1.309104E+0     1.067511E+2     9.765958E+1
-1.280953E+0     1.067467E+2     9.765958E+1
-1.247774E+0     1.067454E+2     9.766017E+1
-1.217486E+0     1.067475E+2     9.766486E+1
-1.185332E+0     1.067489E+2     9.766209E+1
-1.158599E+0     1.067466E+2     9.766209E+1
-1.133767E+0     1.067499E+2     9.766598E+1
-1.104894E+0     1.067499E+2     9.766547E+1
-1.066363E+0     1.067457E+2     9.766531E+1
-1.043069E+0     1.067503E+2     9.766791E+1
-1.017118E+0     1.067431E+2     9.766791E+1
-9.868097E-1     1.067483E+2     9.767229E+1
-9.536362E-1     1.067548E+2     9.767229E+1
-9.247575E-1     1.067419E+2     9.765737E+1
-8.919516E-1     1.067419E+2     9.766758E+1
-8.680267E-1     1.067454E+2     9.767093E+1
-8.431368E-1     1.067542E+2     9.766547E+1
-8.166003E-1     1.067431E+2     9.765638E+1
-7.939181E-1     1.067410E+2     9.765638E+1
-7.701211E-1     1.067520E+2     9.766555E+1
-7.442818E-1     1.067514E+2     9.767143E+1
-7.206597E-1     1.067536E+2     9.766514E+1
-6.961961E-1     1.067468E+2     9.766181E+1
-6.719890E-1     1.067468E+2     9.766866E+1
-6.483784E-1     1.067503E+2     9.766866E+1
-6.200247E-1     1.067404E+2     9.765822E+1
-5.968256E-1     1.067492E+2     9.766633E+1
-5.735083E-1     1.067520E+2     9.766060E+1
-5.509419E-1     1.067352E+2     9.765475E+1
-5.253515E-1     1.067356E+2     9.765398E+1
-5.019522E-1     1.067427E+2     9.765398E+1
-4.779849E-1     1.067416E+2     9.766373E+1
-4.517102E-1     1.067416E+2     9.766128E+1
-4.297662E-1     1.067429E+2     9.765409E+1
-4.064283E-1     1.067422E+2     9.765904E+1
-3.799539E-1     1.067418E+2     9.766027E+1
-3.509383E-1     1.067465E+2     9.766027E+1
-3.119431E-1     1.067381E+2     9.767200E+1
-2.834039E-1     1.067529E+2     9.766646E+1
-2.552733E-1     1.067494E+2     9.766289E+1
-2.290316E-1     1.067494E+2     9.766316E+1
-1.977682E-1     1.067455E+2     9.766296E+1
-1.691718E-1     1.067444E+2     9.765283E+1
-1.372066E-1     1.067525E+2     9.765283E+1
-1.081820E-1     1.067415E+2     9.766159E+1
-7.794857E-2     1.067422E+2     9.767139E+1
-4.600573E-2     1.067591E+2     9.766320E+1
-1.712227E-2     1.067499E+2     9.766320E+1
1.139069E-2     1.067420E+2     9.765532E+1
0.000000E+0     1.067488E+2     9.766355E+1
3.181934E-2     1.067411E+2     9.766005E+1
6.717587E-2     1.067349E+2     9.766005E+1
9.328985E-2     1.067335E+2     9.766219E+1
1.190023E-1     1.067159E+2     9.766219E+1
1.513166E-1     1.066894E+2     9.766276E+1
1.750193E-1     1.066894E+2     9.764698E+1
1.991062E-1     1.066676E+2     9.763340E+1
2.343435E-1     1.066516E+2     9.763650E+1
2.668123E-1     1.066523E+2     9.763650E+1
2.900972E-1     1.066482E+2     9.762604E+1
3.179069E-1     1.066492E+2     9.761836E+1
3.465838E-1     1.066387E+2     9.761422E+1
3.699737E-1     1.066493E+2     9.761535E+1
3.936362E-1     1.066493E+2     9.761130E+1
4.222865E-1     1.066506E+2     9.761130E+1
4.460177E-1     1.066609E+2     9.761389E+1
4.809546E-1     1.066662E+2     9.762305E+1
5.135360E-1     1.066734E+2     9.762305E+1
5.402775E-1     1.066742E+2     9.762479E+1
5.704107E-1     1.066632E+2     9.761059E+1
5.939403E-1     1.066638E+2     9.761059E+1
6.242905E-1     1.066680E+2     9.761306E+1
6.590838E-1     1.066672E+2     9.761182E+1
6.851635E-1     1.066730E+2     9.761182E+1
7.153301E-1     1.066807E+2     9.761955E+1
7.410030E-1     1.066757E+2     9.760777E+1
7.713699E-1     1.066726E+2     9.761946E+1
8.066783E-1     1.066831E+2     9.761334E+1
8.390117E-1     1.066801E+2     9.761312E+1
8.624415E-1     1.066760E+2     9.761986E+1
8.849874E-1     1.066791E+2     9.761537E+1
9.154572E-1     1.066840E+2     9.761537E+1
9.399834E-1     1.066747E+2     9.761277E+1
9.691200E-1     1.066839E+2     9.762100E+1
1.002278E+0     1.066862E+2     9.761565E+1
1.028449E+0     1.066871E+2     9.760868E+1
1.057514E+0     1.066784E+2     9.761964E+1
1.083041E+0     1.066784E+2     9.761964E+1
1.115703E+0     1.066861E+2     9.761911E+1
1.145933E+0     1.066769E+2     9.761110E+1
1.171296E+0     1.066860E+2     9.761755E+1
1.200002E+0     1.066828E+2     9.762180E+1
1.232356E+0     1.066907E+2     9.762180E+1
1.261038E+0     1.066832E+2     9.762180E+1
1.290023E+0     1.066863E+2     9.761271E+1
1.317456E+0     1.066864E+2     9.761616E+1
1.350959E+0     1.066800E+2     9.761138E+1
1.376476E+0     1.066800E+2     9.761138E+1
1.401299E+0     1.066777E+2     9.760491E+1
1.426655E+0     1.066819E+2     9.760491E+1
1.450011E+0     1.066826E+2     9.761112E+1
1.472353E+0     1.066860E+2     9.761409E+1
1.505631E+0     1.066924E+2     9.762158E+1
1.535363E+0     1.066924E+2     9.762899E+1
1.567231E+0     1.066838E+2     9.762899E+1
1.593531E+0     1.066898E+2     9.762084E+1
1.622509E+0     1.067043E+2     9.763013E+1
1.656626E+0     1.066993E+2     9.762821E+1
1.684366E+0     1.066982E+2     9.763222E+1
1.711333E+0     1.067002E+2     9.762302E+1
1.740406E+0     1.066990E+2     9.762007E+1
1.779222E+0     1.066953E+2     9.762196E+1
1.810511E+0     1.066992E+2     9.762674E+1
1.838341E+0     1.066960E+2     9.762944E+1
1.865284E+0     1.067030E+2     9.762464E+1
1.893701E+0     1.066972E+2     9.762464E+1
1.924584E+0     1.066939E+2     9.761672E+1
1.953592E+0     1.066828E+2     9.761701E+1
1.982367E+0     1.066867E+2     9.762370E+1
2.005990E+0     1.066867E+2     9.762621E+1
2.038665E+0     1.066929E+2     9.761936E+1
2.067240E+0     1.066965E+2     9.761936E+1
2.095787E+0     1.066903E+2     9.761974E+1
2.120033E+0     1.066897E+2     9.761707E+1
2.144589E+0     1.066921E+2     9.761901E+1
2.175968E+0     1.066889E+2     9.761650E+1
2.204976E+0     1.066947E+2     9.762348E+1
2.231355E+0     1.066990E+2     9.762539E+1
2.266631E+0     1.066983E+2     9.763580E+1
2.292149E+0     1.067048E+2     9.763444E+1
2.317963E+0     1.067036E+2     9.762233E+1
2.350035E+0     1.066919E+2     9.762176E+1
2.381443E+0     1.066903E+2     9.762176E+1
2.412372E+0     1.066987E+2     9.761762E+1
2.441336E+0     1.066987E+2     9.762346E+1
2.466982E+0     1.066949E+2     9.762335E+1
2.495883E+0     1.066952E+2     9.763506E+1
2.527170E+0     1.067024E+2     9.763506E+1
2.557934E+0     1.066880E+2     9.762011E+1
2.596503E+0     1.066984E+2     9.762718E+1
2.636615E+0     1.067044E+2     9.762836E+1
2.663024E+0     1.067044E+2     9.763244E+1
2.685978E+0     1.067054E+2     9.762907E+1
2.713979E+0     1.067087E+2     9.762907E+1
2.736326E+0     1.067118E+2     9.763431E+1
2.761313E+0     1.067024E+2     9.762988E+1
2.789081E+0     1.067018E+2     9.762907E+1
2.820049E+0     1.067025E+2     9.762636E+1
2.849016E+0     1.067005E+2     9.762819E+1
2.877874E+0     1.067005E+2     9.762905E+1
2.914559E+0     1.067015E+2     9.762905E+1
2.942381E+0     1.067035E+2     9.763409E+1
2.974315E+0     1.067133E+2     9.762579E+1
3.002382E+0     1.067010E+2     9.762660E+1
3.029017E+0     1.066985E+2     9.762660E+1
3.059030E+0     1.067056E+2     9.763600E+1
3.085783E+0     1.067017E+2     9.763382E+1
3.114249E+0     1.067109E+2     9.763378E+1
3.146451E+0     1.067083E+2     9.762724E+1
3.171352E+0     1.067100E+2     9.763886E+1
3.196176E+0     1.067025E+2     9.763886E+1
3.224751E+0     1.067089E+2     9.763085E+1
3.248183E+0     1.067122E+2     9.763831E+1
3.273963E+0     1.067095E+2     9.763961E+1
3.295089E+0     1.067104E+2     9.763633E+1
3.318366E+0     1.067148E+2     9.763631E+1
3.342267E+0     1.067148E+2     9.763631E+1
3.368975E+0     1.067046E+2     9.763950E+1
3.399484E+0     1.067209E+2     9.763517E+1
3.435710E+0     1.067134E+2     9.763635E+1
3.462037E+0     1.067152E+2     9.763812E+1
3.485787E+0     1.067039E+2     9.762982E+1
3.511343E+0     1.067033E+2     9.762982E+1
3.534396E+0     1.067166E+2     9.762845E+1
3.559084E+0     1.067166E+2     9.763162E+1
3.593562E+0     1.067093E+2     9.763635E+1
3.630199E+0     1.067210E+2     9.764850E+1
3.656834E+0     1.067254E+2     9.764850E+1
3.680057E+0     1.067166E+2     9.764976E+1
3.703036E+0     1.067193E+2     9.764404E+1
3.726515E+0     1.067165E+2     9.764439E+1
3.754380E+0     1.067207E+2     9.764014E+1
3.786288E+0     1.067207E+2     9.763827E+1
3.820206E+0     1.067091E+2     9.763827E+1
3.850022E+0     1.067162E+2     9.763499E+1
3.873295E+0     1.067110E+2     9.763735E+1
3.900939E+0     1.067152E+2     9.764333E+1
3.923996E+0     1.067115E+2     9.764007E+1
3.948873E+0     1.067101E+2     9.763871E+1
3.972398E+0     1.067184E+2     9.763871E+1
3.995400E+0     1.067184E+2     9.764985E+1
4.021164E+0     1.067218E+2     9.763301E+1
4.050071E+0     1.067109E+2     9.763757E+1
4.073401E+0     1.067085E+2     9.764032E+1
4.097202E+0     1.067197E+2     9.764641E+1
4.122365E+0     1.067203E+2     9.764641E+1
4.146275E+0     1.067068E+2     9.763836E+1
4.171538E+0     1.067066E+2     9.763906E+1
4.203399E+0     1.067126E+2     9.764921E+1
4.229119E+0     1.067126E+2     9.764342E+1
4.259118E+0     1.067264E+2     9.764712E+1
4.289028E+0     1.067220E+2     9.764638E+1
4.330040E+0     1.067144E+2     9.763804E+1
4.369009E+0     1.067115E+2     9.764006E+1
4.396880E+0     1.067204E+2     9.764590E+1
4.425664E+0     1.067152E+2     9.764165E+1
4.449071E+0     1.067152E+2     9.764165E+1
4.472329E+0     1.067238E+2     9.764378E+1
4.499502E+0     1.067146E+2     9.763736E+1
4.527419E+0     1.067139E+2     9.764407E+1
4.559100E+0     1.067212E+2     9.764295E+1
4.588884E+0     1.067329E+2     9.764807E+1
4.613772E+0     1.067252E+2     9.764807E+1
4.644502E+0     1.067213E+2     9.765307E+1
4.668760E+0     1.067213E+2     9.764259E+1
4.692304E+0     1.067244E+2     9.764896E+1
4.728284E+0     1.067199E+2     9.763707E+1
4.760072E+0     1.067105E+2     9.763707E+1
4.783370E+0     1.067165E+2     9.763707E+1
4.808661E+0     1.067210E+2     9.764125E+1
4.831366E+0     1.067112E+2     9.763456E+1
4.854619E+0     1.067128E+2     9.763786E+1
4.882408E+0     1.067128E+2     9.763245E+1
4.906542E+0     1.067066E+2     9.763553E+1
4.938104E+0     1.067169E+2     9.763553E+1
4.972060E+0     1.067141E+2     9.763566E+1
5.004359E+0     1.067060E+2     9.763229E+1
5.033406E+0     1.067104E+2     9.763848E+1
5.058960E+0     1.067167E+2     9.764299E+1
5.089129E+0     1.067220E+2     9.764299E+1
5.113316E+0     1.067220E+2     9.764803E+1
5.144385E+0     1.067230E+2     9.763942E+1
5.171507E+0     1.067127E+2     9.763788E+1
5.204598E+0     1.067119E+2     9.764444E+1
5.236489E+0     1.067176E+2     9.764444E+1
5.267910E+0     1.067212E+2     9.764444E+1
5.294609E+0     1.067129E+2     9.764156E+1
5.325614E+0     1.067028E+2     9.763901E+1
5.352503E+0     1.067168E+2     9.764559E+1
5.386182E+0     1.067208E+2     9.764559E+1
5.413076E+0     1.067215E+2     9.764495E+1
5.443716E+0     1.067236E+2     9.764495E+1
5.466447E+0     1.067242E+2     9.765463E+1
5.501215E+0     1.067311E+2     9.764984E+1
5.532422E+0     1.067180E+2     9.763885E+1
5.558898E+0     1.067180E+2     9.765006E+1
5.587430E+0     1.067207E+2     9.765006E+1
5.610075E+0     1.067279E+2     9.765239E+1
5.633428E+0     1.067242E+2     9.764907E+1
5.664542E+0     1.067211E+2     9.764955E+1
5.699091E+0     1.067267E+2     9.764955E+1
5.726264E+0     1.067247E+2     9.764596E+1
5.753624E+0     1.067220E+2     9.764596E+1
5.776258E+0     1.067220E+2     9.764160E+1
5.799515E+0     1.067176E+2     9.764601E+1
5.828823E+0     1.067313E+2     9.764900E+1
5.853922E+0     1.067260E+2     9.765279E+1
5.877550E+0     1.067326E+2     9.765651E+1
5.903097E+0     1.067329E+2     9.765651E+1
5.926188E+0     1.067317E+2     9.765543E+1
5.948406E+0     1.067250E+2     9.765078E+1
5.970487E+0     1.067246E+2     9.764585E+1
5.993745E+0     1.067246E+2     9.765061E+1
6.022695E+0     1.067196E+2     9.764334E+1
6.052070E+0     1.067164E+2     9.764334E+1
6.074448E+0     1.067253E+2     9.764717E+1
6.108138E+0     1.067297E+2     9.765294E+1
6.143087E+0     1.067156E+2     9.764169E+1
6.177058E+0     1.067213E+2     9.764314E+1
6.214428E+0     1.067214E+2     9.764314E+1
6.237534E+0     1.067289E+2     9.765351E+1
6.272431E+0     1.067225E+2     9.764336E+1
6.297998E+0     1.067170E+2     9.764345E+1
6.321452E+0     1.067242E+2     9.764981E+1
6.348102E+0     1.067272E+2     9.764713E+1
6.372421E+0     1.067189E+2     9.764713E+1
6.396035E+0     1.067233E+2     9.764242E+1
6.421473E+0     1.067271E+2     9.765435E+1
6.450073E+0     1.067271E+2     9.765054E+1
6.488531E+0     1.067332E+2     9.765439E+1
6.515432E+0     1.067345E+2     9.765186E+1
6.537461E+0     1.067270E+2     9.765186E+1
6.561024E+0     1.067300E+2     9.764563E+1
6.583681E+0     1.067317E+2     9.765514E+1
6.612438E+0     1.067326E+2     9.765113E+1
6.636301E+0     1.067210E+2     9.764590E+1
6.660091E+0     1.067210E+2     9.762981E+1
6.683428E+0     1.067192E+2     9.762981E+1
6.707346E+0     1.067211E+2     9.764413E+1
6.733682E+0     1.067349E+2     9.765404E+1
6.762471E+0     1.067368E+2     9.765063E+1
6.791431E+0     1.067227E+2     9.764706E+1
6.819606E+0     1.067248E+2     9.764539E+1
6.850037E+0     1.067237E+2     9.764526E+1
6.883093E+0     1.067237E+2     9.764805E+1
6.913712E+0     1.067214E+2     9.764499E+1
6.941034E+0     1.067221E+2     9.764469E+1
6.968520E+0     1.067229E+2     9.764460E+1
7.000081E+0     1.067248E+2     9.764460E+1
7.027596E+0     1.067204E+2     9.764444E+1
7.061435E+0     1.067267E+2     9.765203E+1
7.087561E+0     1.067258E+2     9.764702E+1
7.116864E+0     1.067258E+2     9.765254E+1
7.140956E+0     1.067343E+2     9.764966E+1
7.172447E+0     1.067265E+2     9.765120E+1
7.213094E+0     1.067301E+2     9.765052E+1
7.238374E+0     1.067217E+2     9.764118E+1
7.261540E+0     1.067184E+2     9.764068E+1
7.289097E+0     1.067265E+2     9.765314E+1
7.311444E+0     1.067243E+2     9.765314E+1
7.335427E+0     1.067243E+2     9.764081E+1
7.363661E+0     1.067182E+2     9.764825E+1
7.391548E+0     1.067290E+2     9.764614E+1
7.415802E+0     1.067171E+2     9.764356E+1
7.443526E+0     1.067147E+2     9.763696E+1
7.475318E+0     1.067099E+2     9.764228E+1
7.507845E+0     1.067217E+2     9.764497E+1
7.534684E+0     1.067357E+2     9.765534E+1
7.560117E+0     1.067357E+2     9.764338E+1
7.585919E+0     1.067270E+2     9.764057E+1
7.615534E+0     1.067321E+2     9.764057E+1
7.642091E+0     1.067293E+2     9.765650E+1
7.664067E+0     1.067267E+2     9.764277E+1
7.688136E+0     1.067194E+2     9.764343E+1
7.719127E+0     1.067329E+2     9.765573E+1
7.749100E+0     1.067373E+2     9.766341E+1
7.777172E+0     1.067373E+2     9.765472E+1
7.813445E+0     1.067271E+2     9.765688E+1
7.851487E+0     1.067296E+2     9.765232E+1
7.880239E+0     1.067284E+2     9.764796E+1
7.903452E+0     1.067319E+2     9.765261E+1
7.929112E+0     1.067308E+2     9.765261E+1
7.953451E+0     1.067285E+2     9.765041E+1
7.976690E+0     1.067245E+2     9.765113E+1
8.000936E+0     1.067245E+2     9.764572E+1
8.027813E+0     1.067303E+2     9.764521E+1
8.051530E+0     1.067339E+2     9.765538E+1
8.081176E+0     1.067290E+2     9.765538E+1
8.103654E+0     1.067242E+2     9.765417E+1
8.138626E+0     1.067331E+2     9.765417E+1
8.167638E+0     1.067333E+2     9.766135E+1
8.196433E+0     1.067423E+2     9.765358E+1
8.226705E+0     1.067423E+2     9.765358E+1
8.249156E+0     1.067288E+2     9.764233E+1
8.278682E+0     1.067282E+2     9.764803E+1
8.306948E+0     1.067315E+2     9.765186E+1
8.333785E+0     1.067326E+2     9.765091E+1
8.363132E+0     1.067309E+2     9.765351E+1
8.394460E+0     1.067384E+2     9.766284E+1
8.427776E+0     1.067370E+2     9.764570E+1
8.452462E+0     1.067370E+2     9.764746E+1
8.478966E+0     1.067220E+2     9.764746E+1
8.504704E+0     1.067319E+2     9.764805E+1
8.534413E+0     1.067272E+2     9.765027E+1
8.562464E+0     1.067328E+2     9.764999E+1
8.593131E+0     1.067353E+2     9.764999E+1
8.622458E+0     1.067210E+2     9.765038E+1
8.652437E+0     1.067335E+2     9.765113E+1
8.683472E+0     1.067335E+2     9.765877E+1
8.713475E+0     1.067340E+2     9.765877E+1
8.743412E+0     1.067282E+2     9.765003E+1
8.776554E+0     1.067300E+2     9.765424E+1
8.802469E+0     1.067270E+2     9.764281E+1
8.825702E+0     1.067171E+2     9.764070E+1
8.851446E+0     1.067199E+2     9.764732E+1
8.874650E+0     1.067229E+2     9.764732E+1
8.898577E+0     1.067229E+2     9.765272E+1
8.926714E+0     1.067377E+2     9.765815E+1
8.948714E+0     1.067443E+2     9.765835E+1
8.972511E+0     1.067307E+2     9.764990E+1
9.002473E+0     1.067269E+2     9.765694E+1
9.029195E+0     1.067306E+2     9.765694E+1
9.059513E+0     1.067286E+2     9.765314E+1
9.092125E+0     1.067437E+2     9.765903E+1
9.120132E+0     1.067437E+2     9.765380E+1
9.151424E+0     1.067386E+2     9.765336E+1
9.183711E+0     1.067302E+2     9.765336E+1
9.215128E+0     1.067323E+2     9.765336E+1
9.242477E+0     1.067364E+2     9.765320E+1
9.277345E+0     1.067325E+2     9.765547E+1
9.308625E+0     1.067403E+2     9.766828E+1
9.334703E+0     1.067403E+2     9.765038E+1
9.362480E+0     1.067421E+2     9.765038E+1
9.386089E+0     1.067295E+2     9.765038E+1
9.411425E+0     1.067327E+2     9.764880E+1
9.438675E+0     1.067361E+2     9.765875E+1
9.469694E+0     1.067278E+2     9.764854E+1
9.506026E+0     1.067363E+2     9.764854E+1
9.530168E+0     1.067448E+2     9.766399E+1
9.553176E+0     1.067448E+2     9.766399E+1
9.581407E+0     1.067364E+2     9.765459E+1
9.605489E+0     1.067366E+2     9.765292E+1
9.629226E+0     1.067305E+2     9.766000E+1
9.651528E+0     1.067451E+2     9.765934E+1
9.677698E+0     1.067323E+2     9.765741E+1
9.699712E+0     1.067362E+2     9.765741E+1
9.723456E+0     1.067303E+2     9.765436E+1
9.751073E+0     1.067356E+2     9.765202E+1
9.779919E+0     1.067356E+2     9.764767E+1
9.811137E+0     1.067257E+2     9.764742E+1
9.840101E+0     1.067344E+2     9.765376E+1
9.870966E+0     1.067352E+2     9.765376E+1
9.904616E+0     1.067387E+2     9.765394E+1
9.930126E+0     1.067414E+2     9.766301E+1
9.955798E+0     1.067451E+2     9.765990E+1
9.987485E+0     1.067410E+2     9.766092E+1
1.001645E+1     1.067405E+2     9.766092E+1
1.004660E+1     1.067372E+2     9.766092E+1
1.007242E+1     1.067337E+2     9.765834E+1
1.009544E+1     1.067305E+2     9.765865E+1
1.012018E+1     1.067362E+2     9.765982E+1
1.014342E+1     1.067365E+2     9.765279E+1
1.016868E+1     1.067265E+2     9.764577E+1
1.019249E+1     1.067281E+2     9.764577E+1
1.021649E+1     1.067281E+2     9.765119E+1
1.024110E+1     1.067281E+2     9.765940E+1
1.027016E+1     1.067404E+2     9.765572E+1
1.029350E+1     1.067317E+2     9.765348E+1
1.031757E+1     1.067369E+2     9.765825E+1
1.034615E+1     1.067365E+2     9.765825E+1
1.037016E+1     1.067452E+2     9.765422E+1
1.039215E+1     1.067356E+2     9.765874E+1
1.042847E+1     1.067385E+2     9.765570E+1
1.046018E+1     1.067334E+2     9.765570E+1
1.048768E+1     1.067444E+2     9.765629E+1
1.051090E+1     1.067367E+2     9.765629E+1
1.054078E+1     1.067388E+2     9.765869E+1
1.056648E+1     1.067401E+2     9.766312E+1
1.059444E+1     1.067332E+2     9.764401E+1
1.062840E+1     1.067277E+2     9.765834E+1
1.066016E+1     1.067277E+2     9.765834E+1
1.068343E+1     1.067338E+2     9.764973E+1
1.071130E+1     1.067366E+2     9.764723E+1
1.074250E+1     1.067342E+2     9.765301E+1
1.077124E+1     1.067365E+2     9.765599E+1
1.079643E+1     1.067389E+2     9.765894E+1
1.082145E+1     1.067341E+2     9.765894E+1
1.084355E+1     1.067506E+2     9.765944E+1
1.087168E+1     1.067506E+2     9.766125E+1
1.090116E+1     1.067439E+2     9.765726E+1
1.093150E+1     1.067419E+2     9.765979E+1
1.095879E+1     1.067366E+2     9.765616E+1
1.098150E+1     1.067409E+2     9.765616E+1
1.100552E+1     1.067391E+2     9.766259E+1
1.102854E+1     1.067428E+2     9.766576E+1
1.105918E+1     1.067461E+2     9.765612E+1
1.108250E+1     1.067350E+2     9.765202E+1
1.110551E+1     1.067350E+2     9.765559E+1
1.112763E+1     1.067373E+2     9.765559E+1
1.115118E+1     1.067344E+2     9.765823E+1
1.118212E+1     1.067443E+2     9.765792E+1
1.121731E+1     1.067399E+2     9.765836E+1
1.124370E+1     1.067388E+2     9.765755E+1
1.126654E+1     1.067397E+2     9.766138E+1
1.129153E+1     1.067426E+2     9.766138E+1
1.131549E+1     1.067426E+2     9.766074E+1
1.133916E+1     1.067386E+2     9.765900E+1
1.136734E+1     1.067402E+2     9.766842E+1
1.138925E+1     1.067507E+2     9.766594E+1
1.141544E+1     1.067433E+2     9.765867E+1
1.144473E+1     1.067325E+2     9.765867E+1
1.147156E+1     1.067457E+2     9.765786E+1
1.150093E+1     1.067310E+2     9.765088E+1
1.153103E+1     1.067352E+2     9.763908E+1
1.155823E+1     1.067230E+2     9.764791E+1
1.159158E+1     1.067312E+2     9.764791E+1
1.161503E+1     1.067399E+2     9.765880E+1
1.164610E+1     1.067402E+2     9.765801E+1
1.166929E+1     1.067374E+2     9.766387E+1
1.170117E+1     1.067483E+2     9.765880E+1
1.173017E+1     1.067359E+2     9.764910E+1
1.175914E+1     1.067277E+2     9.764910E+1
1.178926E+1     1.067332E+2     9.765062E+1
1.181752E+1     1.067423E+2     9.766327E+1
1.185173E+1     1.067421E+2     9.766376E+1
1.187865E+1     1.067447E+2     9.765909E+1
1.190627E+1     1.067406E+2     9.765909E+1
1.193374E+1     1.067348E+2     9.766026E+1
1.196157E+1     1.067355E+2     9.765480E+1
1.198573E+1     1.067355E+2     9.765530E+1
1.201151E+1     1.067357E+2     9.765378E+1
