Wavelength	Intensity	Ocean Optics Flame
nm	counts
187.89	4.612E+1
188.27	4.369E+1
188.64	-3.398E+1
189.02	1.214E+1
189.40	-7.282E+0
189.78	1.699E+1
190.15	-1.214E+1
190.53	-9.466E+1
190.91	4.369E+1
191.29	5.097E+1
191.66	2.427E+1
192.04	1.456E+1
192.42	-1.942E+1
192.80	-1.699E+1
193.17	-5.097E+1
193.55	2.184E+1
193.93	-2.184E+1
194.30	3.398E+1
194.68	-9.223E+1
195.06	-2.913E+1
195.44	4.854E+1
195.81	-2.427E+1
196.19	1.141E+2
196.57	2.670E+1
196.94	-3.884E+1
197.32	-1.456E+1
197.70	1.699E+1
198.07	-7.282E+0
198.45	3.884E+1
198.83	7.282E+1
199.20	3.641E+1
199.58	3.398E+1
199.96	-5.097E+1
200.33	-2.913E+1
200.71	1.214E+1
201.09	-1.214E+1
201.46	5.097E+1
201.84	2.184E+1
202.22	9.709E+1
202.59	4.612E+1
202.97	4.612E+1
203.34	5.097E+1
203.72	3.398E+1
204.10	-8.738E+1
204.47	-7.282E+0
204.85	-8.010E+1
205.23	-8.253E+1
205.60	5.097E+1
205.98	-1.165E+2
206.35	-6.068E+1
206.73	5.340E+1
207.11	4.612E+1
207.48	6.796E+1
207.86	1.019E+2
208.23	6.554E+1
208.61	3.155E+1
208.98	4.612E+1
209.36	-7.767E+1
209.74	3.641E+1
210.11	-1.117E+2
210.49	3.155E+1
210.86	-7.767E+1
211.24	-4.854E+0
211.61	2.670E+1
211.99	2.670E+1
212.36	-8.010E+1
212.74	6.311E+1
213.11	1.699E+1
213.49	-4.369E+1
213.87	-3.398E+1
214.24	-4.126E+1
214.62	9.466E+1
214.99	3.155E+1
215.37	1.699E+1
215.74	5.097E+1
216.12	-9.709E+0
216.49	-4.369E+1
216.87	-2.184E+1
217.24	-6.068E+1
217.62	1.699E+1
217.99	6.796E+1
218.37	4.612E+1
218.74	1.214E+1
219.11	-2.670E+1
219.49	-5.825E+1
219.86	2.427E+1
220.24	8.981E+1
220.61	-2.670E+1
220.99	2.670E+1
221.36	4.369E+1
221.74	5.583E+1
222.11	1.262E+2
222.49	3.398E+1
222.86	2.670E+1
223.23	-1.699E+1
223.61	-1.456E+1
223.98	1.456E+1
224.36	-7.282E+0
224.73	-4.126E+1
225.11	-7.767E+1
225.48	-5.097E+1
225.85	-1.214E+1
226.23	3.155E+1
226.60	5.825E+1
226.98	8.253E+1
227.35	7.524E+1
227.72	7.039E+1
228.10	-4.126E+1
228.47	3.398E+1
228.84	-6.068E+1
229.22	3.155E+1
229.59	7.039E+1
229.97	3.884E+1
230.34	2.670E+1
230.71	1.553E+2
231.09	2.427E+1
231.46	1.286E+2
231.83	-2.913E+1
232.21	3.155E+1
232.58	1.456E+1
232.95	5.583E+1
233.33	-5.340E+1
233.70	1.942E+1
234.07	3.398E+1
234.45	1.432E+2
234.82	1.699E+1
235.19	-4.612E+1
235.57	0.000E+0
235.94	6.068E+1
236.31	-1.699E+1
236.69	-2.427E+0
237.06	3.398E+1
237.43	1.942E+1
237.80	2.184E+1
238.18	4.126E+1
238.55	1.456E+1
238.92	3.155E+1
239.30	-5.340E+1
239.67	5.340E+1
240.04	8.738E+1
240.41	-1.044E+2
240.79	2.427E+0
241.16	3.641E+1
241.53	-3.641E+1
241.90	-9.223E+1
242.28	-8.010E+1
242.65	6.554E+1
243.02	6.068E+1
243.39	2.427E+0
243.77	-7.282E+0
244.14	1.942E+1
244.51	-4.854E+0
244.88	2.427E+0
245.25	-2.427E+0
245.63	-1.214E+1
246.00	1.942E+1
246.37	5.583E+1
246.74	6.311E+1
247.11	1.456E+1
247.49	5.583E+1
247.86	8.738E+1
248.23	-7.282E+0
248.60	-2.427E+0
248.97	-2.184E+1
249.35	-3.155E+1
249.72	4.854E+1
250.09	-4.126E+1
250.46	4.369E+1
250.83	5.340E+1
251.20	5.583E+1
251.58	2.427E+1
251.95	2.427E+1
252.32	4.612E+1
252.69	1.214E+1
253.06	4.369E+1
253.43	1.214E+1
253.80	1.699E+1
254.17	1.044E+2
254.55	1.699E+2
254.92	3.641E+1
255.29	4.369E+1
255.66	5.825E+1
256.03	8.253E+1
256.40	-4.612E+1
256.77	-2.427E+1
257.14	4.612E+1
257.51	-9.709E+0
257.88	1.699E+1
258.26	4.854E+1
258.63	-2.184E+1
259.00	3.398E+1
259.37	-9.709E+0
259.74	-8.738E+1
260.11	4.854E+1
260.48	-2.427E+1
260.85	1.699E+1
261.22	3.884E+1
261.59	3.398E+1
261.96	7.767E+1
262.33	-2.184E+1
262.70	5.097E+1
263.07	3.884E+1
263.44	3.155E+1
263.81	1.456E+1
264.18	7.282E+0
264.55	2.670E+1
264.92	3.398E+1
265.29	-2.427E+0
265.66	1.699E+1
266.03	2.670E+1
266.40	6.554E+1
266.77	6.068E+1
267.14	1.578E+2
267.51	-1.262E+2
267.88	4.126E+1
268.25	2.427E+1
268.62	9.223E+1
268.99	6.068E+1
269.36	1.942E+1
269.73	-1.942E+1
270.10	-1.044E+2
270.47	2.427E+0
270.84	-4.126E+1
271.21	-5.825E+1
271.58	3.884E+1
271.95	-6.554E+1
272.32	3.641E+1
272.69	-9.709E+0
273.06	1.942E+1
273.43	0.000E+0
273.80	9.223E+1
274.17	7.282E+0
274.53	-4.854E+0
274.90	-5.825E+1
275.27	1.262E+2
275.64	7.282E+0
276.01	7.767E+1
276.38	-7.039E+1
276.75	-8.253E+1
277.12	4.854E+0
277.49	3.398E+1
277.86	-6.311E+1
278.22	-9.709E+0
278.59	-2.427E+0
278.96	2.427E+0
279.33	-2.427E+0
279.70	-2.184E+1
280.07	-7.767E+1
280.44	-3.641E+1
280.80	1.942E+1
281.17	8.010E+1
281.54	-5.097E+1
281.91	5.340E+1
282.28	-5.097E+1
282.65	4.854E+0
283.02	-5.340E+1
283.38	-3.641E+1
283.75	-4.126E+1
284.12	-7.767E+1
284.49	8.010E+1
284.86	2.670E+1
285.22	9.223E+1
285.59	1.044E+2
285.96	9.709E+0
286.33	4.854E+0
286.70	5.583E+1
287.06	5.583E+1
287.43	7.524E+1
287.80	-1.942E+1
288.17	-4.126E+1
288.53	9.709E+0
288.90	-1.214E+1
289.27	4.612E+1
289.64	1.456E+2
290.01	3.398E+1
290.37	2.913E+1
290.74	-3.155E+1
291.11	-3.884E+1
291.48	1.942E+1
291.84	2.670E+1
292.21	2.427E+1
292.58	9.709E+0
292.94	7.767E+1
293.31	5.340E+1
293.68	1.456E+1
294.05	5.097E+1
294.41	0.000E+0
294.78	4.854E+0
295.15	-7.282E+0
295.51	1.044E+2
295.88	-8.010E+1
296.25	5.340E+1
296.61	2.427E+0
296.98	-2.427E+0
297.35	-4.854E+1
297.72	-7.767E+1
298.08	3.155E+1
298.45	-9.466E+1
298.82	-1.699E+1
299.18	4.369E+1
299.55	-9.709E+1
299.91	3.884E+1
300.28	8.253E+1
300.65	-8.738E+1
301.01	1.699E+1
301.38	8.738E+1
301.75	4.369E+1
302.11	1.189E+2
302.48	-2.427E+1
302.85	-2.913E+1
303.21	-3.884E+1
303.58	7.524E+1
303.94	1.141E+2
304.31	7.039E+1
304.68	3.398E+1
305.04	-2.427E+1
305.41	-3.398E+1
305.77	2.184E+1
306.14	-1.456E+1
306.51	8.010E+1
306.87	1.384E+2
307.24	8.495E+1
307.60	2.427E+0
307.97	2.184E+1
308.33	4.854E+1
308.70	-9.709E+0
309.07	1.044E+2
309.43	-4.854E+0
309.80	-4.369E+1
310.16	-1.456E+1
310.53	4.854E+0
310.89	4.369E+1
311.26	2.427E+0
311.62	5.097E+1
311.99	8.010E+1
312.35	-5.583E+1
312.72	8.981E+1
313.08	9.466E+1
313.45	3.155E+1
313.81	-8.981E+1
314.18	4.854E+1
314.54	4.126E+1
314.91	2.427E+1
315.27	9.952E+1
315.64	-4.854E+1
316.00	2.913E+1
316.37	-4.612E+1
316.73	7.524E+1
317.10	-3.884E+1
317.46	6.311E+1
317.83	-4.854E+0
318.19	3.155E+1
318.56	9.709E+0
318.92	1.942E+1
319.28	-6.068E+1
319.65	4.126E+1
320.01	2.184E+1
320.38	2.427E+1
320.74	0.000E+0
321.11	-3.398E+1
321.47	-4.369E+1
321.83	-1.456E+1
322.20	7.039E+1
322.56	1.942E+1
322.93	1.699E+1
323.29	5.583E+1
323.66	4.126E+1
324.02	4.369E+1
324.38	-6.311E+1
324.75	3.641E+1
325.11	4.854E+1
325.47	-3.641E+1
325.84	-6.554E+1
326.20	-1.214E+1
326.57	4.369E+1
326.93	5.340E+1
327.29	-4.854E+0
327.66	-1.214E+1
328.02	-3.641E+1
328.38	-4.126E+1
328.75	-3.641E+1
329.11	2.670E+1
329.47	6.796E+1
329.84	-4.854E+0
330.20	5.583E+1
330.56	9.223E+1
330.93	1.286E+2
331.29	1.359E+2
331.65	9.952E+1
332.02	-8.010E+1
332.38	2.670E+1
332.74	-1.456E+1
333.10	7.282E+1
333.47	-7.282E+0
333.83	3.398E+1
334.19	2.184E+1
334.56	-2.427E+0
334.92	-4.126E+1
335.28	8.981E+1
335.64	-2.670E+1
336.01	1.699E+1
336.37	7.039E+1
336.73	-1.942E+1
337.09	-3.398E+1
337.46	5.583E+1
337.82	3.641E+1
338.18	9.709E+1
338.54	-4.854E+0
338.91	5.583E+1
339.27	2.184E+1
339.63	3.155E+1
339.99	6.796E+1
340.36	2.184E+1
340.72	1.044E+2
341.08	-6.554E+1
341.44	-6.796E+1
341.80	2.913E+1
342.17	6.554E+1
342.53	-2.913E+1
342.89	2.184E+1
343.25	2.427E+1
343.61	-4.854E+1
343.98	4.854E+0
344.34	1.068E+2
344.70	8.495E+1
345.06	7.039E+1
345.42	3.398E+1
345.78	-7.282E+0
346.14	1.699E+2
346.51	7.282E+0
346.87	2.913E+1
347.23	6.068E+1
347.59	5.097E+1
347.95	8.010E+1
348.31	2.913E+1
348.67	3.884E+1
349.04	9.466E+1
349.40	5.583E+1
349.76	-2.427E+0
350.12	-4.854E+0
350.48	0.000E+0
350.84	-7.282E+0
351.20	-2.427E+0
351.56	-9.709E+0
351.92	-3.641E+1
352.28	5.340E+1
352.65	-3.641E+1
353.01	-7.524E+1
353.37	4.854E+0
353.73	-6.796E+1
354.09	7.524E+1
354.45	8.010E+1
354.81	3.155E+1
355.17	3.641E+1
355.53	-3.398E+1
355.89	-3.641E+1
356.25	3.155E+1
356.61	7.524E+1
356.97	-4.854E+1
357.33	-1.092E+2
357.69	-7.282E+0
358.05	2.184E+1
358.41	-2.184E+1
358.77	-4.854E+0
359.13	-3.641E+1
359.49	5.825E+1
359.85	9.223E+1
360.21	-2.427E+0
360.57	-1.699E+1
360.93	1.456E+1
361.29	9.709E+1
361.65	5.583E+1
362.01	3.884E+1
362.37	2.670E+1
362.73	9.466E+1
363.09	1.019E+2
363.45	5.583E+1
363.81	-7.767E+1
364.17	4.369E+1
364.53	-7.282E+0
364.89	-1.214E+1
365.25	0.000E+0
365.61	1.311E+2
365.97	-3.155E+1
366.33	9.709E+0
366.69	5.583E+1
367.05	6.796E+1
367.40	1.723E+2
367.76	2.913E+1
368.12	1.845E+2
368.48	1.481E+2
368.84	7.767E+1
369.20	-7.282E+0
369.56	3.884E+1
369.92	1.311E+2
370.28	6.068E+1
370.63	1.845E+2
370.99	1.311E+2
371.35	6.796E+1
371.71	7.282E+0
372.07	7.767E+1
372.43	8.738E+1
372.79	6.554E+1
373.15	1.019E+2
373.50	7.524E+1
373.86	1.019E+2
374.22	1.359E+2
374.58	8.981E+1
374.94	1.820E+2
375.30	1.335E+2
375.65	9.952E+1
376.01	1.553E+2
376.37	2.136E+2
376.73	7.767E+1
377.09	1.335E+2
377.44	1.529E+2
377.80	2.087E+2
378.16	1.748E+2
378.52	1.553E+2
378.88	1.456E+2
379.23	2.549E+2
379.59	2.015E+2
379.95	1.990E+2
380.31	1.845E+2
380.66	2.621E+2
381.02	2.573E+2
381.38	3.034E+2
381.74	3.277E+2
382.09	2.670E+2
382.45	3.350E+2
382.81	3.762E+2
383.17	3.422E+2
383.52	4.418E+2
383.88	4.587E+2
384.24	4.490E+2
384.60	5.121E+2
384.95	6.238E+2
385.31	6.044E+2
385.67	7.136E+2
386.02	6.578E+2
386.38	6.723E+2
386.74	8.884E+2
387.10	9.830E+2
387.45	1.090E+3
387.81	1.083E+3
388.17	1.172E+3
388.52	1.231E+3
388.88	1.340E+3
389.24	1.668E+3
389.59	1.668E+3
389.95	1.777E+3
390.31	2.085E+3
390.66	2.316E+3
391.02	2.580E+3
391.38	2.718E+3
391.73	3.092E+3
392.09	3.408E+3
392.44	3.561E+3
392.80	3.932E+3
393.16	4.369E+3
393.51	4.561E+3
393.87	5.379E+3
394.23	5.641E+3
394.58	6.194E+3
394.94	6.787E+3
395.29	7.418E+3
395.65	8.126E+3
396.01	8.621E+3
396.36	9.253E+3
396.72	1.013E+4
397.07	1.090E+4
397.43	1.170E+4
397.78	1.302E+4
398.14	1.379E+4
398.50	1.516E+4
398.85	1.625E+4
399.21	1.735E+4
399.56	1.861E+4
399.92	1.943E+4
400.27	2.043E+4
400.63	2.180E+4
400.98	2.304E+4
401.34	2.433E+4
401.69	2.601E+4
402.05	2.799E+4
402.40	2.952E+4
402.76	3.112E+4
403.11	3.315E+4
403.47	3.531E+4
403.82	3.568E+4
404.18	3.697E+4
404.53	3.697E+4
404.89	3.947E+4
405.24	3.937E+4
405.60	4.096E+4
405.95	4.235E+4
406.31	4.392E+4
406.66	4.497E+4
407.02	4.634E+4
407.37	4.805E+4
407.73	4.850E+4
408.08	4.889E+4
408.44	4.922E+4
408.79	4.858E+4
409.14	4.803E+4
409.50	4.762E+4
409.85	4.709E+4
410.21	4.635E+4
410.56	4.597E+4
410.92	4.515E+4
411.27	4.504E+4
411.62	4.452E+4
411.98	4.433E+4
412.33	4.296E+4
412.69	4.206E+4
413.04	4.046E+4
413.39	3.822E+4
413.75	3.633E+4
414.10	3.500E+4
414.45	3.274E+4
414.81	3.084E+4
415.16	2.955E+4
415.52	2.761E+4
415.87	2.667E+4
416.22	2.562E+4
416.58	2.428E+4
416.93	2.323E+4
417.28	2.179E+4
417.64	2.063E+4
417.99	1.973E+4
418.34	1.814E+4
418.70	1.707E+4
419.05	1.572E+4
419.40	1.515E+4
419.76	1.360E+4
420.11	1.298E+4
420.46	1.193E+4
420.81	1.164E+4
421.17	1.103E+4
421.52	1.035E+4
421.87	9.857E+3
422.23	9.391E+3
422.58	8.959E+3
422.93	8.279E+3
423.28	7.830E+3
423.64	7.612E+3
423.99	6.969E+3
424.34	6.379E+3
424.69	6.287E+3
425.05	5.672E+3
425.40	5.253E+3
425.75	5.080E+3
426.10	4.859E+3
426.46	4.483E+3
426.81	4.136E+3
427.16	3.995E+3
427.51	3.922E+3
427.87	3.595E+3
428.22	3.529E+3
428.57	3.325E+3
428.92	3.051E+3
429.27	3.083E+3
429.63	2.784E+3
429.98	2.507E+3
430.33	2.376E+3
430.68	2.369E+3
431.03	2.177E+3
431.38	2.017E+3
431.74	1.918E+3
432.09	1.772E+3
432.44	1.694E+3
432.79	1.539E+3
433.14	1.495E+3
433.49	1.468E+3
433.85	1.376E+3
434.20	1.425E+3
434.55	1.235E+3
434.90	1.107E+3
435.25	1.109E+3
435.60	1.032E+3
435.95	9.806E+2
436.30	9.272E+2
436.66	8.592E+2
437.01	9.321E+2
437.36	8.034E+2
437.71	8.155E+2
438.06	7.112E+2
438.41	7.403E+2
438.76	6.699E+2
439.11	6.505E+2
439.46	5.583E+2
439.81	6.966E+2
440.16	5.704E+2
440.52	5.825E+2
440.87	5.583E+2
441.22	5.170E+2
441.57	6.626E+2
441.92	4.296E+2
442.27	4.903E+2
442.62	3.325E+2
442.97	4.272E+2
443.32	4.612E+2
443.67	3.010E+2
444.02	3.762E+2
444.37	3.908E+2
444.72	3.204E+2
445.07	3.325E+2
445.42	2.767E+2
445.77	3.180E+2
446.12	1.893E+2
446.47	2.524E+2
446.82	3.131E+2
447.17	2.597E+2
447.52	2.112E+2
447.87	2.791E+2
448.22	2.670E+2
448.57	2.500E+2
448.92	3.544E+2
449.27	2.597E+2
449.62	2.160E+2
449.97	9.952E+1
450.32	2.184E+2
450.66	9.466E+1
451.01	1.651E+2
451.36	1.626E+2
451.71	1.966E+2
452.06	1.772E+2
452.41	1.359E+2
452.76	1.456E+2
453.11	1.772E+2
453.46	2.063E+2
453.81	1.432E+2
454.16	1.214E+2
454.51	6.796E+1
454.85	1.578E+2
455.20	2.888E+2
455.55	8.738E+1
455.90	1.432E+2
456.25	1.117E+2
456.60	1.481E+2
456.95	1.529E+2
457.30	1.602E+2
457.64	1.141E+2
457.99	1.044E+2
458.34	1.893E+2
458.69	2.427E+0
459.04	2.306E+2
459.39	4.854E+0
459.73	6.068E+1
460.08	9.466E+1
460.43	1.238E+2
460.78	8.738E+1
461.13	1.578E+2
461.48	6.068E+1
461.82	2.427E+0
462.17	7.524E+1
462.52	8.253E+1
462.87	1.626E+2
463.21	4.854E+1
463.56	1.359E+2
463.91	1.432E+2
464.26	1.335E+2
464.61	1.165E+2
464.95	8.738E+1
465.30	1.359E+2
465.65	1.942E+1
466.00	1.942E+1
466.34	7.282E+1
466.69	1.602E+2
467.04	1.068E+2
467.39	4.854E+1
467.73	1.214E+2
468.08	8.010E+1
468.43	5.097E+1
468.77	-3.884E+1
469.12	8.253E+1
469.47	6.068E+1
469.82	1.068E+2
470.16	4.612E+1
470.51	9.709E+0
470.86	1.723E+2
471.20	7.282E+1
471.55	-7.767E+1
471.90	1.699E+1
472.24	6.796E+1
472.59	8.010E+1
472.94	4.126E+1
473.28	1.456E+2
473.63	1.262E+2
473.98	6.311E+1
474.32	9.223E+1
474.67	3.884E+1
475.02	3.398E+1
475.36	1.262E+2
475.71	6.068E+1
476.06	4.126E+1
476.40	1.117E+2
476.75	1.141E+2
477.09	4.854E+0
477.44	9.709E+1
477.79	9.952E+1
478.13	2.670E+1
478.48	8.010E+1
478.82	-6.068E+1
479.17	7.767E+1
479.52	4.369E+1
479.86	3.398E+1
480.21	1.214E+1
480.55	4.854E+1
480.90	0.000E+0
481.24	5.583E+1
481.59	2.427E+0
481.94	4.369E+1
482.28	8.738E+1
482.63	2.913E+1
482.97	9.223E+1
483.32	5.097E+1
483.66	6.554E+1
484.01	4.854E+0
484.35	-5.340E+1
484.70	-4.612E+1
485.04	4.369E+1
485.39	3.398E+1
485.73	-4.126E+1
486.08	8.010E+1
486.42	1.262E+2
486.77	7.039E+1
487.11	3.155E+1
487.46	2.184E+1
487.80	5.583E+1
488.15	2.427E+1
488.49	4.854E+0
488.84	0.000E+0
489.18	1.529E+2
489.53	1.311E+2
489.87	1.189E+2
490.21	2.112E+2
490.56	9.709E+1
490.90	1.529E+2
491.25	8.981E+1
491.59	1.359E+2
491.94	4.612E+1
492.28	-1.262E+2
492.62	4.854E+1
492.97	4.854E+1
493.31	-2.427E+1
493.66	4.612E+1
494.00	5.340E+1
494.34	4.369E+1
494.69	1.456E+1
495.03	5.583E+1
495.38	-2.913E+1
495.72	1.335E+2
496.06	1.481E+2
496.41	4.126E+1
496.75	-6.554E+1
497.09	6.796E+1
497.44	-3.155E+1
497.78	-1.942E+1
498.13	1.117E+2
498.47	8.738E+1
498.81	3.398E+1
499.16	0.000E+0
499.50	2.427E+1
499.84	8.495E+1
500.19	6.796E+1
500.53	7.524E+1
500.87	2.427E+1
501.21	3.641E+1
501.56	-4.854E+0
501.90	1.165E+2
502.24	5.583E+1
502.59	6.554E+1
502.93	2.427E+1
503.27	-2.427E+0
503.61	3.398E+1
503.96	6.554E+1
504.30	2.427E+1
504.64	5.583E+1
504.99	6.796E+1
505.33	3.155E+1
505.67	-3.398E+1
506.01	-4.612E+1
506.36	-3.398E+1
506.70	-2.427E+1
507.04	6.311E+1
507.38	4.126E+1
507.72	-9.709E+0
508.07	6.554E+1
508.41	2.670E+1
508.75	-6.554E+1
509.09	2.670E+1
509.44	3.398E+1
509.78	-4.369E+1
510.12	1.335E+2
510.46	2.427E+1
510.80	-4.369E+1
511.14	5.097E+1
511.49	-5.097E+1
511.83	1.092E+2
512.17	-3.641E+1
512.51	-2.670E+1
512.85	1.699E+1
513.19	2.670E+1
513.54	9.466E+1
513.88	-6.068E+1
514.22	1.942E+1
514.56	-1.214E+1
514.90	1.699E+1
515.24	4.369E+1
515.58	1.092E+2
515.93	-3.884E+1
516.27	4.126E+1
516.61	1.942E+1
516.95	7.282E+0
517.29	-3.641E+1
517.63	6.311E+1
517.97	1.942E+1
518.31	3.884E+1
518.65	9.709E+0
518.99	3.641E+1
519.33	9.952E+1
519.67	-2.913E+1
520.02	5.340E+1
520.36	-2.913E+1
520.70	-9.709E+0
521.04	-1.942E+1
521.38	7.767E+1
521.72	-1.214E+1
522.06	-7.282E+1
522.40	-4.854E+0
522.74	-5.340E+1
523.08	-5.825E+1
523.42	-1.723E+2
523.76	-6.554E+1
524.10	1.189E+2
524.44	3.155E+1
524.78	7.282E+1
525.12	4.854E+0
525.46	5.583E+1
525.80	-7.282E+0
526.14	-7.282E+1
526.48	9.466E+1
526.82	2.427E+0
527.16	1.068E+2
527.50	9.952E+1
527.84	-6.068E+1
528.18	-6.796E+1
528.52	8.253E+1
528.86	4.854E+1
529.20	8.981E+1
529.54	1.117E+2
529.87	4.369E+1
530.21	5.583E+1
530.55	1.456E+1
530.89	3.155E+1
531.23	1.214E+1
531.57	8.495E+1
531.91	9.709E+1
532.25	6.068E+1
532.59	-7.282E+0
532.93	7.767E+1
533.27	-5.583E+1
533.60	-1.942E+1
533.94	-1.165E+2
534.28	-8.253E+1
534.62	4.854E+0
534.96	6.311E+1
535.30	3.884E+1
535.64	-9.709E+0
535.98	2.427E+0
536.31	4.126E+1
536.65	8.495E+1
536.99	1.942E+1
537.33	1.117E+2
537.67	2.427E+1
538.01	9.709E+0
538.34	-5.583E+1
538.68	2.913E+1
539.02	-3.641E+1
539.36	-2.670E+1
539.70	4.854E+1
540.03	-4.854E+0
540.37	4.854E+1
540.71	0.000E+0
541.05	7.524E+1
541.39	9.709E+0
541.72	-1.432E+2
542.06	1.117E+2
542.40	5.340E+1
542.74	7.282E+1
543.07	4.854E+0
543.41	1.141E+2
543.75	-5.097E+1
544.09	4.612E+1
544.42	3.641E+1
544.76	-5.097E+1
545.10	-1.699E+1
545.44	1.942E+1
545.77	4.612E+1
546.11	3.398E+1
546.45	-2.670E+1
546.78	7.282E+1
547.12	5.825E+1
547.46	5.583E+1
547.80	-1.092E+2
548.13	-5.825E+1
548.47	2.427E+0
548.81	-9.709E+0
549.14	6.068E+1
549.48	-1.699E+1
549.82	3.398E+1
550.15	5.583E+1
550.49	1.942E+1
550.83	-7.282E+0
551.16	3.155E+1
551.50	1.699E+1
551.84	4.854E+0
552.17	-3.398E+1
552.51	-1.456E+1
552.84	2.427E+0
553.18	-3.884E+1
553.52	-3.641E+1
553.85	5.583E+1
554.19	1.044E+2
554.53	4.854E+0
554.86	-4.369E+1
555.20	3.641E+1
555.53	1.553E+2
555.87	3.884E+1
556.20	5.583E+1
556.54	4.126E+1
556.88	5.825E+1
557.21	6.311E+1
557.55	1.456E+1
557.88	4.612E+1
558.22	2.184E+1
558.55	-1.456E+1
558.89	-2.670E+1
559.23	9.952E+1
559.56	-2.670E+1
559.90	2.184E+1
560.23	1.214E+1
560.57	1.456E+1
560.90	-1.869E+2
561.24	2.913E+1
561.57	9.466E+1
561.91	-1.214E+1
562.24	-7.282E+0
562.58	8.738E+1
562.91	-1.456E+1
563.25	1.117E+2
563.58	6.311E+1
563.92	-2.427E+0
564.25	0.000E+0
564.59	5.583E+1
564.92	2.670E+1
565.25	2.670E+1
565.59	-5.583E+1
565.92	-6.796E+1
566.26	-1.456E+1
566.59	-4.854E+1
566.93	4.612E+1
567.26	7.282E+1
567.60	3.884E+1
567.93	-1.699E+1
568.26	-5.340E+1
568.60	1.335E+2
568.93	-1.214E+1
569.27	9.709E+0
569.60	-2.427E+0
569.93	1.238E+2
570.27	7.524E+1
570.60	7.039E+1
570.94	-3.398E+1
571.27	-1.214E+1
571.60	8.253E+1
571.94	-2.184E+1
572.27	3.398E+1
572.60	-7.282E+0
572.94	9.709E+0
573.27	-1.214E+1
573.60	-1.699E+1
573.94	1.214E+1
574.27	-7.039E+1
574.60	1.165E+2
574.94	3.884E+1
575.27	0.000E+0
575.60	9.709E+0
575.94	-1.214E+1
576.27	5.825E+1
576.60	-3.398E+1
576.94	-1.942E+1
577.27	-8.253E+1
577.60	-2.427E+0
577.94	-3.398E+1
578.27	5.583E+1
578.60	-7.282E+1
578.93	-2.184E+1
579.27	-1.214E+1
579.60	-2.427E+0
579.93	5.583E+1
580.26	-1.699E+1
580.60	2.670E+1
580.93	-4.369E+1
581.26	8.495E+1
581.59	2.427E+1
581.93	-1.214E+1
582.26	1.214E+1
582.59	-3.641E+1
582.92	3.884E+1
583.25	-2.184E+1
583.59	4.854E+1
583.92	-7.282E+1
584.25	-4.126E+1
584.58	9.223E+1
584.91	2.427E+0
585.25	3.398E+1
585.58	9.466E+1
585.91	1.044E+2
586.24	4.126E+1
586.57	6.311E+1
586.90	-4.126E+1
587.24	-1.456E+1
587.57	1.019E+2
587.90	4.854E+1
588.23	4.612E+1
588.56	8.253E+1
588.89	8.495E+1
589.22	2.670E+1
589.56	9.709E+0
589.89	2.427E+0
590.22	-8.010E+1
590.55	5.340E+1
590.88	-7.282E+0
591.21	3.398E+1
591.54	-1.942E+1
591.87	-5.340E+1
592.20	-2.670E+1
592.53	-3.641E+1
592.87	-7.282E+0
593.20	-1.165E+2
593.53	5.583E+1
593.86	2.670E+1
594.19	0.000E+0
594.52	8.010E+1
594.85	-3.884E+1
595.18	1.044E+2
595.51	-2.427E+0
595.84	9.709E+1
596.17	-5.097E+1
596.50	7.767E+1
596.83	3.398E+1
597.16	2.913E+1
597.49	4.854E+0
597.82	-2.427E+1
598.15	5.340E+1
598.48	-2.427E+0
598.81	-2.427E+1
599.14	7.282E+0
599.47	-1.699E+1
599.80	4.126E+1
600.13	-3.155E+1
600.46	-3.155E+1
600.79	4.369E+1
601.12	1.942E+1
601.45	4.854E+1
601.78	-4.854E+1
602.11	-3.641E+1
602.44	5.583E+1
602.77	1.117E+2
603.10	5.825E+1
603.42	9.709E+1
603.75	6.554E+1
604.08	2.427E+1
604.41	2.427E+0
604.74	-2.427E+1
605.07	1.942E+1
605.40	3.398E+1
605.73	-7.039E+1
606.06	-4.854E+1
606.39	7.282E+0
606.71	2.427E+1
607.04	-5.097E+1
607.37	-6.796E+1
607.70	3.398E+1
608.03	-1.286E+2
608.36	-5.583E+1
608.69	-7.282E+0
609.02	7.282E+1
609.34	-8.010E+1
609.67	-4.612E+1
610.00	3.398E+1
610.33	1.432E+2
610.66	7.282E+0
610.98	-2.670E+1
611.31	4.854E+0
611.64	1.214E+1
611.97	-2.427E+0
612.30	-1.311E+2
612.63	3.641E+1
612.95	-2.427E+0
613.28	-6.796E+1
613.61	-2.670E+1
613.94	2.427E+0
614.26	1.214E+1
614.59	-4.126E+1
614.92	-9.709E+0
615.25	1.165E+2
615.57	-9.466E+1
615.90	1.699E+1
616.23	-6.068E+1
616.56	3.398E+1
616.88	-3.398E+1
617.21	2.913E+1
617.54	5.825E+1
617.87	-6.796E+1
618.19	8.981E+1
618.52	-1.699E+1
618.85	4.854E+1
619.17	-7.767E+1
619.50	-9.709E+0
619.83	5.340E+1
620.15	-7.767E+1
620.48	-3.398E+1
620.81	-1.456E+1
621.14	2.913E+1
621.46	5.583E+1
621.79	-1.456E+1
622.11	4.126E+1
622.44	6.068E+1
622.77	-1.456E+1
623.09	9.466E+1
623.42	9.466E+1
623.75	-1.214E+1
624.07	-5.097E+1
624.40	6.554E+1
624.73	6.311E+1
625.05	-5.340E+1
625.38	-2.670E+1
625.70	-4.612E+1
626.03	9.709E+0
626.36	-3.155E+1
626.68	6.554E+1
627.01	-4.369E+1
627.33	5.825E+1
627.66	-7.282E+1
627.99	2.913E+1
628.31	1.942E+1
628.64	-6.554E+1
628.96	1.942E+1
629.29	-2.184E+1
629.61	7.767E+1
629.94	-4.854E+1
630.26	-2.427E+1
630.59	-4.854E+0
630.91	2.184E+1
631.24	-5.340E+1
631.57	9.709E+0
631.89	2.427E+0
632.22	2.427E+0
632.54	1.068E+2
632.87	2.670E+1
633.19	8.253E+1
633.52	-7.767E+1
633.84	8.738E+1
634.16	2.427E+1
634.49	3.155E+1
634.81	3.641E+1
635.14	6.311E+1
635.46	2.913E+1
635.79	8.981E+1
636.11	-1.942E+1
636.44	5.097E+1
636.76	3.641E+1
637.09	4.854E+1
637.41	-3.641E+1
637.73	-3.398E+1
638.06	-2.670E+1
638.38	-7.767E+1
638.71	1.456E+1
639.03	-3.884E+1
639.36	-3.641E+1
639.68	3.884E+1
640.00	9.223E+1
640.33	-3.155E+1
640.65	-2.913E+1
640.97	-8.495E+1
641.30	9.709E+0
641.62	2.670E+1
641.95	8.981E+1
642.27	-1.165E+2
642.59	-7.282E+0
642.92	8.738E+1
643.24	5.340E+1
643.56	-2.670E+1
643.89	-5.340E+1
644.21	9.709E+0
644.53	-1.019E+2
644.86	1.699E+1
645.18	2.184E+1
645.50	-8.981E+1
645.83	7.767E+1
646.15	-1.529E+2
646.47	5.583E+1
646.80	-3.398E+1
647.12	1.019E+2
647.44	3.884E+1
647.76	9.709E+0
648.09	-5.097E+1
648.41	-7.282E+0
648.73	-1.214E+1
649.05	-2.913E+1
649.38	0.000E+0
649.70	0.000E+0
650.02	5.583E+1
650.34	2.427E+1
650.67	-2.427E+1
650.99	5.340E+1
651.31	-2.427E+1
651.63	-2.670E+1
651.96	2.427E+0
652.28	-7.524E+1
652.60	1.699E+1
652.92	7.039E+1
653.24	0.000E+0
653.57	4.854E+0
653.89	-5.340E+1
654.21	-8.010E+1
654.53	1.189E+2
654.85	-7.282E+1
655.18	2.184E+1
655.50	7.282E+0
655.82	1.214E+1
656.14	-9.952E+1
656.46	7.282E+0
656.78	3.155E+1
657.10	6.554E+1
657.43	2.427E+1
657.75	2.427E+1
658.07	6.554E+1
658.39	-9.709E+0
658.71	1.214E+1
659.03	2.427E+0
659.35	-7.282E+0
659.67	-1.456E+1
659.99	-5.340E+1
660.32	-2.670E+1
660.64	-1.214E+1
660.96	7.282E+0
661.28	-1.214E+1
661.60	-3.641E+1
661.92	-1.942E+1
662.24	3.884E+1
662.56	-4.854E+1
662.88	-6.068E+1
663.20	-1.456E+1
663.52	-9.709E+0
663.84	3.884E+1
664.16	9.223E+1
664.48	-7.282E+0
664.80	-5.097E+1
665.12	-4.369E+1
665.44	-1.117E+2
665.76	3.641E+1
666.08	-5.340E+1
666.40	-3.641E+1
666.72	7.524E+1
667.04	8.981E+1
667.36	-9.223E+1
667.68	-1.699E+1
668.00	7.282E+0
668.32	-5.340E+1
668.64	0.000E+0
668.96	-1.214E+1
669.28	1.189E+2
669.60	7.282E+0
669.92	-3.155E+1
670.24	2.427E+1
670.56	-2.913E+1
670.88	4.612E+1
671.20	-3.884E+1
671.52	4.126E+1
671.84	8.495E+1
672.16	6.796E+1
672.47	-8.981E+1
672.79	1.456E+1
673.11	-1.942E+1
673.43	-1.214E+1
673.75	1.942E+1
674.07	-5.097E+1
674.39	4.126E+1
674.71	1.456E+1
675.03	-3.398E+1
675.34	4.854E+1
675.66	1.238E+2
675.98	5.340E+1
676.30	2.670E+1
676.62	3.155E+1
676.94	-4.369E+1
677.25	7.039E+1
677.57	-2.670E+1
677.89	2.913E+1
678.21	3.398E+1
678.53	-8.010E+1
678.85	-9.709E+0
679.16	5.825E+1
679.48	1.456E+1
679.80	-2.427E+0
680.12	3.884E+1
680.44	5.340E+1
680.75	1.456E+1
681.07	2.427E+0
681.39	-9.709E+0
681.71	-4.854E+0
682.02	2.427E+0
682.34	-6.068E+1
682.66	1.214E+1
682.98	3.884E+1
683.29	-6.554E+1
683.61	9.223E+1
683.93	2.913E+1
684.25	-3.884E+1
684.56	-4.854E+1
684.88	-5.340E+1
685.20	8.495E+1
685.51	-4.854E+1
685.83	-3.884E+1
686.15	-1.456E+1
686.47	9.952E+1
686.78	7.524E+1
687.10	5.825E+1
687.42	1.942E+1
687.73	3.641E+1
688.05	7.282E+0
688.37	7.282E+1
688.68	1.165E+2
689.00	4.854E+0
689.32	2.184E+1
689.63	6.554E+1
689.95	-2.184E+1
690.26	-1.068E+2
690.58	4.612E+1
690.90	3.884E+1
691.21	-7.039E+1
691.53	-4.854E+0
691.85	7.282E+1
692.16	-5.583E+1
692.48	1.942E+1
692.79	-4.854E+0
693.11	-4.126E+1
693.42	-2.427E+0
693.74	4.612E+1
694.06	8.253E+1
694.37	4.612E+1
694.69	-3.398E+1
695.00	-1.214E+1
695.32	-6.311E+1
695.63	3.155E+1
695.95	-3.155E+1
696.26	5.583E+1
696.58	-7.282E+0
696.90	4.612E+1
697.21	8.495E+1
697.53	2.913E+1
697.84	-7.282E+0
698.16	2.184E+1
698.47	-3.641E+1
698.79	2.427E+1
699.10	-4.854E+0
699.42	-1.456E+1
699.73	2.913E+1
700.05	1.456E+1
700.36	4.126E+1
700.68	-1.214E+1
700.99	-4.126E+1
701.30	2.913E+1
701.62	7.282E+0
701.93	-3.155E+1
702.25	-3.155E+1
702.56	1.092E+2
702.88	-7.282E+1
703.19	9.466E+1
703.50	-8.738E+1
703.82	1.456E+1
704.13	-1.456E+1
704.45	4.126E+1
704.76	-3.398E+1
705.08	5.825E+1
705.39	-4.612E+1
705.70	6.554E+1
706.02	-1.092E+2
706.33	3.155E+1
706.64	4.854E+0
706.96	1.068E+2
707.27	2.427E+0
707.59	-6.068E+1
707.90	2.184E+1
708.21	3.155E+1
708.53	-8.738E+1
708.84	-9.223E+1
709.15	-2.427E+0
709.47	3.398E+1
709.78	-1.092E+2
710.09	-3.884E+1
710.41	-1.699E+1
710.72	-2.913E+1
711.03	-8.981E+1
711.34	3.155E+1
711.66	4.854E+1
711.97	4.854E+0
712.28	-2.427E+1
712.60	-7.524E+1
712.91	-7.282E+0
713.22	-5.340E+1
713.53	-6.554E+1
713.85	-4.126E+1
714.16	4.854E+0
714.47	-5.583E+1
714.78	1.189E+2
715.10	-2.427E+1
715.41	7.282E+0
715.72	4.126E+1
716.03	-1.456E+1
716.35	1.456E+1
716.66	-2.184E+1
716.97	-3.155E+1
717.28	7.282E+0
717.59	1.699E+1
717.91	-6.068E+1
718.22	2.427E+1
718.53	-9.709E+0
718.84	-4.612E+1
719.15	3.155E+1
719.46	3.641E+1
719.78	4.612E+1
720.09	2.913E+1
720.40	-2.913E+1
720.71	-9.709E+0
721.02	-6.796E+1
721.33	9.709E+0
721.65	4.854E+0
721.96	-6.796E+1
722.27	9.223E+1
722.58	7.282E+1
722.89	6.796E+1
723.20	2.184E+1
723.51	2.427E+1
723.82	-7.282E+0
724.13	4.126E+1
724.45	4.854E+0
724.76	-2.427E+1
725.07	4.612E+1
725.38	-3.641E+1
725.69	5.340E+1
726.00	4.126E+1
726.31	-7.524E+1
726.62	-9.709E+0
726.93	-7.282E+0
727.24	8.495E+1
727.55	7.039E+1
727.86	-1.942E+1
728.17	-4.854E+1
728.48	3.398E+1
728.79	-2.913E+1
729.10	-4.854E+0
729.41	2.913E+1
729.72	-7.767E+1
730.03	-2.184E+1
730.34	3.884E+1
730.65	-6.068E+1
730.96	4.854E+1
731.27	-4.854E+1
731.58	1.481E+2
731.89	2.913E+1
732.20	2.427E+0
732.51	0.000E+0
732.82	-4.369E+1
733.13	-2.427E+1
733.44	6.311E+1
733.75	4.369E+1
734.06	-8.738E+1
734.37	4.612E+1
734.68	8.010E+1
734.98	-6.068E+1
735.29	-6.554E+1
735.60	-4.854E+1
735.91	5.340E+1
736.22	2.427E+1
736.53	-5.825E+1
736.84	-2.670E+1
737.15	2.913E+1
737.46	2.184E+1
737.77	4.612E+1
738.07	-3.884E+1
738.38	-1.456E+1
738.69	-4.854E+1
739.00	7.524E+1
739.31	-4.126E+1
739.62	4.369E+1
739.92	-5.583E+1
740.23	-9.223E+1
740.54	1.942E+1
740.85	-1.019E+2
741.16	2.670E+1
741.47	2.184E+1
741.77	-1.699E+1
742.08	-4.854E+0
742.39	-4.612E+1
742.70	-2.670E+1
743.01	-2.184E+1
743.31	-6.796E+1
743.62	-8.981E+1
743.93	-3.398E+1
744.24	2.670E+1
744.54	-4.854E+0
744.85	4.854E+1
745.16	9.466E+1
745.47	-5.583E+1
745.77	3.641E+1
746.08	-8.495E+1
746.39	2.427E+1
746.70	4.854E+0
747.00	2.184E+1
747.31	1.019E+2
747.62	7.524E+1
747.92	1.214E+1
748.23	5.583E+1
748.54	-5.097E+1
748.84	-3.641E+1
749.15	3.398E+1
749.46	-1.456E+1
749.76	6.068E+1
750.07	7.282E+0
750.38	-9.709E+0
750.68	-1.699E+1
750.99	3.155E+1
751.30	3.155E+1
751.60	-7.282E+1
751.91	1.456E+1
752.22	-4.126E+1
752.52	2.670E+1
752.83	3.398E+1
753.14	-2.427E+0
753.44	8.010E+1
753.75	1.553E+2
754.05	-5.825E+1
754.36	-1.699E+1
754.67	-2.427E+1
754.97	-4.612E+1
755.28	4.369E+1
755.58	3.884E+1
755.89	-2.427E+0
756.19	-8.010E+1
756.50	2.427E+1
756.81	-2.427E+0
757.11	3.398E+1
757.42	0.000E+0
757.72	4.854E+0
758.03	3.641E+1
758.33	1.699E+1
758.64	1.214E+1
758.94	3.884E+1
759.25	1.214E+1
759.55	-2.913E+1
759.86	-2.913E+1
760.16	1.456E+1
760.47	-1.311E+2
760.77	7.282E+0
761.08	-6.796E+1
761.38	-1.019E+2
761.69	2.184E+1
761.99	-3.641E+1
762.30	-3.398E+1
762.60	-3.884E+1
762.91	-3.155E+1
763.21	8.253E+1
763.51	-1.456E+1
763.82	3.155E+1
764.12	2.427E+1
764.43	-1.699E+1
764.73	-1.626E+2
765.04	-3.155E+1
765.34	3.641E+1
765.64	8.010E+1
765.95	5.340E+1
766.25	4.612E+1
766.56	0.000E+0
766.86	2.670E+1
767.16	8.253E+1
767.47	-4.126E+1
767.77	-2.427E+1
768.07	1.942E+1
768.38	-2.913E+1
768.68	3.155E+1
768.98	-2.913E+1
769.29	-2.427E+0
769.59	6.311E+1
769.89	5.825E+1
770.20	5.340E+1
770.50	5.825E+1
770.80	-6.796E+1
771.11	2.427E+0
771.41	-2.913E+1
771.71	-2.184E+1
772.02	1.456E+1
772.32	-4.854E+0
772.62	2.184E+1
772.93	3.398E+1
773.23	-7.039E+1
773.53	1.214E+1
773.83	7.282E+0
774.14	-8.495E+1
774.44	7.039E+1
774.74	5.340E+1
775.04	3.155E+1
775.35	-1.214E+1
775.65	7.767E+1
775.95	-1.238E+2
776.25	-2.427E+0
776.55	9.709E+0
776.86	-1.141E+2
777.16	-1.456E+1
777.46	4.854E+1
777.76	1.141E+2
778.06	-5.825E+1
778.37	5.583E+1
778.67	7.282E+0
778.97	-1.019E+2
779.27	-6.796E+1
779.57	1.942E+1
779.88	2.670E+1
780.18	-1.068E+2
780.48	-5.097E+1
780.78	-1.942E+1
781.08	6.796E+1
781.38	2.184E+1
781.68	2.913E+1
781.98	4.854E+1
782.29	2.427E+1
782.59	0.000E+0
782.89	-1.068E+2
783.19	-5.825E+1
783.49	-1.408E+2
783.79	9.466E+1
784.09	-2.913E+1
784.39	-6.311E+1
784.69	1.456E+1
784.99	-1.214E+1
785.30	-5.825E+1
785.60	-1.456E+1
785.90	2.184E+1
786.20	2.427E+0
786.50	4.612E+1
786.80	-4.854E+1
787.10	4.126E+1
787.40	-6.554E+1
787.70	-7.767E+1
788.00	-6.796E+1
788.30	4.854E+1
788.60	9.709E+0
788.90	-4.612E+1
789.20	-4.854E+1
789.50	-2.913E+1
789.80	5.340E+1
790.10	-1.456E+1
790.40	3.641E+1
790.70	1.942E+1
791.00	1.942E+1
791.30	2.427E+0
791.60	-3.155E+1
791.90	1.893E+2
792.20	-6.796E+1
792.50	-7.767E+1
792.79	-7.524E+1
793.09	-7.282E+0
793.39	-1.214E+1
793.69	9.709E+0
793.99	-1.456E+1
794.29	8.738E+1
794.59	-2.427E+0
794.89	3.641E+1
795.19	-9.709E+0
795.49	-6.068E+1
795.79	5.825E+1
796.08	-7.767E+1
796.38	2.670E+1
796.68	-4.854E+0
796.98	8.010E+1
797.28	1.019E+2
797.58	3.398E+1
797.88	-2.427E+1
798.17	3.155E+1
798.47	-2.427E+1
798.77	2.427E+0
799.07	-3.641E+1
799.37	5.583E+1
799.67	-5.583E+1
799.96	-1.699E+1
800.26	-4.612E+1
800.56	1.699E+1
800.86	1.214E+1
801.16	-6.068E+1
801.45	-4.612E+1
801.75	-4.854E+1
802.05	-1.019E+2
802.35	-2.670E+1
802.64	9.709E+0
802.94	2.427E+1
803.24	8.253E+1
803.54	-1.699E+1
803.83	4.612E+1
804.13	-8.738E+1
804.43	-1.214E+1
804.73	2.184E+1
805.02	3.884E+1
805.32	-2.427E+0
805.62	3.884E+1
805.91	3.641E+1
806.21	-9.709E+0
806.51	9.709E+1
806.81	4.369E+1
807.10	-4.369E+1
807.40	0.000E+0
807.70	2.913E+1
807.99	-4.854E+1
808.29	1.214E+1
808.59	2.670E+1
808.88	4.854E+0
809.18	-7.767E+1
809.47	7.767E+1
809.77	9.466E+1
810.07	6.554E+1
810.36	7.524E+1
810.66	-1.117E+2
810.96	-6.311E+1
811.25	1.117E+2
811.55	4.854E+1
811.84	8.253E+1
812.14	1.214E+1
812.44	-5.583E+1
812.73	-5.097E+1
813.03	-4.854E+1
813.32	7.039E+1
813.62	2.427E+1
813.91	-2.913E+1
814.21	-3.398E+1
814.51	-4.369E+1
814.80	-1.141E+2
815.10	-3.641E+1
815.39	-4.854E+0
815.69	8.495E+1
815.98	-1.214E+1
816.28	1.699E+1
816.57	3.155E+1
816.87	1.699E+1
817.16	6.554E+1
817.46	-4.612E+1
817.75	1.189E+2
818.05	-6.311E+1
818.34	-7.767E+1
818.64	-2.427E+0
818.93	6.068E+1
819.23	-7.039E+1
819.52	6.068E+1
819.82	4.854E+0
820.11	-7.282E+0
820.40	-9.709E+1
820.70	-1.699E+1
820.99	5.825E+1
821.29	1.092E+2
821.58	-6.554E+1
821.88	8.738E+1
822.17	3.884E+1
822.46	3.884E+1
822.76	-5.583E+1
823.05	-4.854E+0
823.35	-6.311E+1
823.64	-9.709E+0
823.93	1.456E+1
824.23	2.427E+1
824.52	-5.097E+1
824.81	6.554E+1
825.11	4.854E+1
825.40	-4.612E+1
825.69	9.952E+1
825.99	6.311E+1
826.28	3.155E+1
826.58	-6.796E+1
826.87	-6.554E+1
827.16	2.427E+0
827.45	-2.427E+0
827.75	-1.699E+1
828.04	9.709E+0
828.33	4.854E+1
828.63	-9.952E+1
828.92	6.554E+1
829.21	-5.097E+1
829.51	-4.369E+1
829.80	2.427E+1
830.09	-2.670E+1
830.38	-3.884E+1
830.68	2.913E+1
830.97	-9.952E+1
831.26	-5.097E+1
831.55	5.340E+1
831.85	-4.854E+0
832.14	4.854E+1
832.43	7.282E+1
832.72	-8.738E+1
833.01	-9.952E+1
833.31	4.612E+1
833.60	-1.942E+1
833.89	-1.141E+2
834.18	-4.369E+1
834.47	-1.699E+1
834.77	3.641E+1
835.06	5.825E+1
835.35	-4.126E+1
835.64	3.641E+1
835.93	-1.214E+1
836.22	-4.612E+1
836.52	-3.884E+1
836.81	-4.369E+1
837.10	2.427E+1
837.39	7.767E+1
837.68	-3.641E+1
837.97	-3.398E+1
838.26	-3.641E+1
838.55	-1.699E+1
838.85	-2.913E+1
839.14	-4.369E+1
839.43	8.010E+1
839.72	5.583E+1
840.01	-2.913E+1
840.30	4.854E+1
840.59	-8.010E+1
840.88	5.097E+1
841.17	8.738E+1
841.46	-2.427E+1
841.75	8.253E+1
842.04	4.854E+0
842.33	7.039E+1
842.62	2.427E+1
842.91	3.155E+1
843.21	6.068E+1
843.50	2.427E+0
843.79	-5.825E+1
844.08	-6.068E+1
844.37	1.942E+1
844.66	-4.126E+1
844.95	1.942E+1
845.24	4.854E+0
845.53	-5.097E+1
845.81	-4.854E+0
846.10	-2.184E+1
846.39	-1.117E+2
846.68	7.282E+0
846.97	-9.709E+0
847.26	4.126E+1
847.55	-9.709E+0
847.84	2.184E+1
848.13	8.495E+1
848.42	-1.456E+1
848.71	7.282E+0
849.00	-6.796E+1
849.29	-7.282E+0
849.58	-4.369E+1
849.87	-3.155E+1
850.15	3.155E+1
850.44	0.000E+0
850.73	-4.126E+1
851.02	-1.214E+1
851.31	-3.155E+1
851.60	-6.311E+1
851.89	-3.398E+1
852.18	-8.253E+1
852.46	-7.524E+1
852.75	3.155E+1
853.04	-7.039E+1
853.33	4.612E+1
853.62	5.583E+1
853.91	3.641E+1
854.19	-4.612E+1
854.48	9.223E+1
854.77	5.340E+1
855.06	9.709E+0
855.35	-5.097E+1
855.63	1.699E+1
855.92	3.641E+1
856.21	5.583E+1
856.50	4.854E+0
856.79	4.369E+1
857.07	7.282E+1
857.36	5.340E+1
857.65	-1.044E+2
857.94	5.583E+1
858.22	7.282E+0
858.51	4.612E+1
858.80	-7.282E+0
859.08	-5.583E+1
859.37	-8.010E+1
859.66	-1.117E+2
859.95	-1.456E+1
860.23	5.340E+1
860.52	6.311E+1
860.81	-2.670E+1
861.09	2.427E+0
861.38	-7.039E+1
861.67	4.126E+1
861.95	2.427E+0
862.24	5.097E+1
862.53	2.427E+1
862.81	7.282E+0
863.10	7.039E+1
863.39	-1.214E+1
863.67	2.913E+1
863.96	-6.068E+1
864.25	-8.010E+1
864.53	-7.282E+0
864.82	1.456E+1
865.10	1.311E+2
865.39	6.796E+1
865.68	3.398E+1
865.96	-7.039E+1
866.25	7.282E+0
866.53	7.282E+0
866.82	7.282E+0