Wavelength	Intensity	Ocean Optics Flame
nm	counts
187.89	-1.626E+2
188.27	0.000E+0
188.64	2.427E+0
189.02	2.427E+1
189.40	3.641E+1
189.78	4.369E+1
190.15	-3.884E+1
190.53	-7.282E+0
190.91	6.554E+1
191.29	1.942E+1
191.66	-4.126E+1
192.04	1.165E+2
192.42	-1.214E+1
192.80	5.340E+1
193.17	-4.854E+0
193.55	2.427E+1
193.93	0.000E+0
194.30	3.398E+1
194.68	1.044E+2
195.06	2.184E+1
195.44	6.554E+1
195.81	6.311E+1
196.19	-6.068E+1
196.57	7.282E+0
196.94	-3.641E+1
197.32	1.699E+1
197.70	-8.981E+1
198.07	1.214E+1
198.45	1.408E+2
198.83	5.340E+1
199.20	7.282E+0
199.58	2.913E+1
199.96	6.311E+1
200.33	3.155E+1
200.71	-2.184E+1
201.09	2.427E+0
201.46	-4.854E+0
201.84	4.126E+1
202.22	3.398E+1
202.59	-2.913E+1
202.97	-1.699E+1
203.34	-7.282E+0
203.72	-7.039E+1
204.10	-1.699E+1
204.47	-4.854E+1
204.85	6.311E+1
205.23	7.282E+0
205.60	-4.854E+1
205.98	-7.767E+1
206.35	4.854E+1
206.73	3.155E+1
207.11	1.189E+2
207.48	8.253E+1
207.86	1.456E+1
208.23	-9.709E+0
208.61	9.223E+1
208.98	4.612E+1
209.36	1.141E+2
209.74	-7.282E+0
210.11	-7.282E+1
210.49	-3.155E+1
210.86	5.340E+1
211.24	-3.398E+1
211.61	6.554E+1
211.99	1.214E+1
212.36	2.913E+1
212.74	7.282E+0
213.11	4.612E+1
213.49	8.253E+1
213.87	-2.913E+1
214.24	-3.398E+1
214.62	4.612E+1
214.99	1.214E+1
215.37	8.010E+1
215.74	8.253E+1
216.12	7.282E+0
216.49	-2.670E+1
216.87	2.913E+1
217.24	9.952E+1
217.62	1.529E+2
217.99	4.612E+1
218.37	-7.282E+0
218.74	1.068E+2
219.11	-2.427E+0
219.49	2.913E+1
219.86	-7.767E+1
220.24	-6.068E+1
220.61	2.427E+1
220.99	8.253E+1
221.36	5.340E+1
221.74	-3.398E+1
222.11	-7.282E+0
222.49	-8.981E+1
222.86	8.010E+1
223.23	-4.126E+1
223.61	7.039E+1
223.98	1.214E+1
224.36	2.427E+1
224.73	2.913E+1
225.11	-4.854E+0
225.48	-9.709E+0
225.85	-5.340E+1
226.23	3.641E+1
226.60	-1.165E+2
226.98	1.432E+2
227.35	1.165E+2
227.72	-4.126E+1
228.10	-8.738E+1
228.47	-2.427E+1
228.84	-1.456E+1
229.22	6.311E+1
229.59	1.286E+2
229.97	1.553E+2
230.34	-1.699E+1
230.71	1.675E+2
231.09	-2.184E+1
231.46	4.369E+1
231.83	0.000E+0
232.21	-4.854E+1
232.58	2.427E+0
232.95	1.214E+1
233.33	-1.214E+1
233.70	7.282E+1
234.07	-5.340E+1
234.45	3.155E+1
234.82	-5.825E+1
235.19	-1.699E+1
235.57	-5.097E+1
235.94	4.612E+1
236.31	-1.214E+1
236.69	-3.398E+1
237.06	4.126E+1
237.43	-9.223E+1
237.80	4.126E+1
238.18	4.854E+0
238.55	1.214E+1
238.92	-5.340E+1
239.30	7.039E+1
239.67	7.282E+0
240.04	6.554E+1
240.41	-8.981E+1
240.79	6.554E+1
241.16	-2.184E+1
241.53	2.670E+1
241.90	2.184E+1
242.28	-7.039E+1
242.65	-2.913E+1
243.02	2.427E+1
243.39	7.524E+1
243.77	1.456E+1
244.14	7.039E+1
244.51	6.311E+1
244.88	6.554E+1
245.25	4.369E+1
245.63	-7.039E+1
246.00	4.126E+1
246.37	-7.524E+1
246.74	-7.282E+0
247.11	1.675E+2
247.49	-5.583E+1
247.86	-1.942E+1
248.23	4.612E+1
248.60	-9.709E+0
248.97	6.311E+1
249.35	-7.282E+1
249.72	-9.709E+0
250.09	3.884E+1
250.46	1.019E+2
250.83	3.155E+1
251.20	3.641E+1
251.58	4.369E+1
251.95	-2.427E+1
252.32	5.583E+1
252.69	-2.670E+1
253.06	1.214E+1
253.43	6.554E+1
253.80	5.097E+1
254.17	6.311E+1
254.55	2.670E+1
254.92	7.282E+1
255.29	3.884E+1
255.66	3.398E+1
256.03	5.583E+1
256.40	9.709E+1
256.77	-9.952E+1
257.14	4.369E+1
257.51	-2.427E+0
257.88	-7.767E+1
258.26	4.369E+1
258.63	8.738E+1
259.00	-2.670E+1
259.37	-7.282E+0
259.74	3.884E+1
260.11	-7.524E+1
260.48	-5.340E+1
260.85	5.097E+1
261.22	3.155E+1
261.59	3.884E+1
261.96	1.311E+2
262.33	-3.155E+1
262.70	-5.825E+1
263.07	2.670E+1
263.44	-4.854E+0
263.81	-5.097E+1
264.18	-1.141E+2
264.55	1.942E+1
264.92	6.554E+1
265.29	-1.141E+2
265.66	3.155E+1
266.03	8.981E+1
266.40	1.942E+1
266.77	-4.126E+1
267.14	4.612E+1
267.51	1.699E+1
267.88	-4.854E+1
268.25	-4.854E+0
268.62	-7.524E+1
268.99	-4.612E+1
269.36	9.223E+1
269.73	-2.427E+1
270.10	-3.641E+1
270.47	-6.796E+1
270.84	1.068E+2
271.21	6.554E+1
271.58	6.068E+1
271.95	8.495E+1
272.32	-3.884E+1
272.69	1.408E+2
273.06	7.767E+1
273.43	8.738E+1
273.80	-2.427E+0
274.17	9.223E+1
274.53	4.126E+1
274.90	-4.854E+1
275.27	-4.369E+1
275.64	-4.126E+1
276.01	8.495E+1
276.38	2.670E+1
276.75	4.854E+1
277.12	2.184E+1
277.49	1.942E+1
277.86	1.189E+2
278.22	-2.427E+1
278.59	-2.427E+1
278.96	4.854E+0
279.33	4.854E+0
279.70	-5.097E+1
280.07	7.282E+0
280.44	-4.612E+1
280.80	5.097E+1
281.17	1.044E+2
281.54	8.738E+1
281.91	-3.155E+1
282.28	1.456E+1
282.65	-6.554E+1
283.02	-4.612E+1
283.38	9.709E+0
283.75	5.340E+1
284.12	6.068E+1
284.49	7.039E+1
284.86	-5.583E+1
285.22	-1.456E+1
285.59	6.554E+1
285.96	7.524E+1
286.33	-4.612E+1
286.70	5.340E+1
287.06	3.155E+1
287.43	9.709E+0
287.80	5.097E+1
288.17	-3.155E+1
288.53	5.583E+1
288.90	-4.854E+0
289.27	4.854E+1
289.64	-1.214E+1
290.01	-1.456E+1
290.37	4.126E+1
290.74	-2.427E+0
291.11	-2.427E+1
291.48	-4.854E+0
291.84	-2.427E+0
292.21	8.738E+1
292.58	-1.699E+1
292.94	-4.126E+1
293.31	-4.126E+1
293.68	-1.456E+1
294.05	2.427E+1
294.41	5.583E+1
294.78	3.155E+1
295.15	2.427E+1
295.51	-3.155E+1
295.88	5.583E+1
296.25	-7.767E+1
296.61	-2.670E+1
296.98	1.238E+2
297.35	3.641E+1
297.72	1.214E+2
298.08	5.825E+1
298.45	8.010E+1
298.82	-8.253E+1
299.18	-1.942E+1
299.55	1.699E+1
299.91	-1.214E+2
300.28	-2.427E+1
300.65	2.670E+1
301.01	9.223E+1
301.38	-3.155E+1
301.75	5.583E+1
302.11	7.039E+1
302.48	-9.709E+0
302.85	-1.214E+1
303.21	9.709E+1
303.58	6.311E+1
303.94	-1.456E+1
304.31	-1.456E+1
304.68	1.942E+1
305.04	3.884E+1
305.41	1.092E+2
305.77	-3.641E+1
306.14	1.335E+2
306.51	3.884E+1
306.87	-4.854E+1
307.24	9.709E+0
307.60	4.369E+1
307.97	-2.913E+1
308.33	2.427E+1
308.70	-8.253E+1
309.07	1.068E+2
309.43	-9.466E+1
309.80	1.942E+1
310.16	1.214E+1
310.53	-1.214E+1
310.89	-2.913E+1
311.26	1.214E+1
311.62	6.311E+1
311.99	-7.282E+0
312.35	4.369E+1
312.72	7.282E+1
313.08	-4.369E+1
313.45	5.097E+1
313.81	1.699E+1
314.18	2.670E+1
314.54	-4.126E+1
314.91	-2.670E+1
315.27	9.466E+1
315.64	4.854E+0
316.00	1.068E+2
316.37	6.311E+1
316.73	-4.854E+1
317.10	1.262E+2
317.46	8.495E+1
317.83	4.369E+1
318.19	-4.612E+1
318.56	2.427E+1
318.92	-9.709E+0
319.28	-8.253E+1
319.65	1.238E+2
320.01	1.286E+2
320.38	1.214E+1
320.74	-2.913E+1
321.11	-3.155E+1
321.47	7.039E+1
321.83	6.068E+1
322.20	7.039E+1
322.56	1.311E+2
322.93	-9.709E+0
323.29	6.796E+1
323.66	-3.155E+1
324.02	2.184E+1
324.38	7.039E+1
324.75	-4.854E+0
325.11	7.767E+1
325.47	-1.699E+1
325.84	1.117E+2
326.20	5.097E+1
326.57	8.010E+1
326.93	5.340E+1
327.29	-1.699E+1
327.66	4.126E+1
328.02	-7.282E+0
328.38	7.039E+1
328.75	1.869E+2
329.11	4.369E+1
329.47	-2.427E+1
329.84	7.282E+0
330.20	-5.340E+1
330.56	-2.427E+0
330.93	8.495E+1
331.29	-6.554E+1
331.65	-3.641E+1
332.02	4.612E+1
332.38	6.068E+1
332.74	5.097E+1
333.10	3.155E+1
333.47	0.000E+0
333.83	-2.913E+1
334.19	2.184E+1
334.56	7.767E+1
334.92	0.000E+0
335.28	1.019E+2
335.64	8.253E+1
336.01	-5.583E+1
336.37	5.825E+1
336.73	-9.223E+1
337.09	7.524E+1
337.46	9.952E+1
337.82	6.796E+1
338.18	1.068E+2
338.54	-2.427E+0
338.91	-5.825E+1
339.27	-1.214E+1
339.63	4.369E+1
339.99	7.282E+1
340.36	-3.884E+1
340.72	-4.854E+1
341.08	7.767E+1
341.44	4.126E+1
341.80	-2.670E+1
342.17	-1.456E+1
342.53	4.854E+1
342.89	8.738E+1
343.25	8.010E+1
343.61	9.223E+1
343.98	5.583E+1
344.34	-5.340E+1
344.70	0.000E+0
345.06	0.000E+0
345.42	-3.641E+1
345.78	-8.253E+1
346.14	1.141E+2
346.51	1.408E+2
346.87	9.709E+0
347.23	2.670E+1
347.59	1.092E+2
347.95	4.369E+1
348.31	8.495E+1
348.67	1.019E+2
349.04	-1.456E+1
349.40	6.068E+1
349.76	3.155E+1
350.12	1.456E+1
350.48	8.981E+1
350.84	1.699E+1
351.20	1.214E+1
351.56	-1.456E+1
351.92	-5.583E+1
352.28	-1.699E+1
352.65	2.427E+1
353.01	8.010E+1
353.37	5.097E+1
353.73	1.456E+1
354.09	2.184E+1
354.45	4.612E+1
354.81	1.456E+1
355.17	7.767E+1
355.53	7.282E+0
355.89	1.456E+1
356.25	2.913E+1
356.61	-2.184E+1
356.97	9.709E+0
357.33	-1.456E+1
357.69	-1.214E+1
358.05	0.000E+0
358.41	2.913E+1
358.77	2.913E+1
359.13	-7.039E+1
359.49	4.126E+1
359.85	-9.709E+0
360.21	9.709E+0
360.57	1.068E+2
360.93	1.942E+1
361.29	-2.427E+1
361.65	-1.942E+1
362.01	3.884E+1
362.37	3.884E+1
362.73	0.000E+0
363.09	-1.699E+1
363.45	-9.709E+0
363.81	-2.913E+1
364.17	1.942E+1
364.53	8.738E+1
364.89	4.369E+1
365.25	-4.854E+0
365.61	1.117E+2
365.97	-5.825E+1
366.33	8.253E+1
366.69	8.981E+1
367.05	5.583E+1
367.40	3.155E+1
367.76	7.767E+1
368.12	4.612E+1
368.48	2.427E+0
368.84	7.767E+1
369.20	1.214E+2
369.56	2.913E+1
369.92	1.359E+2
370.28	1.214E+2
370.63	1.165E+2
370.99	8.981E+1
371.35	8.738E+1
371.71	1.165E+2
372.07	-1.238E+2
372.43	3.884E+1
372.79	7.282E+1
373.15	1.893E+2
373.50	1.602E+2
373.86	5.340E+1
374.22	2.913E+1
374.58	1.578E+2
374.94	1.092E+2
375.30	1.238E+2
375.65	8.981E+1
376.01	1.359E+2
376.37	-1.942E+1
376.73	1.359E+2
377.09	2.597E+2
377.44	8.495E+1
377.80	9.709E+1
378.16	2.136E+2
378.52	1.068E+2
378.88	9.952E+1
379.23	1.505E+2
379.59	1.262E+2
379.95	1.942E+2
380.31	1.165E+2
380.66	2.379E+2
381.02	8.495E+1
381.38	1.117E+2
381.74	2.233E+2
382.09	2.767E+2
382.45	3.325E+2
382.81	2.015E+2
383.17	2.597E+2
383.52	1.990E+2
383.88	2.937E+2
384.24	3.665E+2
384.60	4.151E+2
384.95	1.820E+2
385.31	2.985E+2
385.67	4.175E+2
386.02	4.199E+2
386.38	4.393E+2
386.74	5.219E+2
387.10	5.874E+2
387.45	6.893E+2
387.81	6.918E+2
388.17	7.816E+2
388.52	7.621E+2
388.88	8.908E+2
389.24	9.078E+2
389.59	1.112E+3
389.95	1.255E+3
390.31	1.401E+3
390.66	1.522E+3
391.02	1.692E+3
391.38	1.799E+3
391.73	2.053E+3
392.09	2.214E+3
392.44	2.551E+3
392.80	2.636E+3
393.16	3.073E+3
393.51	3.172E+3
393.87	3.612E+3
394.23	4.126E+3
394.58	4.396E+3
394.94	4.871E+3
395.29	5.464E+3
395.65	5.748E+3
396.01	6.340E+3
396.36	6.733E+3
396.72	7.296E+3
397.07	7.767E+3
397.43	8.787E+3
397.78	9.685E+3
398.14	1.070E+4
398.50	1.181E+4
398.85	1.259E+4
399.21	1.351E+4
399.56	1.457E+4
399.92	1.542E+4
400.27	1.638E+4
400.63	1.740E+4
400.98	1.856E+4
401.34	1.985E+4
401.69	2.138E+4
402.05	2.283E+4
402.40	2.484E+4
402.76	2.671E+4
403.11	2.811E+4
403.47	2.993E+4
403.82	3.064E+4
404.18	3.205E+4
404.53	3.315E+4
404.89	3.543E+4
405.24	3.556E+4
405.60	3.739E+4
405.95	3.887E+4
406.31	4.138E+4
406.66	4.261E+4
407.02	4.416E+4
407.37	4.623E+4
407.73	4.692E+4
408.08	4.815E+4
408.44	4.828E+4
408.79	4.855E+4
409.14	4.864E+4
409.50	4.870E+4
409.85	4.839E+4
410.21	4.843E+4
410.56	4.763E+4
410.92	4.804E+4
411.27	4.770E+4
411.62	4.810E+4
411.98	4.774E+4
412.33	4.650E+4
412.69	4.608E+4
413.04	4.451E+4
413.39	4.217E+4
413.75	4.063E+4
414.10	3.885E+4
414.45	3.691E+4
414.81	3.425E+4
415.16	3.283E+4
415.52	3.150E+4
415.87	3.037E+4
416.22	2.798E+4
416.58	2.683E+4
416.93	2.586E+4
417.28	2.453E+4
417.64	2.313E+4
417.99	2.137E+4
418.34	1.998E+4
418.70	1.862E+4
419.05	1.730E+4
419.40	1.591E+4
419.76	1.526E+4
420.11	1.444E+4
420.46	1.330E+4
420.81	1.250E+4
421.17	1.189E+4
421.52	1.085E+4
421.87	1.076E+4
422.23	1.016E+4
422.58	9.784E+3
422.93	9.034E+3
423.28	8.575E+3
423.64	8.071E+3
423.99	7.427E+3
424.34	6.823E+3
424.69	6.624E+3
425.05	6.034E+3
425.40	5.629E+3
425.75	5.369E+3
426.10	5.083E+3
426.46	4.680E+3
426.81	4.561E+3
427.16	4.335E+3
427.51	4.306E+3
427.87	3.857E+3
428.22	3.762E+3
428.57	3.529E+3
428.92	3.255E+3
429.27	2.925E+3
429.63	2.803E+3
429.98	2.638E+3
430.33	2.328E+3
430.68	2.379E+3
431.03	2.095E+3
431.38	1.932E+3
431.74	1.908E+3
432.09	1.786E+3
432.44	1.636E+3
432.79	1.733E+3
433.14	1.515E+3
433.49	1.386E+3
433.85	1.515E+3
434.20	1.342E+3
434.55	1.265E+3
434.90	1.291E+3
435.25	1.131E+3
435.60	1.005E+3
435.95	1.010E+3
436.30	9.223E+2
436.66	9.660E+2
437.01	9.685E+2
437.36	7.549E+2
437.71	7.864E+2
438.06	7.719E+2
438.41	7.500E+2
438.76	7.864E+2
439.11	6.820E+2
439.46	6.651E+2
439.81	5.850E+2
440.16	5.486E+2
440.52	6.214E+2
440.87	5.825E+2
441.22	5.219E+2
441.57	4.806E+2
441.92	5.267E+2
442.27	5.631E+2
442.62	3.592E+2
442.97	3.859E+2
443.32	3.762E+2
443.67	4.078E+2
444.02	4.126E+2
444.37	3.010E+2
444.72	2.694E+2
445.07	2.985E+2
445.42	3.641E+2
445.77	2.160E+2
446.12	2.961E+2
446.47	2.039E+2
446.82	2.306E+2
447.17	2.500E+2
447.52	2.549E+2
447.87	1.432E+2
448.22	2.184E+2
448.57	3.083E+2
448.92	2.257E+2
449.27	2.184E+2
449.62	3.083E+2
449.97	2.451E+2
450.32	2.961E+2
450.66	1.505E+2
451.01	7.039E+1
451.36	1.359E+2
451.71	2.743E+2
452.06	2.743E+2
452.41	8.981E+1
452.76	1.189E+2
453.11	1.117E+2
453.46	1.796E+2
453.81	1.189E+2
454.16	2.282E+2
454.51	1.165E+2
454.85	7.039E+1
455.20	1.335E+2
455.55	1.456E+2
455.90	1.092E+2
456.25	1.553E+2
456.60	2.087E+2
456.95	6.796E+1
457.30	1.359E+2
457.64	6.311E+1
457.99	9.709E+1
458.34	8.981E+1
458.69	1.942E+2
459.04	8.253E+1
459.39	1.723E+2
459.73	1.553E+2
460.08	6.068E+1
460.43	9.709E+1
460.78	1.092E+2
461.13	1.044E+2
461.48	1.359E+2
461.82	8.738E+1
462.17	1.456E+1
462.52	1.845E+2
462.87	1.238E+2
463.21	1.456E+2
463.56	1.165E+2
463.91	9.952E+1
464.26	5.340E+1
464.61	1.626E+2
464.95	6.796E+1
465.30	5.825E+1
465.65	9.709E+0
466.00	1.092E+2
466.34	1.311E+2
466.69	1.214E+2
467.04	2.913E+1
467.39	1.165E+2
467.73	6.554E+1
468.08	4.612E+1
468.43	9.952E+1
468.77	9.223E+1
469.12	3.884E+1
469.47	1.189E+2
469.82	5.583E+1
470.16	1.068E+2
470.51	7.524E+1
470.86	-1.456E+1
471.20	9.709E+1
471.55	-6.311E+1
471.90	1.019E+2
472.24	7.282E+0
472.59	-2.427E+0
472.94	7.282E+1
473.28	6.554E+1
473.63	7.524E+1
473.98	2.427E+1
474.32	9.223E+1
474.67	-6.068E+1
475.02	9.223E+1
475.36	1.141E+2
475.71	-7.282E+0
476.06	2.184E+1
476.40	7.039E+1
476.75	7.524E+1
477.09	-5.825E+1
477.44	1.772E+2
477.79	3.884E+1
478.13	1.019E+2
478.48	7.039E+1
478.82	1.165E+2
479.17	-4.612E+1
479.52	-4.854E+1
479.86	6.554E+1
480.21	4.126E+1
480.55	1.942E+1
480.90	6.796E+1
481.24	6.311E+1
481.59	1.262E+2
481.94	1.238E+2
482.28	1.165E+2
482.63	9.709E+0
482.97	5.583E+1
483.32	0.000E+0
483.66	8.010E+1
484.01	0.000E+0
484.35	1.942E+1
484.70	1.869E+2
485.04	5.340E+1
485.39	1.699E+1
485.73	9.223E+1
486.08	0.000E+0
486.42	9.709E+1
486.77	7.524E+1
487.11	-5.097E+1
487.46	-2.427E+0
487.80	-1.456E+1
488.15	-2.913E+1
488.49	-7.039E+1
488.84	4.126E+1
489.18	8.738E+1
489.53	3.641E+1
489.87	2.427E+1
490.21	-9.709E+0
490.56	6.796E+1
490.90	1.068E+2
491.25	8.495E+1
491.59	6.068E+1
491.94	0.000E+0
492.28	-3.398E+1
492.62	8.253E+1
492.97	3.155E+1
493.31	-3.155E+1
493.66	-1.456E+1
494.00	5.583E+1
494.34	1.214E+1
494.69	2.670E+1
495.03	4.612E+1
495.38	1.432E+2
495.72	5.097E+1
496.06	-2.913E+1
496.41	4.126E+1
496.75	9.709E+0
497.09	4.854E+0
497.44	5.097E+1
497.78	9.709E+0
498.13	2.670E+1
498.47	-3.398E+1
498.81	3.641E+1
499.16	3.155E+1
499.50	3.884E+1
499.84	1.044E+2
500.19	6.554E+1
500.53	2.427E+0
500.87	4.612E+1
501.21	1.359E+2
501.56	5.825E+1
501.90	-4.854E+0
502.24	-2.184E+1
502.59	7.282E+1
502.93	-3.884E+1
503.27	1.942E+1
503.61	1.432E+2
503.96	7.282E+1
504.30	2.184E+1
504.64	2.427E+1
504.99	5.825E+1
505.33	1.456E+2
505.67	3.641E+1
506.01	-1.214E+1
506.36	2.184E+1
506.70	2.913E+1
507.04	9.223E+1
507.38	-4.854E+0
507.72	-8.253E+1
508.07	4.612E+1
508.41	-9.709E+0
508.75	4.126E+1
509.09	-3.155E+1
509.44	3.155E+1
509.78	6.068E+1
510.12	4.369E+1
510.46	-4.854E+0
510.80	-7.524E+1
511.14	-5.097E+1
511.49	-5.340E+1
511.83	6.554E+1
512.17	-6.068E+1
512.51	-6.311E+1
512.85	3.641E+1
513.19	5.583E+1
513.54	2.670E+1
513.88	1.044E+2
514.22	-2.670E+1
514.56	6.554E+1
514.90	2.184E+1
515.24	4.854E+0
515.58	7.524E+1
515.93	9.223E+1
516.27	-6.068E+1
516.61	2.913E+1
516.95	-8.495E+1
517.29	-9.709E+0
517.63	-7.524E+1
517.97	1.214E+1
518.31	2.913E+1
518.65	-5.583E+1
518.99	6.796E+1
519.33	6.311E+1
519.67	8.738E+1
520.02	-4.854E+1
520.36	-3.884E+1
520.70	2.913E+1
521.04	3.155E+1
521.38	8.738E+1
521.72	8.253E+1
522.06	4.369E+1
522.40	4.369E+1
522.74	8.981E+1
523.08	1.408E+2
523.42	-2.670E+1
523.76	-5.097E+1
524.10	1.044E+2
524.44	2.427E+0
524.78	3.641E+1
525.12	8.010E+1
525.46	-7.282E+1
525.80	-6.796E+1
526.14	4.854E+1
526.48	6.068E+1
526.82	4.369E+1
527.16	2.427E+0
527.50	-9.709E+0
527.84	4.854E+0
528.18	-1.942E+1
528.52	-9.952E+1
528.86	0.000E+0
529.20	7.282E+1
529.54	-7.282E+0
529.87	8.253E+1
530.21	5.583E+1
530.55	-5.825E+1
530.89	3.641E+1
531.23	1.893E+2
531.57	-4.126E+1
531.91	1.311E+2
532.25	1.117E+2
532.59	-9.709E+0
532.93	3.155E+1
533.27	-1.214E+1
533.60	2.184E+1
533.94	1.214E+1
534.28	-4.369E+1
534.62	9.952E+1
534.96	-3.155E+1
535.30	-1.942E+1
535.64	4.126E+1
535.98	1.384E+2
536.31	-4.854E+0
536.65	7.282E+1
536.99	3.398E+1
537.33	4.369E+1
537.67	3.155E+1
538.01	1.214E+1
538.34	8.981E+1
538.68	4.126E+1
539.02	7.282E+0
539.36	7.282E+0
539.70	7.767E+1
540.03	5.097E+1
540.37	-3.641E+1
540.71	6.554E+1
541.05	6.554E+1
541.39	2.913E+1
541.72	-1.699E+1
542.06	-9.709E+0
542.40	2.427E+1
542.74	8.253E+1
543.07	1.942E+1
543.41	9.223E+1
543.75	3.398E+1
544.09	2.670E+1
544.42	-2.184E+1
544.76	-2.913E+1
545.10	1.699E+1
545.44	-2.184E+1
545.77	-1.214E+1
546.11	-5.825E+1
546.45	2.427E+1
546.78	3.884E+1
547.12	-4.126E+1
547.46	9.709E+0
547.80	-3.398E+1
548.13	-6.554E+1
548.47	1.456E+1
548.81	1.214E+1
549.14	2.913E+1
549.48	-2.427E+0
549.82	5.340E+1
550.15	8.495E+1
550.49	-3.884E+1
550.83	-1.942E+1
551.16	-3.884E+1
551.50	7.524E+1
551.84	9.952E+1
552.17	-4.854E+0
552.51	6.311E+1
552.84	5.340E+1
553.18	7.524E+1
553.52	-2.427E+0
553.85	5.097E+1
554.19	2.427E+0
554.53	-4.126E+1
554.86	5.340E+1
555.20	3.398E+1
555.53	4.369E+1
555.87	1.117E+2
556.20	-6.068E+1
556.54	-5.097E+1
556.88	2.427E+0
557.21	-3.155E+1
557.55	4.126E+1
557.88	7.282E+0
558.22	6.311E+1
558.55	4.612E+1
558.89	-7.039E+1
559.23	6.068E+1
559.56	3.398E+1
559.90	1.044E+2
560.23	3.155E+1
560.57	4.126E+1
560.90	6.554E+1
561.24	4.126E+1
561.57	0.000E+0
561.91	4.854E+0
562.24	-7.282E+0
562.58	-8.495E+1
562.91	8.010E+1
563.25	4.854E+1
563.58	6.554E+1
563.92	3.155E+1
564.25	4.126E+1
564.59	-1.942E+1
564.92	1.117E+2
565.25	9.223E+1
565.59	1.092E+2
565.92	-9.709E+1
566.26	1.019E+2
566.59	-2.427E+0
566.93	1.214E+1
567.26	4.369E+1
567.60	-4.854E+0
567.93	7.282E+0
568.26	9.223E+1
568.60	1.408E+2
568.93	7.282E+0
569.27	-1.214E+1
569.60	3.884E+1
569.93	-4.126E+1
570.27	-5.583E+1
570.60	3.155E+1
570.94	3.398E+1
571.27	2.427E+1
571.60	1.189E+2
571.94	-2.184E+1
572.27	5.583E+1
572.60	-3.155E+1
572.94	2.427E+0
573.27	1.117E+2
573.60	0.000E+0
573.94	3.884E+1
574.27	9.466E+1
574.60	-6.796E+1
574.94	9.466E+1
575.27	7.767E+1
575.60	1.942E+1
575.94	9.709E+0
576.27	-5.340E+1
576.60	-9.952E+1
576.94	8.253E+1
577.27	1.165E+2
577.60	2.427E+1
577.94	2.427E+0
578.27	8.010E+1
578.60	8.010E+1
578.93	-4.369E+1
579.27	2.427E+0
579.60	-1.214E+1
579.93	7.282E+1
580.26	-6.796E+1
580.60	7.524E+1
580.93	1.214E+1
581.26	6.554E+1
581.59	5.583E+1
581.93	-1.942E+1
582.26	2.184E+1
582.59	-2.670E+1
582.92	0.000E+0
583.25	-4.126E+1
583.59	1.117E+2
583.92	-1.214E+1
584.25	-1.456E+1
584.58	2.427E+1
584.91	8.010E+1
585.25	6.068E+1
585.58	1.384E+2
585.91	5.583E+1
586.24	3.155E+1
586.57	4.369E+1
586.90	8.253E+1
587.24	1.942E+1
587.57	-3.155E+1
587.90	-9.709E+0
588.23	4.612E+1
588.56	2.184E+1
588.89	5.825E+1
589.22	1.141E+2
589.56	8.253E+1
589.89	-3.398E+1
590.22	3.884E+1
590.55	-7.767E+1
590.88	-1.214E+1
591.21	4.612E+1
591.54	-8.010E+1
591.87	5.825E+1
592.20	4.369E+1
592.53	-1.699E+1
592.87	8.010E+1
593.20	-4.854E+0
593.53	-7.767E+1
593.86	2.184E+1
594.19	-7.282E+0
594.52	7.282E+0
594.85	1.699E+1
595.18	7.282E+1
595.51	1.214E+1
595.84	-5.340E+1
596.17	-9.709E+0
596.50	6.311E+1
596.83	-2.184E+1
597.16	-1.456E+1
597.49	-1.699E+1
597.82	2.427E+1
598.15	-3.641E+1
598.48	-4.612E+1
598.81	3.155E+1
599.14	1.286E+2
599.47	6.068E+1
599.80	7.282E+1
600.13	-1.214E+1
600.46	3.884E+1
600.79	-5.583E+1
601.12	-6.796E+1
601.45	7.282E+0
601.78	4.612E+1
602.11	-6.311E+1
602.44	7.524E+1
602.77	3.884E+1
603.10	2.184E+1
603.42	-3.398E+1
603.75	5.097E+1
604.08	1.214E+1
604.41	4.369E+1
604.74	4.126E+1
605.07	6.554E+1
605.40	-8.981E+1
605.73	-7.767E+1
606.06	-3.641E+1
606.39	-2.427E+1
606.71	4.369E+1
607.04	1.432E+2
607.37	-2.913E+1
607.70	-1.699E+1
608.03	1.044E+2
608.36	7.282E+0
608.69	-4.126E+1
609.02	3.398E+1
609.34	-2.427E+1
609.67	3.884E+1
610.00	-6.554E+1
610.33	-4.126E+1
610.66	-1.432E+2
610.98	-9.952E+1
611.31	3.398E+1
611.64	3.884E+1
611.97	5.340E+1
612.30	-4.854E+1
612.63	5.097E+1
612.95	-1.238E+2
613.28	-4.369E+1
613.61	-5.097E+1
613.94	1.456E+1
614.26	4.854E+1
614.59	5.340E+1
614.92	7.039E+1
615.25	4.369E+1
615.57	7.039E+1
615.90	5.340E+1
616.23	2.427E+0
616.56	-2.670E+1
616.88	1.044E+2
617.21	1.699E+1
617.54	1.092E+2
617.87	2.184E+1
618.19	8.253E+1
618.52	8.495E+1
618.85	1.214E+1
619.17	-2.184E+1
619.50	-7.282E+1
619.83	2.427E+0
620.15	1.214E+1
620.48	-2.427E+1
620.81	-8.738E+1
621.14	6.068E+1
621.46	-4.854E+0
621.79	3.155E+1
622.11	-2.670E+1
622.44	-4.369E+1
622.77	-3.155E+1
623.09	-2.427E+0
623.42	5.097E+1
623.75	-3.398E+1
624.07	-7.282E+0
624.40	5.825E+1
624.73	1.214E+2
625.05	1.456E+1
625.38	2.184E+1
625.70	-4.854E+1
626.03	2.913E+1
626.36	2.427E+0
626.68	1.214E+1
627.01	0.000E+0
627.33	4.369E+1
627.66	-6.796E+1
627.99	3.641E+1
628.31	5.825E+1
628.64	8.738E+1
628.96	1.699E+1
629.29	-4.854E+0
629.61	5.825E+1
629.94	4.854E+0
630.26	2.913E+1
630.59	2.670E+1
630.91	6.554E+1
631.24	1.262E+2
631.57	2.670E+1
631.89	2.913E+1
632.22	2.670E+1
632.54	-2.427E+0
632.87	1.408E+2
633.19	4.369E+1
633.52	-3.398E+1
633.84	7.282E+0
634.16	-9.709E+0
634.49	6.554E+1
634.81	8.495E+1
635.14	5.583E+1
635.46	7.282E+1
635.79	-8.738E+1
636.11	-3.398E+1
636.44	5.340E+1
636.76	-9.709E+0
637.09	4.126E+1
637.41	4.854E+0
637.73	-1.335E+2
638.06	-7.282E+0
638.38	4.854E+1
638.71	-4.854E+0
639.03	4.612E+1
639.36	-2.670E+1
639.68	1.165E+2
640.00	-1.456E+1
640.33	7.039E+1
640.65	-2.427E+0
640.97	-7.524E+1
641.30	-5.340E+1
641.62	4.612E+1
641.95	0.000E+0
642.27	1.141E+2
642.59	5.097E+1
642.92	-8.495E+1
643.24	-7.039E+1
643.56	-9.709E+0
643.89	5.825E+1
644.21	6.068E+1
644.53	-1.942E+1
644.86	-1.214E+1
645.18	-9.709E+0
645.50	3.398E+1
645.83	-4.612E+1
646.15	-5.340E+1
646.47	1.214E+1
646.80	1.456E+1
647.12	3.155E+1
647.44	4.854E+0
647.76	5.583E+1
648.09	1.699E+1
648.41	-1.214E+1
648.73	4.854E+1
649.05	3.155E+1
649.38	-3.641E+1
649.70	-6.796E+1
650.02	-7.524E+1
650.34	6.311E+1
650.67	2.670E+1
650.99	1.092E+2
651.31	0.000E+0
651.63	0.000E+0
651.96	4.612E+1
652.28	-8.495E+1
652.60	1.117E+2
652.92	4.369E+1
653.24	6.311E+1
653.57	-8.010E+1
653.89	-3.641E+1
654.21	3.641E+1
654.53	6.068E+1
654.85	-2.427E+0
655.18	3.884E+1
655.50	7.524E+1
655.82	4.612E+1
656.14	-4.854E+0
656.46	-2.913E+1
656.78	-2.913E+1
657.10	-2.427E+1
657.43	8.981E+1
657.75	3.155E+1
658.07	9.709E+0
658.39	5.340E+1
658.71	-3.155E+1
659.03	4.854E+0
659.35	-3.155E+1
659.67	-5.340E+1
659.99	-5.583E+1
660.32	-2.184E+1
660.64	-3.155E+1
660.96	7.282E+0
661.28	8.981E+1
661.60	-9.709E+0
661.92	6.311E+1
662.24	-6.554E+1
662.56	4.854E+1
662.88	-1.019E+2
663.20	-2.427E+1
663.52	7.039E+1
663.84	-1.238E+2
664.16	7.767E+1
664.48	7.282E+0
664.80	2.670E+1
665.12	-1.456E+1
665.44	1.699E+1
665.76	-7.767E+1
666.08	-9.223E+1
666.40	1.214E+1
666.72	-3.155E+1
667.04	-4.126E+1
667.36	9.223E+1
667.68	-5.097E+1
668.00	1.942E+1
668.32	-1.942E+1
668.64	-4.612E+1
668.96	4.126E+1
669.28	-4.854E+0
669.60	3.884E+1
669.92	9.709E+0
670.24	3.155E+1
670.56	-2.184E+1
670.88	1.214E+1
671.20	1.311E+2
671.52	4.854E+1
671.84	0.000E+0
672.16	-2.427E+1
672.47	3.398E+1
672.79	-7.282E+0
673.11	-1.942E+1
673.43	-1.456E+1
673.75	-6.554E+1
674.07	-9.466E+1
674.39	2.427E+0
674.71	9.709E+0
675.03	-4.612E+1
675.34	-1.456E+1
675.66	2.427E+1
675.98	-6.068E+1
676.30	-3.398E+1
676.62	-8.495E+1
676.94	7.524E+1
677.25	7.039E+1
677.57	3.641E+1
677.89	3.641E+1
678.21	-4.126E+1
678.53	-1.699E+1
678.85	-4.126E+1
679.16	-9.709E+1
679.48	-5.340E+1
679.80	-8.010E+1
680.12	5.340E+1
680.44	0.000E+0
680.75	-8.253E+1
681.07	5.583E+1
681.39	7.282E+0
681.71	1.092E+2
682.02	4.854E+0
682.34	7.282E+0
682.66	5.340E+1
682.98	1.942E+1
683.29	-2.913E+1
683.61	-8.010E+1
683.93	2.913E+1
684.25	-7.039E+1
684.56	-6.311E+1
684.88	-2.427E+1
685.20	-2.913E+1
685.51	-4.854E+1
685.83	-2.913E+1
686.15	4.612E+1
686.47	-2.184E+1
686.78	8.253E+1
687.10	2.427E+1
687.42	-4.854E+0
687.73	-5.097E+1
688.05	6.554E+1
688.37	-3.641E+1
688.68	-2.670E+1
689.00	8.495E+1
689.32	1.942E+1
689.63	2.670E+1
689.95	2.427E+1
690.26	7.282E+0
690.58	2.427E+0
690.90	-7.767E+1
691.21	3.641E+1
691.53	-2.670E+1
691.85	1.456E+1
692.16	-1.699E+1
692.48	4.854E+0
692.79	-4.854E+0
693.11	-7.524E+1
693.42	-7.282E+0
693.74	-2.427E+1
694.06	-9.952E+1
694.37	-3.155E+1
694.69	-4.126E+1
695.00	4.612E+1
695.32	2.184E+1
695.63	-1.214E+2
695.95	9.709E+0
696.26	3.155E+1
696.58	-1.942E+1
696.90	-3.641E+1
697.21	-2.184E+1
697.53	1.942E+1
697.84	-2.427E+1
698.16	-3.884E+1
698.47	-5.825E+1
698.79	5.340E+1
699.10	9.709E+0
699.42	-7.282E+0
699.73	-4.854E+1
700.05	-4.854E+0
700.36	2.184E+1
700.68	-1.942E+1
700.99	4.854E+0
701.30	-8.253E+1
701.62	1.699E+1
701.93	6.796E+1
702.25	4.369E+1
702.56	3.155E+1
702.88	1.699E+1
703.19	8.253E+1
703.50	4.854E+0
703.82	1.214E+1
704.13	-1.359E+2
704.45	4.854E+1
704.76	2.427E+0
705.08	-3.155E+1
705.39	0.000E+0
705.70	-2.913E+1
706.02	1.651E+2
706.33	1.481E+2
706.64	3.398E+1
706.96	4.854E+0
707.27	2.913E+1
707.59	0.000E+0
707.90	9.709E+0
708.21	7.282E+0
708.53	1.699E+1
708.84	-3.398E+1
709.15	-3.884E+1
709.47	3.884E+1
709.78	-5.097E+1
710.09	1.942E+1
710.41	7.039E+1
710.72	2.913E+1
711.03	-7.282E+1
711.34	4.369E+1
711.66	4.369E+1
711.97	-7.282E+0
712.28	-3.884E+1
712.60	-8.981E+1
712.91	-3.641E+1
713.22	-2.427E+0
713.53	-4.369E+1
713.85	-2.427E+1
714.16	-7.282E+0
714.47	-4.369E+1
714.78	-5.340E+1
715.10	7.282E+0
715.41	7.282E+0
715.72	-1.456E+1
716.03	1.238E+2
716.35	3.155E+1
716.66	-6.554E+1
716.97	5.825E+1
717.28	7.282E+0
717.59	3.155E+1
717.91	-8.253E+1
718.22	4.126E+1
718.53	-2.427E+1
718.84	-3.155E+1
719.15	-7.282E+1
719.46	7.524E+1
719.78	3.884E+1
720.09	-4.612E+1
720.40	8.495E+1
720.71	2.184E+1
721.02	1.262E+2
721.33	2.913E+1
721.65	-3.884E+1
721.96	-4.369E+1
722.27	1.214E+1
722.58	3.884E+1
722.89	3.884E+1
723.20	2.913E+1
723.51	2.184E+1
723.82	1.214E+1
724.13	2.427E+1
724.45	-1.456E+1
724.76	-4.854E+0
725.07	2.427E+1
725.38	1.699E+1
725.69	4.612E+1
726.00	7.282E+0
726.31	1.286E+2
726.62	3.641E+1
726.93	-2.427E+0
727.24	0.000E+0
727.55	-2.670E+1
727.86	-6.068E+1
728.17	-1.141E+2
728.48	3.155E+1
728.79	-4.369E+1
729.10	-3.155E+1
729.41	-1.942E+1
729.72	-3.398E+1
730.03	-2.184E+1
730.34	-7.524E+1
730.65	-1.044E+2
730.96	4.854E+0
731.27	4.126E+1
731.58	-1.214E+1
731.89	9.709E+0
732.20	7.282E+0
732.51	7.039E+1
732.82	7.039E+1
733.13	5.825E+1
733.44	-8.253E+1
733.75	1.845E+2
734.06	-2.670E+1
734.37	9.709E+0
734.68	-1.456E+1
734.98	-3.641E+1
735.29	7.767E+1
735.60	-3.155E+1
735.91	-1.456E+1
736.22	2.184E+1
736.53	-4.854E+1
736.84	-3.884E+1
737.15	2.184E+1
737.46	5.583E+1
737.77	4.612E+1
738.07	6.311E+1
738.38	-2.427E+1
738.69	4.369E+1
739.00	-1.456E+1
739.31	1.019E+2
739.62	-2.670E+1
739.92	5.097E+1
740.23	-7.524E+1
740.54	-1.699E+1
740.85	1.335E+2
741.16	-4.854E+0
741.47	-6.311E+1
741.77	7.282E+1
742.08	9.709E+0
742.39	-4.126E+1
742.70	-4.126E+1
743.01	1.214E+1
743.31	3.155E+1
743.62	6.311E+1
743.93	8.253E+1
744.24	-3.641E+1
744.54	2.670E+1
744.85	5.097E+1
745.16	7.039E+1
745.47	-4.126E+1
745.77	-4.854E+1
746.08	-9.709E+1
746.39	1.214E+1
746.70	-2.184E+1
747.00	-8.010E+1
747.31	-4.854E+1
747.62	5.340E+1
747.92	-4.126E+1
748.23	-5.583E+1
748.54	-1.214E+1
748.84	6.311E+1
749.15	3.641E+1
749.46	-2.427E+0
749.76	-8.010E+1
750.07	4.854E+0
750.38	-7.282E+0
750.68	5.097E+1
750.99	2.427E+1
751.30	7.039E+1
751.60	-2.670E+1
751.91	-3.398E+1
752.22	7.282E+1
752.52	4.612E+1
752.83	2.427E+0
753.14	-3.884E+1
753.44	4.126E+1
753.75	4.612E+1
754.05	7.039E+1
754.36	-7.282E+0
754.67	-3.884E+1
754.97	-1.918E+2
755.28	4.126E+1
755.58	-3.155E+1
755.89	-8.738E+1
756.19	-5.825E+1
756.50	-9.952E+1
756.81	-7.282E+0
757.11	-3.884E+1
757.42	-1.456E+1
757.72	9.709E+0
758.03	4.369E+1
758.33	4.854E+1
758.64	9.709E+0
758.94	2.427E+0
759.25	3.398E+1
759.55	-4.612E+1
759.86	-7.282E+1
760.16	6.796E+1
760.47	3.884E+1
760.77	1.699E+1
761.08	1.456E+1
761.38	-3.155E+1
761.69	-9.709E+0
761.99	7.282E+1
762.30	2.670E+1
762.60	-1.214E+1
762.91	-8.495E+1
763.21	0.000E+0
763.51	-5.097E+1
763.82	1.262E+2
764.12	-9.466E+1
764.43	7.282E+0
764.73	-3.398E+1
765.04	4.854E+0
765.34	-8.738E+1
765.64	-1.699E+1
765.95	6.311E+1
766.25	3.155E+1
766.56	1.044E+2
766.86	-1.117E+2
767.16	-2.427E+0
767.47	-6.554E+1
767.77	1.117E+2
768.07	2.427E+0
768.38	5.583E+1
768.68	-1.359E+2
768.98	-4.369E+1
769.29	7.282E+0
769.59	1.189E+2
769.89	-1.214E+1
770.20	2.427E+1
770.50	-1.214E+1
770.80	-6.554E+1
771.11	-4.854E+1
771.41	1.456E+1
771.71	-4.126E+1
772.02	3.155E+1
772.32	-6.068E+1
772.62	7.767E+1
772.93	-5.097E+1
773.23	-1.942E+1
773.53	9.709E+0
773.83	7.767E+1
774.14	-2.427E+1
774.44	3.884E+1
774.74	4.369E+1
775.04	-7.282E+1
775.35	3.398E+1
775.65	2.184E+1
775.95	9.709E+0
776.25	3.155E+1
776.55	4.612E+1
776.86	4.612E+1
777.16	1.602E+2
777.46	2.427E+1
777.76	-5.340E+1
778.06	-2.427E+0
778.37	2.427E+1
778.67	4.126E+1
778.97	-6.068E+1
779.27	3.641E+1
779.57	-5.825E+1
779.88	-2.670E+1
780.18	-4.854E+1
780.48	-3.641E+1
780.78	-5.340E+1
781.08	6.796E+1
781.38	4.854E+0
781.68	-5.825E+1
781.98	-2.427E+1
782.29	1.699E+1
782.59	-4.369E+1
782.89	-2.427E+0
783.19	-6.311E+1
783.49	1.699E+1
783.79	6.554E+1
784.09	-6.554E+1
784.39	-8.010E+1
784.69	-1.699E+1
784.99	-6.796E+1
785.30	-7.282E+0
785.60	-4.854E+0
785.90	3.155E+1
786.20	-2.184E+1
786.50	-4.854E+0
786.80	-1.723E+2
787.10	1.699E+1
787.40	3.155E+1
787.70	-3.884E+1
788.00	3.155E+1
788.30	2.427E+1
788.60	5.340E+1
788.90	1.699E+1
789.20	4.854E+0
789.50	-7.039E+1
789.80	7.039E+1
790.10	7.039E+1
790.40	8.738E+1
790.70	-2.427E+0
791.00	-4.369E+1
791.30	1.165E+2
791.60	9.952E+1
791.90	9.709E+0
792.20	1.214E+1
792.50	-1.141E+2
792.79	1.456E+1
793.09	7.767E+1
793.39	-1.456E+1
793.69	2.913E+1
793.99	1.699E+1
794.29	3.641E+1
794.59	-7.282E+1
794.89	1.092E+2
795.19	-4.854E+0
795.49	3.398E+1
795.79	4.854E+1
796.08	-7.039E+1
796.38	-2.913E+1
796.68	-1.092E+2
796.98	-1.214E+1
797.28	1.456E+1
797.58	7.039E+1
797.88	-1.942E+1
798.17	6.311E+1
798.47	6.311E+1
798.77	1.699E+1
799.07	-4.854E+0
799.37	-3.398E+1
799.67	7.282E+0
799.96	-3.641E+1
800.26	4.854E+0
800.56	4.126E+1
800.86	3.641E+1
801.16	-7.282E+1
801.45	-7.767E+1
801.75	-1.044E+2
802.05	7.767E+1
802.35	1.699E+1
802.64	-8.495E+1
802.94	4.854E+0
803.24	-7.282E+0
803.54	-6.311E+1
803.83	8.253E+1
804.13	-2.913E+1
804.43	-6.554E+1
804.73	-8.738E+1
805.02	-3.155E+1
805.32	5.097E+1
805.62	1.942E+1
805.91	-9.709E+0
806.21	0.000E+0
806.51	2.427E+0
806.81	0.000E+0
807.10	1.165E+2
807.40	1.456E+1
807.70	3.884E+1
807.99	1.723E+2
808.29	-4.854E+1
808.59	-9.223E+1
808.88	3.155E+1
809.18	2.427E+1
809.47	-2.427E+1
809.77	6.796E+1
810.07	-4.612E+1
810.36	-9.709E+0
810.66	6.554E+1
810.96	3.155E+1
811.25	-4.369E+1
811.55	-5.583E+1
811.84	-2.913E+1
812.14	3.884E+1
812.44	3.155E+1
812.73	-7.282E+0
813.03	-1.214E+1
813.32	-3.884E+1
813.62	2.913E+1
813.91	6.554E+1
814.21	2.913E+1
814.51	-2.670E+1
814.80	-6.311E+1
815.10	-2.427E+1
815.39	2.913E+1
815.69	4.854E+0
815.98	0.000E+0
816.28	2.670E+1
816.57	8.981E+1
816.87	3.398E+1
817.16	-7.282E+0
817.46	-3.884E+1
817.75	7.282E+1
818.05	1.456E+1
818.34	-2.670E+1
818.64	-4.854E+0
818.93	9.709E+0
819.23	1.214E+1
819.52	2.184E+1
819.82	7.039E+1
820.11	4.612E+1
820.40	5.340E+1
820.70	2.913E+1
820.99	7.282E+0
821.29	7.282E+0
821.58	5.340E+1
821.88	-2.184E+1
822.17	-9.709E+0
822.46	3.398E+1
822.76	-9.466E+1
823.05	-5.097E+1
823.35	1.456E+1
823.64	1.942E+1
823.93	1.578E+2
824.23	1.165E+2
824.52	2.670E+1
824.81	-7.282E+0
825.11	-3.884E+1
825.40	-3.398E+1
825.69	-5.340E+1
825.99	-6.068E+1
826.28	1.214E+1
826.58	3.884E+1
826.87	5.097E+1
827.16	4.612E+1
827.45	8.738E+1
827.75	-6.068E+1
828.04	2.427E+1
828.33	5.825E+1
828.63	-1.699E+1
828.92	3.884E+1
829.21	9.709E+0
829.51	-2.670E+1
829.80	-5.825E+1
830.09	8.495E+1
830.38	-4.854E+0
830.68	8.253E+1
830.97	-7.524E+1
831.26	9.223E+1
831.55	5.825E+1
831.85	-6.554E+1
832.14	1.286E+2
832.43	-7.282E+0
832.72	7.282E+0
833.01	3.398E+1
833.31	-2.913E+1
833.60	-6.796E+1
833.89	-2.913E+1
834.18	4.854E+1
834.47	1.214E+1
834.77	-9.709E+0
835.06	2.427E+1
835.35	-9.223E+1
835.64	4.854E+1
835.93	-1.942E+1
836.22	-9.709E+0
836.52	2.427E+0
836.81	-3.155E+1
837.10	1.456E+1
837.39	1.456E+1
837.68	-1.942E+1
837.97	6.311E+1
838.26	4.369E+1
838.55	-4.612E+1
838.85	-9.952E+1
839.14	9.709E+0
839.43	2.670E+1
839.72	-2.427E+0
840.01	-1.141E+2
840.30	4.854E+0
840.59	-4.854E+1
840.88	6.554E+1
841.17	-3.884E+1
841.46	4.854E+0
841.75	-7.039E+1
842.04	0.000E+0
842.33	1.456E+1
842.62	2.427E+1
842.91	7.282E+0
843.21	-1.214E+1
843.50	3.398E+1
843.79	-4.126E+1
844.08	-4.612E+1
844.37	0.000E+0
844.66	3.884E+1
844.95	-6.068E+1
845.24	1.699E+1
845.53	-3.398E+1
845.81	9.709E+0
846.10	-3.884E+1
846.39	2.670E+1
846.68	-1.214E+1
846.97	7.282E+0
847.26	5.825E+1
847.55	-4.369E+1
847.84	-2.427E+1
848.13	-8.253E+1
848.42	-4.854E+1
848.71	2.913E+1
849.00	-3.155E+1
849.29	3.155E+1
849.58	-1.699E+1
849.87	-2.913E+1
850.15	3.398E+1
850.44	5.825E+1
850.73	7.282E+1
851.02	2.427E+0
851.31	5.340E+1
851.60	-3.155E+1
851.89	1.456E+1
852.18	7.039E+1
852.46	7.282E+0
852.75	4.126E+1
853.04	7.039E+1
853.33	-5.097E+1
853.62	-5.583E+1
853.91	1.214E+1
854.19	-8.010E+1
854.48	-2.427E+1
854.77	-4.369E+1
855.06	8.253E+1
855.35	-1.189E+2
855.63	8.010E+1
855.92	-1.214E+1
856.21	-1.044E+2
856.50	-6.554E+1
856.79	-1.214E+1
857.07	-8.253E+1
857.36	3.155E+1
857.65	5.340E+1
857.94	7.039E+1
858.22	-1.699E+1
858.51	-6.068E+1
858.80	2.913E+1
859.08	4.126E+1
859.37	1.456E+1
859.66	-1.117E+2
859.95	-4.369E+1
860.23	-4.854E+0
860.52	5.340E+1
860.81	-9.952E+1
861.09	-6.068E+1
861.38	-6.554E+1
861.67	-2.670E+1
861.95	2.670E+1
862.24	-1.699E+1
862.53	6.311E+1
862.81	-1.019E+2
863.10	-5.825E+1
863.39	4.126E+1
863.67	-3.398E+1
863.96	5.583E+1
864.25	2.427E+0
864.53	0.000E+0
864.82	-1.214E+1
865.10	-1.699E+1
865.39	0.000E+0
865.68	-2.184E+1
865.96	5.340E+1
866.25	5.097E+1
866.53	5.097E+1
866.82	5.097E+1