Wavelength	Intensity	Ocean Optics Flame
nm	counts
187.89	-3.884E+1
188.27	-4.854E+0
188.64	-4.854E+0
189.02	5.097E+1
189.40	7.282E+0
189.78	-6.311E+1
190.15	4.612E+1
190.53	-1.214E+1
190.91	1.942E+1
191.29	1.456E+1
191.66	-2.427E+0
192.04	1.019E+2
192.42	-3.641E+1
192.80	0.000E+0
193.17	-8.981E+1
193.55	-9.709E+0
193.93	4.612E+1
194.30	4.612E+1
194.68	8.253E+1
195.06	-7.039E+1
195.44	4.369E+1
195.81	-2.427E+0
196.19	1.214E+1
196.57	-7.524E+1
196.94	4.612E+1
197.32	-3.155E+1
197.70	-2.670E+1
198.07	4.854E+1
198.45	-1.942E+1
198.83	3.398E+1
199.20	4.369E+1
199.58	1.699E+1
199.96	-1.456E+1
200.33	-3.398E+1
200.71	1.286E+2
201.09	1.699E+1
201.46	-3.155E+1
201.84	-7.282E+0
202.22	5.583E+1
202.59	1.942E+1
202.97	-7.282E+1
203.34	-3.884E+1
203.72	8.981E+1
204.10	-7.282E+0
204.47	1.456E+1
204.85	3.641E+1
205.23	1.456E+1
205.60	9.709E+0
205.98	1.456E+1
206.35	1.699E+1
206.73	2.427E+0
207.11	-2.670E+1
207.48	2.427E+1
207.86	8.010E+1
208.23	-3.884E+1
208.61	2.913E+1
208.98	5.340E+1
209.36	2.670E+1
209.74	8.010E+1
210.11	5.340E+1
210.49	3.398E+1
210.86	-4.126E+1
211.24	-6.068E+1
211.61	4.612E+1
211.99	-3.641E+1
212.36	8.495E+1
212.74	2.427E+1
213.11	1.214E+2
213.49	8.010E+1
213.87	1.456E+1
214.24	3.641E+1
214.62	1.141E+2
214.99	-2.184E+1
215.37	-5.583E+1
215.74	1.699E+1
216.12	-4.369E+1
216.49	-3.641E+1
216.87	-4.369E+1
217.24	4.612E+1
217.62	-5.097E+1
217.99	5.583E+1
218.37	-2.913E+1
218.74	5.583E+1
219.11	5.340E+1
219.49	-4.126E+1
219.86	-2.427E+0
220.24	5.825E+1
220.61	-4.854E+0
220.99	3.155E+1
221.36	1.699E+1
221.74	-4.854E+1
222.11	3.884E+1
222.49	-1.238E+2
222.86	-8.738E+1
223.23	-5.097E+1
223.61	1.456E+1
223.98	-6.796E+1
224.36	1.699E+1
224.73	1.019E+2
225.11	8.010E+1
225.48	-3.155E+1
225.85	-4.854E+0
226.23	6.068E+1
226.60	2.184E+1
226.98	1.456E+1
227.35	-4.612E+1
227.72	-7.282E+0
228.10	5.825E+1
228.47	-1.456E+1
228.84	-3.155E+1
229.22	-8.738E+1
229.59	3.155E+1
229.97	6.311E+1
230.34	4.612E+1
230.71	9.709E+0
231.09	3.884E+1
231.46	2.184E+1
231.83	8.495E+1
232.21	1.165E+2
232.58	0.000E+0
232.95	1.068E+2
233.33	1.384E+2
233.70	4.854E+1
234.07	4.854E+1
234.45	3.884E+1
234.82	9.223E+1
235.19	2.913E+1
235.57	1.942E+1
235.94	1.505E+2
236.31	-1.019E+2
236.69	-7.524E+1
237.06	3.398E+1
237.43	6.796E+1
237.80	-7.282E+0
238.18	6.068E+1
238.55	-6.554E+1
238.92	1.044E+2
239.30	-7.282E+1
239.67	5.340E+1
240.04	-5.583E+1
240.41	4.854E+1
240.79	4.126E+1
241.16	2.184E+1
241.53	7.282E+0
241.90	8.738E+1
242.28	2.913E+1
242.65	2.184E+1
243.02	1.019E+2
243.39	-9.709E+1
243.77	-5.825E+1
244.14	-6.796E+1
244.51	7.282E+1
244.88	-2.670E+1
245.25	-4.854E+1
245.63	1.456E+1
246.00	-8.253E+1
246.37	7.524E+1
246.74	-1.384E+2
247.11	4.369E+1
247.49	3.641E+1
247.86	-3.155E+1
248.23	5.340E+1
248.60	-2.427E+1
248.97	-2.427E+0
249.35	9.709E+0
249.72	2.184E+1
250.09	1.384E+2
250.46	3.155E+1
250.83	-7.767E+1
251.20	-4.854E+0
251.58	-4.854E+1
251.95	-4.612E+1
252.32	3.398E+1
252.69	-6.311E+1
253.06	1.214E+1
253.43	2.913E+1
253.80	0.000E+0
254.17	-4.612E+1
254.55	6.068E+1
254.92	-3.641E+1
255.29	-2.913E+1
255.66	-5.825E+1
256.03	-9.223E+1
256.40	3.884E+1
256.77	-5.097E+1
257.14	-1.456E+1
257.51	5.340E+1
257.88	4.126E+1
258.26	-4.854E+0
258.63	-9.466E+1
259.00	7.524E+1
259.37	-5.097E+1
259.74	5.097E+1
260.11	-3.155E+1
260.48	0.000E+0
260.85	1.602E+2
261.22	-3.398E+1
261.59	7.282E+1
261.96	-4.854E+0
262.33	2.427E+1
262.70	-4.612E+1
263.07	8.981E+1
263.44	-1.092E+2
263.81	3.155E+1
264.18	8.981E+1
264.55	5.825E+1
264.92	7.282E+0
265.29	9.709E+1
265.66	4.369E+1
266.03	0.000E+0
266.40	9.709E+0
266.77	7.524E+1
267.14	1.019E+2
267.51	-7.282E+0
267.88	1.165E+2
268.25	9.709E+0
268.62	3.155E+1
268.99	-2.184E+1
269.36	7.282E+0
269.73	6.311E+1
270.10	1.068E+2
270.47	2.913E+1
270.84	-7.282E+0
271.21	-4.126E+1
271.58	-3.155E+1
271.95	9.709E+0
272.32	7.282E+1
272.69	-2.670E+1
273.06	1.602E+2
273.43	-6.554E+1
273.80	6.311E+1
274.17	-5.583E+1
274.53	7.767E+1
274.90	6.068E+1
275.27	4.369E+1
275.64	7.524E+1
276.01	3.641E+1
276.38	2.427E+1
276.75	4.854E+0
277.12	9.466E+1
277.49	5.583E+1
277.86	9.466E+1
278.22	4.612E+1
278.59	1.238E+2
278.96	-9.952E+1
279.33	1.699E+1
279.70	7.282E+0
280.07	6.068E+1
280.44	-2.427E+0
280.80	6.311E+1
281.17	9.223E+1
281.54	-6.554E+1
281.91	2.427E+0
282.28	6.554E+1
282.65	1.238E+2
283.02	3.155E+1
283.38	1.214E+1
283.75	6.068E+1
284.12	-2.427E+1
284.49	6.796E+1
284.86	-1.214E+1
285.22	-1.068E+2
285.59	4.126E+1
285.96	1.626E+2
286.33	1.942E+1
286.70	-9.709E+0
287.06	9.223E+1
287.43	4.369E+1
287.80	0.000E+0
288.17	7.282E+1
288.53	1.019E+2
288.90	3.155E+1
289.27	-2.184E+1
289.64	3.884E+1
290.01	7.524E+1
290.37	-9.466E+1
290.74	7.282E+1
291.11	2.913E+1
291.48	0.000E+0
291.84	4.369E+1
292.21	1.699E+1
292.58	7.524E+1
292.94	-4.369E+1
293.31	6.311E+1
293.68	-1.214E+1
294.05	3.884E+1
294.41	1.942E+1
294.78	7.039E+1
295.15	-8.010E+1
295.51	1.456E+1
295.88	-3.884E+1
296.25	-9.709E+0
296.61	5.825E+1
296.98	-7.282E+0
297.35	2.184E+1
297.72	3.398E+1
298.08	4.854E+1
298.45	8.253E+1
298.82	-3.398E+1
299.18	-2.427E+0
299.55	4.612E+1
299.91	3.884E+1
300.28	3.641E+1
300.65	1.214E+1
301.01	2.913E+1
301.38	4.126E+1
301.75	2.913E+1
302.11	-2.427E+1
302.48	4.854E+0
302.85	0.000E+0
303.21	-7.039E+1
303.58	1.408E+2
303.94	8.981E+1
304.31	1.214E+1
304.68	4.854E+0
305.04	8.010E+1
305.41	3.641E+1
305.77	4.854E+0
306.14	-2.427E+0
306.51	-1.092E+2
306.87	-5.825E+1
307.24	-7.282E+0
307.60	8.010E+1
307.97	2.427E+1
308.33	-1.942E+1
308.70	-4.854E+0
309.07	-7.767E+1
309.43	1.456E+1
309.80	-1.335E+2
310.16	1.456E+1
310.53	-6.068E+1
310.89	4.854E+1
311.26	7.039E+1
311.62	3.884E+1
311.99	-2.427E+0
312.35	7.767E+1
312.72	2.913E+1
313.08	4.854E+1
313.45	7.767E+1
313.81	6.796E+1
314.18	7.767E+1
314.54	2.427E+1
314.91	1.214E+2
315.27	9.709E+1
315.64	1.942E+1
316.00	-4.369E+1
316.37	2.184E+1
316.73	4.612E+1
317.10	-6.311E+1
317.46	-2.427E+1
317.83	7.524E+1
318.19	-8.253E+1
318.56	2.427E+0
318.92	-1.214E+1
319.28	-4.126E+1
319.65	-2.670E+1
320.01	3.155E+1
320.38	1.141E+2
320.74	7.767E+1
321.11	2.670E+1
321.47	1.942E+1
321.83	2.913E+1
322.20	9.709E+1
322.56	5.340E+1
322.93	-4.369E+1
323.29	5.825E+1
323.66	4.369E+1
324.02	2.233E+2
324.38	6.554E+1
324.75	-1.699E+1
325.11	-3.884E+1
325.47	1.044E+2
325.84	-9.709E+0
326.20	2.913E+1
326.57	-3.155E+1
326.93	-4.854E+0
327.29	-6.554E+1
327.66	6.311E+1
328.02	1.165E+2
328.38	6.311E+1
328.75	-5.097E+1
329.11	4.854E+1
329.47	4.612E+1
329.84	0.000E+0
330.20	-3.641E+1
330.56	5.340E+1
330.93	1.456E+1
331.29	-1.942E+1
331.65	5.825E+1
332.02	6.311E+1
332.38	5.583E+1
332.74	1.141E+2
333.10	1.942E+1
333.47	-1.456E+1
333.83	8.010E+1
334.19	1.651E+2
334.56	5.340E+1
334.92	1.117E+2
335.28	4.612E+1
335.64	1.699E+1
336.01	7.282E+1
336.37	-7.282E+0
336.73	-3.155E+1
337.09	9.709E+0
337.46	8.495E+1
337.82	-5.097E+1
338.18	5.583E+1
338.54	-3.641E+1
338.91	-4.854E+0
339.27	-4.126E+1
339.63	5.340E+1
339.99	8.738E+1
340.36	6.068E+1
340.72	9.466E+1
341.08	4.854E+0
341.44	-3.155E+1
341.80	-1.456E+1
342.17	4.854E+1
342.53	1.942E+1
342.89	8.981E+1
343.25	-8.981E+1
343.61	6.554E+1
343.98	3.884E+1
344.34	-2.427E+1
344.70	9.709E+0
345.06	1.214E+2
345.42	0.000E+0
345.78	4.854E+0
346.14	7.524E+1
346.51	0.000E+0
346.87	-2.184E+1
347.23	1.359E+2
347.59	6.554E+1
347.95	7.282E+1
348.31	7.767E+1
348.67	2.184E+1
349.04	-4.369E+1
349.40	-1.456E+1
349.76	4.126E+1
350.12	1.214E+2
350.48	-4.126E+1
350.84	5.583E+1
351.20	8.495E+1
351.56	6.554E+1
351.92	4.612E+1
352.28	5.097E+1
352.65	-6.068E+1
353.01	-4.854E+0
353.37	4.854E+0
353.73	6.311E+1
354.09	1.189E+2
354.45	2.913E+1
354.81	1.699E+1
355.17	-1.214E+1
355.53	-6.554E+1
355.89	3.641E+1
356.25	9.709E+1
356.61	4.854E+0
356.97	7.767E+1
357.33	-4.854E+0
357.69	9.709E+1
358.05	7.767E+1
358.41	8.981E+1
358.77	-1.942E+1
359.13	-2.427E+0
359.49	1.019E+2
359.85	1.117E+2
360.21	2.427E+1
360.57	5.825E+1
360.93	7.524E+1
361.29	8.981E+1
361.65	-3.155E+1
362.01	8.010E+1
362.37	6.311E+1
362.73	7.282E+0
363.09	1.505E+2
363.45	1.286E+2
363.81	2.913E+1
364.17	3.155E+1
364.53	-2.427E+0
364.89	8.495E+1
365.25	1.408E+2
365.61	6.311E+1
365.97	1.456E+2
366.33	2.184E+1
366.69	6.796E+1
367.05	8.495E+1
367.40	1.092E+2
367.76	9.223E+1
368.12	7.039E+1
368.48	1.117E+2
368.84	1.238E+2
369.20	4.612E+1
369.56	1.626E+2
369.92	1.505E+2
370.28	4.126E+1
370.63	8.738E+1
370.99	1.335E+2
371.35	1.189E+2
371.71	7.524E+1
372.07	1.238E+2
372.43	2.087E+2
372.79	1.529E+2
373.15	1.723E+2
373.50	8.981E+1
373.86	1.820E+2
374.22	1.529E+2
374.58	1.408E+2
374.94	1.820E+2
375.30	1.845E+2
375.65	9.223E+1
376.01	2.087E+2
376.37	2.646E+2
376.73	1.578E+2
377.09	1.214E+2
377.44	2.112E+2
377.80	2.646E+2
378.16	3.495E+2
378.52	2.500E+2
378.88	1.966E+2
379.23	3.107E+2
379.59	4.151E+2
379.95	4.466E+2
380.31	4.053E+2
380.66	5.000E+2
381.02	4.952E+2
381.38	5.607E+2
381.74	6.311E+2
382.09	6.262E+2
382.45	8.568E+2
382.81	9.078E+2
383.17	9.490E+2
383.52	1.078E+3
383.88	1.148E+3
384.24	1.333E+3
384.60	1.294E+3
384.95	1.738E+3
385.31	1.738E+3
385.67	1.961E+3
386.02	2.015E+3
386.38	2.277E+3
386.74	2.500E+3
387.10	2.806E+3
387.45	3.146E+3
387.81	3.546E+3
388.17	3.978E+3
388.52	4.357E+3
388.88	4.806E+3
389.24	5.083E+3
389.59	5.685E+3
389.95	6.180E+3
390.31	6.913E+3
390.66	7.675E+3
391.02	8.143E+3
391.38	9.109E+3
391.73	9.915E+3
392.09	1.091E+4
392.44	1.173E+4
392.80	1.267E+4
393.16	1.378E+4
393.51	1.473E+4
393.87	1.563E+4
394.23	1.683E+4
394.58	1.785E+4
394.94	1.921E+4
395.29	2.113E+4
395.65	2.269E+4
396.01	2.460E+4
396.36	2.634E+4
396.72	2.781E+4
397.07	2.934E+4
397.43	3.129E+4
397.78	3.256E+4
398.14	3.423E+4
398.50	3.622E+4
398.85	3.763E+4
399.21	3.972E+4
399.56	4.276E+4
399.92	4.452E+4
400.27	4.705E+4
400.63	4.927E+4
400.98	5.076E+4
401.34	5.217E+4
401.69	5.361E+4
402.05	5.408E+4
402.40	5.492E+4
402.76	5.579E+4
403.11	5.700E+4
403.47	5.858E+4
403.82	5.882E+4
404.18	5.987E+4
404.53	5.968E+4
404.89	6.111E+4
405.24	6.058E+4
405.60	6.049E+4
405.95	6.021E+4
406.31	5.989E+4
406.66	5.884E+4
407.02	5.795E+4
407.37	5.717E+4
407.73	5.565E+4
408.08	5.531E+4
408.44	5.299E+4
408.79	5.169E+4
409.14	5.017E+4
409.50	4.771E+4
409.85	4.543E+4
410.21	4.297E+4
410.56	3.951E+4
410.92	3.691E+4
411.27	3.401E+4
411.62	3.177E+4
411.98	2.858E+4
412.33	2.667E+4
412.69	2.469E+4
413.04	2.286E+4
413.39	2.101E+4
413.75	1.921E+4
414.10	1.840E+4
414.45	1.695E+4
414.81	1.606E+4
415.16	1.487E+4
415.52	1.371E+4
415.87	1.290E+4
416.22	1.181E+4
416.58	1.117E+4
416.93	1.022E+4
417.28	9.859E+3
417.64	9.379E+3
417.99	8.964E+3
418.34	8.005E+3
418.70	7.765E+3
419.05	7.449E+3
419.40	7.126E+3
419.76	6.641E+3
420.11	6.449E+3
420.46	6.112E+3
420.81	5.694E+3
421.17	5.364E+3
421.52	5.063E+3
421.87	4.786E+3
422.23	4.561E+3
422.58	4.289E+3
422.93	3.973E+3
423.28	3.833E+3
423.64	3.728E+3
423.99	3.369E+3
424.34	3.046E+3
424.69	3.041E+3
425.05	2.767E+3
425.40	2.631E+3
425.75	2.442E+3
426.10	2.320E+3
426.46	2.211E+3
426.81	2.136E+3
427.16	2.015E+3
427.51	1.915E+3
427.87	1.796E+3
428.22	1.791E+3
428.57	1.578E+3
428.92	1.653E+3
429.27	1.524E+3
429.63	1.539E+3
429.98	1.434E+3
430.33	1.391E+3
430.68	1.401E+3
431.03	1.369E+3
431.38	1.226E+3
431.74	1.231E+3
432.09	1.184E+3
432.44	1.036E+3
432.79	1.117E+3
433.14	1.002E+3
433.49	1.095E+3
433.85	1.000E+3
434.20	9.927E+2
434.55	9.952E+2
434.90	9.272E+2
435.25	8.350E+2
435.60	7.961E+2
435.95	8.253E+2
436.30	6.529E+2
436.66	7.112E+2
437.01	7.427E+2
437.36	8.544E+2
437.71	7.476E+2
438.06	6.481E+2
438.41	5.510E+2
438.76	5.801E+2
439.11	5.388E+2
439.46	4.854E+2
439.81	5.922E+2
440.16	6.117E+2
440.52	5.170E+2
440.87	4.393E+2
441.22	4.612E+2
441.57	4.369E+2
441.92	5.631E+2
442.27	4.296E+2
442.62	4.612E+2
442.97	4.151E+2
443.32	3.252E+2
443.67	3.835E+2
444.02	3.956E+2
444.37	3.908E+2
444.72	2.767E+2
445.07	2.500E+2
445.42	3.956E+2
445.77	3.665E+2
446.12	3.422E+2
446.47	3.325E+2
446.82	2.888E+2
447.17	3.519E+2
447.52	3.180E+2
447.87	2.184E+2
448.22	1.529E+2
448.57	2.160E+2
448.92	2.087E+2
449.27	3.034E+2
449.62	1.675E+2
449.97	2.354E+2
450.32	1.893E+2
450.66	1.238E+2
451.01	2.015E+2
451.36	1.651E+2
451.71	1.311E+2
452.06	1.432E+2
452.41	1.942E+2
452.76	1.651E+2
453.11	1.553E+2
453.46	1.772E+2
453.81	1.602E+2
454.16	1.651E+2
454.51	7.767E+1
454.85	1.165E+2
455.20	9.709E+1
455.55	1.189E+2
455.90	4.369E+1
456.25	1.019E+2
456.60	1.068E+2
456.95	1.068E+2
457.30	1.456E+2
457.64	1.044E+2
457.99	1.675E+2
458.34	1.845E+2
458.69	-1.942E+1
459.04	5.340E+1
459.39	1.529E+2
459.73	1.068E+2
460.08	8.738E+1
460.43	1.990E+2
460.78	2.427E+0
461.13	1.141E+2
461.48	3.398E+1
461.82	1.456E+2
462.17	1.578E+2
462.52	1.796E+2
462.87	1.068E+2
463.21	1.189E+2
463.56	5.340E+1
463.91	7.282E+1
464.26	1.675E+2
464.61	1.019E+2
464.95	9.223E+1
465.30	-2.427E+0
465.65	5.583E+1
466.00	1.068E+2
466.34	7.039E+1
466.69	6.068E+1
467.04	3.155E+1
467.39	7.767E+1
467.73	1.505E+2
468.08	1.699E+1
468.43	2.184E+1
468.77	8.010E+1
469.12	-3.884E+1
469.47	1.214E+1
469.82	0.000E+0
470.16	7.767E+1
470.51	2.913E+1
470.86	3.884E+1
471.20	1.942E+1
471.55	1.214E+2
471.90	6.796E+1
472.24	2.913E+1
472.59	5.825E+1
472.94	2.427E+1
473.28	-3.155E+1
473.63	1.019E+2
473.98	0.000E+0
474.32	1.019E+2
474.67	-2.427E+0
475.02	5.583E+1
475.36	3.641E+1
475.71	1.505E+2
476.06	5.583E+1
476.40	1.044E+2
476.75	1.214E+1
477.09	7.767E+1
477.44	1.044E+2
477.79	6.796E+1
478.13	-3.641E+1
478.48	-1.068E+2
478.82	-9.709E+0
479.17	9.223E+1
479.52	3.884E+1
479.86	1.456E+2
480.21	8.253E+1
480.55	-2.427E+1
480.90	8.981E+1
481.24	-1.456E+1
481.59	4.854E+0
481.94	2.184E+1
482.28	7.282E+0
482.63	7.039E+1
482.97	2.184E+1
483.32	3.155E+1
483.66	-4.854E+0
484.01	1.456E+1
484.35	4.612E+1
484.70	7.524E+1
485.04	-4.369E+1
485.39	4.612E+1
485.73	1.214E+1
486.08	-7.282E+0
486.42	7.767E+1
486.77	8.010E+1
487.11	9.709E+0
487.46	1.942E+1
487.80	-6.796E+1
488.15	2.184E+2
488.49	5.583E+1
488.84	-1.942E+1
489.18	-1.942E+1
489.53	-4.854E+0
489.87	4.126E+1
490.21	2.184E+1
490.56	1.456E+1
490.90	9.709E+0
491.25	4.126E+1
491.59	1.189E+2
491.94	8.253E+1
492.28	-3.155E+1
492.62	1.068E+2
492.97	7.282E+1
493.31	9.709E+1
493.66	7.039E+1
494.00	7.039E+1
494.34	-4.854E+0
494.69	3.641E+1
495.03	9.709E+1
495.38	7.282E+0
495.72	1.456E+1
496.06	1.384E+2
496.41	1.165E+2
496.75	1.408E+2
497.09	9.466E+1
497.44	4.126E+1
497.78	-1.214E+1
498.13	1.942E+1
498.47	3.641E+1
498.81	2.913E+1
499.16	-8.495E+1
499.50	5.340E+1
499.84	6.311E+1
500.19	9.952E+1
500.53	9.709E+0
500.87	2.184E+1
501.21	-4.612E+1
501.56	-8.495E+1
501.90	1.019E+2
502.24	5.340E+1
502.59	8.010E+1
502.93	1.626E+2
503.27	7.524E+1
503.61	4.126E+1
503.96	-1.044E+2
504.30	-9.709E+0
504.64	2.427E+1
504.99	8.495E+1
505.33	3.641E+1
505.67	7.282E+0
506.01	-1.942E+1
506.36	3.641E+1
506.70	4.126E+1
507.04	-2.184E+1
507.38	5.340E+1
507.72	-3.398E+1
508.07	-1.456E+1
508.41	-2.427E+0
508.75	6.311E+1
509.09	8.495E+1
509.44	7.282E+0
509.78	6.554E+1
510.12	-1.456E+1
510.46	8.010E+1
510.80	8.010E+1
511.14	2.427E+1
511.49	5.340E+1
511.83	-2.427E+0
512.17	-4.126E+1
512.51	7.767E+1
512.85	-5.097E+1
513.19	-7.524E+1
513.54	1.286E+2
513.88	4.369E+1
514.22	1.019E+2
514.56	4.126E+1
514.90	8.010E+1
515.24	2.184E+1
515.58	-1.044E+2
515.93	-7.282E+0
516.27	2.913E+1
516.61	1.214E+1
516.95	1.262E+2
517.29	-2.427E+0
517.63	3.641E+1
517.97	-3.398E+1
518.31	7.767E+1
518.65	9.709E+1
518.99	7.282E+0
519.33	-7.282E+1
519.67	3.641E+1
520.02	1.117E+2
520.36	9.709E+0
520.70	-1.456E+1
521.04	1.238E+2
521.38	1.699E+1
521.72	7.282E+0
522.06	-2.427E+1
522.40	5.097E+1
522.74	3.641E+1
523.08	4.369E+1
523.42	-1.942E+1
523.76	-9.466E+1
524.10	2.427E+1
524.44	8.981E+1
524.78	2.670E+1
525.12	2.913E+1
525.46	2.427E+1
525.80	6.068E+1
526.14	1.699E+1
526.48	8.981E+1
526.82	6.311E+1
527.16	1.238E+2
527.50	2.670E+1
527.84	4.369E+1
528.18	6.068E+1
528.52	-1.092E+2
528.86	3.641E+1
529.20	-4.612E+1
529.54	1.699E+1
529.87	2.913E+1
530.21	1.214E+2
530.55	5.825E+1
530.89	1.384E+2
531.23	1.408E+2
531.57	1.942E+1
531.91	-4.612E+1
532.25	3.398E+1
532.59	6.311E+1
532.93	5.583E+1
533.27	1.262E+2
533.60	-5.583E+1
533.94	-3.155E+1
534.28	-7.524E+1
534.62	-4.369E+1
534.96	-9.709E+0
535.30	8.738E+1
535.64	4.369E+1
535.98	4.854E+0
536.31	5.097E+1
536.65	1.699E+2
536.99	9.709E+1
537.33	2.184E+1
537.67	-5.583E+1
538.01	1.529E+2
538.34	6.554E+1
538.68	9.709E+0
539.02	-1.942E+1
539.36	5.340E+1
539.70	0.000E+0
540.03	7.282E+1
540.37	5.340E+1
540.71	6.311E+1
541.05	7.524E+1
541.39	4.854E+1
541.72	1.141E+2
542.06	5.097E+1
542.40	-9.466E+1
542.74	-2.184E+1
543.07	1.942E+1
543.41	4.369E+1
543.75	-2.184E+1
544.09	9.709E+0
544.42	-5.340E+1
544.76	7.282E+1
545.10	2.427E+0
545.44	9.466E+1
545.77	5.825E+1
546.11	-2.427E+0
546.45	-3.155E+1
546.78	3.641E+1
547.12	-2.913E+1
547.46	5.340E+1
547.80	-9.709E+0
548.13	-2.427E+1
548.47	-2.670E+1
548.81	4.369E+1
549.14	2.670E+1
549.48	7.767E+1
549.82	5.097E+1
550.15	3.884E+1
550.49	1.699E+1
550.83	2.670E+1
551.16	-1.456E+1
551.50	7.767E+1
551.84	3.884E+1
552.17	6.554E+1
552.51	2.670E+1
552.84	-3.155E+1
553.18	4.369E+1
553.52	2.427E+1
553.85	0.000E+0
554.19	-2.670E+1
554.53	7.039E+1
554.86	5.097E+1
555.20	8.010E+1
555.53	-1.456E+1
555.87	-1.214E+1
556.20	5.340E+1
556.54	7.282E+0
556.88	7.524E+1
557.21	-1.189E+2
557.55	7.282E+0
557.88	3.155E+1
558.22	-4.854E+0
558.55	1.214E+2
558.89	-1.214E+1
559.23	-3.641E+1
559.56	-4.126E+1
559.90	6.554E+1
560.23	5.097E+1
560.57	3.155E+1
560.90	9.952E+1
561.24	7.282E+0
561.57	1.044E+2
561.91	-5.097E+1
562.24	5.097E+1
562.58	4.854E+1
562.91	3.641E+1
563.25	9.709E+0
563.58	-7.282E+0
563.92	-7.524E+1
564.25	-7.282E+1
564.59	4.612E+1
564.92	5.340E+1
565.25	-4.854E+0
565.59	-1.699E+1
565.92	1.141E+2
566.26	4.854E+1
566.59	5.583E+1
566.93	1.044E+2
567.26	3.884E+1
567.60	9.709E+1
567.93	4.854E+1
568.26	1.456E+1
568.60	7.767E+1
568.93	8.253E+1
569.27	5.340E+1
569.60	0.000E+0
569.93	1.238E+2
570.27	-2.913E+1
570.60	-1.214E+1
570.94	2.427E+0
571.27	0.000E+0
571.60	-1.408E+2
571.94	-2.913E+1
572.27	2.184E+1
572.60	4.854E+1
572.94	-1.942E+1
573.27	4.612E+1
573.60	2.427E+1
573.94	7.767E+1
574.27	2.913E+1
574.60	-9.709E+0
574.94	7.282E+0
575.27	-7.282E+0
575.60	-4.854E+0
575.94	0.000E+0
576.27	1.117E+2
576.60	0.000E+0
576.94	4.854E+1
577.27	2.427E+0
577.60	5.340E+1
577.94	3.155E+1
578.27	2.913E+1
578.60	1.165E+2
578.93	7.039E+1
579.27	-5.097E+1
579.60	2.670E+1
579.93	5.340E+1
580.26	1.165E+2
580.60	9.223E+1
580.93	3.398E+1
581.26	4.854E+1
581.59	-2.427E+0
581.93	-4.369E+1
582.26	2.184E+1
582.59	-1.723E+2
582.92	-1.456E+1
583.25	4.126E+1
583.59	-7.282E+0
583.92	6.311E+1
584.25	-1.942E+1
584.58	4.126E+1
584.91	1.456E+1
585.25	-5.583E+1
585.58	7.282E+0
585.91	4.854E+0
586.24	-2.427E+1
586.57	3.155E+1
586.90	-4.612E+1
587.24	-1.699E+1
587.57	1.626E+2
587.90	-3.641E+1
588.23	1.553E+2
588.56	2.913E+1
588.89	-3.641E+1
589.22	-9.709E+0
589.56	3.155E+1
589.89	4.369E+1
590.22	-5.825E+1
590.55	9.709E+0
590.88	-4.854E+0
591.21	6.796E+1
591.54	7.524E+1
591.87	1.699E+2
592.20	-8.738E+1
592.53	2.670E+1
592.87	-4.369E+1
593.20	0.000E+0
593.53	-7.282E+0
593.86	-3.398E+1
594.19	4.126E+1
594.52	-5.583E+1
594.85	5.825E+1
595.18	1.456E+1
595.51	-2.184E+1
595.84	-3.155E+1
596.17	8.253E+1
596.50	-3.884E+1
596.83	5.097E+1
597.16	-2.427E+0
597.49	1.942E+1
597.82	6.068E+1
598.15	-3.884E+1
598.48	4.854E+1
598.81	-4.126E+1
599.14	-9.709E+0
599.47	-2.913E+1
599.80	1.117E+2
600.13	-1.942E+1
600.46	6.796E+1
600.79	1.456E+1
601.12	6.796E+1
601.45	-4.126E+1
601.78	9.709E+0
602.11	-1.456E+1
602.44	2.184E+1
602.77	4.854E+0
603.10	7.039E+1
603.42	-2.913E+1
603.75	5.097E+1
604.08	9.709E+0
604.41	1.044E+2
604.74	3.884E+1
605.07	-9.709E+0
605.40	1.214E+1
605.73	-7.767E+1
606.06	2.913E+1
606.39	8.738E+1
606.71	-5.825E+1
607.04	-2.427E+0
607.37	-1.942E+1
607.70	-9.709E+0
608.03	-2.913E+1
608.36	0.000E+0
608.69	-7.282E+0
609.02	-1.456E+1
609.34	1.456E+1
609.67	6.311E+1
610.00	-5.340E+1
610.33	2.184E+1
610.66	-2.670E+1
610.98	2.670E+1
611.31	-6.068E+1
611.64	5.583E+1
611.97	7.039E+1
612.30	-1.942E+1
612.63	-3.398E+1
612.95	-6.796E+1
613.28	9.709E+1
613.61	4.612E+1
613.94	0.000E+0
614.26	2.184E+1
614.59	4.854E+1
614.92	0.000E+0
615.25	-3.641E+1
615.57	-7.767E+1
615.90	2.427E+0
616.23	4.369E+1
616.56	2.427E+1
616.88	-3.155E+1
617.21	-9.709E+0
617.54	-6.554E+1
617.87	6.554E+1
618.19	1.092E+2
618.52	-6.311E+1
618.85	-9.709E+0
619.17	4.854E+0
619.50	2.427E+0
619.83	-2.670E+1
620.15	6.554E+1
620.48	5.825E+1
620.81	-7.282E+0
621.14	5.825E+1
621.46	-2.427E+0
621.79	-2.184E+1
622.11	5.825E+1
622.44	4.854E+1
622.77	6.796E+1
623.09	3.641E+1
623.42	-7.282E+0
623.75	-1.456E+1
624.07	1.456E+1
624.40	1.456E+1
624.73	-2.184E+1
625.05	-3.398E+1
625.38	2.184E+1
625.70	1.044E+2
626.03	-7.524E+1
626.36	-2.184E+1
626.68	-8.981E+1
627.01	-1.214E+1
627.33	-1.699E+1
627.66	5.097E+1
627.99	2.427E+1
628.31	8.981E+1
628.64	4.612E+1
628.96	4.369E+1
629.29	8.738E+1
629.61	1.699E+1
629.94	1.699E+1
630.26	-7.282E+0
630.59	-1.699E+1
630.91	8.253E+1
631.24	-7.524E+1
631.57	-7.282E+0
631.89	6.068E+1
632.22	9.709E+0
632.54	5.097E+1
632.87	5.825E+1
633.19	-3.641E+1
633.52	-4.369E+1
633.84	-4.854E+1
634.16	1.942E+1
634.49	7.767E+1
634.81	2.427E+1
635.14	1.699E+1
635.46	1.456E+1
635.79	1.456E+1
636.11	9.709E+0
636.44	4.126E+1
636.76	4.854E+1
637.09	-1.335E+2
637.41	2.184E+1
637.73	2.427E+1
638.06	-4.612E+1
638.38	-7.282E+1
638.71	-1.456E+1
639.03	-3.155E+1
639.36	-3.155E+1
639.68	-4.854E+0
640.00	2.427E+0
640.33	1.699E+1
640.65	7.282E+0
640.97	-2.913E+1
641.30	1.699E+1
641.62	1.456E+1
641.95	1.456E+1
642.27	3.155E+1
642.59	-2.427E+1
642.92	-3.884E+1
643.24	8.010E+1
643.56	2.427E+0
643.89	4.369E+1
644.21	4.612E+1
644.53	1.942E+1
644.86	5.340E+1
645.18	-9.709E+0
645.50	6.068E+1
645.83	3.884E+1
646.15	-3.398E+1
646.47	6.554E+1
646.80	-9.709E+0
647.12	-4.369E+1
647.44	-1.942E+1
647.76	-8.981E+1
648.09	-3.641E+1
648.41	-3.884E+1
648.73	-3.155E+1
649.05	4.369E+1
649.38	0.000E+0
649.70	0.000E+0
650.02	-1.117E+2
650.34	2.913E+1
650.67	5.583E+1
650.99	-3.398E+1
651.31	6.796E+1
651.63	3.155E+1
651.96	3.884E+1
652.28	-2.427E+0
652.60	3.155E+1
652.92	4.854E+0
653.24	-4.854E+0
653.57	5.340E+1
653.89	2.913E+1
654.21	-2.913E+1
654.53	-7.039E+1
654.85	-2.427E+0
655.18	-2.184E+1
655.50	2.913E+1
655.82	-5.825E+1
656.14	-2.427E+0
656.46	-1.262E+2
656.78	-4.612E+1
657.10	5.825E+1
657.43	-2.913E+1
657.75	4.126E+1
658.07	2.913E+1
658.39	5.825E+1
658.71	3.398E+1
659.03	-4.854E+0
659.35	-7.282E+0
659.67	-4.854E+1
659.99	-1.456E+1
660.32	-3.641E+1
660.64	-1.214E+1
660.96	-4.854E+0
661.28	3.398E+1
661.60	7.039E+1
661.92	-7.524E+1
662.24	-4.126E+1
662.56	-2.184E+1
662.88	4.612E+1
663.20	6.796E+1
663.52	-7.767E+1
663.84	4.126E+1
664.16	7.524E+1
664.48	-8.738E+1
664.80	-4.369E+1
665.12	6.796E+1
665.44	-7.767E+1
665.76	1.432E+2
666.08	1.214E+2
666.40	-7.039E+1
666.72	8.253E+1
667.04	-3.884E+1
667.36	-6.311E+1
667.68	-2.184E+1
668.00	-1.068E+2
668.32	4.612E+1
668.64	7.282E+1
668.96	-6.068E+1
669.28	3.155E+1
669.60	-9.223E+1
669.92	3.884E+1
670.24	2.670E+1
670.56	2.427E+0
670.88	-5.825E+1
671.20	-1.286E+2
671.52	2.913E+1
671.84	3.155E+1
672.16	-5.097E+1
672.47	-3.884E+1
672.79	-1.214E+1
673.11	3.398E+1
673.43	2.670E+1
673.75	8.981E+1
674.07	-4.369E+1
674.39	5.583E+1
674.71	1.214E+1
675.03	-8.738E+1
675.34	-1.214E+1
675.66	-1.699E+1
675.98	5.097E+1
676.30	0.000E+0
676.62	7.767E+1
676.94	2.184E+1
677.25	-5.340E+1
677.57	-6.068E+1
677.89	-3.884E+1
678.21	-9.709E+0
678.53	-5.097E+1
678.85	3.641E+1
679.16	3.884E+1
679.48	9.709E+1
679.80	3.884E+1
680.12	-8.495E+1
680.44	7.282E+0
680.75	3.884E+1
681.07	-9.709E+0
681.39	-8.253E+1
681.71	-4.854E+0
682.02	-7.282E+1
682.34	-2.913E+1
682.66	7.767E+1
682.98	9.952E+1
683.29	-1.699E+1
683.61	-3.641E+1
683.93	3.884E+1
684.25	-4.854E+0
684.56	1.432E+2
684.88	2.427E+0
685.20	-1.456E+1
685.51	1.456E+1
685.83	6.554E+1
686.15	-7.767E+1
686.47	-1.699E+1
686.78	1.189E+2
687.10	-2.670E+1
687.42	-1.699E+1
687.73	0.000E+0
688.05	-7.039E+1
688.37	5.583E+1
688.68	-5.340E+1
689.00	-3.398E+1
689.32	-2.427E+1
689.63	-4.854E+0
689.95	-4.612E+1
690.26	-1.699E+1
690.58	5.097E+1
690.90	3.155E+1
691.21	-2.670E+1
691.53	9.709E+0
691.85	-7.282E+0
692.16	-7.767E+1
692.48	-4.126E+1
692.79	6.796E+1
693.11	3.398E+1
693.42	-7.524E+1
693.74	-9.709E+0
694.06	-7.282E+0
694.37	-4.369E+1
694.69	7.039E+1
695.00	3.884E+1
695.32	6.311E+1
695.63	4.369E+1
695.95	1.214E+1
696.26	-1.214E+1
696.58	1.553E+2
696.90	7.524E+1
697.21	3.155E+1
697.53	-1.044E+2
697.84	-6.311E+1
698.16	1.456E+1
698.47	-1.214E+1
698.79	1.942E+1
699.10	-8.010E+1
699.42	8.981E+1
699.73	5.583E+1
700.05	-1.456E+1
700.36	-4.369E+1
700.68	-9.709E+0
700.99	2.670E+1
701.30	-2.670E+1
701.62	1.699E+1
701.93	-1.092E+2
702.25	9.709E+0
702.56	-1.214E+1
702.88	-4.126E+1
703.19	-3.641E+1
703.50	-4.854E+0
703.82	0.000E+0
704.13	-9.709E+0
704.45	7.282E+0
704.76	-4.126E+1
705.08	3.155E+1
705.39	1.214E+2
705.70	4.369E+1
706.02	-6.068E+1
706.33	-2.427E+1
706.64	1.699E+1
706.96	2.670E+1
707.27	4.612E+1
707.59	-8.981E+1
707.90	-2.184E+1
708.21	-5.097E+1
708.53	-3.155E+1
708.84	-8.253E+1
709.15	-2.184E+1
709.47	-4.854E+0
709.78	-1.456E+1
710.09	3.641E+1
710.41	3.641E+1
710.72	3.155E+1
711.03	-2.427E+0
711.34	1.238E+2
711.66	1.214E+1
711.97	3.641E+1
712.28	6.068E+1
712.60	-2.184E+1
712.91	-2.913E+1
713.22	4.854E+1
713.53	2.670E+1
713.85	-4.854E+1
714.16	-4.612E+1
714.47	-8.738E+1
714.78	-1.456E+1
715.10	-3.884E+1
715.41	9.709E+1
715.72	7.282E+0
716.03	-3.398E+1
716.35	-1.214E+1
716.66	-1.942E+1
716.97	-2.913E+1
717.28	-4.126E+1
717.59	4.126E+1
717.91	-2.913E+1
718.22	-2.427E+1
718.53	-5.340E+1
718.84	9.709E+0
719.15	4.854E+1
719.46	-3.398E+1
719.78	-1.699E+1
720.09	2.427E+0
720.40	6.311E+1
720.71	-3.884E+1
721.02	4.126E+1
721.33	-4.126E+1
721.65	-7.282E+1
721.96	5.097E+1
722.27	-3.884E+1
722.58	7.282E+0
722.89	2.427E+1
723.20	-1.286E+2
723.51	7.282E+0
723.82	-2.427E+1
724.13	-9.709E+0
724.45	-3.641E+1
724.76	-1.942E+1
725.07	-1.214E+1
725.38	4.126E+1
725.69	-5.825E+1
726.00	-2.427E+1
726.31	-2.913E+1
726.62	-9.466E+1
726.93	-8.010E+1
727.24	-3.884E+1
727.55	-8.010E+1
727.86	-2.427E+1
728.17	-3.155E+1
728.48	4.854E+0
728.79	-9.709E+0
729.10	5.583E+1
729.41	-1.214E+1
729.72	-1.699E+1
730.03	6.554E+1
730.34	1.456E+1
730.65	4.854E+1
730.96	3.641E+1
731.27	-3.398E+1
731.58	-5.340E+1
731.89	-6.068E+1
732.20	-9.223E+1
732.51	-9.709E+0
732.82	-3.641E+1
733.13	-5.097E+1
733.44	-7.282E+0
733.75	-5.583E+1
734.06	9.709E+1
734.37	0.000E+0
734.68	-4.126E+1
734.98	4.126E+1
735.29	-7.282E+0
735.60	4.854E+0
735.91	-8.253E+1
736.22	2.184E+1
736.53	-8.495E+1
736.84	9.709E+0
737.15	-2.427E+0
737.46	3.155E+1
737.77	-2.913E+1
738.07	2.913E+1
738.38	8.253E+1
738.69	-7.282E+1
739.00	5.825E+1
739.31	-4.854E+0
739.62	4.854E+0
739.92	-8.010E+1
740.23	4.126E+1
740.54	-1.456E+1
740.85	-7.039E+1
741.16	4.612E+1
741.47	1.942E+1
741.77	-6.554E+1
742.08	1.699E+1
742.39	-6.068E+1
742.70	3.155E+1
743.01	-9.709E+1
743.31	-1.699E+1
743.62	4.854E+0
743.93	1.068E+2
744.24	-3.884E+1
744.54	-6.796E+1
744.85	8.010E+1
745.16	1.189E+2
745.47	-3.398E+1
745.77	2.913E+1
746.08	-1.165E+2
746.39	0.000E+0
746.70	-1.699E+1
747.00	-4.612E+1
747.31	1.165E+2
747.62	9.223E+1
747.92	-3.884E+1
748.23	4.369E+1
748.54	3.884E+1
748.84	-2.427E+1
749.15	5.097E+1
749.46	5.340E+1
749.76	5.583E+1
750.07	2.427E+1
750.38	1.214E+1
750.68	-7.767E+1
750.99	5.097E+1
751.30	2.427E+1
751.60	-1.214E+1
751.91	-7.282E+0
752.22	4.854E+0
752.52	1.214E+1
752.83	-2.670E+1
753.14	2.427E+1
753.44	-1.699E+1
753.75	-1.699E+1
754.05	9.709E+0
754.36	-2.670E+1
754.67	2.670E+1
754.97	-2.427E+1
755.28	-9.223E+1
755.58	-4.369E+1
755.89	-8.981E+1
756.19	2.427E+1
756.50	5.583E+1
756.81	-7.039E+1
757.11	-1.699E+1
757.42	-8.495E+1
757.72	1.699E+1
758.03	3.155E+1
758.33	4.126E+1
758.64	6.796E+1
758.94	0.000E+0
759.25	-1.942E+1
759.55	9.709E+0
759.86	3.884E+1
760.16	-7.767E+1
760.47	-6.311E+1
760.77	-5.340E+1
761.08	-4.369E+1
761.38	5.825E+1
761.69	-2.427E+1
761.99	2.670E+1
762.30	-2.670E+1
762.60	-2.427E+0
762.91	-2.913E+1
763.21	-3.641E+1
763.51	5.825E+1
763.82	5.583E+1
764.12	5.340E+1
764.43	-2.427E+1
764.73	9.709E+0
765.04	3.884E+1
765.34	-1.214E+1
765.64	-4.612E+1
765.95	4.612E+1
766.25	1.942E+1
766.56	3.884E+1
766.86	9.709E+0
767.16	1.456E+1
767.47	1.456E+1
767.77	8.253E+1
768.07	7.282E+1
768.38	-9.709E+0
768.68	1.699E+1
768.98	8.495E+1
769.29	-7.039E+1
769.59	7.282E+0
769.89	-4.369E+1
770.20	-6.068E+1
770.50	2.670E+1
770.80	7.524E+1
771.11	4.369E+1
771.41	8.495E+1
771.71	3.398E+1
772.02	3.641E+1
772.32	-2.670E+1
772.62	3.641E+1
772.93	7.524E+1
773.23	3.641E+1
773.53	-4.612E+1
773.83	4.854E+0
774.14	-4.369E+1
774.44	-2.427E+1
774.74	-1.165E+2
775.04	2.427E+1
775.35	-2.184E+1
775.65	4.126E+1
775.95	1.214E+1
776.25	-1.456E+1
776.55	4.612E+1
776.86	4.854E+0
777.16	-1.456E+1
777.46	-5.097E+1
777.76	2.670E+1
778.06	-2.913E+1
778.37	-3.641E+1
778.67	6.554E+1
778.97	1.456E+1
779.27	1.214E+1
779.57	-6.311E+1
779.88	1.942E+1
780.18	4.854E+1
780.48	-9.952E+1
780.78	-4.612E+1
781.08	-6.068E+1
781.38	-4.854E+0
781.68	-1.942E+1
781.98	2.184E+1
782.29	-3.155E+1
782.59	-1.214E+1
782.89	-2.427E+0
783.19	1.165E+2
783.49	6.068E+1
783.79	-9.709E+0
784.09	-8.738E+1
784.39	3.641E+1
784.69	2.427E+1
784.99	-2.913E+1
785.30	6.311E+1
785.60	6.311E+1
785.90	-3.398E+1
786.20	4.612E+1
786.50	4.369E+1
786.80	3.641E+1
787.10	-2.427E+0
787.40	-4.126E+1
787.70	2.184E+1
788.00	4.126E+1
788.30	2.184E+1
788.60	1.942E+1
788.90	-1.699E+1
789.20	2.670E+1
789.50	1.942E+1
789.80	3.155E+1
790.10	-1.942E+1
790.40	7.282E+0
790.70	-8.738E+1
791.00	4.854E+1
791.30	1.019E+2
791.60	-9.709E+0
791.90	-2.184E+1
792.20	-9.709E+1
792.50	8.253E+1
792.79	8.495E+1
793.09	3.884E+1
793.39	2.670E+1
793.69	3.398E+1
793.99	-8.010E+1
794.29	6.796E+1
794.59	-9.709E+0
794.89	0.000E+0
795.19	3.641E+1
795.49	4.369E+1
795.79	1.699E+2
796.08	-3.884E+1
796.38	-2.427E+1
796.68	-8.495E+1
796.98	-7.282E+0
797.28	-2.427E+0
797.58	-1.942E+1
797.88	-1.214E+1
798.17	0.000E+0
798.47	-2.670E+1
798.77	-6.311E+1
799.07	-4.854E+0
799.37	-1.019E+2
799.67	-2.913E+1
799.96	-2.670E+1
800.26	-5.097E+1
800.56	7.039E+1
800.86	4.126E+1
801.16	-1.456E+1
801.45	-3.641E+1
801.75	3.155E+1
802.05	-4.854E+0
802.35	4.854E+0
802.64	-6.068E+1
802.94	5.825E+1
803.24	-4.126E+1
803.54	3.155E+1
803.83	4.612E+1
804.13	-8.495E+1
804.43	-4.369E+1
804.73	-4.126E+1
805.02	-7.282E+0
805.32	-5.583E+1
805.62	-3.398E+1
805.91	-7.524E+1
806.21	2.427E+1
806.51	-2.670E+1
806.81	-4.126E+1
807.10	1.214E+1
807.40	4.369E+1
807.70	-6.554E+1
807.99	-8.738E+1
808.29	-3.398E+1
808.59	-9.709E+0
808.88	-3.641E+1
809.18	0.000E+0
809.47	9.223E+1
809.77	-1.214E+1
810.07	4.854E+1
810.36	-6.068E+1
810.66	4.854E+0
810.96	1.699E+1
811.25	-4.369E+1
811.55	5.340E+1
811.84	-6.068E+1
812.14	-8.010E+1
812.44	4.369E+1
812.73	2.670E+1
813.03	8.010E+1
813.32	-9.709E+0
813.62	-5.097E+1
813.91	2.427E+0
814.21	-2.913E+1
814.51	-3.641E+1
814.80	5.825E+1
815.10	1.214E+1
815.39	2.427E+0
815.69	1.019E+2
815.98	4.369E+1
816.28	-1.456E+1
816.57	9.709E+1
816.87	2.184E+1
817.16	8.010E+1
817.46	2.184E+1
817.75	4.612E+1
818.05	9.709E+0
818.34	5.825E+1
818.64	-7.039E+1
818.93	0.000E+0
819.23	0.000E+0
819.52	-3.884E+1
819.82	-4.369E+1
820.11	-2.427E+1
820.40	5.825E+1
820.70	-5.825E+1
820.99	6.311E+1
821.29	-1.699E+1
821.58	3.641E+1
821.88	-1.456E+1
822.17	-4.369E+1
822.46	-3.155E+1
822.76	-4.126E+1
823.05	-4.854E+0
823.35	1.699E+1
823.64	1.044E+2
823.93	-1.699E+1
824.23	0.000E+0
824.52	1.699E+1
824.81	2.184E+1
825.11	7.767E+1
825.40	4.854E+1
825.69	4.854E+1
825.99	-2.670E+1
826.28	-1.117E+2
826.58	-4.854E+0
826.87	1.942E+1
827.16	7.282E+1
827.45	-9.709E+0
827.75	-7.282E+0
828.04	7.282E+0
828.33	2.913E+1
828.63	1.141E+2
828.92	1.456E+1
829.21	7.282E+0
829.51	-9.709E+0
829.80	9.709E+0
830.09	-1.068E+2
830.38	-9.952E+1
830.68	-2.670E+1
830.97	3.398E+1
831.26	7.767E+1
831.55	0.000E+0
831.85	-7.282E+0
832.14	-2.670E+1
832.43	2.184E+1
832.72	9.223E+1
833.01	1.456E+1
833.31	2.670E+1
833.60	-6.796E+1
833.89	-4.854E+0
834.18	3.641E+1
834.47	5.097E+1
834.77	3.884E+1
835.06	7.282E+1
835.35	-2.184E+1
835.64	2.427E+0
835.93	-5.097E+1
836.22	-4.369E+1
836.52	-2.427E+0
836.81	-2.427E+0
837.10	-5.583E+1
837.39	-1.019E+2
837.68	-5.097E+1
837.97	-2.184E+1
838.26	4.126E+1
838.55	5.097E+1
838.85	6.554E+1
839.14	2.184E+1
839.43	8.981E+1
839.72	7.767E+1
840.01	7.282E+1
840.30	0.000E+0
840.59	1.456E+1
840.88	-3.641E+1
841.17	2.427E+1
841.46	-1.699E+1
841.75	4.854E+1
842.04	-7.282E+0
842.33	4.126E+1
842.62	-3.155E+1
842.91	-2.913E+1
843.21	-1.456E+1
843.50	-2.670E+1
843.79	6.554E+1
844.08	-1.942E+1
844.37	-9.709E+1
844.66	2.184E+1
844.95	1.456E+1
845.24	4.854E+0
845.53	-1.942E+1
845.81	4.854E+0
846.10	2.184E+1
846.39	-4.612E+1
846.68	4.612E+1
846.97	-2.427E+1
847.26	1.214E+1
847.55	-1.456E+1
847.84	2.184E+1
848.13	-2.184E+1
848.42	6.554E+1
848.71	9.223E+1
849.00	-2.670E+1
849.29	4.612E+1
849.58	-6.554E+1
849.87	-9.709E+0
850.15	8.981E+1
850.44	-1.456E+1
850.73	2.670E+1
851.02	-2.427E+1
851.31	9.223E+1
851.60	-1.456E+1
851.89	4.126E+1
852.18	6.796E+1
852.46	4.126E+1
852.75	7.039E+1
853.04	2.670E+1
853.33	3.641E+1
853.62	6.311E+1
853.91	-9.952E+1
854.19	-4.126E+1
854.48	5.340E+1
854.77	7.282E+0
855.06	5.097E+1
855.35	1.456E+1
855.63	1.117E+2
855.92	-1.699E+1
856.21	-7.039E+1
856.50	-1.456E+1
856.79	2.427E+0
857.07	1.189E+2
857.36	1.699E+1
857.65	8.738E+1
857.94	4.126E+1
858.22	3.641E+1
858.51	-4.854E+0
858.80	8.495E+1
859.08	2.913E+1
859.37	5.097E+1
859.66	3.884E+1
859.95	8.010E+1
860.23	1.165E+2
860.52	-1.456E+1
860.81	-9.709E+0
861.09	-2.427E+1
861.38	3.884E+1
861.67	5.825E+1
861.95	5.583E+1
862.24	-4.369E+1
862.53	1.214E+1
862.81	9.709E+0
863.10	1.942E+1
863.39	0.000E+0
863.67	-1.699E+1
863.96	-2.427E+0
864.25	4.369E+1
864.53	5.340E+1
864.82	2.427E+1
865.10	1.456E+1
865.39	-8.981E+1
865.68	-7.524E+1
865.96	-6.554E+1
866.25	5.097E+1
866.53	5.097E+1
866.82	5.097E+1