Wavelength	Intensity	Ocean Optics Flame
nm	counts
187.89	2.184E+1
188.27	-2.913E+1
188.64	1.651E+2
189.02	2.184E+1
189.40	-3.884E+1
189.78	-7.282E+1
190.15	-1.942E+1
190.53	1.456E+1
190.91	-6.554E+1
191.29	0.000E+0
191.66	-2.670E+1
192.04	-2.913E+1
192.42	-7.282E+0
192.80	-8.010E+1
193.17	0.000E+0
193.55	-1.238E+2
193.93	-1.214E+2
194.30	3.884E+1
194.68	-4.854E+1
195.06	-1.068E+2
195.44	2.427E+0
195.81	-7.282E+0
196.19	2.913E+1
196.57	4.854E+0
196.94	4.854E+1
197.32	-4.854E+0
197.70	8.738E+1
198.07	4.369E+1
198.45	-5.583E+1
198.83	-6.311E+1
199.20	3.641E+1
199.58	-7.767E+1
199.96	3.155E+1
200.33	5.097E+1
200.71	2.670E+1
201.09	-2.427E+1
201.46	4.854E+1
201.84	-1.456E+1
202.22	-1.214E+1
202.59	-8.738E+1
202.97	2.184E+1
203.34	1.456E+1
203.72	-5.097E+1
204.10	2.427E+0
204.47	-4.854E+1
204.85	4.612E+1
205.23	-9.466E+1
205.60	-2.427E+1
205.98	-5.340E+1
206.35	1.505E+2
206.73	-3.641E+1
207.11	2.427E+1
207.48	1.214E+1
207.86	5.583E+1
208.23	1.214E+1
208.61	5.340E+1
208.98	2.184E+1
209.36	-1.214E+1
209.74	-5.583E+1
210.11	-3.155E+1
210.49	3.155E+1
210.86	-1.942E+1
211.24	-2.670E+1
211.61	9.952E+1
211.99	6.068E+1
212.36	-6.311E+1
212.74	-3.398E+1
213.11	2.427E+1
213.49	-2.913E+1
213.87	1.408E+2
214.24	-7.282E+0
214.62	5.583E+1
214.99	2.427E+0
215.37	-9.709E+0
215.74	-1.092E+2
216.12	-7.282E+1
216.49	-7.282E+0
216.87	-1.214E+1
217.24	4.369E+1
217.62	0.000E+0
217.99	7.524E+1
218.37	-2.427E+1
218.74	4.854E+0
219.11	8.495E+1
219.49	4.854E+0
219.86	7.767E+1
220.24	-1.214E+1
220.61	9.952E+1
220.99	3.155E+1
221.36	2.427E+0
221.74	6.311E+1
222.11	-9.709E+1
222.49	-4.612E+1
222.86	4.612E+1
223.23	-1.189E+2
223.61	-2.427E+0
223.98	9.223E+1
224.36	-8.981E+1
224.73	-3.155E+1
225.11	-1.068E+2
225.48	2.913E+1
225.85	-6.068E+1
226.23	3.884E+1
226.60	-9.709E+0
226.98	-3.398E+1
227.35	-2.427E+1
227.72	-7.767E+1
228.10	-1.505E+2
228.47	6.311E+1
228.84	-4.126E+1
229.22	3.155E+1
229.59	1.456E+1
229.97	-1.699E+1
230.34	-1.214E+1
230.71	1.942E+1
231.09	-3.155E+1
231.46	-7.524E+1
231.83	1.456E+1
232.21	3.641E+1
232.58	9.709E+1
232.95	-2.913E+1
233.33	6.311E+1
233.70	-5.097E+1
234.07	9.709E+0
234.45	-7.767E+1
234.82	1.942E+1
235.19	7.282E+0
235.57	3.398E+1
235.94	2.913E+1
236.31	-8.738E+1
236.69	-8.738E+1
237.06	-3.155E+1
237.43	7.282E+0
237.80	-1.942E+1
238.18	4.854E+1
238.55	5.825E+1
238.92	-3.398E+1
239.30	3.884E+1
239.67	9.223E+1
240.04	-9.223E+1
240.41	2.913E+1
240.79	7.039E+1
241.16	4.369E+1
241.53	-8.010E+1
241.90	7.282E+0
242.28	3.884E+1
242.65	6.311E+1
243.02	8.495E+1
243.39	-1.214E+1
243.77	-6.311E+1
244.14	1.942E+1
244.51	5.097E+1
244.88	-4.854E+0
245.25	7.282E+0
245.63	-2.670E+1
246.00	-9.709E+0
246.37	1.214E+1
246.74	2.427E+0
247.11	-6.311E+1
247.49	5.825E+1
247.86	-4.369E+1
248.23	-2.913E+1
248.60	2.913E+1
248.97	9.466E+1
249.35	3.884E+1
249.72	-3.155E+1
250.09	-2.913E+1
250.46	1.456E+1
250.83	5.583E+1
251.20	-2.913E+1
251.58	4.612E+1
251.95	-5.825E+1
252.32	-1.189E+2
252.69	0.000E+0
253.06	-1.942E+1
253.43	8.495E+1
253.80	-5.340E+1
254.17	7.282E+1
254.55	5.825E+1
254.92	-9.709E+0
255.29	-2.427E+1
255.66	6.068E+1
256.03	-5.583E+1
256.40	-2.427E+1
256.77	-9.709E+0
257.14	-6.068E+1
257.51	-1.942E+1
257.88	-7.282E+0
258.26	4.126E+1
258.63	8.253E+1
259.00	-1.456E+1
259.37	5.825E+1
259.74	-5.583E+1
260.11	4.612E+1
260.48	7.282E+0
260.85	8.981E+1
261.22	2.913E+1
261.59	9.709E+1
261.96	-1.456E+1
262.33	8.253E+1
262.70	-2.670E+1
263.07	7.282E+1
263.44	1.942E+1
263.81	-2.184E+1
264.18	1.214E+1
264.55	-4.854E+1
264.92	-2.184E+1
265.29	-6.311E+1
265.66	-7.282E+1
266.03	6.554E+1
266.40	-4.369E+1
266.77	4.369E+1
267.14	2.184E+1
267.51	-1.189E+2
267.88	-3.155E+1
268.25	7.524E+1
268.62	4.126E+1
268.99	8.253E+1
269.36	2.670E+1
269.73	3.641E+1
270.10	-3.155E+1
270.47	4.854E+0
270.84	-2.670E+1
271.21	-8.738E+1
271.58	-6.311E+1
271.95	9.709E+0
272.32	-7.282E+0
272.69	3.884E+1
273.06	-1.942E+1
273.43	3.641E+1
273.80	4.854E+0
274.17	6.311E+1
274.53	9.709E+1
274.90	9.709E+1
275.27	1.019E+2
275.64	1.189E+2
276.01	7.039E+1
276.38	-8.253E+1
276.75	-6.311E+1
277.12	7.282E+0
277.49	7.282E+1
277.86	1.068E+2
278.22	7.282E+0
278.59	-1.699E+1
278.96	1.165E+2
279.33	2.184E+1
279.70	1.942E+1
280.07	1.699E+1
280.44	-2.427E+0
280.80	7.282E+1
281.17	1.942E+1
281.54	-3.884E+1
281.91	-4.854E+0
282.28	-4.854E+0
282.65	5.583E+1
283.02	3.398E+1
283.38	-1.068E+2
283.75	-7.282E+0
284.12	9.466E+1
284.49	9.709E+0
284.86	2.670E+1
285.22	-7.767E+1
285.59	8.738E+1
285.96	-1.456E+1
286.33	2.427E+1
286.70	-1.044E+2
287.06	0.000E+0
287.43	-4.369E+1
287.80	2.184E+1
288.17	2.427E+0
288.53	7.767E+1
288.90	4.369E+1
289.27	-3.641E+1
289.64	-9.466E+1
290.01	-3.884E+1
290.37	5.340E+1
290.74	-7.282E+0
291.11	-9.709E+0
291.48	1.456E+1
291.84	0.000E+0
292.21	7.282E+0
292.58	4.854E+1
292.94	-1.456E+1
293.31	-6.554E+1
293.68	9.709E+0
294.05	-7.039E+1
294.41	-4.369E+1
294.78	-2.184E+1
295.15	-4.369E+1
295.51	4.854E+1
295.88	4.369E+1
296.25	1.214E+1
296.61	-3.398E+1
296.98	-7.282E+0
297.35	7.767E+1
297.72	-3.155E+1
298.08	3.398E+1
298.45	3.641E+1
298.82	-1.942E+1
299.18	-3.884E+1
299.55	3.884E+1
299.91	-3.155E+1
300.28	6.554E+1
300.65	3.398E+1
301.01	-8.253E+1
301.38	1.456E+1
301.75	8.738E+1
302.11	5.097E+1
302.48	4.612E+1
302.85	7.039E+1
303.21	-1.214E+1
303.58	2.427E+1
303.94	-2.184E+1
304.31	-7.282E+0
304.68	4.369E+1
305.04	6.068E+1
305.41	-1.699E+1
305.77	-7.039E+1
306.14	2.184E+1
306.51	-2.184E+1
306.87	-2.184E+1
307.24	8.253E+1
307.60	1.699E+1
307.97	1.699E+1
308.33	3.641E+1
308.70	5.340E+1
309.07	-4.126E+1
309.43	-5.583E+1
309.80	1.456E+1
310.16	4.126E+1
310.53	-3.641E+1
310.89	-4.612E+1
311.26	-2.913E+1
311.62	-4.126E+1
311.99	4.369E+1
312.35	0.000E+0
312.72	4.854E+1
313.08	-9.709E+0
313.45	9.223E+1
313.81	-6.554E+1
314.18	5.825E+1
314.54	-5.340E+1
314.91	-7.282E+1
315.27	2.427E+0
315.64	5.825E+1
316.00	2.913E+1
316.37	1.699E+1
316.73	-1.092E+2
317.10	2.427E+1
317.46	-4.369E+1
317.83	4.854E+1
318.19	-1.602E+2
318.56	2.913E+1
318.92	9.952E+1
319.28	1.699E+1
319.65	1.942E+1
320.01	-2.427E+0
320.38	-1.942E+1
320.74	-2.670E+1
321.11	3.398E+1
321.47	5.340E+1
321.83	7.282E+0
322.20	7.767E+1
322.56	-2.913E+1
322.93	-6.554E+1
323.29	8.010E+1
323.66	2.427E+1
324.02	1.019E+2
324.38	-4.854E+1
324.75	1.699E+1
325.11	3.398E+1
325.47	-4.612E+1
325.84	-4.126E+1
326.20	-1.942E+1
326.57	-2.427E+1
326.93	1.214E+1
327.29	-2.670E+1
327.66	7.767E+1
328.02	8.738E+1
328.38	-1.214E+1
328.75	-3.155E+1
329.11	5.583E+1
329.47	7.282E+1
329.84	2.913E+1
330.20	-9.223E+1
330.56	-3.398E+1
330.93	1.456E+1
331.29	7.524E+1
331.65	-6.311E+1
332.02	4.126E+1
332.38	1.335E+2
332.74	2.184E+1
333.10	3.884E+1
333.47	-1.214E+1
333.83	1.262E+2
334.19	-3.398E+1
334.56	-4.126E+1
334.92	1.311E+2
335.28	7.524E+1
335.64	-2.427E+1
336.01	-3.155E+1
336.37	7.282E+1
336.73	-1.626E+2
337.09	1.214E+1
337.46	-1.699E+1
337.82	-1.699E+1
338.18	2.184E+1
338.54	-1.942E+1
338.91	3.398E+1
339.27	8.010E+1
339.63	-3.884E+1
339.99	3.641E+1
340.36	9.709E+0
340.72	-4.612E+1
341.08	1.092E+2
341.44	-2.427E+1
341.80	3.155E+1
342.17	-4.854E+0
342.53	-2.427E+1
342.89	3.398E+1
343.25	-7.282E+0
343.61	1.699E+1
343.98	-3.641E+1
344.34	1.966E+2
344.70	7.039E+1
345.06	1.456E+1
345.42	-2.427E+0
345.78	9.709E+1
346.14	5.340E+1
346.51	-2.184E+1
346.87	7.039E+1
347.23	1.165E+2
347.59	9.709E+0
347.95	7.524E+1
348.31	-4.612E+1
348.67	-1.699E+1
349.04	1.505E+2
349.40	-3.398E+1
349.76	5.340E+1
350.12	-2.184E+1
350.48	-1.068E+2
350.84	2.670E+1
351.20	4.612E+1
351.56	7.524E+1
351.92	3.641E+1
352.28	1.068E+2
352.65	1.942E+1
353.01	-2.427E+0
353.37	5.825E+1
353.73	2.427E+0
354.09	6.796E+1
354.45	4.369E+1
354.81	4.126E+1
355.17	4.854E+0
355.53	1.092E+2
355.89	4.854E+0
356.25	5.097E+1
356.61	3.641E+1
356.97	1.578E+2
357.33	6.068E+1
357.69	6.068E+1
358.05	2.184E+1
358.41	-1.456E+1
358.77	8.495E+1
359.13	5.825E+1
359.49	5.583E+1
359.85	3.398E+1
360.21	2.670E+1
360.57	-7.282E+0
360.93	1.942E+1
361.29	2.913E+1
361.65	1.699E+1
362.01	4.126E+1
362.37	8.253E+1
362.73	-2.913E+1
363.09	7.282E+1
363.45	3.155E+1
363.81	2.670E+1
364.17	6.068E+1
364.53	4.854E+0
364.89	6.554E+1
365.25	9.223E+1
365.61	-4.854E+0
365.97	5.340E+1
366.33	4.126E+1
366.69	9.709E+0
367.05	8.981E+1
367.40	1.044E+2
367.76	8.495E+1
368.12	1.432E+2
368.48	3.884E+1
368.84	-4.369E+1
369.20	9.952E+1
369.56	1.019E+2
369.92	1.384E+2
370.28	1.117E+2
370.63	3.641E+1
370.99	1.044E+2
371.35	1.820E+2
371.71	1.335E+2
372.07	9.466E+1
372.43	1.723E+2
372.79	1.068E+2
373.15	2.257E+2
373.50	1.553E+2
373.86	9.466E+1
374.22	5.097E+1
374.58	1.408E+2
374.94	1.286E+2
375.30	4.854E+1
375.65	4.126E+1
376.01	4.369E+1
376.37	1.578E+2
376.73	2.112E+2
377.09	1.553E+2
377.44	2.282E+2
377.80	2.063E+2
378.16	1.481E+2
378.52	1.578E+2
378.88	3.544E+2
379.23	1.820E+2
379.59	2.767E+2
379.95	2.767E+2
380.31	2.039E+2
380.66	3.471E+2
381.02	4.272E+2
381.38	4.539E+2
381.74	4.927E+2
382.09	4.515E+2
382.45	5.874E+2
382.81	6.117E+2
383.17	5.704E+2
383.52	7.694E+2
383.88	7.937E+2
384.24	9.782E+2
384.60	1.083E+3
384.95	1.092E+3
385.31	1.080E+3
385.67	1.286E+3
386.02	1.493E+3
386.38	1.614E+3
386.74	1.823E+3
387.10	2.097E+3
387.45	2.177E+3
387.81	2.495E+3
388.17	2.716E+3
388.52	3.007E+3
388.88	3.578E+3
389.24	3.774E+3
389.59	4.083E+3
389.95	4.316E+3
390.31	4.930E+3
390.66	5.138E+3
391.02	5.726E+3
391.38	6.362E+3
391.73	7.051E+3
392.09	7.529E+3
392.44	8.357E+3
392.80	8.939E+3
393.16	9.685E+3
393.51	1.045E+4
393.87	1.105E+4
394.23	1.180E+4
394.58	1.249E+4
394.94	1.366E+4
395.29	1.494E+4
395.65	1.600E+4
396.01	1.724E+4
396.36	1.811E+4
396.72	1.934E+4
397.07	2.047E+4
397.43	2.188E+4
397.78	2.277E+4
398.14	2.371E+4
398.50	2.512E+4
398.85	2.623E+4
399.21	2.748E+4
399.56	2.971E+4
399.92	3.159E+4
400.27	3.269E+4
400.63	3.402E+4
400.98	3.621E+4
401.34	3.711E+4
401.69	3.809E+4
402.05	3.869E+4
402.40	3.934E+4
402.76	4.038E+4
403.11	4.116E+4
403.47	4.333E+4
403.82	4.309E+4
404.18	4.471E+4
404.53	4.470E+4
404.89	4.587E+4
405.24	4.532E+4
405.60	4.499E+4
405.95	4.485E+4
406.31	4.449E+4
406.66	4.321E+4
407.02	4.121E+4
407.37	4.043E+4
407.73	3.910E+4
408.08	3.834E+4
408.44	3.679E+4
408.79	3.512E+4
409.14	3.382E+4
409.50	3.216E+4
409.85	3.066E+4
410.21	2.817E+4
410.56	2.671E+4
410.92	2.433E+4
411.27	2.273E+4
411.62	2.065E+4
411.98	1.919E+4
412.33	1.756E+4
412.69	1.677E+4
413.04	1.510E+4
413.39	1.414E+4
413.75	1.311E+4
414.10	1.246E+4
414.45	1.148E+4
414.81	1.053E+4
415.16	9.697E+3
415.52	9.211E+3
415.87	8.646E+3
416.22	7.881E+3
416.58	7.668E+3
416.93	7.003E+3
417.28	6.442E+3
417.64	6.206E+3
417.99	5.969E+3
418.34	5.369E+3
418.70	5.461E+3
419.05	5.066E+3
419.40	4.689E+3
419.76	4.534E+3
420.11	4.252E+3
420.46	3.910E+3
420.81	3.954E+3
421.17	3.515E+3
421.52	3.320E+3
421.87	3.087E+3
422.23	3.058E+3
422.58	2.959E+3
422.93	2.568E+3
423.28	2.558E+3
423.64	2.379E+3
423.99	2.223E+3
424.34	2.049E+3
424.69	2.095E+3
425.05	2.007E+3
425.40	1.825E+3
425.75	1.689E+3
426.10	1.675E+3
426.46	1.483E+3
426.81	1.393E+3
427.16	1.340E+3
427.51	1.345E+3
427.87	1.163E+3
428.22	1.201E+3
428.57	1.177E+3
428.92	1.107E+3
429.27	1.056E+3
429.63	9.248E+2
429.98	9.418E+2
430.33	9.588E+2
430.68	1.044E+3
431.03	8.204E+2
431.38	8.617E+2
431.74	7.816E+2
432.09	7.524E+2
432.44	8.228E+2
432.79	7.840E+2
433.14	6.117E+2
433.49	6.141E+2
433.85	5.801E+2
434.20	6.723E+2
434.55	6.262E+2
434.90	6.165E+2
435.25	6.335E+2
435.60	6.772E+2
435.95	5.704E+2
436.30	5.801E+2
436.66	5.413E+2
437.01	4.660E+2
437.36	4.660E+2
437.71	4.660E+2
438.06	4.078E+2
438.41	4.490E+2
438.76	5.291E+2
439.11	3.592E+2
439.46	3.981E+2
439.81	3.592E+2
440.16	3.544E+2
440.52	3.665E+2
440.87	3.350E+2
441.22	3.107E+2
441.57	3.447E+2
441.92	3.762E+2
442.27	3.277E+2
442.62	3.180E+2
442.97	2.961E+2
443.32	2.451E+2
443.67	2.500E+2
444.02	2.621E+2
444.37	2.476E+2
444.72	2.403E+2
445.07	2.500E+2
445.42	2.306E+2
445.77	1.942E+2
446.12	3.155E+1
446.47	2.087E+2
446.82	1.359E+2
447.17	1.384E+2
447.52	1.117E+2
447.87	1.117E+2
448.22	1.918E+2
448.57	1.796E+2
448.92	2.670E+2
449.27	1.723E+2
449.62	1.626E+2
449.97	1.869E+2
450.32	8.495E+1
450.66	1.141E+2
451.01	1.602E+2
451.36	1.117E+2
451.71	1.505E+2
452.06	1.189E+2
452.41	1.796E+2
452.76	8.981E+1
453.11	7.524E+1
453.46	2.500E+2
453.81	1.359E+2
454.16	9.952E+1
454.51	9.709E+1
454.85	-9.709E+0
455.20	5.825E+1
455.55	9.223E+1
455.90	1.699E+2
456.25	5.825E+1
456.60	6.796E+1
456.95	-6.311E+1
457.30	9.466E+1
457.64	1.626E+2
457.99	1.117E+2
458.34	1.359E+2
458.69	6.554E+1
459.04	9.466E+1
459.39	-1.699E+1
459.73	-2.427E+0
460.08	5.825E+1
460.43	8.495E+1
460.78	3.884E+1
461.13	1.699E+1
461.48	7.524E+1
461.82	9.709E+1
462.17	4.612E+1
462.52	-2.913E+1
462.87	2.427E+0
463.21	1.456E+1
463.56	1.019E+2
463.91	1.942E+1
464.26	6.311E+1
464.61	-9.709E+0
464.95	2.427E+0
465.30	2.184E+1
465.65	1.262E+2
466.00	-5.097E+1
466.34	6.796E+1
466.69	4.612E+1
467.04	6.068E+1
467.39	4.854E+1
467.73	1.529E+2
468.08	1.359E+2
468.43	1.189E+2
468.77	-3.155E+1
469.12	4.854E+0
469.47	1.942E+1
469.82	1.602E+2
470.16	3.155E+1
470.51	8.495E+1
470.86	-8.981E+1
471.20	-1.456E+1
471.55	-2.427E+0
471.90	9.709E+0
472.24	9.223E+1
472.59	6.554E+1
472.94	1.820E+2
473.28	1.942E+1
473.63	-4.854E+1
473.98	4.126E+1
474.32	-2.184E+1
474.67	8.738E+1
475.02	-1.942E+1
475.36	-5.340E+1
475.71	-2.427E+0
476.06	1.092E+2
476.40	-4.854E+0
476.75	2.184E+2
477.09	3.155E+1
477.44	7.524E+1
477.79	-7.282E+0
478.13	7.282E+0
478.48	1.141E+2
478.82	8.010E+1
479.17	3.884E+1
479.52	-1.335E+2
479.86	1.068E+2
480.21	-1.456E+1
480.55	4.126E+1
480.90	-4.854E+0
481.24	2.427E+0
481.59	-4.854E+0
481.94	2.184E+1
482.28	4.854E+1
482.63	-2.670E+1
482.97	3.641E+1
483.32	7.039E+1
483.66	4.126E+1
484.01	0.000E+0
484.35	-1.044E+2
484.70	8.738E+1
485.04	-3.155E+1
485.39	3.641E+1
485.73	-1.456E+1
486.08	9.709E+1
486.42	9.709E+1
486.77	-1.214E+1
487.11	8.253E+1
487.46	3.155E+1
487.80	8.253E+1
488.15	1.699E+2
488.49	4.369E+1
488.84	-6.554E+1
489.18	-3.155E+1
489.53	3.641E+1
489.87	1.481E+2
490.21	6.554E+1
490.56	6.311E+1
490.90	-3.641E+1
491.25	5.825E+1
491.59	-2.184E+1
491.94	4.854E+0
492.28	2.427E+0
492.62	7.524E+1
492.97	9.709E+0
493.31	1.214E+2
493.66	-1.214E+1
494.00	9.466E+1
494.34	2.184E+1
494.69	3.398E+1
495.03	3.155E+1
495.38	-2.427E+0
495.72	2.913E+1
496.06	4.612E+1
496.41	-7.282E+0
496.75	-2.184E+1
497.09	9.952E+1
497.44	-2.427E+1
497.78	6.311E+1
498.13	1.214E+1
498.47	7.767E+1
498.81	1.044E+2
499.16	7.039E+1
499.50	8.981E+1
499.84	1.481E+2
500.19	-5.340E+1
500.53	6.311E+1
500.87	3.641E+1
501.21	-4.854E+1
501.56	8.010E+1
501.90	3.641E+1
502.24	-1.238E+2
502.59	4.854E+0
502.93	5.825E+1
503.27	-5.340E+1
503.61	1.117E+2
503.96	3.884E+1
504.30	1.214E+1
504.64	-2.427E+1
504.99	-7.282E+0
505.33	-8.981E+1
505.67	-9.709E+0
506.01	1.456E+1
506.36	7.282E+0
506.70	-1.942E+1
507.04	-1.699E+1
507.38	-3.398E+1
507.72	1.214E+1
508.07	5.583E+1
508.41	-7.282E+1
508.75	6.311E+1
509.09	4.612E+1
509.44	-1.942E+1
509.78	7.039E+1
510.12	7.524E+1
510.46	2.427E+0
510.80	-3.641E+1
511.14	3.884E+1
511.49	-9.709E+0
511.83	-3.641E+1
512.17	9.709E+1
512.51	1.699E+1
512.85	-7.282E+1
513.19	5.340E+1
513.54	-5.583E+1
513.88	-2.913E+1
514.22	-5.825E+1
514.56	-4.612E+1
514.90	8.010E+1
515.24	-2.670E+1
515.58	3.398E+1
515.93	-8.738E+1
516.27	-2.670E+1
516.61	5.825E+1
516.95	3.398E+1
517.29	2.427E+0
517.63	-7.767E+1
517.97	2.427E+0
518.31	-9.223E+1
518.65	1.699E+1
518.99	-7.282E+0
519.33	0.000E+0
519.67	3.884E+1
520.02	-2.427E+0
520.36	2.670E+1
520.70	4.369E+1
521.04	-6.311E+1
521.38	3.398E+1
521.72	-4.854E+0
522.06	3.884E+1
522.40	-7.282E+0
522.74	6.068E+1
523.08	-2.184E+1
523.42	-5.583E+1
523.76	-2.427E+1
524.10	2.427E+1
524.44	1.019E+2
524.78	-1.942E+1
525.12	-2.913E+1
525.46	1.820E+2
525.80	-2.670E+1
526.14	7.524E+1
526.48	-6.796E+1
526.82	-2.427E+1
527.16	-1.214E+1
527.50	-6.796E+1
527.84	5.583E+1
528.18	8.253E+1
528.52	1.214E+1
528.86	1.214E+1
529.20	-1.942E+1
529.54	8.253E+1
529.87	2.670E+1
530.21	1.432E+2
530.55	6.554E+1
530.89	1.068E+2
531.23	8.981E+1
531.57	9.952E+1
531.91	7.282E+0
532.25	3.398E+1
532.59	5.340E+1
532.93	7.039E+1
533.27	-7.282E+0
533.60	-4.126E+1
533.94	-1.092E+2
534.28	-2.670E+1
534.62	0.000E+0
534.96	-4.854E+1
535.30	-5.097E+1
535.64	5.097E+1
535.98	6.554E+1
536.31	1.456E+1
536.65	4.854E+0
536.99	5.583E+1
537.33	-5.825E+1
537.67	3.641E+1
538.01	2.427E+0
538.34	1.699E+1
538.68	0.000E+0
539.02	8.253E+1
539.36	1.699E+1
539.70	-1.699E+1
540.03	3.641E+1
540.37	4.369E+1
540.71	3.155E+1
541.05	1.214E+1
541.39	-1.456E+1
541.72	2.427E+1
542.06	-2.184E+1
542.40	3.155E+1
542.74	4.854E+1
543.07	2.427E+0
543.41	-1.699E+1
543.75	-2.670E+1
544.09	-4.126E+1
544.42	1.456E+1
544.76	2.427E+1
545.10	-1.699E+1
545.44	-4.369E+1
545.77	-1.699E+1
546.11	-5.583E+1
546.45	6.554E+1
546.78	-3.884E+1
547.12	3.641E+1
547.46	4.126E+1
547.80	4.126E+1
548.13	1.214E+2
548.47	9.709E+1
548.81	1.165E+2
549.14	1.214E+1
549.48	8.253E+1
549.82	5.583E+1
550.15	-4.369E+1
550.49	2.427E+1
550.83	6.796E+1
551.16	7.524E+1
551.50	2.427E+1
551.84	2.184E+1
552.17	-7.282E+0
552.51	4.854E+0
552.84	-1.942E+1
553.18	6.068E+1
553.52	-4.854E+0
553.85	-4.612E+1
554.19	5.097E+1
554.53	-1.456E+1
554.86	7.282E+1
555.20	-9.466E+1
555.53	-2.427E+0
555.87	-7.039E+1
556.20	4.126E+1
556.54	-7.524E+1
556.88	-1.456E+1
557.21	8.495E+1
557.55	-2.427E+0
557.88	9.709E+0
558.22	8.495E+1
558.55	-5.583E+1
558.89	-9.709E+0
559.23	8.010E+1
559.56	-1.456E+1
559.90	-5.825E+1
560.23	5.583E+1
560.57	2.427E+1
560.90	0.000E+0
561.24	-1.214E+1
561.57	5.340E+1
561.91	-9.709E+0
562.24	7.282E+0
562.58	1.019E+2
562.91	4.126E+1
563.25	2.184E+1
563.58	-5.825E+1
563.92	-2.913E+1
564.25	-8.010E+1
564.59	1.942E+1
564.92	3.884E+1
565.25	7.282E+1
565.59	1.068E+2
565.92	3.884E+1
566.26	5.825E+1
566.59	-6.796E+1
566.93	7.282E+0
567.26	7.767E+1
567.60	6.796E+1
567.93	-9.709E+0
568.26	7.767E+1
568.60	-2.427E+1
568.93	-8.738E+1
569.27	2.913E+1
569.60	4.854E+0
569.93	0.000E+0
570.27	-2.427E+0
570.60	9.709E+0
570.94	5.340E+1
571.27	4.612E+1
571.60	-2.913E+1
571.94	0.000E+0
572.27	0.000E+0
572.60	-2.184E+1
572.94	2.913E+1
573.27	3.884E+1
573.60	4.854E+0
573.94	-7.767E+1
574.27	2.427E+0
574.60	-4.854E+1
574.94	9.709E+0
575.27	1.214E+1
575.60	-9.709E+0
575.94	2.427E+1
576.27	8.738E+1
576.60	-5.825E+1
576.94	4.854E+1
577.27	7.767E+1
577.60	7.282E+0
577.94	-2.427E+1
578.27	3.398E+1
578.60	1.942E+1
578.93	-6.796E+1
579.27	3.398E+1
579.60	7.524E+1
579.93	6.068E+1
580.26	-9.709E+0
580.60	-4.854E+1
580.93	-1.092E+2
581.26	-1.942E+1
581.59	1.189E+2
581.93	7.282E+1
582.26	9.709E+1
582.59	8.738E+1
582.92	9.709E+0
583.25	-3.398E+1
583.59	-1.214E+1
583.92	9.709E+0
584.25	-1.456E+1
584.58	-2.913E+1
584.91	7.039E+1
585.25	6.311E+1
585.58	8.253E+1
585.91	6.554E+1
586.24	-4.369E+1
586.57	9.709E+1
586.90	2.670E+1
587.24	1.189E+2
587.57	1.602E+2
587.90	-4.126E+1
588.23	4.854E+0
588.56	0.000E+0
588.89	2.427E+0
589.22	2.670E+1
589.56	3.884E+1
589.89	7.039E+1
590.22	2.427E+1
590.55	-3.398E+1
590.88	6.554E+1
591.21	-1.942E+1
591.54	2.913E+1
591.87	1.214E+1
592.20	-7.282E+0
592.53	-3.884E+1
592.87	1.408E+2
593.20	-9.709E+0
593.53	3.884E+1
593.86	3.398E+1
594.19	-4.854E+1
594.52	-4.126E+1
594.85	-3.398E+1
595.18	2.913E+1
595.51	-2.427E+0
595.84	-3.398E+1
596.17	-1.942E+1
596.50	3.155E+1
596.83	1.262E+2
597.16	3.884E+1
597.49	4.126E+1
597.82	1.456E+1
598.15	1.165E+2
598.48	-4.369E+1
598.81	4.369E+1
599.14	3.884E+1
599.47	8.495E+1
599.80	2.913E+1
600.13	-8.981E+1
600.46	7.524E+1
600.79	-1.942E+1
601.12	4.854E+1
601.45	8.738E+1
601.78	-7.039E+1
602.11	-1.942E+1
602.44	-9.709E+1
602.77	1.942E+1
603.10	-1.942E+1
603.42	4.854E+1
603.75	6.796E+1
604.08	2.427E+1
604.41	9.709E+0
604.74	1.456E+2
605.07	-1.019E+2
605.40	-7.767E+1
605.73	7.039E+1
606.06	1.165E+2
606.39	-6.796E+1
606.71	-3.155E+1
607.04	4.854E+0
607.37	1.966E+2
607.70	-6.796E+1
608.03	2.913E+1
608.36	5.583E+1
608.69	-2.670E+1
609.02	3.641E+1
609.34	2.913E+1
609.67	-1.942E+1
610.00	-1.214E+1
610.33	1.553E+2
610.66	-1.942E+1
610.98	2.913E+1
611.31	3.398E+1
611.64	-9.709E+0
611.97	1.165E+2
612.30	5.825E+1
612.63	3.884E+1
612.95	2.184E+1
613.28	1.456E+1
613.61	9.709E+0
613.94	1.068E+2
614.26	2.427E+1
614.59	2.184E+1
614.92	-7.039E+1
615.25	-4.854E+0
615.57	0.000E+0
615.90	1.189E+2
616.23	6.554E+1
616.56	-1.699E+1
616.88	1.699E+1
617.21	-1.068E+2
617.54	-5.825E+1
617.87	1.456E+2
618.19	6.068E+1
618.52	-4.854E+0
618.85	7.767E+1
619.17	9.709E+0
619.50	1.456E+1
619.83	4.854E+1
620.15	-2.427E+0
620.48	7.282E+1
620.81	5.825E+1
621.14	3.641E+1
621.46	5.825E+1
621.79	4.612E+1
622.11	5.097E+1
622.44	-3.884E+1
622.77	6.554E+1
623.09	-4.369E+1
623.42	-4.126E+1
623.75	-2.427E+0
624.07	-2.913E+1
624.40	-3.155E+1
624.73	7.282E+0
625.05	3.641E+1
625.38	-9.466E+1
625.70	-3.398E+1
626.03	5.825E+1
626.36	-1.699E+1
626.68	-1.942E+1
627.01	-1.165E+2
627.33	-7.039E+1
627.66	2.913E+1
627.99	-2.913E+1
628.31	-1.942E+1
628.64	4.369E+1
628.96	-3.641E+1
629.29	-1.942E+1
629.61	0.000E+0
629.94	3.884E+1
630.26	1.141E+2
630.59	-3.641E+1
630.91	7.767E+1
631.24	1.019E+2
631.57	-1.019E+2
631.89	-2.913E+1
632.22	-4.612E+1
632.54	9.709E+1
632.87	9.466E+1
633.19	1.214E+1
633.52	1.068E+2
633.84	6.311E+1
634.16	9.709E+0
634.49	-2.427E+1
634.81	-9.709E+0
635.14	9.709E+0
635.46	7.282E+0
635.79	5.340E+1
636.11	2.670E+1
636.44	8.738E+1
636.76	1.408E+2
637.09	2.184E+1
637.41	5.097E+1
637.73	1.699E+1
638.06	2.913E+1
638.38	3.641E+1
638.71	1.092E+2
639.03	3.884E+1
639.36	-5.583E+1
639.68	1.214E+2
640.00	-3.155E+1
640.33	2.913E+1
640.65	0.000E+0
640.97	-1.286E+2
641.30	6.068E+1
641.62	-5.340E+1
641.95	4.369E+1
642.27	1.942E+1
642.59	-4.612E+1
642.92	5.340E+1
643.24	-7.039E+1
643.56	-3.641E+1
643.89	4.854E+1
644.21	4.854E+1
644.53	2.670E+1
644.86	-1.214E+1
645.18	6.068E+1
645.50	-1.456E+1
645.83	1.505E+2
646.15	1.942E+1
646.47	2.913E+1
646.80	-1.214E+1
647.12	2.670E+1
647.44	-1.044E+2
647.76	1.602E+2
648.09	4.854E+0
648.41	-7.282E+0
648.73	-7.282E+1
649.05	-2.427E+0
649.38	-1.699E+1
649.70	-6.068E+1
650.02	2.913E+1
650.34	2.670E+1
650.67	2.427E+1
650.99	-2.427E+1
651.31	-6.554E+1
651.63	3.398E+1
651.96	6.068E+1
652.28	-9.952E+1
652.60	-2.670E+1
652.92	4.126E+1
653.24	5.097E+1
653.57	5.340E+1
653.89	3.155E+1
654.21	4.612E+1
654.53	6.554E+1
654.85	1.699E+1
655.18	-7.039E+1
655.50	-2.427E+1
655.82	-7.767E+1
656.14	4.612E+1
656.46	6.796E+1
656.78	-9.952E+1
657.10	-6.554E+1
657.43	-9.223E+1
657.75	3.641E+1
658.07	1.117E+2
658.39	2.913E+1
658.71	3.884E+1
659.03	6.068E+1
659.35	1.942E+1
659.67	-8.010E+1
659.99	7.282E+1
660.32	9.709E+0
660.64	8.981E+1
660.96	-3.398E+1
661.28	4.854E+0
661.60	1.699E+1
661.92	2.913E+1
662.24	-5.340E+1
662.56	-2.427E+0
662.88	1.699E+1
663.20	-1.942E+1
663.52	4.854E+0
663.84	2.670E+1
664.16	8.253E+1
664.48	7.282E+1
664.80	-4.854E+1
665.12	-3.155E+1
665.44	-4.369E+1
665.76	2.427E+0
666.08	-1.214E+1
666.40	7.767E+1
666.72	-6.554E+1
667.04	-8.495E+1
667.36	-9.709E+0
667.68	0.000E+0
668.00	-9.709E+0
668.32	5.340E+1
668.64	9.709E+0
668.96	-4.854E+0
669.28	-8.738E+1
669.60	2.913E+1
669.92	1.214E+1
670.24	-5.340E+1
670.56	2.670E+1
670.88	9.709E+0
671.20	3.398E+1
671.52	-7.767E+1
671.84	-1.214E+1
672.16	3.155E+1
672.47	0.000E+0
672.79	-1.335E+2
673.11	2.427E+1
673.43	7.282E+1
673.75	8.738E+1
674.07	-1.942E+1
674.39	6.796E+1
674.71	-3.155E+1
675.03	-8.495E+1
675.34	3.398E+1
675.66	-5.825E+1
675.98	1.456E+1
676.30	-1.456E+1
676.62	4.854E+1
676.94	-4.126E+1
677.25	-4.854E+0
677.57	5.583E+1
677.89	-9.466E+1
678.21	-3.884E+1
678.53	-1.699E+1
678.85	4.612E+1
679.16	7.282E+0
679.48	-2.913E+1
679.80	2.913E+1
680.12	-5.583E+1
680.44	-4.854E+0
680.75	-1.699E+1
681.07	4.369E+1
681.39	1.214E+2
681.71	-1.189E+2
682.02	-1.214E+1
682.34	1.456E+1
682.66	7.282E+0
682.98	-3.155E+1
683.29	-9.709E+1
683.61	-4.854E+1
683.93	9.952E+1
684.25	-8.738E+1
684.56	-7.282E+0
684.88	-7.282E+1
685.20	-2.427E+1
685.51	-1.942E+1
685.83	2.913E+1
686.15	3.155E+1
686.47	1.214E+1
686.78	2.427E+0
687.10	4.854E+1
687.42	1.456E+1
687.73	1.699E+1
688.05	1.699E+1
688.37	-9.709E+0
688.68	4.854E+1
689.00	1.286E+2
689.32	6.796E+1
689.63	9.709E+0
689.95	1.019E+2
690.26	-9.223E+1
690.58	2.184E+1
690.90	4.854E+0
691.21	-3.884E+1
691.53	7.282E+0
691.85	4.612E+1
692.16	-1.117E+2
692.48	8.495E+1
692.79	-4.854E+0
693.11	5.097E+1
693.42	-7.039E+1
693.74	7.282E+0
694.06	2.670E+1
694.37	-1.214E+1
694.69	9.709E+0
695.00	-2.670E+1
695.32	-3.398E+1
695.63	-1.699E+1
695.95	6.311E+1
696.26	3.884E+1
696.58	5.825E+1
696.90	6.068E+1
697.21	2.427E+1
697.53	-1.699E+1
697.84	-3.884E+1
698.16	1.456E+1
698.47	6.311E+1
698.79	-2.670E+1
699.10	1.456E+1
699.42	1.942E+1
699.73	-1.189E+2
700.05	2.427E+0
700.36	-4.854E+1
700.68	2.670E+1
700.99	5.340E+1
701.30	-1.117E+2
701.62	1.214E+1
701.93	-4.369E+1
702.25	5.583E+1
702.56	1.699E+1
702.88	-5.097E+1
703.19	1.117E+2
703.50	-1.384E+2
703.82	4.612E+1
704.13	-3.398E+1
704.45	1.699E+1
704.76	8.495E+1
705.08	6.796E+1
705.39	-6.068E+1
705.70	-6.068E+1
706.02	2.913E+1
706.33	-4.854E+0
706.64	9.709E+1
706.96	-4.126E+1
707.27	-7.767E+1
707.59	-1.456E+1
707.90	-1.214E+1
708.21	-2.427E+1
708.53	7.282E+1
708.84	2.913E+1
709.15	-7.039E+1
709.47	4.854E+1
709.78	1.214E+1
710.09	3.155E+1
710.41	3.884E+1
710.72	-1.068E+2
711.03	-1.942E+1
711.34	-4.854E+1
711.66	-4.854E+0
711.97	-4.854E+0
712.28	8.253E+1
712.60	1.942E+1
712.91	-2.913E+1
713.22	-7.282E+0
713.53	2.427E+0
713.85	2.184E+1
714.16	4.854E+0
714.47	-5.340E+1
714.78	-5.825E+1
715.10	-1.019E+2
715.41	-2.913E+1
715.72	4.612E+1
716.03	-2.427E+0
716.35	7.282E+1
716.66	-3.641E+1
716.97	5.825E+1
717.28	-9.709E+0
717.59	9.952E+1
717.91	-6.068E+1
718.22	-9.709E+1
718.53	1.117E+2
718.84	4.369E+1
719.15	-1.456E+1
719.46	1.117E+2
719.78	-1.456E+1
720.09	-4.612E+1
720.40	-5.583E+1
720.71	-4.612E+1
721.02	-1.214E+1
721.33	-6.068E+1
721.65	2.184E+1
721.96	-5.825E+1
722.27	-1.019E+2
722.58	6.554E+1
722.89	-1.214E+1
723.20	-3.398E+1
723.51	-1.942E+1
723.82	-5.583E+1
724.13	4.854E+0
724.45	1.942E+1
724.76	1.286E+2
725.07	-2.913E+1
725.38	-3.641E+1
725.69	8.495E+1
726.00	2.427E+1
726.31	-2.913E+1
726.62	4.854E+1
726.93	2.427E+0
727.24	-5.583E+1
727.55	-1.214E+1
727.86	-3.884E+1
728.17	1.456E+1
728.48	-2.913E+1
728.79	-3.641E+1
729.10	8.495E+1
729.41	9.709E+0
729.72	7.039E+1
730.03	-3.884E+1
730.34	3.155E+1
730.65	1.456E+1
730.96	9.709E+0
731.27	-5.825E+1
731.58	2.427E+1
731.89	4.369E+1
732.20	-4.612E+1
732.51	7.282E+1
732.82	9.223E+1
733.13	8.981E+1
733.44	4.126E+1
733.75	8.010E+1
734.06	-2.670E+1
734.37	1.214E+1
734.68	9.466E+1
734.98	-7.039E+1
735.29	-4.126E+1
735.60	-1.214E+1
735.91	-7.282E+0
736.22	-3.884E+1
736.53	-4.854E+0
736.84	6.068E+1
737.15	2.670E+1
737.46	1.238E+2
737.77	-1.651E+2
738.07	3.641E+1
738.38	7.767E+1
738.69	-2.427E+1
739.00	1.699E+1
739.31	0.000E+0
739.62	0.000E+0
739.92	5.825E+1
740.23	-7.039E+1
740.54	-1.214E+1
740.85	3.884E+1
741.16	-5.825E+1
741.47	-4.854E+0
741.77	-6.311E+1
742.08	-6.796E+1
742.39	1.456E+1
742.70	-4.854E+0
743.01	-4.612E+1
743.31	-7.039E+1
743.62	-1.019E+2
743.93	-4.612E+1
744.24	-2.427E+0
744.54	-2.427E+0
744.85	2.913E+1
745.16	6.068E+1
745.47	1.456E+1
745.77	-4.369E+1
746.08	1.942E+1
746.39	4.369E+1
746.70	2.670E+1
747.00	-9.466E+1
747.31	6.068E+1
747.62	-9.709E+1
747.92	2.670E+1
748.23	-3.641E+1
748.54	6.311E+1
748.84	-1.553E+2
749.15	-1.942E+1
749.46	-1.165E+2
749.76	1.699E+1
750.07	1.044E+2
750.38	9.709E+1
750.68	1.456E+1
750.99	3.884E+1
751.30	-4.126E+1
751.60	-6.554E+1
751.91	-5.340E+1
752.22	-1.699E+1
752.52	5.340E+1
752.83	6.068E+1
753.14	4.854E+1
753.44	2.670E+1
753.75	2.427E+0
754.05	1.238E+2
754.36	5.583E+1
754.67	-1.942E+1
754.97	-4.854E+0
755.28	2.427E+1
755.58	-6.554E+1
755.89	-4.126E+1
756.19	4.854E+0
756.50	4.126E+1
756.81	7.039E+1
757.11	0.000E+0
757.42	7.282E+0
757.72	-8.981E+1
758.03	-1.699E+1
758.33	-7.282E+0
758.64	7.282E+1
758.94	0.000E+0
759.25	2.427E+0
759.55	7.282E+0
759.86	4.126E+1
760.16	-2.184E+1
760.47	1.456E+1
760.77	-1.286E+2
761.08	1.456E+1
761.38	7.282E+0
761.69	-4.126E+1
761.99	1.214E+1
762.30	-4.126E+1
762.60	-9.952E+1
762.91	1.942E+1
763.21	2.427E+1
763.51	-2.913E+1
763.82	7.282E+1
764.12	-2.427E+1
764.43	1.942E+1
764.73	1.699E+1
765.04	3.398E+1
765.34	4.126E+1
765.64	2.670E+1
765.95	6.796E+1
766.25	-5.583E+1
766.56	2.670E+1
766.86	9.709E+0
767.16	-2.427E+0
767.47	-3.884E+1
767.77	7.282E+0
768.07	-9.952E+1
768.38	-1.456E+1
768.68	-1.699E+1
768.98	4.854E+1
769.29	-3.884E+1
769.59	1.189E+2
769.89	1.699E+1
770.20	8.010E+1
770.50	4.854E+0
770.80	9.709E+1
771.11	-1.942E+1
771.41	-2.427E+0
771.71	8.738E+1
772.02	-3.155E+1
772.32	-2.913E+1
772.62	4.854E+0
772.93	5.340E+1
773.23	2.913E+1
773.53	-4.854E+1
773.83	3.884E+1
774.14	-7.282E+0
774.44	1.214E+1
774.74	-1.942E+1
775.04	-4.854E+0
775.35	4.369E+1
775.65	-8.981E+1
775.95	-1.456E+1
776.25	5.340E+1
776.55	-1.214E+1
776.86	2.184E+1
777.16	-1.699E+1
777.46	-5.583E+1
777.76	1.214E+1
778.06	3.641E+1
778.37	-5.825E+1
778.67	-1.214E+1
778.97	-4.126E+1
779.27	3.398E+1
779.57	-5.097E+1
779.88	9.709E+0
780.18	7.282E+1
780.48	6.311E+1
780.78	-9.466E+1
781.08	-1.214E+1
781.38	-4.854E+1
781.68	-3.155E+1
781.98	7.282E+0
782.29	2.670E+1
782.59	-1.165E+2
782.89	-6.796E+1
783.19	1.456E+2
783.49	-2.670E+1
783.79	-7.282E+0
784.09	4.854E+1
784.39	2.913E+1
784.69	-2.913E+1
784.99	1.699E+1
785.30	-6.796E+1
785.60	-1.456E+1
785.90	-8.253E+1
786.20	4.369E+1
786.50	4.612E+1
786.80	-3.884E+1
787.10	-7.282E+0
787.40	2.427E+0
787.70	7.282E+0
788.00	4.854E+0
788.30	3.398E+1
788.60	6.311E+1
788.90	-6.554E+1
789.20	3.155E+1
789.50	2.427E+0
789.80	6.554E+1
790.10	3.641E+1
790.40	-7.039E+1
790.70	-5.825E+1
791.00	-7.524E+1
791.30	7.282E+0
791.60	1.092E+2
791.90	6.796E+1
792.20	-4.854E+0
792.50	-2.184E+1
792.79	-4.854E+0
793.09	-2.184E+1
793.39	1.505E+2
793.69	-7.524E+1
793.99	5.340E+1
794.29	4.126E+1
794.59	-2.670E+1
794.89	1.141E+2
795.19	1.699E+1
795.49	2.427E+0
795.79	6.554E+1
796.08	3.155E+1
796.38	1.068E+2
796.68	3.398E+1
796.98	-2.427E+1
797.28	-3.641E+1
797.58	0.000E+0
797.88	3.884E+1
798.17	-3.155E+1
798.47	1.699E+1
798.77	2.427E+0
799.07	-4.854E+0
799.37	-1.019E+2
799.67	1.214E+1
799.96	-8.495E+1
800.26	-2.184E+1
800.56	8.981E+1
800.86	2.670E+1
801.16	7.767E+1
801.45	-1.238E+2
801.75	4.369E+1
802.05	-4.854E+0
802.35	4.369E+1
802.64	-7.767E+1
802.94	-2.184E+1
803.24	9.952E+1
803.54	-6.068E+1
803.83	-1.214E+1
804.13	-1.456E+1
804.43	-1.456E+1
804.73	-7.767E+1
805.02	5.097E+1
805.32	-7.282E+0
805.62	-7.282E+0
805.91	-5.097E+1
806.21	2.427E+1
806.51	5.583E+1
806.81	-1.214E+1
807.10	-6.796E+1
807.40	-3.398E+1
807.70	-2.184E+1
807.99	-4.854E+0
808.29	-6.554E+1
808.59	3.398E+1
808.88	-8.495E+1
809.18	-4.854E+0
809.47	-4.126E+1
809.77	2.184E+1
810.07	4.126E+1
810.36	-7.282E+1
810.66	-7.524E+1
810.96	1.214E+1
811.25	8.010E+1
811.55	2.427E+0
811.84	8.495E+1
812.14	-5.097E+1
812.44	-5.340E+1
812.73	2.427E+0
813.03	1.068E+2
813.32	1.456E+1
813.62	-7.282E+1
813.91	2.184E+1
814.21	-9.223E+1
814.51	3.398E+1
814.80	-5.097E+1
815.10	3.641E+1
815.39	7.039E+1
815.69	2.184E+1
815.98	-1.214E+1
816.28	4.854E+0
816.57	-9.466E+1
816.87	-1.214E+1
817.16	-5.825E+1
817.46	-7.282E+1
817.75	1.214E+1
818.05	9.223E+1
818.34	-4.854E+1
818.64	-1.456E+1
818.93	-1.214E+1
819.23	0.000E+0
819.52	-2.670E+1
819.82	8.738E+1
820.11	6.068E+1
820.40	-8.981E+1
820.70	0.000E+0
820.99	3.884E+1
821.29	-4.369E+1
821.58	5.583E+1
821.88	7.039E+1
822.17	1.942E+1
822.46	-3.398E+1
822.76	-1.699E+1
823.05	9.709E+0
823.35	6.796E+1
823.64	3.398E+1
823.93	3.155E+1
824.23	-2.913E+1
824.52	7.282E+1
824.81	2.427E+1
825.11	3.641E+1
825.40	5.583E+1
825.69	5.825E+1
825.99	-1.214E+1
826.28	5.097E+1
826.58	-2.184E+1
826.87	-2.427E+1
827.16	6.796E+1
827.45	-8.495E+1
827.75	-3.641E+1
828.04	-5.097E+1
828.33	6.068E+1
828.63	1.456E+1
828.92	-3.155E+1
829.21	3.884E+1
829.51	-1.942E+1
829.80	-6.311E+1
830.09	-2.670E+1
830.38	-9.466E+1
830.68	-5.825E+1
830.97	-9.709E+1
831.26	-7.039E+1
831.55	-1.699E+1
831.85	-2.427E+0
832.14	-1.456E+1
832.43	-2.913E+1
832.72	-1.456E+1
833.01	6.554E+1
833.31	-3.641E+1
833.60	7.282E+0
833.89	-5.825E+1
834.18	-1.189E+2
834.47	1.214E+1
834.77	-2.427E+1
835.06	2.427E+0
835.35	-5.340E+1
835.64	-7.282E+0
835.93	-3.398E+1
836.22	-8.010E+1
836.52	-2.670E+1
836.81	-1.214E+1
837.10	-5.340E+1
837.39	-1.699E+1
837.68	4.854E+0
837.97	2.670E+1
838.26	3.641E+1
838.55	6.068E+1
838.85	8.981E+1
839.14	-4.612E+1
839.43	4.126E+1
839.72	3.155E+1
840.01	6.068E+1
840.30	5.097E+1
840.59	-4.369E+1
840.88	8.253E+1
841.17	3.398E+1
841.46	5.825E+1
841.75	-7.282E+0
842.04	1.214E+1
842.33	1.699E+1
842.62	8.495E+1
842.91	-9.223E+1
843.21	3.155E+1
843.50	2.427E+0
843.79	-4.854E+1
844.08	4.126E+1
844.37	7.039E+1
844.66	-8.738E+1
844.95	-8.010E+1
845.24	3.884E+1
845.53	8.253E+1
845.81	-4.854E+0
846.10	2.427E+1
846.39	2.913E+1
846.68	2.427E+1
846.97	2.670E+1
847.26	-2.427E+0
847.55	-7.039E+1
847.84	-3.398E+1
848.13	-5.097E+1
848.42	-7.039E+1
848.71	-7.524E+1
849.00	3.884E+1
849.29	8.010E+1
849.58	4.854E+1
849.87	-3.884E+1
850.15	4.854E+0
850.44	5.825E+1
850.73	3.398E+1
851.02	0.000E+0
851.31	0.000E+0
851.60	7.282E+0
851.89	1.456E+1
852.18	3.641E+1
852.46	-5.340E+1
852.75	-3.398E+1
853.04	-2.913E+1
853.33	-3.155E+1
853.62	1.699E+1
853.91	9.466E+1
854.19	4.612E+1
854.48	2.427E+1
854.77	-1.068E+2
855.06	5.097E+1
855.35	-3.641E+1
855.63	2.913E+1
855.92	-1.214E+1
856.21	-9.709E+0
856.50	8.010E+1
856.79	-9.709E+0
857.07	2.427E+1
857.36	-6.311E+1
857.65	-1.942E+1
857.94	1.141E+2
858.22	-4.854E+0
858.51	3.155E+1
858.80	1.214E+1
859.08	7.767E+1
859.37	4.612E+1
859.66	6.068E+1
859.95	1.214E+1
860.23	4.612E+1
860.52	-2.913E+1
860.81	-1.214E+1
861.09	-6.068E+1
861.38	2.427E+1
861.67	6.068E+1
861.95	2.913E+1
862.24	1.214E+2
862.53	4.126E+1
862.81	-5.097E+1
863.10	-1.699E+1
863.39	4.369E+1
863.67	-7.039E+1
863.96	-3.884E+1
864.25	5.097E+1
864.53	9.709E+0
864.82	-3.155E+1
865.10	-7.767E+1
865.39	-1.408E+2
865.68	9.709E+0
865.96	-1.942E+1
866.25	9.466E+1
866.53	9.466E+1
866.82	9.466E+1