Wavelength	Intensity	Ocean Optics Flame
nm	counts
187.89	-3.641E+1
188.27	1.456E+1
188.64	-7.282E+0
189.02	8.738E+1
189.40	-4.854E+0
189.78	1.214E+1
190.15	-2.184E+1
190.53	4.854E+0
190.91	-2.913E+1
191.29	-2.427E+0
191.66	-1.214E+1
192.04	4.854E+0
192.42	6.554E+1
192.80	1.311E+2
193.17	2.670E+1
193.55	-5.340E+1
193.93	-4.126E+1
194.30	-2.670E+1
194.68	-4.126E+1
195.06	-9.466E+1
195.44	-6.554E+1
195.81	0.000E+0
196.19	-2.913E+1
196.57	-5.097E+1
196.94	1.068E+2
197.32	7.282E+0
197.70	-5.825E+1
198.07	7.282E+1
198.45	5.097E+1
198.83	9.709E+0
199.20	3.155E+1
199.58	7.282E+1
199.96	4.612E+1
200.33	4.369E+1
200.71	-9.709E+0
201.09	-3.155E+1
201.46	2.670E+1
201.84	3.641E+1
202.22	5.583E+1
202.59	3.398E+1
202.97	8.495E+1
203.34	1.165E+2
203.72	-7.282E+1
204.10	-2.427E+0
204.47	7.282E+0
204.85	1.165E+2
205.23	2.913E+1
205.60	-7.282E+0
205.98	3.155E+1
206.35	2.427E+1
206.73	3.398E+1
207.11	-9.709E+0
207.48	-7.524E+1
207.86	-7.282E+0
208.23	2.427E+0
208.61	-1.699E+1
208.98	8.253E+1
209.36	0.000E+0
209.74	1.238E+2
210.11	-6.068E+1
210.49	8.738E+1
210.86	-1.699E+1
211.24	3.884E+1
211.61	4.126E+1
211.99	0.000E+0
212.36	5.340E+1
212.74	-1.699E+1
213.11	5.340E+1
213.49	7.524E+1
213.87	-2.427E+1
214.24	-2.427E+0
214.62	-3.398E+1
214.99	8.495E+1
215.37	-7.524E+1
215.74	6.068E+1
216.12	4.612E+1
216.49	6.068E+1
216.87	-3.884E+1
217.24	2.184E+1
217.62	3.155E+1
217.99	1.456E+1
218.37	6.554E+1
218.74	0.000E+0
219.11	7.767E+1
219.49	-1.384E+2
219.86	3.155E+1
220.24	1.044E+2
220.61	-2.427E+1
220.99	2.427E+1
221.36	2.427E+1
221.74	2.670E+1
222.11	-5.097E+1
222.49	-1.699E+1
222.86	4.612E+1
223.23	7.039E+1
223.61	-1.942E+1
223.98	1.214E+1
224.36	4.854E+1
224.73	4.854E+1
225.11	2.427E+0
225.48	2.913E+1
225.85	9.709E+1
226.23	3.398E+1
226.60	-7.282E+1
226.98	-3.641E+1
227.35	8.253E+1
227.72	1.019E+2
228.10	6.068E+1
228.47	-3.641E+1
228.84	-2.427E+0
229.22	4.126E+1
229.59	-2.427E+0
229.97	-2.184E+1
230.34	7.524E+1
230.71	2.184E+1
231.09	9.709E+0
231.46	4.854E+1
231.83	-2.427E+0
232.21	9.709E+0
232.58	8.010E+1
232.95	1.942E+1
233.33	4.369E+1
233.70	-4.854E+1
234.07	-6.796E+1
234.45	2.670E+1
234.82	-4.854E+0
235.19	-9.466E+1
235.57	4.854E+1
235.94	-3.884E+1
236.31	-4.854E+1
236.69	2.427E+0
237.06	-2.427E+0
237.43	9.223E+1
237.80	4.369E+1
238.18	-9.709E+0
238.55	8.738E+1
238.92	4.854E+0
239.30	3.641E+1
239.67	1.384E+2
240.04	6.311E+1
240.41	0.000E+0
240.79	2.670E+1
241.16	-5.583E+1
241.53	-4.369E+1
241.90	1.699E+1
242.28	8.738E+1
242.65	5.583E+1
243.02	3.398E+1
243.39	8.981E+1
243.77	-7.524E+1
244.14	-3.398E+1
244.51	2.427E+0
244.88	-5.097E+1
245.25	2.184E+1
245.63	-7.282E+1
246.00	3.641E+1
246.37	-4.126E+1
246.74	1.456E+1
247.11	-9.709E+0
247.49	2.670E+1
247.86	1.335E+2
248.23	9.709E+0
248.60	-1.044E+2
248.97	-4.854E+0
249.35	6.554E+1
249.72	-6.311E+1
250.09	6.796E+1
250.46	-2.427E+0
250.83	-1.699E+1
251.20	-3.641E+1
251.58	4.612E+1
251.95	-1.117E+2
252.32	-2.913E+1
252.69	0.000E+0
253.06	-3.884E+1
253.43	6.554E+1
253.80	3.155E+1
254.17	9.223E+1
254.55	-1.942E+1
254.92	-1.456E+2
255.29	2.670E+1
255.66	5.340E+1
256.03	3.155E+1
256.40	-1.942E+1
256.77	-2.913E+1
257.14	2.427E+0
257.51	7.282E+0
257.88	6.068E+1
258.26	1.456E+1
258.63	8.253E+1
259.00	-7.524E+1
259.37	-2.670E+1
259.74	5.340E+1
260.11	7.524E+1
260.48	2.427E+0
260.85	5.583E+1
261.22	4.369E+1
261.59	-2.184E+1
261.96	1.214E+1
262.33	-6.311E+1
262.70	-6.554E+1
263.07	7.282E+0
263.44	-1.214E+1
263.81	-9.223E+1
264.18	6.554E+1
264.55	-2.184E+1
264.92	-7.282E+1
265.29	-3.884E+1
265.66	-4.126E+1
266.03	1.044E+2
266.40	-9.952E+1
266.77	5.583E+1
267.14	3.398E+1
267.51	8.495E+1
267.88	-9.709E+0
268.25	-9.709E+1
268.62	2.913E+1
268.99	-6.068E+1
269.36	6.554E+1
269.73	-7.282E+1
270.10	-8.253E+1
270.47	6.796E+1
270.84	8.738E+1
271.21	4.854E+1
271.58	1.189E+2
271.95	-6.068E+1
272.32	4.854E+0
272.69	4.369E+1
273.06	-4.854E+1
273.43	-1.214E+1
273.80	-1.165E+2
274.17	4.126E+1
274.53	4.612E+1
274.90	5.340E+1
275.27	-6.068E+1
275.64	2.427E+1
276.01	2.670E+1
276.38	4.369E+1
276.75	2.670E+1
277.12	-3.155E+1
277.49	-2.670E+1
277.86	9.223E+1
278.22	4.126E+1
278.59	8.981E+1
278.96	9.223E+1
279.33	-1.456E+1
279.70	-7.039E+1
280.07	1.214E+1
280.44	4.369E+1
280.80	7.039E+1
281.17	1.044E+2
281.54	-2.427E+0
281.91	8.253E+1
282.28	4.126E+1
282.65	9.223E+1
283.02	4.854E+0
283.38	6.796E+1
283.75	-2.184E+1
284.12	-2.184E+1
284.49	-3.641E+1
284.86	5.583E+1
285.22	-7.767E+1
285.59	2.670E+1
285.96	4.126E+1
286.33	4.369E+1
286.70	-1.942E+1
287.06	2.913E+1
287.43	2.184E+1
287.80	2.427E+1
288.17	1.214E+1
288.53	-5.825E+1
288.90	2.427E+1
289.27	3.884E+1
289.64	7.039E+1
290.01	4.126E+1
290.37	5.340E+1
290.74	7.282E+0
291.11	1.262E+2
291.48	-1.869E+2
291.84	7.282E+0
292.21	1.044E+2
292.58	8.495E+1
292.94	2.427E+1
293.31	4.612E+1
293.68	3.398E+1
294.05	4.854E+1
294.41	-2.427E+1
294.78	-7.039E+1
295.15	6.554E+1
295.51	-1.214E+1
295.88	4.369E+1
296.25	-2.427E+0
296.61	2.670E+1
296.98	-9.709E+1
297.35	6.554E+1
297.72	-1.214E+1
298.08	1.699E+1
298.45	1.456E+1
298.82	2.913E+1
299.18	1.214E+1
299.55	6.068E+1
299.91	-8.253E+1
300.28	7.282E+0
300.65	4.369E+1
301.01	1.699E+1
301.38	-6.311E+1
301.75	7.039E+1
302.11	-5.340E+1
302.48	1.189E+2
302.85	8.010E+1
303.21	7.039E+1
303.58	1.214E+1
303.94	2.427E+0
304.31	4.854E+0
304.68	9.223E+1
305.04	-4.369E+1
305.41	8.738E+1
305.77	-1.019E+2
306.14	-2.427E+0
306.51	2.670E+1
306.87	-4.612E+1
307.24	4.369E+1
307.60	8.010E+1
307.97	-4.854E+0
308.33	4.854E+0
308.70	6.068E+1
309.07	-2.184E+1
309.43	7.524E+1
309.80	5.097E+1
310.16	-2.670E+1
310.53	1.384E+2
310.89	2.427E+1
311.26	7.524E+1
311.62	5.825E+1
311.99	4.854E+1
312.35	-7.282E+0
312.72	-4.612E+1
313.08	1.699E+1
313.45	1.019E+2
313.81	9.709E+1
314.18	2.184E+1
314.54	-5.097E+1
314.91	-8.495E+1
315.27	3.155E+1
315.64	-7.282E+1
316.00	8.495E+1
316.37	9.709E+0
316.73	-1.942E+1
317.10	3.155E+1
317.46	2.184E+1
317.83	1.456E+1
318.19	9.709E+0
318.56	1.942E+1
318.92	7.039E+1
319.28	1.456E+1
319.65	9.952E+1
320.01	4.369E+1
320.38	1.942E+1
320.74	8.981E+1
321.11	4.612E+1
321.47	6.068E+1
321.83	6.068E+1
322.20	3.884E+1
322.56	4.612E+1
322.93	-1.699E+1
323.29	1.942E+1
323.66	7.039E+1
324.02	1.942E+1
324.38	2.184E+1
324.75	8.253E+1
325.11	7.282E+1
325.47	1.384E+2
325.84	2.427E+1
326.20	1.699E+1
326.57	1.699E+1
326.93	-6.554E+1
327.29	4.854E+0
327.66	-1.286E+2
328.02	5.097E+1
328.38	5.340E+1
328.75	9.709E+0
329.11	7.282E+0
329.47	5.583E+1
329.84	5.825E+1
330.20	1.092E+2
330.56	7.282E+1
330.93	6.311E+1
331.29	-2.913E+1
331.65	3.884E+1
332.02	-7.039E+1
332.38	-2.670E+1
332.74	3.641E+1
333.10	-2.427E+1
333.47	4.369E+1
333.83	9.709E+0
334.19	4.126E+1
334.56	3.884E+1
334.92	4.126E+1
335.28	8.495E+1
335.64	-5.340E+1
336.01	9.709E+0
336.37	1.651E+2
336.73	7.282E+0
337.09	6.796E+1
337.46	-3.155E+1
337.82	0.000E+0
338.18	1.214E+2
338.54	-1.699E+1
338.91	3.398E+1
339.27	-2.184E+1
339.63	1.456E+1
339.99	-2.184E+1
340.36	-8.010E+1
340.72	-7.282E+0
341.08	1.141E+2
341.44	2.427E+0
341.80	-1.699E+1
342.17	2.184E+1
342.53	4.369E+1
342.89	-2.184E+1
343.25	9.709E+0
343.61	-1.602E+2
343.98	8.981E+1
344.34	1.699E+1
344.70	5.583E+1
345.06	-2.913E+1
345.42	3.641E+1
345.78	-5.097E+1
346.14	-1.456E+1
346.51	0.000E+0
346.87	4.369E+1
347.23	5.097E+1
347.59	8.981E+1
347.95	7.524E+1
348.31	1.359E+2
348.67	2.427E+0
349.04	5.825E+1
349.40	-1.456E+1
349.76	-4.854E+1
350.12	-3.884E+1
350.48	1.699E+1
350.84	4.854E+0
351.20	-2.427E+0
351.56	1.068E+2
351.92	2.913E+1
352.28	2.427E+0
352.65	8.981E+1
353.01	7.282E+0
353.37	1.456E+1
353.73	-4.854E+0
354.09	5.340E+1
354.45	-2.670E+1
354.81	1.238E+2
355.17	4.126E+1
355.53	1.044E+2
355.89	2.670E+1
356.25	-1.699E+1
356.61	6.311E+1
356.97	4.612E+1
357.33	3.398E+1
357.69	1.286E+2
358.05	9.709E+1
358.41	-1.699E+1
358.77	1.117E+2
359.13	8.010E+1
359.49	1.141E+2
359.85	4.369E+1
360.21	6.311E+1
360.57	2.427E+0
360.93	5.097E+1
361.29	1.384E+2
361.65	9.952E+1
362.01	1.214E+1
362.37	1.189E+2
362.73	2.670E+1
363.09	-2.184E+1
363.45	1.602E+2
363.81	1.214E+2
364.17	8.253E+1
364.53	2.670E+1
364.89	4.369E+1
365.25	2.670E+1
365.61	8.981E+1
365.97	3.155E+1
366.33	1.044E+2
366.69	4.612E+1
367.05	8.495E+1
367.40	1.505E+2
367.76	9.709E+0
368.12	1.141E+2
368.48	3.884E+1
368.84	6.068E+1
369.20	8.495E+1
369.56	4.369E+1
369.92	1.019E+2
370.28	1.117E+2
370.63	1.117E+2
370.99	9.709E+0
371.35	1.044E+2
371.71	7.282E+0
372.07	5.583E+1
372.43	1.189E+2
372.79	1.359E+2
373.15	1.723E+2
373.50	1.699E+2
373.86	1.092E+2
374.22	7.767E+1
374.58	7.767E+1
374.94	1.214E+2
375.30	1.384E+2
375.65	2.937E+2
376.01	1.699E+2
376.37	2.184E+2
376.73	1.918E+2
377.09	1.553E+2
377.44	1.311E+2
377.80	2.646E+2
378.16	1.238E+2
378.52	3.204E+2
378.88	3.447E+2
379.23	3.471E+2
379.59	2.937E+2
379.95	3.131E+2
380.31	4.709E+2
380.66	4.927E+2
381.02	5.388E+2
381.38	5.898E+2
381.74	5.655E+2
382.09	7.840E+2
382.45	7.233E+2
382.81	7.937E+2
383.17	7.112E+2
383.52	9.685E+2
383.88	1.058E+3
384.24	1.371E+3
384.60	1.456E+3
384.95	1.510E+3
385.31	1.699E+3
385.67	1.927E+3
386.02	2.066E+3
386.38	2.296E+3
386.74	2.619E+3
387.10	2.869E+3
387.45	3.134E+3
387.81	3.357E+3
388.17	3.944E+3
388.52	4.286E+3
388.88	4.818E+3
389.24	5.003E+3
389.59	5.636E+3
389.95	6.153E+3
390.31	6.648E+3
390.66	7.277E+3
391.02	7.825E+3
391.38	8.522E+3
391.73	9.731E+3
392.09	1.063E+4
392.44	1.150E+4
392.80	1.235E+4
393.16	1.346E+4
393.51	1.438E+4
393.87	1.527E+4
394.23	1.654E+4
394.58	1.759E+4
394.94	1.873E+4
395.29	2.018E+4
395.65	2.160E+4
396.01	2.391E+4
396.36	2.526E+4
396.72	2.677E+4
397.07	2.790E+4
397.43	3.025E+4
397.78	3.105E+4
398.14	3.299E+4
398.50	3.472E+4
398.85	3.650E+4
399.21	3.777E+4
399.56	4.126E+4
399.92	4.244E+4
400.27	4.515E+4
400.63	4.665E+4
400.98	4.844E+4
401.34	4.998E+4
401.69	5.075E+4
402.05	5.169E+4
402.40	5.286E+4
402.76	5.334E+4
403.11	5.406E+4
403.47	5.562E+4
403.82	5.504E+4
404.18	5.663E+4
404.53	5.647E+4
404.89	5.773E+4
405.24	5.738E+4
405.60	5.704E+4
405.95	5.663E+4
406.31	5.541E+4
406.66	5.441E+4
407.02	5.277E+4
407.37	5.168E+4
407.73	4.988E+4
408.08	4.849E+4
408.44	4.657E+4
408.79	4.480E+4
409.14	4.311E+4
409.50	4.074E+4
409.85	3.826E+4
410.21	3.559E+4
410.56	3.350E+4
410.92	3.069E+4
411.27	2.848E+4
411.62	2.651E+4
411.98	2.430E+4
412.33	2.201E+4
412.69	2.073E+4
413.04	1.940E+4
413.39	1.789E+4
413.75	1.667E+4
414.10	1.559E+4
414.45	1.455E+4
414.81	1.364E+4
415.16	1.261E+4
415.52	1.179E+4
415.87	1.095E+4
416.22	1.003E+4
416.58	9.316E+3
416.93	9.109E+3
417.28	8.456E+3
417.64	7.920E+3
417.99	7.658E+3
418.34	7.192E+3
418.70	6.587E+3
419.05	6.214E+3
419.40	6.134E+3
419.76	5.512E+3
420.11	5.503E+3
420.46	5.032E+3
420.81	4.811E+3
421.17	4.682E+3
421.52	4.151E+3
421.87	3.952E+3
422.23	3.818E+3
422.58	3.580E+3
422.93	3.199E+3
423.28	2.978E+3
423.64	2.956E+3
423.99	2.893E+3
424.34	2.490E+3
424.69	2.420E+3
425.05	2.371E+3
425.40	2.187E+3
425.75	2.053E+3
426.10	2.041E+3
426.46	1.857E+3
426.81	1.842E+3
427.16	1.748E+3
427.51	1.488E+3
427.87	1.532E+3
428.22	1.447E+3
428.57	1.405E+3
428.92	1.369E+3
429.27	1.342E+3
429.63	1.131E+3
429.98	1.175E+3
430.33	1.201E+3
430.68	1.180E+3
431.03	1.092E+3
431.38	1.124E+3
431.74	9.272E+2
432.09	1.051E+3
432.44	9.539E+2
432.79	9.345E+2
433.14	9.199E+2
433.49	8.811E+2
433.85	9.321E+2
434.20	9.029E+2
434.55	7.694E+2
434.90	7.306E+2
435.25	6.942E+2
435.60	6.748E+2
435.95	6.408E+2
436.30	6.699E+2
436.66	6.820E+2
437.01	6.869E+2
437.36	5.655E+2
437.71	5.631E+2
438.06	5.097E+2
438.41	5.534E+2
438.76	4.709E+2
439.11	4.078E+2
439.46	4.466E+2
439.81	4.345E+2
440.16	5.291E+2
440.52	4.151E+2
440.87	4.709E+2
441.22	3.884E+2
441.57	3.714E+2
441.92	3.083E+2
442.27	2.913E+2
442.62	2.354E+2
442.97	3.544E+2
443.32	2.840E+2
443.67	2.791E+2
444.02	3.058E+2
444.37	2.257E+2
444.72	2.160E+2
445.07	3.180E+2
445.42	2.306E+2
445.77	3.034E+2
446.12	2.888E+2
446.47	2.184E+2
446.82	2.087E+2
447.17	1.651E+2
447.52	2.160E+2
447.87	2.379E+2
448.22	2.063E+2
448.57	1.286E+2
448.92	1.893E+2
449.27	1.408E+2
449.62	1.481E+2
449.97	1.359E+2
450.32	1.553E+2
450.66	1.529E+2
451.01	1.432E+2
451.36	1.359E+2
451.71	1.456E+2
452.06	1.942E+2
452.41	1.602E+2
452.76	1.384E+2
453.11	1.117E+2
453.46	4.369E+1
453.81	9.709E+1
454.16	9.466E+1
454.51	1.044E+2
454.85	1.529E+2
455.20	1.869E+2
455.55	9.709E+0
455.90	1.092E+2
456.25	1.262E+2
456.60	1.262E+2
456.95	6.554E+1
457.30	1.553E+2
457.64	1.602E+2
457.99	6.311E+1
458.34	1.165E+2
458.69	1.238E+2
459.04	4.854E+1
459.39	6.068E+1
459.73	1.044E+2
460.08	1.505E+2
460.43	7.282E+0
460.78	6.311E+1
461.13	7.767E+1
461.48	1.214E+1
461.82	7.039E+1
462.17	3.641E+1
462.52	3.641E+1
462.87	1.165E+2
463.21	9.466E+1
463.56	5.825E+1
463.91	1.092E+2
464.26	9.709E+0
464.61	1.214E+2
464.95	7.767E+1
465.30	5.340E+1
465.65	4.126E+1
466.00	0.000E+0
466.34	8.495E+1
466.69	2.427E+1
467.04	8.495E+1
467.39	1.068E+2
467.73	3.398E+1
468.08	6.311E+1
468.43	7.039E+1
468.77	9.223E+1
469.12	6.796E+1
469.47	1.141E+2
469.82	-7.524E+1
470.16	1.699E+2
470.51	5.583E+1
470.86	4.369E+1
471.20	8.010E+1
471.55	4.612E+1
471.90	9.952E+1
472.24	4.369E+1
472.59	2.427E+0
472.94	1.214E+2
473.28	1.141E+2
473.63	9.709E+1
473.98	-3.641E+1
474.32	4.126E+1
474.67	-7.282E+0
475.02	8.495E+1
475.36	1.068E+2
475.71	3.155E+1
476.06	2.427E+0
476.40	7.767E+1
476.75	1.699E+2
477.09	4.369E+1
477.44	4.612E+1
477.79	7.282E+1
478.13	1.602E+2
478.48	2.427E+0
478.82	3.641E+1
479.17	6.311E+1
479.52	7.039E+1
479.86	7.039E+1
480.21	4.854E+1
480.55	2.427E+0
480.90	4.612E+1
481.24	4.612E+1
481.59	2.184E+1
481.94	3.884E+1
482.28	7.524E+1
482.63	4.369E+1
482.97	1.699E+1
483.32	5.340E+1
483.66	-2.913E+1
484.01	-4.854E+1
484.35	2.184E+1
484.70	-4.126E+1
485.04	3.641E+1
485.39	9.709E+0
485.73	4.854E+1
486.08	1.942E+1
486.42	4.612E+1
486.77	-1.165E+2
487.11	1.311E+2
487.46	9.709E+0
487.80	4.854E+0
488.15	9.709E+0
488.49	-1.456E+1
488.84	6.068E+1
489.18	2.427E+1
489.53	-8.495E+1
489.87	-3.398E+1
490.21	9.466E+1
490.56	3.155E+1
490.90	1.699E+1
491.25	7.282E+1
491.59	2.427E+0
491.94	8.010E+1
492.28	2.184E+1
492.62	7.039E+1
492.97	-7.524E+1
493.31	6.068E+1
493.66	8.981E+1
494.00	6.554E+1
494.34	1.262E+2
494.69	-1.456E+1
495.03	7.039E+1
495.38	5.340E+1
495.72	-6.311E+1
496.06	-2.427E+1
496.41	1.699E+1
496.75	-5.340E+1
497.09	2.670E+1
497.44	-1.699E+1
497.78	4.612E+1
498.13	-9.223E+1
498.47	-6.068E+1
498.81	8.495E+1
499.16	-2.913E+1
499.50	-2.913E+1
499.84	-4.612E+1
500.19	-4.369E+1
500.53	-4.369E+1
500.87	9.709E+0
501.21	6.796E+1
501.56	3.884E+1
501.90	4.612E+1
502.24	7.524E+1
502.59	1.262E+2
502.93	5.340E+1
503.27	3.884E+1
503.61	-1.699E+1
503.96	2.427E+0
504.30	-9.709E+0
504.64	-2.427E+0
504.99	9.709E+0
505.33	-4.126E+1
505.67	2.670E+1
506.01	8.738E+1
506.36	-1.942E+1
506.70	1.311E+2
507.04	-1.141E+2
507.38	5.825E+1
507.72	6.311E+1
508.07	2.427E+1
508.41	2.184E+1
508.75	-2.427E+1
509.09	1.117E+2
509.44	1.699E+1
509.78	-1.214E+1
510.12	2.913E+1
510.46	5.583E+1
510.80	6.068E+1
511.14	7.282E+0
511.49	1.214E+1
511.83	2.913E+1
512.17	-4.854E+0
512.51	1.044E+2
512.85	-5.097E+1
513.19	-7.767E+1
513.54	0.000E+0
513.88	-7.039E+1
514.22	-1.214E+1
514.56	1.335E+2
514.90	6.796E+1
515.24	-9.709E+0
515.58	1.141E+2
515.93	-8.010E+1
516.27	5.825E+1
516.61	4.854E+1
516.95	4.854E+0
517.29	7.282E+0
517.63	-1.019E+2
517.97	4.854E+0
518.31	5.825E+1
518.65	-3.155E+1
518.99	-9.709E+0
519.33	-2.184E+1
519.67	-7.282E+0
520.02	4.369E+1
520.36	2.184E+1
520.70	-9.223E+1
521.04	1.699E+1
521.38	9.709E+0
521.72	1.699E+1
522.06	1.699E+1
522.40	6.068E+1
522.74	3.641E+1
523.08	6.311E+1
523.42	-4.612E+1
523.76	-2.913E+1
524.10	-4.126E+1
524.44	2.427E+0
524.78	-4.126E+1
525.12	6.311E+1
525.46	9.709E+0
525.80	-3.641E+1
526.14	2.427E+0
526.48	-4.369E+1
526.82	-1.335E+2
527.16	-1.456E+1
527.50	5.340E+1
527.84	9.709E+0
528.18	5.583E+1
528.52	2.184E+1
528.86	5.097E+1
529.20	8.010E+1
529.54	2.427E+1
529.87	-7.282E+0
530.21	-9.709E+0
530.55	-4.126E+1
530.89	9.223E+1
531.23	-2.427E+0
531.57	6.554E+1
531.91	3.398E+1
532.25	1.699E+1
532.59	2.184E+1
532.93	1.141E+2
533.27	9.709E+1
533.60	7.282E+0
533.94	1.214E+2
534.28	3.398E+1
534.62	-1.214E+1
534.96	5.825E+1
535.30	1.141E+2
535.64	-3.641E+1
535.98	4.126E+1
536.31	7.524E+1
536.65	1.019E+2
536.99	5.097E+1
537.33	-8.738E+1
537.67	-2.670E+1
538.01	7.524E+1
538.34	3.155E+1
538.68	7.282E+0
539.02	-7.282E+1
539.36	8.738E+1
539.70	-4.854E+0
540.03	-4.854E+1
540.37	1.699E+1
540.71	-3.641E+1
541.05	-3.398E+1
541.39	2.670E+1
541.72	-4.854E+0
542.06	-1.942E+1
542.40	-9.223E+1
542.74	1.699E+1
543.07	7.282E+1
543.41	-3.155E+1
543.75	6.796E+1
544.09	7.282E+0
544.42	1.068E+2
544.76	1.044E+2
545.10	-2.427E+0
545.44	-4.854E+0
545.77	-8.495E+1
546.11	-3.398E+1
546.45	-1.092E+2
546.78	-1.699E+1
547.12	-5.097E+1
547.46	-4.854E+0
547.80	4.612E+1
548.13	4.126E+1
548.47	-1.456E+1
548.81	0.000E+0
549.14	-8.981E+1
549.48	5.340E+1
549.82	6.068E+1
550.15	4.126E+1
550.49	5.340E+1
550.83	-2.670E+1
551.16	5.583E+1
551.50	2.427E+0
551.84	4.612E+1
552.17	3.641E+1
552.51	-9.709E+0
552.84	4.369E+1
553.18	-1.456E+1
553.52	2.427E+0
553.85	1.189E+2
554.19	0.000E+0
554.53	-7.282E+0
554.86	2.427E+0
555.20	5.825E+1
555.53	6.311E+1
555.87	-9.709E+0
556.20	-8.010E+1
556.54	8.738E+1
556.88	9.709E+0
557.21	2.427E+0
557.55	6.796E+1
557.88	1.456E+2
558.22	-2.427E+1
558.55	1.214E+2
558.89	6.554E+1
559.23	1.456E+1
559.56	2.427E+1
559.90	5.097E+1
560.23	-3.641E+1
560.57	5.097E+1
560.90	-2.670E+1
561.24	1.699E+1
561.57	8.253E+1
561.91	-8.253E+1
562.24	0.000E+0
562.58	7.767E+1
562.91	5.583E+1
563.25	-4.126E+1
563.58	-1.238E+2
563.92	2.427E+1
564.25	5.825E+1
564.59	5.340E+1
564.92	1.942E+1
565.25	1.068E+2
565.59	8.010E+1
565.92	-6.311E+1
566.26	1.699E+1
566.59	0.000E+0
566.93	-4.854E+1
567.26	6.311E+1
567.60	3.641E+1
567.93	2.427E+0
568.26	-3.884E+1
568.60	-1.456E+1
568.93	6.554E+1
569.27	1.214E+1
569.60	-5.097E+1
569.93	-9.223E+1
570.27	-2.427E+0
570.60	1.699E+1
570.94	5.583E+1
571.27	-1.214E+1
571.60	8.495E+1
571.94	5.583E+1
572.27	3.398E+1
572.60	6.796E+1
572.94	5.583E+1
573.27	-4.854E+0
573.60	1.214E+1
573.94	3.641E+1
574.27	-4.854E+0
574.60	2.427E+0
574.94	3.155E+1
575.27	-6.068E+1
575.60	1.456E+1
575.94	2.184E+1
576.27	8.738E+1
576.60	5.097E+1
576.94	-4.612E+1
577.27	-2.184E+1
577.60	2.913E+1
577.94	4.854E+0
578.27	7.524E+1
578.60	-1.942E+1
578.93	-4.854E+1
579.27	4.854E+0
579.60	-3.155E+1
579.93	2.427E+0
580.26	2.913E+1
580.60	1.748E+2
580.93	1.141E+2
581.26	3.398E+1
581.59	-5.825E+1
581.93	8.253E+1
582.26	4.854E+0
582.59	6.068E+1
582.92	7.282E+0
583.25	-3.398E+1
583.59	3.155E+1
583.92	-2.184E+1
584.25	1.262E+2
584.58	-6.554E+1
584.91	-1.214E+1
585.25	2.184E+1
585.58	-1.456E+1
585.91	-2.913E+1
586.24	6.311E+1
586.57	4.612E+1
586.90	1.626E+2
587.24	-1.699E+1
587.57	4.369E+1
587.90	3.641E+1
588.23	3.398E+1
588.56	5.340E+1
588.89	-2.913E+1
589.22	1.238E+2
589.56	0.000E+0
589.89	-3.155E+1
590.22	8.495E+1
590.55	1.942E+1
590.88	-9.223E+1
591.21	1.214E+2
591.54	4.369E+1
591.87	-4.854E+0
592.20	1.214E+2
592.53	-5.583E+1
592.87	3.155E+1
593.20	7.039E+1
593.53	4.126E+1
593.86	6.554E+1
594.19	-2.670E+1
594.52	-7.524E+1
594.85	7.282E+0
595.18	-3.884E+1
595.51	3.641E+1
595.84	8.738E+1
596.17	-5.583E+1
596.50	-2.670E+1
596.83	-4.369E+1
597.16	-9.466E+1
597.49	-4.854E+1
597.82	5.825E+1
598.15	-9.952E+1
598.48	-8.010E+1
598.81	-7.282E+1
599.14	1.942E+1
599.47	1.165E+2
599.80	3.155E+1
600.13	-1.699E+1
600.46	5.097E+1
600.79	5.340E+1
601.12	4.854E+1
601.45	-4.854E+0
601.78	4.854E+0
602.11	4.854E+1
602.44	-7.282E+0
602.77	4.854E+1
603.10	-2.184E+1
603.42	1.214E+1
603.75	0.000E+0
604.08	-6.311E+1
604.41	-1.942E+1
604.74	2.184E+1
605.07	4.369E+1
605.40	1.019E+2
605.73	-4.126E+1
606.06	-4.854E+0
606.39	-3.155E+1
606.71	7.282E+0
607.04	-5.097E+1
607.37	-2.670E+1
607.70	-3.641E+1
608.03	8.010E+1
608.36	3.641E+1
608.69	4.126E+1
609.02	4.854E+1
609.34	3.884E+1
609.67	2.184E+1
610.00	-6.311E+1
610.33	-2.184E+1
610.66	8.738E+1
610.98	0.000E+0
611.31	-1.699E+1
611.64	-4.612E+1
611.97	7.282E+0
612.30	-6.796E+1
612.63	-4.854E+0
612.95	6.796E+1
613.28	9.709E+0
613.61	-7.282E+0
613.94	4.854E+1
614.26	-4.612E+1
614.59	8.253E+1
614.92	-1.456E+1
615.25	-1.068E+2
615.57	6.796E+1
615.90	1.456E+1
616.23	2.427E+0
616.56	3.155E+1
616.88	8.738E+1
617.21	8.253E+1
617.54	-1.699E+1
617.87	2.427E+0
618.19	-4.854E+0
618.52	-1.408E+2
618.85	-5.583E+1
619.17	1.044E+2
619.50	4.126E+1
619.83	1.141E+2
620.15	-2.670E+1
620.48	-2.913E+1
620.81	7.524E+1
621.14	-2.913E+1
621.46	2.184E+1
621.79	5.583E+1
622.11	5.340E+1
622.44	-4.126E+1
622.77	1.456E+1
623.09	2.913E+1
623.42	-2.427E+0
623.75	7.282E+0
624.07	7.282E+1
624.40	3.641E+1
624.73	8.253E+1
625.05	4.126E+1
625.38	1.942E+1
625.70	5.583E+1
626.03	-3.398E+1
626.36	3.155E+1
626.68	-3.155E+1
627.01	-3.398E+1
627.33	2.913E+1
627.66	2.184E+1
627.99	4.854E+1
628.31	1.044E+2
628.64	8.981E+1
628.96	4.854E+1
629.29	5.340E+1
629.61	1.262E+2
629.94	4.612E+1
630.26	4.369E+1
630.59	-4.369E+1
630.91	-5.097E+1
631.24	4.369E+1
631.57	-2.427E+1
631.89	-6.068E+1
632.22	-3.641E+1
632.54	5.583E+1
632.87	8.495E+1
633.19	2.184E+1
633.52	-7.524E+1
633.84	3.398E+1
634.16	1.942E+1
634.49	1.432E+2
634.81	-7.282E+1
635.14	-1.456E+1
635.46	5.097E+1
635.79	7.767E+1
636.11	1.942E+1
636.44	-2.184E+1
636.76	-2.184E+1
637.09	3.641E+1
637.41	-7.767E+1
637.73	7.282E+1
638.06	-3.398E+1
638.38	-9.709E+0
638.71	7.767E+1
639.03	8.738E+1
639.36	7.524E+1
639.68	-3.155E+1
640.00	7.767E+1
640.33	0.000E+0
640.65	-4.854E+1
640.97	-4.126E+1
641.30	-8.981E+1
641.62	-3.884E+1
641.95	1.942E+1
642.27	1.456E+1
642.59	-4.854E+0
642.92	-4.369E+1
643.24	4.854E+0
643.56	5.340E+1
643.89	-2.427E+0
644.21	3.641E+1
644.53	-7.039E+1
644.86	-2.670E+1
645.18	-2.427E+0
645.50	1.068E+2
645.83	1.117E+2
646.15	-4.854E+0
646.47	-7.282E+0
646.80	9.466E+1
647.12	3.884E+1
647.44	-3.155E+1
647.76	-5.583E+1
648.09	7.524E+1
648.41	8.495E+1
648.73	-2.913E+1
649.05	-3.641E+1
649.38	3.641E+1
649.70	4.369E+1
650.02	6.311E+1
650.34	-1.942E+1
650.67	4.854E+1
650.99	1.214E+1
651.31	-1.699E+1
651.63	1.214E+1
651.96	-4.369E+1
652.28	-3.398E+1
652.60	3.155E+1
652.92	-7.039E+1
653.24	-2.427E+0
653.57	1.335E+2
653.89	1.214E+1
654.21	6.311E+1
654.53	-7.767E+1
654.85	-5.825E+1
655.18	4.612E+1
655.50	2.427E+1
655.82	4.126E+1
656.14	1.942E+1
656.46	4.854E+0
656.78	6.311E+1
657.10	2.427E+0
657.43	-4.612E+1
657.75	-5.340E+1
658.07	-7.282E+0
658.39	7.524E+1
658.71	-7.282E+0
659.03	5.583E+1
659.35	-5.583E+1
659.67	-4.854E+0
659.99	3.155E+1
660.32	5.583E+1
660.64	-4.854E+0
660.96	9.709E+1
661.28	-3.155E+1
661.60	1.214E+1
661.92	7.282E+0
662.24	-4.126E+1
662.56	-5.340E+1
662.88	-2.184E+1
663.20	-7.524E+1
663.52	-2.913E+1
663.84	2.427E+0
664.16	-7.039E+1
664.48	6.068E+1
664.80	9.709E+0
665.12	-4.854E+0
665.44	-9.709E+0
665.76	1.214E+1
666.08	-5.825E+1
666.40	4.369E+1
666.72	1.214E+1
667.04	-1.456E+1
667.36	2.427E+1
667.68	-1.942E+1
668.00	-1.092E+2
668.32	-2.913E+1
668.64	4.612E+1
668.96	4.126E+1
669.28	6.796E+1
669.60	-6.068E+1
669.92	-4.854E+0
670.24	-4.854E+0
670.56	-1.117E+2
670.88	7.282E+1
671.20	-2.427E+1
671.52	-4.612E+1
671.84	4.126E+1
672.16	-1.189E+2
672.47	-1.214E+1
672.79	-4.612E+1
673.11	3.398E+1
673.43	-5.340E+1
673.75	-1.553E+2
674.07	-1.456E+1
674.39	2.913E+1
674.71	7.524E+1
675.03	-3.641E+1
675.34	-4.369E+1
675.66	2.427E+0
675.98	-2.427E+1
676.30	1.942E+1
676.62	-8.738E+1
676.94	8.010E+1
677.25	7.282E+1
677.57	7.039E+1
677.89	-6.796E+1
678.21	-4.854E+1
678.53	3.641E+1
678.85	-7.039E+1
679.16	1.214E+1
679.48	-4.854E+1
679.80	-7.767E+1
680.12	4.126E+1
680.44	-2.427E+0
680.75	2.184E+1
681.07	-5.825E+1
681.39	3.398E+1
681.71	-4.126E+1
682.02	2.427E+0
682.34	-5.340E+1
682.66	3.884E+1
682.98	-2.427E+0
683.29	9.223E+1
683.61	1.189E+2
683.93	6.554E+1
684.25	-5.340E+1
684.56	1.214E+1
684.88	1.238E+2
685.20	-3.398E+1
685.51	-2.913E+1
685.83	2.184E+1
686.15	-2.670E+1
686.47	-4.612E+1
686.78	2.670E+1
687.10	3.884E+1
687.42	3.155E+1
687.73	-2.670E+1
688.05	4.612E+1
688.37	-2.427E+0
688.68	-1.942E+1
689.00	3.641E+1
689.32	0.000E+0
689.63	2.427E+0
689.95	7.767E+1
690.26	-9.709E+0
690.58	-4.126E+1
690.90	5.340E+1
691.21	-5.825E+1
691.53	-3.398E+1
691.85	-3.398E+1
692.16	1.942E+1
692.48	8.495E+1
692.79	-1.262E+2
693.11	-4.126E+1
693.42	-7.039E+1
693.74	-6.796E+1
694.06	-7.524E+1
694.37	1.942E+1
694.69	4.369E+1
695.00	7.524E+1
695.32	3.398E+1
695.63	-8.010E+1
695.95	-3.884E+1
696.26	9.952E+1
696.58	-2.184E+1
696.90	5.097E+1
697.21	-9.709E+1
697.53	-6.796E+1
697.84	-6.311E+1
698.16	-2.913E+1
698.47	5.583E+1
698.79	9.709E+0
699.10	9.709E+0
699.42	-4.126E+1
699.73	1.456E+1
700.05	1.238E+2
700.36	0.000E+0
700.68	1.942E+1
700.99	-1.602E+2
701.30	-2.427E+0
701.62	4.854E+0
701.93	5.825E+1
702.25	1.456E+1
702.56	-2.670E+1
702.88	-1.214E+1
703.19	5.583E+1
703.50	1.165E+2
703.82	-2.670E+1
704.13	4.612E+1
704.45	2.427E+0
704.76	2.670E+1
705.08	1.456E+2
705.39	-1.529E+2
705.70	4.854E+0
706.02	3.884E+1
706.33	7.282E+1
706.64	5.340E+1
706.96	1.699E+1
707.27	2.670E+1
707.59	-1.019E+2
707.90	-6.554E+1
708.21	-1.214E+1
708.53	1.456E+1
708.84	4.854E+0
709.15	2.184E+1
709.47	-7.282E+0
709.78	8.010E+1
710.09	4.126E+1
710.41	-3.641E+1
710.72	-9.709E+0
711.03	2.427E+1
711.34	-4.612E+1
711.66	1.456E+1
711.97	6.068E+1
712.28	-7.282E+1
712.60	3.155E+1
712.91	-3.884E+1
713.22	-3.641E+1
713.53	9.709E+0
713.85	-6.068E+1
714.16	-6.068E+1
714.47	-3.884E+1
714.78	9.223E+1
715.10	-1.456E+1
715.41	9.709E+0
715.72	3.155E+1
716.03	1.456E+1
716.35	-2.670E+1
716.66	-2.670E+1
716.97	3.884E+1
717.28	-4.369E+1
717.59	-2.184E+1
717.91	-2.670E+1
718.22	-4.854E+0
718.53	-7.282E+1
718.84	1.214E+1
719.15	3.155E+1
719.46	7.524E+1
719.78	6.554E+1
720.09	4.126E+1
720.40	4.126E+1
720.71	2.184E+1
721.02	-3.398E+1
721.33	-9.709E+0
721.65	2.427E+0
721.96	-2.427E+0
722.27	-1.553E+2
722.58	-6.068E+1
722.89	1.942E+1
723.20	-1.214E+1
723.51	-3.884E+1
723.82	-7.282E+1
724.13	-5.583E+1
724.45	-7.282E+1
724.76	2.184E+1
725.07	-7.767E+1
725.38	-6.068E+1
725.69	1.942E+1
726.00	2.427E+0
726.31	-2.427E+0
726.62	-7.282E+1
726.93	5.825E+1
727.24	2.427E+1
727.55	1.165E+2
727.86	-5.097E+1
728.17	-7.524E+1
728.48	4.854E+0
728.79	2.184E+1
729.10	-1.942E+1
729.41	4.854E+1
729.72	3.155E+1
730.03	1.214E+1
730.34	1.044E+2
730.65	6.311E+1
730.96	1.117E+2
731.27	4.854E+0
731.58	-1.286E+2
731.89	3.155E+1
732.20	-1.699E+1
732.51	-1.699E+1
732.82	-1.699E+1
733.13	3.398E+1
733.44	-1.456E+1
733.75	2.184E+1
734.06	-2.670E+1
734.37	8.253E+1
734.68	3.641E+1
734.98	-1.214E+1
735.29	3.398E+1
735.60	8.253E+1
735.91	-7.039E+1
736.22	-6.311E+1
736.53	-7.282E+1
736.84	-4.126E+1
737.15	1.214E+1
737.46	1.214E+1
737.77	-3.155E+1
738.07	-1.044E+2
738.38	-5.097E+1
738.69	1.626E+2
739.00	3.641E+1
739.31	-1.456E+1
739.62	2.913E+1
739.92	-8.495E+1
740.23	-8.010E+1
740.54	-6.796E+1
740.85	-4.612E+1
741.16	-3.884E+1
741.47	1.942E+1
741.77	0.000E+0
742.08	9.709E+1
742.39	1.214E+1
742.70	-1.117E+2
743.01	1.068E+2
743.31	-9.709E+0
743.62	-9.709E+0
743.93	1.699E+1
744.24	3.155E+1
744.54	1.408E+2
744.85	-4.854E+0
745.16	-1.942E+1
745.47	3.398E+1
745.77	1.942E+1
746.08	3.155E+1
746.39	4.612E+1
746.70	3.884E+1
747.00	2.427E+0
747.31	9.709E+0
747.62	-2.427E+1
747.92	-2.670E+1
748.23	-9.709E+1
748.54	4.612E+1
748.84	-3.884E+1
749.15	1.699E+1
749.46	-4.854E+0
749.76	9.709E+0
750.07	-1.189E+2
750.38	3.398E+1
750.68	2.670E+1
750.99	-1.214E+1
751.30	-1.456E+1
751.60	2.670E+1
751.91	-1.214E+1
752.22	4.854E+1
752.52	-1.019E+2
752.83	-8.981E+1
753.14	5.583E+1
753.44	-6.796E+1
753.75	4.369E+1
754.05	-7.039E+1
754.36	-4.369E+1
754.67	-4.369E+1
754.97	7.767E+1
755.28	-2.184E+1
755.58	-7.282E+0
755.89	2.184E+1
756.19	3.155E+1
756.50	6.796E+1
756.81	0.000E+0
757.11	-3.884E+1
757.42	-7.282E+0
757.72	-7.282E+1
758.03	2.913E+1
758.33	2.427E+1
758.64	0.000E+0
758.94	3.398E+1
759.25	-6.554E+1
759.55	-2.913E+1
759.86	-1.214E+1
760.16	4.369E+1
760.47	-2.427E+0
760.77	-7.282E+1
761.08	-3.398E+1
761.38	-9.709E+1
761.69	1.214E+1
761.99	2.427E+0
762.30	-6.554E+1
762.60	1.626E+2
762.91	-4.854E+1
763.21	2.670E+1
763.51	-5.583E+1
763.82	5.583E+1
764.12	3.641E+1
764.43	1.456E+1
764.73	6.796E+1
765.04	-4.612E+1
765.34	6.311E+1
765.64	4.854E+0
765.95	2.427E+0
766.25	9.709E+0
766.56	7.282E+0
766.86	-1.214E+1
767.16	7.282E+0
767.47	-2.427E+0
767.77	0.000E+0
768.07	-3.155E+1
768.38	-9.466E+1
768.68	7.282E+0
768.98	-7.282E+0
769.29	-5.825E+1
769.59	-1.481E+2
769.89	-8.253E+1
770.20	-5.825E+1
770.50	1.092E+2
770.80	3.884E+1
771.11	-7.524E+1
771.41	1.214E+1
771.71	8.253E+1
772.02	0.000E+0
772.32	1.456E+1
772.62	-8.738E+1
772.93	2.427E+1
773.23	-5.097E+1
773.53	-9.709E+0
773.83	7.282E+0
774.14	4.854E+1
774.44	-9.952E+1
774.74	1.359E+2
775.04	1.456E+1
775.35	-8.981E+1
775.65	5.825E+1
775.95	-3.155E+1
776.25	5.340E+1
776.55	3.641E+1
776.86	-1.942E+1
777.16	-1.456E+1
777.46	-5.340E+1
777.76	-3.155E+1
778.06	5.825E+1
778.37	4.369E+1
778.67	-7.282E+0
778.97	7.524E+1
779.27	-9.223E+1
779.57	4.854E+0
779.88	6.068E+1
780.18	-8.738E+1
780.48	7.282E+0
780.78	-6.068E+1
781.08	-1.432E+2
781.38	-2.427E+0
781.68	6.311E+1
781.98	2.427E+1
782.29	4.854E+1
782.59	1.384E+2
782.89	-2.427E+0
783.19	-3.641E+1
783.49	5.583E+1
783.79	1.068E+2
784.09	-7.282E+0
784.39	3.641E+1
784.69	9.223E+1
784.99	7.767E+1
785.30	0.000E+0
785.60	-1.214E+1
785.90	1.942E+1
786.20	2.427E+0
786.50	3.884E+1
786.80	8.253E+1
787.10	3.641E+1
787.40	5.340E+1
787.70	4.612E+1
788.00	-7.282E+1
788.30	-5.583E+1
788.60	-1.699E+1
788.90	-8.495E+1
789.20	-6.068E+1
789.50	-1.092E+2
789.80	-1.214E+1
790.10	-3.398E+1
790.40	-4.612E+1
790.70	4.854E+0
791.00	1.942E+1
791.30	-4.854E+0
791.60	4.126E+1
791.90	5.097E+1
792.20	1.214E+1
792.50	2.913E+1
792.79	7.524E+1
793.09	7.039E+1
793.39	4.854E+0
793.69	7.767E+1
793.99	-6.311E+1
794.29	7.524E+1
794.59	5.583E+1
794.89	-8.981E+1
795.19	4.369E+1
795.49	-7.282E+0
795.79	4.854E+0
796.08	0.000E+0
796.38	-3.398E+1
796.68	7.039E+1
796.98	-6.311E+1
797.28	5.583E+1
797.58	5.340E+1
797.88	1.214E+1
798.17	-3.641E+1
798.47	2.427E+0
798.77	4.126E+1
799.07	-2.670E+1
799.37	-3.398E+1
799.67	-4.854E+0
799.96	2.427E+1
800.26	-5.583E+1
800.56	-7.524E+1
800.86	1.044E+2
801.16	2.184E+1
801.45	7.524E+1
801.75	3.155E+1
802.05	-3.884E+1
802.35	2.427E+0
802.64	3.398E+1
802.94	4.612E+1
803.24	3.641E+1
803.54	4.369E+1
803.83	8.981E+1
804.13	5.583E+1
804.43	-3.155E+1
804.73	-1.456E+1
805.02	6.554E+1
805.32	4.369E+1
805.62	5.340E+1
805.91	7.282E+0
806.21	5.097E+1
806.51	-2.670E+1
806.81	8.495E+1
807.10	-1.699E+1
807.40	-2.184E+1
807.70	8.253E+1
807.99	-4.369E+1
808.29	7.767E+1
808.59	9.466E+1
808.88	-9.709E+1
809.18	2.184E+1
809.47	-9.466E+1
809.77	1.456E+1
810.07	1.262E+2
810.36	5.340E+1
810.66	-5.825E+1
810.96	-3.155E+1
811.25	-1.092E+2
811.55	6.311E+1
811.84	-3.155E+1
812.14	-6.796E+1
812.44	1.942E+1
812.73	8.981E+1
813.03	7.039E+1
813.32	-3.398E+1
813.62	5.340E+1
813.91	1.262E+2
814.21	7.282E+0
814.51	1.238E+2
814.80	-4.612E+1
815.10	2.670E+1
815.39	-4.854E+0
815.69	-1.214E+1
815.98	1.214E+2
816.28	5.340E+1
816.57	1.214E+1
816.87	-4.126E+1
817.16	-3.398E+1
817.46	-1.214E+1
817.75	3.155E+1
818.05	-2.427E+1
818.34	0.000E+0
818.64	1.214E+1
818.93	4.369E+1
819.23	-2.427E+1
819.52	2.670E+1
819.82	6.311E+1
820.11	-1.044E+2
820.40	7.282E+0
820.70	-3.155E+1
820.99	2.670E+1
821.29	-2.184E+1
821.58	-7.767E+1
821.88	-7.039E+1
822.17	-3.884E+1
822.46	-1.044E+2
822.76	4.854E+1
823.05	-9.709E+0
823.35	2.184E+1
823.64	3.884E+1
823.93	1.942E+1
824.23	-2.913E+1
824.52	-1.165E+2
824.81	-8.010E+1
825.11	1.456E+1
825.40	8.738E+1
825.69	-1.456E+1
825.99	5.825E+1
826.28	9.709E+0
826.58	5.583E+1
826.87	2.913E+1
827.16	1.699E+1
827.45	5.340E+1
827.75	-2.427E+1
828.04	-4.126E+1
828.33	-8.738E+1
828.63	-4.612E+1
828.92	-7.524E+1
829.21	1.699E+1
829.51	5.825E+1
829.80	8.253E+1
830.09	0.000E+0
830.38	2.913E+1
830.68	-1.214E+1
830.97	-9.709E+1
831.26	2.184E+1
831.55	-1.456E+1
831.85	8.738E+1
832.14	-1.699E+1
832.43	-4.854E+0
832.72	5.825E+1
833.01	-2.670E+1
833.31	-9.709E+0
833.60	2.670E+1
833.89	2.427E+0
834.18	-6.311E+1
834.47	6.311E+1
834.77	2.427E+1
835.06	-7.282E+0
835.35	-6.796E+1
835.64	-1.214E+1
835.93	-6.554E+1
836.22	8.981E+1
836.52	6.068E+1
836.81	-3.884E+1
837.10	-2.184E+1
837.39	-1.942E+1
837.68	7.039E+1
837.97	2.427E+0
838.26	9.709E+0
838.55	1.456E+1
838.85	-2.913E+1
839.14	3.884E+1
839.43	-1.019E+2
839.72	4.854E+0
840.01	1.141E+2
840.30	9.709E+0
840.59	4.369E+1
840.88	-6.068E+1
841.17	6.554E+1
841.46	-8.495E+1
841.75	3.398E+1
842.04	3.155E+1
842.33	-4.854E+0
842.62	-3.155E+1
842.91	9.709E+0
843.21	1.214E+1
843.50	7.282E+1
843.79	7.282E+0
844.08	3.155E+1
844.37	9.709E+0
844.66	-2.913E+1
844.95	2.184E+1
845.24	-1.699E+1
845.53	-3.884E+1
845.81	-7.767E+1
846.10	9.223E+1
846.39	4.126E+1
846.68	4.369E+1
846.97	5.825E+1
847.26	-2.427E+1
847.55	-4.126E+1
847.84	3.641E+1
848.13	-1.699E+1
848.42	-3.398E+1
848.71	-7.282E+0
849.00	-9.466E+1
849.29	1.626E+2
849.58	3.155E+1
849.87	5.097E+1
850.15	-2.670E+1
850.44	-4.854E+1
850.73	7.282E+1
851.02	-6.068E+1
851.31	1.456E+1
851.60	-3.155E+1
851.89	0.000E+0
852.18	-7.282E+0
852.46	-3.641E+1
852.75	3.155E+1
853.04	-5.340E+1
853.33	5.340E+1
853.62	3.155E+1
853.91	5.583E+1
854.19	-7.282E+0
854.48	2.184E+1
854.77	2.427E+0
855.06	9.709E+0
855.35	4.369E+1
855.63	-7.282E+0
855.92	9.709E+0
856.21	-7.767E+1
856.50	6.311E+1
856.79	2.427E+0
857.07	-7.282E+0
857.36	1.942E+1
857.65	3.398E+1
857.94	9.466E+1
858.22	2.670E+1
858.51	4.126E+1
858.80	6.311E+1
859.08	-3.641E+1
859.37	-3.641E+1
859.66	4.612E+1
859.95	-1.311E+2
860.23	2.670E+1
860.52	-2.184E+1
860.81	-4.854E+1
861.09	0.000E+0
861.38	-2.427E+0
861.67	-5.583E+1
861.95	2.427E+1
862.24	3.884E+1
862.53	-3.398E+1
862.81	-8.981E+1
863.10	7.039E+1
863.39	1.481E+2
863.67	-3.398E+1
863.96	1.214E+1
864.25	5.825E+1
864.53	2.184E+1
864.82	-5.583E+1
865.10	-7.282E+0
865.39	1.262E+2
865.68	-9.709E+0
865.96	-4.612E+1
866.25	4.126E+1
866.53	4.126E+1
866.82	4.126E+1