Wavelength	Intensity	Ocean Optics Flame
nm	counts
187.89	-1.456E+1
188.27	-4.612E+1
188.64	-4.369E+1
189.02	1.214E+1
189.40	1.456E+1
189.78	2.427E+0
190.15	-5.825E+1
190.53	-3.641E+1
190.91	-1.214E+1
191.29	-5.583E+1
191.66	-2.670E+1
192.04	5.825E+1
192.42	-8.738E+1
192.80	-7.039E+1
193.17	7.524E+1
193.55	5.340E+1
193.93	2.913E+1
194.30	8.253E+1
194.68	-4.854E+1
195.06	1.092E+2
195.44	2.184E+1
195.81	-4.369E+1
196.19	5.583E+1
196.57	-2.427E+1
196.94	7.282E+0
197.32	-2.427E+0
197.70	2.427E+0
198.07	7.039E+1
198.45	-4.126E+1
198.83	2.184E+1
199.20	-9.709E+0
199.58	-7.039E+1
199.96	-1.165E+2
200.33	-1.699E+1
200.71	-2.427E+0
201.09	8.738E+1
201.46	1.481E+2
201.84	4.854E+0
202.22	7.282E+0
202.59	-6.554E+1
202.97	7.282E+1
203.34	-7.282E+0
203.72	-5.097E+1
204.10	-1.019E+2
204.47	5.825E+1
204.85	9.952E+1
205.23	-4.126E+1
205.60	-1.456E+1
205.98	6.068E+1
206.35	7.282E+1
206.73	-6.311E+1
207.11	-4.854E+1
207.48	-1.214E+1
207.86	3.884E+1
208.23	2.427E+0
208.61	-7.039E+1
208.98	-9.709E+1
209.36	-4.854E+1
209.74	-9.709E+0
210.11	2.427E+0
210.49	1.092E+2
210.86	-6.311E+1
211.24	-4.854E+1
211.61	2.427E+1
211.99	7.767E+1
212.36	1.942E+1
212.74	-1.214E+1
213.11	3.884E+1
213.49	8.495E+1
213.87	1.019E+2
214.24	2.913E+1
214.62	8.010E+1
214.99	1.068E+2
215.37	7.039E+1
215.74	-7.282E+0
216.12	2.427E+1
216.49	2.184E+1
216.87	4.854E+0
217.24	0.000E+0
217.62	-1.214E+1
217.99	2.670E+1
218.37	2.427E+0
218.74	-4.126E+1
219.11	6.311E+1
219.49	-3.155E+1
219.86	-5.097E+1
220.24	-2.427E+1
220.61	2.913E+1
220.99	-6.554E+1
221.36	-2.913E+1
221.74	1.238E+2
222.11	4.126E+1
222.49	5.825E+1
222.86	9.709E+1
223.23	-5.340E+1
223.61	-6.554E+1
223.98	-6.796E+1
224.36	-4.854E+0
224.73	-8.253E+1
225.11	-1.699E+1
225.48	1.019E+2
225.85	-8.738E+1
226.23	6.554E+1
226.60	-2.670E+1
226.98	3.398E+1
227.35	5.583E+1
227.72	-3.884E+1
228.10	-4.854E+0
228.47	-1.942E+1
228.84	2.427E+0
229.22	4.854E+0
229.59	4.369E+1
229.97	2.184E+1
230.34	8.738E+1
230.71	-1.942E+1
231.09	-1.141E+2
231.46	5.583E+1
231.83	5.583E+1
232.21	4.854E+1
232.58	-2.913E+1
232.95	-3.641E+1
233.33	4.126E+1
233.70	7.767E+1
234.07	7.282E+1
234.45	2.913E+1
234.82	-3.641E+1
235.19	2.427E+1
235.57	2.913E+1
235.94	-2.184E+1
236.31	2.913E+1
236.69	7.039E+1
237.06	-6.068E+1
237.43	2.913E+1
237.80	2.427E+1
238.18	2.427E+1
238.55	1.456E+1
238.92	2.427E+1
239.30	-1.942E+1
239.67	-2.184E+1
240.04	4.126E+1
240.41	-3.155E+1
240.79	-8.495E+1
241.16	-3.398E+1
241.53	7.282E+0
241.90	1.942E+1
242.28	7.282E+0
242.65	-6.068E+1
243.02	8.981E+1
243.39	-2.913E+1
243.77	5.825E+1
244.14	3.398E+1
244.51	-1.214E+2
244.88	6.068E+1
245.25	7.767E+1
245.63	3.884E+1
246.00	-1.699E+1
246.37	1.335E+2
246.74	7.282E+1
247.11	2.913E+1
247.49	-4.369E+1
247.86	6.068E+1
248.23	-6.554E+1
248.60	-7.039E+1
248.97	1.942E+1
249.35	1.699E+1
249.72	1.456E+1
250.09	-2.184E+1
250.46	7.039E+1
250.83	3.884E+1
251.20	3.641E+1
251.58	1.432E+2
251.95	2.184E+1
252.32	-1.214E+1
252.69	-7.282E+1
253.06	-4.126E+1
253.43	-7.282E+1
253.80	-3.398E+1
254.17	1.456E+1
254.55	4.612E+1
254.92	2.427E+1
255.29	6.068E+1
255.66	2.670E+1
256.03	-2.670E+1
256.40	4.126E+1
256.77	5.583E+1
257.14	-1.092E+2
257.51	-9.709E+0
257.88	3.641E+1
258.26	-5.583E+1
258.63	1.165E+2
259.00	-2.427E+1
259.37	1.262E+2
259.74	8.253E+1
260.11	5.097E+1
260.48	3.398E+1
260.85	6.068E+1
261.22	9.709E+1
261.59	-1.699E+1
261.96	-2.913E+1
262.33	7.282E+0
262.70	4.126E+1
263.07	0.000E+0
263.44	2.427E+0
263.81	2.427E+1
264.18	1.699E+1
264.55	-2.913E+1
264.92	-9.709E+0
265.29	-2.427E+1
265.66	-2.427E+0
266.03	-9.709E+0
266.40	1.456E+1
266.77	4.854E+1
267.14	7.282E+0
267.51	1.189E+2
267.88	1.019E+2
268.25	-2.670E+1
268.62	-4.369E+1
268.99	1.699E+1
269.36	-8.010E+1
269.73	2.427E+0
270.10	-1.214E+1
270.47	7.039E+1
270.84	1.456E+1
271.21	-5.825E+1
271.58	3.398E+1
271.95	3.155E+1
272.32	-6.554E+1
272.69	9.952E+1
273.06	1.456E+1
273.43	1.214E+1
273.80	-2.184E+1
274.17	4.854E+1
274.53	4.854E+1
274.90	4.612E+1
275.27	-2.427E+0
275.64	-1.214E+1
276.01	4.369E+1
276.38	9.709E+1
276.75	1.092E+2
277.12	8.495E+1
277.49	2.427E+1
277.86	2.184E+1
278.22	5.340E+1
278.59	-4.854E+0
278.96	1.869E+2
279.33	4.612E+1
279.70	-2.427E+0
280.07	2.427E+0
280.44	-9.466E+1
280.80	7.282E+0
281.17	1.214E+1
281.54	-4.854E+0
281.91	2.427E+1
282.28	1.456E+1
282.65	5.097E+1
283.02	0.000E+0
283.38	-5.097E+1
283.75	-1.092E+2
284.12	9.466E+1
284.49	1.214E+1
284.86	1.942E+1
285.22	7.282E+0
285.59	2.427E+1
285.96	5.340E+1
286.33	5.583E+1
286.70	-4.854E+1
287.06	1.942E+1
287.43	3.641E+1
287.80	-4.612E+1
288.17	2.427E+1
288.53	-1.456E+1
288.90	-1.456E+1
289.27	4.854E+1
289.64	-3.641E+1
290.01	-5.583E+1
290.37	-9.466E+1
290.74	-7.282E+0
291.11	5.340E+1
291.48	7.282E+0
291.84	1.456E+1
292.21	-4.126E+1
292.58	1.942E+1
292.94	-2.670E+1
293.31	1.942E+1
293.68	-3.641E+1
294.05	4.854E+0
294.41	0.000E+0
294.78	9.223E+1
295.15	1.214E+2
295.51	1.942E+1
295.88	-4.612E+1
296.25	2.427E+1
296.61	3.155E+1
296.98	-3.641E+1
297.35	6.311E+1
297.72	5.583E+1
298.08	5.097E+1
298.45	2.184E+1
298.82	3.398E+1
299.18	7.282E+0
299.55	2.427E+1
299.91	-2.184E+1
300.28	-1.723E+2
300.65	-5.583E+1
301.01	-9.952E+1
301.38	-4.126E+1
301.75	-1.214E+1
302.11	-3.155E+1
302.48	-5.825E+1
302.85	-5.583E+1
303.21	-9.709E+0
303.58	-4.854E+1
303.94	-7.282E+0
304.31	7.767E+1
304.68	-7.282E+0
305.04	4.369E+1
305.41	1.262E+2
305.77	-2.427E+1
306.14	-4.854E+0
306.51	-1.699E+1
306.87	-2.184E+1
307.24	-8.738E+1
307.60	-6.068E+1
307.97	-2.184E+1
308.33	3.884E+1
308.70	-6.068E+1
309.07	9.709E+0
309.43	-2.427E+1
309.80	1.942E+1
310.16	-2.913E+1
310.53	-2.184E+1
310.89	-2.427E+1
311.26	-7.282E+0
311.62	6.796E+1
311.99	-2.427E+1
312.35	1.262E+2
312.72	6.068E+1
313.08	6.068E+1
313.45	-5.825E+1
313.81	-5.097E+1
314.18	-1.262E+2
314.54	-8.495E+1
314.91	3.155E+1
315.27	4.854E+0
315.64	5.825E+1
316.00	2.427E+1
316.37	4.854E+1
316.73	5.340E+1
317.10	1.238E+2
317.46	8.253E+1
317.83	3.155E+1
318.19	-9.709E+0
318.56	1.214E+1
318.92	6.311E+1
319.28	-7.282E+0
319.65	-1.214E+1
320.01	9.709E+0
320.38	-5.097E+1
320.74	-7.282E+0
321.11	-7.282E+0
321.47	4.854E+1
321.83	-2.427E+1
322.20	8.010E+1
322.56	2.427E+0
322.93	6.796E+1
323.29	7.282E+1
323.66	1.699E+1
324.02	-4.612E+1
324.38	-4.369E+1
324.75	5.340E+1
325.11	4.612E+1
325.47	5.340E+1
325.84	8.010E+1
326.20	8.495E+1
326.57	5.097E+1
326.93	6.068E+1
327.29	-3.641E+1
327.66	-3.398E+1
328.02	7.282E+1
328.38	7.767E+1
328.75	2.427E+1
329.11	7.282E+0
329.47	1.384E+2
329.84	7.282E+0
330.20	8.253E+1
330.56	-2.184E+1
330.93	1.214E+2
331.29	-3.155E+1
331.65	1.942E+1
332.02	3.641E+1
332.38	-9.709E+0
332.74	2.427E+0
333.10	4.854E+1
333.47	-9.709E+0
333.83	-6.068E+1
334.19	-9.223E+1
334.56	-7.282E+0
334.92	7.767E+1
335.28	2.427E+1
335.64	2.670E+1
336.01	2.670E+1
336.37	-3.155E+1
336.73	0.000E+0
337.09	2.184E+1
337.46	-1.214E+1
337.82	2.184E+1
338.18	7.282E+0
338.54	4.369E+1
338.91	1.141E+2
339.27	5.583E+1
339.63	1.214E+1
339.99	1.141E+2
340.36	-9.952E+1
340.72	5.583E+1
341.08	2.184E+1
341.44	8.738E+1
341.80	-3.884E+1
342.17	-1.214E+2
342.53	2.670E+1
342.89	7.282E+0
343.25	2.913E+1
343.61	0.000E+0
343.98	2.670E+1
344.34	-3.641E+1
344.70	7.524E+1
345.06	1.262E+2
345.42	9.709E+0
345.78	2.427E+0
346.14	2.913E+1
346.51	-2.670E+1
346.87	3.884E+1
347.23	-1.942E+1
347.59	-4.126E+1
347.95	-3.398E+1
348.31	5.340E+1
348.67	4.369E+1
349.04	-1.456E+1
349.40	-6.554E+1
349.76	-2.670E+1
350.12	-3.155E+1
350.48	7.039E+1
350.84	1.092E+2
351.20	4.369E+1
351.56	1.384E+2
351.92	5.825E+1
352.28	5.583E+1
352.65	-4.612E+1
353.01	5.097E+1
353.37	7.039E+1
353.73	9.709E+0
354.09	9.709E+0
354.45	3.155E+1
354.81	1.529E+2
355.17	2.913E+1
355.53	4.854E+0
355.89	9.223E+1
356.25	4.369E+1
356.61	7.039E+1
356.97	6.796E+1
357.33	7.039E+1
357.69	4.612E+1
358.05	3.155E+1
358.41	3.398E+1
358.77	3.884E+1
359.13	-2.427E+0
359.49	6.796E+1
359.85	6.068E+1
360.21	-2.184E+1
360.57	-2.913E+1
360.93	1.384E+2
361.29	1.165E+2
361.65	-2.184E+1
362.01	6.068E+1
362.37	1.068E+2
362.73	1.384E+2
363.09	5.825E+1
363.45	7.282E+0
363.81	2.184E+1
364.17	1.117E+2
364.53	1.699E+1
364.89	2.427E+1
365.25	4.126E+1
365.61	4.854E+1
365.97	2.670E+1
366.33	2.184E+1
366.69	1.044E+2
367.05	5.825E+1
367.40	1.117E+2
367.76	-5.583E+1
368.12	4.854E+1
368.48	2.039E+2
368.84	8.738E+1
369.20	1.772E+2
369.56	1.335E+2
369.92	9.709E+1
370.28	-9.709E+0
370.63	1.165E+2
370.99	2.670E+1
371.35	3.641E+1
371.71	1.408E+2
372.07	2.282E+2
372.43	1.456E+2
372.79	4.126E+1
373.15	1.820E+2
373.50	2.184E+1
373.86	1.723E+2
374.22	2.039E+2
374.58	2.354E+2
374.94	8.981E+1
375.30	2.063E+2
375.65	6.311E+1
376.01	2.427E+2
376.37	1.214E+2
376.73	2.160E+2
377.09	2.063E+2
377.44	2.015E+2
377.80	2.427E+2
378.16	3.180E+2
378.52	3.325E+2
378.88	2.791E+2
379.23	3.617E+2
379.59	3.350E+2
379.95	4.927E+2
380.31	4.636E+2
380.66	4.199E+2
381.02	5.510E+2
381.38	6.335E+2
381.74	5.971E+2
382.09	5.510E+2
382.45	6.651E+2
382.81	7.621E+2
383.17	7.694E+2
383.52	8.617E+2
383.88	9.296E+2
384.24	1.100E+3
384.60	1.337E+3
384.95	1.473E+3
385.31	1.502E+3
385.67	1.808E+3
386.02	1.971E+3
386.38	2.272E+3
386.74	2.473E+3
387.10	2.631E+3
387.45	3.075E+3
387.81	3.354E+3
388.17	3.660E+3
388.52	4.124E+3
388.88	4.495E+3
389.24	5.019E+3
389.59	5.308E+3
389.95	5.753E+3
390.31	6.537E+3
390.66	7.068E+3
391.02	7.767E+3
391.38	8.338E+3
391.73	9.352E+3
392.09	1.031E+4
392.44	1.108E+4
392.80	1.189E+4
393.16	1.308E+4
393.51	1.378E+4
393.87	1.476E+4
394.23	1.587E+4
394.58	1.689E+4
394.94	1.824E+4
395.29	1.971E+4
395.65	2.105E+4
396.01	2.263E+4
396.36	2.401E+4
396.72	2.601E+4
397.07	2.698E+4
397.43	2.911E+4
397.78	3.015E+4
398.14	3.193E+4
398.50	3.352E+4
398.85	3.529E+4
399.21	3.674E+4
399.56	4.001E+4
399.92	4.170E+4
400.27	4.401E+4
400.63	4.531E+4
400.98	4.734E+4
401.34	4.855E+4
401.69	5.006E+4
402.05	5.052E+4
402.40	5.164E+4
402.76	5.212E+4
403.11	5.312E+4
403.47	5.484E+4
403.82	5.510E+4
404.18	5.626E+4
404.53	5.619E+4
404.89	5.740E+4
405.24	5.671E+4
405.60	5.636E+4
405.95	5.611E+4
406.31	5.530E+4
406.66	5.428E+4
407.02	5.229E+4
407.37	5.152E+4
407.73	4.980E+4
408.08	4.890E+4
408.44	4.634E+4
408.79	4.483E+4
409.14	4.362E+4
409.50	4.116E+4
409.85	3.853E+4
410.21	3.631E+4
410.56	3.374E+4
410.92	3.118E+4
411.27	2.866E+4
411.62	2.614E+4
411.98	2.437E+4
412.33	2.254E+4
412.69	2.086E+4
413.04	1.937E+4
413.39	1.798E+4
413.75	1.689E+4
414.10	1.606E+4
414.45	1.458E+4
414.81	1.362E+4
415.16	1.270E+4
415.52	1.167E+4
415.87	1.079E+4
416.22	1.029E+4
416.58	9.631E+3
416.93	9.029E+3
417.28	8.180E+3
417.64	8.100E+3
417.99	7.600E+3
418.34	7.219E+3
418.70	6.782E+3
419.05	6.570E+3
419.40	6.051E+3
419.76	5.947E+3
420.11	5.444E+3
420.46	5.216E+3
420.81	4.772E+3
421.17	4.517E+3
421.52	4.124E+3
421.87	3.942E+3
422.23	3.740E+3
422.58	3.643E+3
422.93	3.262E+3
423.28	3.155E+3
423.64	2.985E+3
423.99	2.871E+3
424.34	2.699E+3
424.69	2.500E+3
425.05	2.301E+3
425.40	2.284E+3
425.75	2.134E+3
426.10	2.019E+3
426.46	1.891E+3
426.81	1.757E+3
427.16	1.692E+3
427.51	1.641E+3
427.87	1.505E+3
428.22	1.456E+3
428.57	1.544E+3
428.92	1.330E+3
429.27	1.296E+3
429.63	1.228E+3
429.98	1.189E+3
430.33	1.136E+3
430.68	1.146E+3
431.03	1.187E+3
431.38	1.056E+3
431.74	1.100E+3
432.09	1.049E+3
432.44	9.029E+2
432.79	9.927E+2
433.14	8.520E+2
433.49	8.228E+2
433.85	8.350E+2
434.20	6.651E+2
434.55	8.617E+2
434.90	6.529E+2
435.25	6.869E+2
435.60	8.350E+2
435.95	6.626E+2
436.30	6.893E+2
436.66	7.282E+2
437.01	6.165E+2
437.36	6.359E+2
437.71	5.388E+2
438.06	4.515E+2
438.41	4.515E+2
438.76	4.587E+2
439.11	4.490E+2
439.46	4.296E+2
439.81	5.704E+2
440.16	4.102E+2
440.52	3.981E+2
440.87	3.422E+2
441.22	4.296E+2
441.57	4.053E+2
441.92	4.005E+2
442.27	4.029E+2
442.62	3.762E+2
442.97	4.296E+2
443.32	3.374E+2
443.67	2.427E+2
444.02	4.102E+2
444.37	2.039E+2
444.72	2.985E+2
445.07	1.505E+2
445.42	2.670E+2
445.77	2.136E+2
446.12	3.107E+2
446.47	2.112E+2
446.82	2.063E+2
447.17	1.820E+2
447.52	2.670E+2
447.87	2.524E+2
448.22	1.869E+2
448.57	2.039E+2
448.92	1.748E+2
449.27	1.626E+2
449.62	2.379E+2
449.97	1.675E+2
450.32	4.854E+0
450.66	1.990E+2
451.01	2.403E+2
451.36	2.209E+2
451.71	1.408E+2
452.06	1.384E+2
452.41	1.141E+2
452.76	1.820E+2
453.11	1.602E+2
453.46	2.160E+2
453.81	1.699E+2
454.16	9.466E+1
454.51	7.524E+1
454.85	1.869E+2
455.20	6.068E+1
455.55	4.126E+1
455.90	1.214E+2
456.25	4.369E+1
456.60	7.767E+1
456.95	1.262E+2
457.30	1.214E+2
457.64	7.039E+1
457.99	9.466E+1
458.34	1.456E+2
458.69	6.311E+1
459.04	1.335E+2
459.39	1.262E+2
459.73	3.398E+1
460.08	4.369E+1
460.43	5.583E+1
460.78	1.238E+2
461.13	4.854E+1
461.48	1.335E+2
461.82	4.126E+1
462.17	4.854E+0
462.52	2.184E+1
462.87	6.796E+1
463.21	-1.942E+1
463.56	-4.126E+1
463.91	1.214E+1
464.26	1.578E+2
464.61	4.369E+1
464.95	7.767E+1
465.30	1.092E+2
465.65	1.286E+2
466.00	1.117E+2
466.34	1.699E+1
466.69	8.253E+1
467.04	1.651E+2
467.39	0.000E+0
467.73	1.141E+2
468.08	1.529E+2
468.43	6.068E+1
468.77	7.282E+1
469.12	1.068E+2
469.47	3.884E+1
469.82	1.456E+1
470.16	-2.427E+1
470.51	8.495E+1
470.86	-3.398E+1
471.20	0.000E+0
471.55	3.641E+1
471.90	2.670E+1
472.24	1.141E+2
472.59	1.432E+2
472.94	1.553E+2
473.28	8.010E+1
473.63	2.427E+1
473.98	-4.854E+0
474.32	6.068E+1
474.67	3.398E+1
475.02	-2.427E+0
475.36	4.612E+1
475.71	-2.184E+1
476.06	8.010E+1
476.40	8.981E+1
476.75	5.583E+1
477.09	5.583E+1
477.44	-1.942E+1
477.79	1.699E+2
478.13	-7.282E+0
478.48	7.767E+1
478.82	1.019E+2
479.17	1.942E+1
479.52	-2.184E+1
479.86	2.184E+1
480.21	2.913E+1
480.55	-4.126E+1
480.90	-9.223E+1
481.24	7.524E+1
481.59	6.311E+1
481.94	1.068E+2
482.28	1.359E+2
482.63	1.214E+1
482.97	6.796E+1
483.32	1.214E+1
483.66	1.456E+1
484.01	3.884E+1
484.35	2.913E+1
484.70	-9.709E+0
485.04	3.641E+1
485.39	-1.335E+2
485.73	4.369E+1
486.08	-4.854E+1
486.42	1.942E+1
486.77	-5.583E+1
487.11	2.670E+1
487.46	-1.699E+1
487.80	-3.884E+1
488.15	-4.854E+0
488.49	-3.155E+1
488.84	4.612E+1
489.18	3.155E+1
489.53	4.854E+0
489.87	1.214E+1
490.21	1.044E+2
490.56	8.738E+1
490.90	6.554E+1
491.25	3.641E+1
491.59	5.825E+1
491.94	4.126E+1
492.28	7.282E+1
492.62	3.155E+1
492.97	1.214E+1
493.31	1.456E+1
493.66	5.097E+1
494.00	7.282E+0
494.34	-1.214E+1
494.69	6.068E+1
495.03	-2.427E+0
495.38	5.097E+1
495.72	-2.427E+0
496.06	8.738E+1
496.41	-4.126E+1
496.75	3.155E+1
497.09	1.214E+1
497.44	5.825E+1
497.78	-2.913E+1
498.13	1.019E+2
498.47	-4.854E+0
498.81	8.738E+1
499.16	-4.854E+1
499.50	1.068E+2
499.84	-5.097E+1
500.19	-7.282E+0
500.53	9.709E+0
500.87	3.884E+1
501.21	3.884E+1
501.56	9.709E+0
501.90	-2.184E+1
502.24	8.738E+1
502.59	3.884E+1
502.93	1.019E+2
503.27	-2.427E+1
503.61	-8.495E+1
503.96	3.398E+1
504.30	3.884E+1
504.64	5.583E+1
504.99	2.427E+0
505.33	-5.097E+1
505.67	5.097E+1
506.01	3.398E+1
506.36	-2.913E+1
506.70	-3.398E+1
507.04	4.369E+1
507.38	4.612E+1
507.72	3.641E+1
508.07	-7.767E+1
508.41	-1.214E+1
508.75	-2.670E+1
509.09	6.796E+1
509.44	-3.155E+1
509.78	1.165E+2
510.12	-3.884E+1
510.46	-7.282E+0
510.80	-4.854E+0
511.14	1.214E+1
511.49	1.553E+2
511.83	5.340E+1
512.17	7.282E+1
512.51	7.282E+0
512.85	9.952E+1
513.19	1.456E+1
513.54	3.155E+1
513.88	-1.699E+1
514.22	7.282E+0
514.56	3.884E+1
514.90	-3.641E+1
515.24	3.155E+1
515.58	-2.427E+1
515.93	5.825E+1
516.27	-3.884E+1
516.61	-5.825E+1
516.95	-4.854E+0
517.29	3.155E+1
517.63	1.942E+1
517.97	-2.427E+1
518.31	7.282E+1
518.65	-2.184E+1
518.99	2.427E+0
519.33	-4.854E+1
519.67	1.699E+1
520.02	8.495E+1
520.36	-5.583E+1
520.70	-3.884E+1
521.04	-9.709E+0
521.38	-3.884E+1
521.72	2.427E+0
522.06	9.952E+1
522.40	6.796E+1
522.74	-8.738E+1
523.08	3.398E+1
523.42	7.039E+1
523.76	-3.155E+1
524.10	4.854E+0
524.44	3.398E+1
524.78	4.612E+1
525.12	3.884E+1
525.46	-3.884E+1
525.80	4.612E+1
526.14	7.282E+0
526.48	1.699E+1
526.82	-3.398E+1
527.16	-4.854E+0
527.50	-2.427E+1
527.84	7.524E+1
528.18	5.583E+1
528.52	-4.612E+1
528.86	1.092E+2
529.20	-7.524E+1
529.54	-4.126E+1
529.87	-5.825E+1
530.21	4.612E+1
530.55	1.529E+2
530.89	-6.554E+1
531.23	9.952E+1
531.57	1.262E+2
531.91	7.039E+1
532.25	8.253E+1
532.59	-5.340E+1
532.93	1.311E+2
533.27	8.253E+1
533.60	9.466E+1
533.94	-1.699E+1
534.28	-1.189E+2
534.62	7.282E+0
534.96	7.039E+1
535.30	-2.427E+0
535.64	7.282E+0
535.98	-7.039E+1
536.31	1.262E+2
536.65	4.369E+1
536.99	7.767E+1
537.33	2.184E+1
537.67	-1.942E+1
538.01	-1.456E+1
538.34	1.189E+2
538.68	-3.398E+1
539.02	-4.126E+1
539.36	2.427E+1
539.70	6.068E+1
540.03	-4.854E+0
540.37	7.282E+0
540.71	2.913E+1
541.05	5.097E+1
541.39	4.612E+1
541.72	4.612E+1
542.06	1.019E+2
542.40	4.369E+1
542.74	8.253E+1
543.07	4.854E+0
543.41	-2.913E+1
543.75	-2.670E+1
544.09	-4.612E+1
544.42	-2.670E+1
544.76	7.282E+0
545.10	2.427E+1
545.44	-7.282E+1
545.77	-4.854E+0
546.11	6.311E+1
546.45	2.670E+1
546.78	-2.670E+1
547.12	5.583E+1
547.46	-7.282E+0
547.80	-2.427E+0
548.13	1.214E+1
548.47	-1.214E+1
548.81	2.913E+1
549.14	3.641E+1
549.48	-4.612E+1
549.82	1.335E+2
550.15	-3.155E+1
550.49	4.854E+1
550.83	4.369E+1
551.16	2.427E+0
551.50	-4.612E+1
551.84	-1.214E+1
552.17	4.369E+1
552.51	4.126E+1
552.84	1.699E+1
553.18	5.583E+1
553.52	1.359E+2
553.85	-7.282E+0
554.19	-8.495E+1
554.53	5.583E+1
554.86	-9.709E+0
555.20	6.796E+1
555.53	2.427E+1
555.87	4.854E+1
556.20	6.554E+1
556.54	1.117E+2
556.88	6.796E+1
557.21	2.670E+1
557.55	4.854E+0
557.88	1.214E+1
558.22	-4.612E+1
558.55	3.884E+1
558.89	6.068E+1
559.23	9.952E+1
559.56	5.583E+1
559.90	4.854E+1
560.23	-4.854E+0
560.57	5.097E+1
560.90	8.010E+1
561.24	5.340E+1
561.57	2.913E+1
561.91	-8.010E+1
562.24	1.699E+1
562.58	7.524E+1
562.91	2.427E+0
563.25	0.000E+0
563.58	6.068E+1
563.92	1.942E+1
564.25	1.068E+2
564.59	8.738E+1
564.92	-6.796E+1
565.25	1.699E+1
565.59	4.369E+1
565.92	1.456E+1
566.26	-4.854E+1
566.59	-4.854E+0
566.93	7.039E+1
567.26	-3.641E+1
567.60	2.184E+1
567.93	-3.398E+1
568.26	2.184E+1
568.60	1.262E+2
568.93	8.495E+1
569.27	-7.767E+1
569.60	-5.583E+1
569.93	1.214E+1
570.27	1.456E+1
570.60	-3.155E+1
570.94	-8.253E+1
571.27	-4.612E+1
571.60	-1.942E+1
571.94	-7.282E+0
572.27	-9.709E+0
572.60	-5.097E+1
572.94	1.456E+1
573.27	4.854E+0
573.60	-5.097E+1
573.94	-1.942E+1
574.27	9.466E+1
574.60	-2.670E+1
574.94	-3.641E+1
575.27	-5.097E+1
575.60	-6.796E+1
575.94	5.583E+1
576.27	5.097E+1
576.60	5.583E+1
576.94	-1.214E+1
577.27	5.340E+1
577.60	8.253E+1
577.94	-1.456E+1
578.27	7.524E+1
578.60	4.612E+1
578.93	-2.184E+1
579.27	-3.155E+1
579.60	6.554E+1
579.93	-3.155E+1
580.26	-2.427E+0
580.60	-1.456E+1
580.93	-7.767E+1
581.26	5.340E+1
581.59	-7.039E+1
581.93	1.942E+1
582.26	-8.981E+1
582.59	-1.165E+2
582.92	-5.583E+1
583.25	1.214E+2
583.59	-5.340E+1
583.92	4.612E+1
584.25	-4.854E+0
584.58	-2.427E+0
584.91	-6.068E+1
585.25	2.427E+0
585.58	-2.670E+1
585.91	-2.184E+1
586.24	-5.583E+1
586.57	-1.456E+1
586.90	4.369E+1
587.24	-4.369E+1
587.57	4.854E+1
587.90	7.039E+1
588.23	6.554E+1
588.56	5.583E+1
588.89	5.097E+1
589.22	-9.709E+0
589.56	-7.039E+1
589.89	5.583E+1
590.22	9.466E+1
590.55	-5.583E+1
590.88	-1.456E+1
591.21	4.854E+1
591.54	-9.709E+0
591.87	3.155E+1
592.20	1.456E+1
592.53	2.427E+0
592.87	-4.854E+0
593.20	0.000E+0
593.53	1.456E+1
593.86	8.010E+1
594.19	3.641E+1
594.52	2.427E+0
594.85	-4.854E+0
595.18	4.126E+1
595.51	7.524E+1
595.84	-4.126E+1
596.17	9.709E+0
596.50	2.184E+1
596.83	-8.253E+1
597.16	-6.311E+1
597.49	1.214E+1
597.82	0.000E+0
598.15	7.039E+1
598.48	8.981E+1
598.81	1.044E+2
599.14	-4.126E+1
599.47	1.456E+1
599.80	-1.214E+1
600.13	5.583E+1
600.46	-2.427E+1
600.79	3.155E+1
601.12	8.495E+1
601.45	-6.068E+1
601.78	-8.495E+1
602.11	2.427E+0
602.44	-2.427E+1
602.77	0.000E+0
603.10	-2.427E+0
603.42	2.427E+0
603.75	5.340E+1
604.08	2.670E+1
604.41	8.253E+1
604.74	-1.942E+1
605.07	4.854E+0
605.40	-2.427E+0
605.73	-6.796E+1
606.06	-1.141E+2
606.39	3.884E+1
606.71	-1.214E+1
607.04	3.398E+1
607.37	-5.825E+1
607.70	9.709E+1
608.03	9.223E+1
608.36	-1.456E+1
608.69	4.612E+1
609.02	4.369E+1
609.34	4.854E+1
609.67	2.184E+1
610.00	-6.068E+1
610.33	9.709E+0
610.66	-2.427E+0
610.98	1.456E+1
611.31	-1.359E+2
611.64	6.554E+1
611.97	1.019E+2
612.30	5.097E+1
612.63	4.126E+1
612.95	0.000E+0
613.28	-1.214E+1
613.61	-1.699E+1
613.94	4.612E+1
614.26	3.155E+1
614.59	-4.854E+1
614.92	-4.612E+1
615.25	-4.854E+1
615.57	-4.369E+1
615.90	1.214E+1
616.23	0.000E+0
616.56	1.456E+1
616.88	1.068E+2
617.21	3.641E+1
617.54	-3.884E+1
617.87	-7.282E+1
618.19	1.699E+1
618.52	2.913E+1
618.85	-3.884E+1
619.17	-3.884E+1
619.50	-3.641E+1
619.83	-3.884E+1
620.15	-2.427E+1
620.48	-1.942E+1
620.81	4.854E+0
621.14	8.495E+1
621.46	2.913E+1
621.79	7.282E+0
622.11	-3.884E+1
622.44	2.670E+1
622.77	-3.398E+1
623.09	-9.709E+0
623.42	3.884E+1
623.75	3.884E+1
624.07	8.495E+1
624.40	-7.282E+0
624.73	5.340E+1
625.05	6.311E+1
625.38	1.942E+1
625.70	-1.942E+1
626.03	-8.253E+1
626.36	-1.699E+1
626.68	-8.010E+1
627.01	2.913E+1
627.33	1.456E+1
627.66	6.554E+1
627.99	1.456E+1
628.31	-2.670E+1
628.64	-5.825E+1
628.96	7.282E+0
629.29	-4.612E+1
629.61	8.010E+1
629.94	-7.282E+0
630.26	0.000E+0
630.59	6.554E+1
630.91	4.854E+0
631.24	-1.214E+1
631.57	1.214E+1
631.89	-3.398E+1
632.22	3.641E+1
632.54	2.427E+0
632.87	4.854E+0
633.19	-5.825E+1
633.52	-4.612E+1
633.84	2.184E+1
634.16	-1.311E+2
634.49	2.427E+0
634.81	2.913E+1
635.14	-5.340E+1
635.46	3.155E+1
635.79	5.583E+1
636.11	8.981E+1
636.44	-4.369E+1
636.76	2.184E+1
637.09	-9.709E+0
637.41	5.583E+1
637.73	-9.709E+0
638.06	2.427E+0
638.38	1.092E+2
638.71	7.282E+1
639.03	-9.709E+0
639.36	4.854E+0
639.68	8.738E+1
640.00	7.767E+1
640.33	8.010E+1
640.65	1.942E+1
640.97	4.126E+1
641.30	1.019E+2
641.62	6.311E+1
641.95	-9.466E+1
642.27	6.796E+1
642.59	-2.427E+1
642.92	-1.214E+1
643.24	3.155E+1
643.56	-9.466E+1
643.89	6.796E+1
644.21	7.282E+0
644.53	-4.126E+1
644.86	-5.097E+1
645.18	1.699E+1
645.50	3.884E+1
645.83	1.019E+2
646.15	-1.699E+1
646.47	8.981E+1
646.80	6.311E+1
647.12	2.913E+1
647.44	-2.670E+1
647.76	7.767E+1
648.09	6.068E+1
648.41	-8.010E+1
648.73	-3.398E+1
649.05	5.340E+1
649.38	7.282E+1
649.70	9.709E+0
650.02	1.942E+1
650.34	-8.495E+1
650.67	-6.554E+1
650.99	6.068E+1
651.31	-5.340E+1
651.63	9.709E+0
651.96	-3.641E+1
652.28	2.913E+1
652.60	2.427E+0
652.92	6.554E+1
653.24	9.709E+0
653.57	-8.981E+1
653.89	0.000E+0
654.21	-7.524E+1
654.53	4.369E+1
654.85	1.456E+1
655.18	5.097E+1
655.50	-3.884E+1
655.82	-3.398E+1
656.14	3.155E+1
656.46	3.155E+1
656.78	1.311E+2
657.10	-1.456E+1
657.43	1.699E+1
657.75	2.184E+1
658.07	1.044E+2
658.39	-1.214E+1
658.71	-5.097E+1
659.03	-5.825E+1
659.35	-7.282E+1
659.67	4.612E+1
659.99	-5.340E+1
660.32	-2.913E+1
660.64	2.913E+1
660.96	1.214E+1
661.28	2.670E+1
661.60	2.670E+1
661.92	-6.311E+1
662.24	0.000E+0
662.56	-1.456E+1
662.88	1.068E+2
663.20	-1.456E+1
663.52	3.641E+1
663.84	5.825E+1
664.16	-3.155E+1
664.48	2.427E+1
664.80	-4.612E+1
665.12	-2.670E+1
665.44	6.796E+1
665.76	-5.825E+1
666.08	1.699E+1
666.40	4.126E+1
666.72	-6.311E+1
667.04	-2.427E+1
667.36	5.340E+1
667.68	1.214E+1
668.00	-4.126E+1
668.32	4.126E+1
668.64	7.039E+1
668.96	-7.524E+1
669.28	-3.155E+1
669.60	-3.641E+1
669.92	-4.854E+0
670.24	2.427E+1
670.56	2.427E+0
670.88	1.068E+2
671.20	-8.010E+1
671.52	-1.044E+2
671.84	9.952E+1
672.16	2.913E+1
672.47	5.340E+1
672.79	9.466E+1
673.11	-3.398E+1
673.43	6.068E+1
673.75	1.456E+1
674.07	-3.641E+1
674.39	-9.466E+1
674.71	5.097E+1
675.03	5.097E+1
675.34	7.039E+1
675.66	4.854E+0
675.98	4.854E+1
676.30	-5.825E+1
676.62	-3.398E+1
676.94	1.699E+1
677.25	-7.039E+1
677.57	4.369E+1
677.89	4.854E+0
678.21	-1.214E+1
678.53	2.913E+1
678.85	2.670E+1
679.16	8.981E+1
679.48	-2.184E+1
679.80	-1.942E+1
680.12	3.398E+1
680.44	-9.952E+1
680.75	-5.583E+1
681.07	7.524E+1
681.39	-2.427E+1
681.71	-6.068E+1
682.02	9.709E+0
682.34	9.223E+1
682.66	3.155E+1
682.98	5.583E+1
683.29	-6.068E+1
683.61	9.709E+1
683.93	5.097E+1
684.25	-7.282E+0
684.56	-9.709E+0
684.88	-2.427E+0
685.20	5.340E+1
685.51	4.854E+0
685.83	-5.097E+1
686.15	1.456E+1
686.47	-3.155E+1
686.78	5.097E+1
687.10	-3.641E+1
687.42	-1.019E+2
687.73	7.282E+0
688.05	-2.184E+1
688.37	-2.427E+0
688.68	8.253E+1
689.00	-1.214E+1
689.32	1.942E+1
689.63	-7.767E+1
689.95	-2.184E+1
690.26	1.699E+1
690.58	-6.554E+1
690.90	-7.767E+1
691.21	-1.165E+2
691.53	-9.709E+1
691.85	-4.369E+1
692.16	-1.699E+1
692.48	-4.369E+1
692.79	9.223E+1
693.11	-5.825E+1
693.42	-5.097E+1
693.74	3.398E+1
694.06	-8.010E+1
694.37	4.612E+1
694.69	3.398E+1
695.00	3.884E+1
695.32	3.641E+1
695.63	6.068E+1
695.95	-4.369E+1
696.26	3.641E+1
696.58	9.223E+1
696.90	-4.854E+0
697.21	6.554E+1
697.53	7.282E+0
697.84	2.427E+0
698.16	-3.641E+1
698.47	-4.612E+1
698.79	1.796E+2
699.10	-4.126E+1
699.42	1.019E+2
699.73	0.000E+0
700.05	3.641E+1
700.36	-6.068E+1
700.68	9.709E+0
700.99	2.427E+0
701.30	-9.709E+0
701.62	2.913E+1
701.93	-4.612E+1
702.25	9.709E+0
702.56	-4.126E+1
702.88	-4.854E+0
703.19	-4.854E+0
703.50	-6.554E+1
703.82	3.884E+1
704.13	6.311E+1
704.45	2.670E+1
704.76	9.952E+1
705.08	1.942E+1
705.39	9.709E+0
705.70	6.068E+1
706.02	1.068E+2
706.33	2.427E+0
706.64	4.854E+0
706.96	3.884E+1
707.27	7.524E+1
707.59	-8.738E+1
707.90	4.854E+0
708.21	5.583E+1
708.53	4.854E+1
708.84	-5.825E+1
709.15	4.854E+1
709.47	-4.126E+1
709.78	-7.039E+1
710.09	4.854E+0
710.41	-4.854E+1
710.72	-1.311E+2
711.03	2.913E+1
711.34	7.767E+1
711.66	2.184E+1
711.97	-4.369E+1
712.28	2.184E+1
712.60	-7.767E+1
712.91	5.825E+1
713.22	-5.097E+1
713.53	-5.097E+1
713.85	3.884E+1
714.16	1.262E+2
714.47	-3.398E+1
714.78	6.311E+1
715.10	-4.854E+0
715.41	-1.165E+2
715.72	-6.311E+1
716.03	-7.039E+1
716.35	2.427E+0
716.66	-1.286E+2
716.97	4.854E+0
717.28	-3.641E+1
717.59	6.068E+1
717.91	-1.456E+1
718.22	0.000E+0
718.53	7.282E+0
718.84	2.427E+1
719.15	5.583E+1
719.46	-7.282E+0
719.78	2.427E+1
720.09	-4.854E+1
720.40	-2.427E+0
720.71	-6.796E+1
721.02	2.184E+1
721.33	2.184E+1
721.65	-4.854E+0
721.96	4.854E+0
722.27	1.456E+1
722.58	9.709E+0
722.89	-1.214E+1
723.20	-8.010E+1
723.51	-4.612E+1
723.82	-3.155E+1
724.13	5.825E+1
724.45	1.456E+1
724.76	9.709E+0
725.07	6.068E+1
725.38	3.398E+1
725.69	1.165E+2
726.00	3.641E+1
726.31	-9.223E+1
726.62	-4.854E+1
726.93	4.126E+1
727.24	5.340E+1
727.55	9.223E+1
727.86	3.641E+1
728.17	-2.427E+1
728.48	-1.456E+1
728.79	6.554E+1
729.10	-7.524E+1
729.41	-6.311E+1
729.72	2.427E+0
730.03	7.524E+1
730.34	-3.641E+1
730.65	1.942E+1
730.96	-3.155E+1
731.27	-4.126E+1
731.58	9.466E+1
731.89	6.068E+1
732.20	2.913E+1
732.51	3.884E+1
732.82	-3.884E+1
733.13	-9.709E+0
733.44	6.796E+1
733.75	1.165E+2
734.06	-2.913E+1
734.37	-6.311E+1
734.68	-3.884E+1
734.98	4.854E+1
735.29	-3.884E+1
735.60	5.340E+1
735.91	-2.427E+0
736.22	6.796E+1
736.53	-2.913E+1
736.84	5.340E+1
737.15	4.126E+1
737.46	7.039E+1
737.77	8.253E+1
738.07	4.369E+1
738.38	5.583E+1
738.69	-5.825E+1
739.00	-3.155E+1
739.31	-1.699E+1
739.62	-7.039E+1
739.92	9.709E+0
740.23	0.000E+0
740.54	5.825E+1
740.85	-2.913E+1
741.16	-7.282E+1
741.47	9.709E+0
741.77	9.709E+0
742.08	-3.398E+1
742.39	2.427E+1
742.70	-8.981E+1
743.01	-4.854E+1
743.31	6.311E+1
743.62	2.427E+0
743.93	-2.184E+1
744.24	2.670E+1
744.54	9.709E+0
744.85	1.699E+1
745.16	-5.340E+1
745.47	4.369E+1
745.77	4.126E+1
746.08	2.913E+1
746.39	2.184E+1
746.70	2.670E+1
747.00	2.427E+0
747.31	5.583E+1
747.62	-1.942E+1
747.92	5.340E+1
748.23	-3.884E+1
748.54	-5.825E+1
748.84	1.942E+1
749.15	-4.369E+1
749.46	-4.126E+1
749.76	1.456E+1
750.07	0.000E+0
750.38	3.398E+1
750.68	-2.427E+0
750.99	1.214E+1
751.30	-8.981E+1
751.60	-3.398E+1
751.91	-3.641E+1
752.22	3.398E+1
752.52	1.262E+2
752.83	-5.340E+1
753.14	2.670E+1
753.44	1.456E+1
753.75	-2.184E+1
754.05	0.000E+0
754.36	8.495E+1
754.67	5.583E+1
754.97	-2.184E+1
755.28	3.884E+1
755.58	9.223E+1
755.89	-1.117E+2
756.19	-7.039E+1
756.50	4.369E+1
756.81	-1.456E+1
757.11	3.155E+1
757.42	-3.641E+1
757.72	3.155E+1
758.03	1.214E+1
758.33	-6.068E+1
758.64	5.825E+1
758.94	4.612E+1
759.25	-5.340E+1
759.55	-3.641E+1
759.86	-8.010E+1
760.16	-4.369E+1
760.47	2.670E+1
760.77	-3.641E+1
761.08	2.427E+0
761.38	7.282E+1
761.69	-6.554E+1
761.99	-8.010E+1
762.30	6.068E+1
762.60	-6.554E+1
762.91	-2.427E+0
763.21	-1.942E+1
763.51	7.767E+1
763.82	-2.427E+1
764.12	8.495E+1
764.43	3.641E+1
764.73	-1.019E+2
765.04	4.854E+1
765.34	-2.670E+1
765.64	6.796E+1
765.95	-9.466E+1
766.25	-5.583E+1
766.56	-3.398E+1
766.86	5.825E+1
767.16	-9.709E+0
767.47	-4.369E+1
767.77	2.427E+0
768.07	1.699E+1
768.38	-4.854E+0
768.68	2.427E+1
768.98	-1.699E+1
769.29	-6.311E+1
769.59	2.427E+1
769.89	-7.282E+0
770.20	-7.524E+1
770.50	-7.282E+0
770.80	-3.155E+1
771.11	-7.039E+1
771.41	1.942E+1
771.71	8.981E+1
772.02	-9.223E+1
772.32	-3.398E+1
772.62	5.583E+1
772.93	7.282E+1
773.23	-4.854E+0
773.53	-2.427E+0
773.83	-8.010E+1
774.14	-7.767E+1
774.44	-2.427E+0
774.74	2.184E+1
775.04	-3.884E+1
775.35	-7.039E+1
775.65	-2.427E+1
775.95	-1.942E+1
776.25	2.913E+1
776.55	-3.398E+1
776.86	3.155E+1
777.16	2.184E+1
777.46	-9.709E+0
777.76	1.553E+2
778.06	-1.286E+2
778.37	0.000E+0
778.67	3.155E+1
778.97	-2.427E+1
779.27	1.942E+1
779.57	6.796E+1
779.88	-7.767E+1
780.18	-8.738E+1
780.48	-2.427E+0
780.78	-8.253E+1
781.08	-4.854E+1
781.38	-1.456E+1
781.68	-1.942E+1
781.98	6.311E+1
782.29	-8.010E+1
782.59	-4.854E+1
782.89	3.155E+1
783.19	-5.825E+1
783.49	-4.612E+1
783.79	1.699E+1
784.09	1.117E+2
784.39	1.699E+1
784.69	3.398E+1
784.99	-7.767E+1
785.30	7.282E+0
785.60	-2.427E+0
785.90	3.884E+1
786.20	7.282E+0
786.50	-2.427E+1
786.80	-9.709E+0
787.10	-6.554E+1
787.40	-1.456E+1
787.70	2.913E+1
788.00	-7.282E+0
788.30	-6.311E+1
788.60	2.427E+1
788.90	-3.641E+1
789.20	-1.942E+1
789.50	1.214E+1
789.80	-7.282E+0
790.10	8.495E+1
790.40	9.709E+0
790.70	3.398E+1
791.00	-7.767E+1
791.30	-5.583E+1
791.60	-7.282E+1
791.90	6.796E+1
792.20	-4.612E+1
792.50	2.913E+1
792.79	9.709E+0
793.09	-1.214E+1
793.39	-9.709E+0
793.69	9.709E+1
793.99	1.359E+2
794.29	-2.913E+1
794.59	-4.369E+1
794.89	-5.825E+1
795.19	-8.253E+1
795.49	-9.223E+1
795.79	-3.398E+1
796.08	7.039E+1
796.38	-5.340E+1
796.68	8.010E+1
796.98	4.612E+1
797.28	-7.282E+0
797.58	-2.670E+1
797.88	-3.155E+1
798.17	0.000E+0
798.47	3.884E+1
798.77	2.913E+1
799.07	-1.117E+2
799.37	6.796E+1
799.67	-1.359E+2
799.96	-3.884E+1
800.26	-1.942E+1
800.56	-2.427E+0
800.86	2.913E+1
801.16	4.369E+1
801.45	-2.913E+1
801.75	-5.340E+1
802.05	-2.913E+1
802.35	-1.456E+1
802.64	-4.612E+1
802.94	1.942E+1
803.24	3.641E+1
803.54	2.427E+1
803.83	9.952E+1
804.13	-9.709E+0
804.43	-6.796E+1
804.73	-5.097E+1
805.02	-1.214E+1
805.32	-6.068E+1
805.62	1.456E+1
805.91	9.709E+0
806.21	-9.709E+0
806.51	-8.253E+1
806.81	2.913E+1
807.10	2.427E+0
807.40	-2.913E+1
807.70	-7.282E+1
807.99	7.282E+0
808.29	8.253E+1
808.59	-9.223E+1
808.88	4.369E+1
809.18	5.583E+1
809.47	-7.767E+1
809.77	3.155E+1
810.07	7.282E+0
810.36	1.214E+1
810.66	-1.214E+1
810.96	2.427E+1
811.25	-4.369E+1
811.55	-4.126E+1
811.84	4.612E+1
812.14	7.524E+1
812.44	-7.524E+1
812.73	6.068E+1
813.03	0.000E+0
813.32	1.942E+1
813.62	-2.184E+1
813.91	-4.854E+0
814.21	2.427E+1
814.51	-9.709E+0
814.80	-1.456E+1
815.10	6.796E+1
815.39	-1.699E+1
815.69	3.155E+1
815.98	4.854E+0
816.28	3.641E+1
816.57	-7.767E+1
816.87	-7.524E+1
817.16	-5.340E+1
817.46	-1.699E+1
817.75	-8.981E+1
818.05	1.117E+2
818.34	-1.699E+1
818.64	4.126E+1
818.93	-9.709E+0
819.23	-1.942E+1
819.52	-5.097E+1
819.82	-1.699E+1
820.11	-9.709E+0
820.40	-4.369E+1
820.70	-6.311E+1
820.99	4.126E+1
821.29	1.942E+1
821.58	-1.117E+2
821.88	1.699E+1
822.17	2.184E+1
822.46	-6.311E+1
822.76	-1.942E+1
823.05	-2.670E+1
823.35	7.282E+0
823.64	-1.699E+1
823.93	2.184E+1
824.23	8.253E+1
824.52	-3.884E+1
824.81	9.223E+1
825.11	-6.796E+1
825.40	-1.456E+1
825.69	6.554E+1
825.99	4.369E+1
826.28	3.641E+1
826.58	-9.709E+0
826.87	-6.554E+1
827.16	4.612E+1
827.45	6.554E+1
827.75	6.311E+1
828.04	0.000E+0
828.33	4.369E+1
828.63	-3.155E+1
828.92	0.000E+0
829.21	-2.670E+1
829.51	1.456E+1
829.80	7.524E+1
830.09	2.670E+1
830.38	3.884E+1
830.68	-8.495E+1
830.97	-2.184E+1
831.26	6.068E+1
831.55	4.854E+0
831.85	-1.456E+1
832.14	-2.184E+1
832.43	-2.427E+1
832.72	-6.554E+1
833.01	-2.427E+0
833.31	1.699E+1
833.60	1.214E+2
833.89	-5.097E+1
834.18	4.126E+1
834.47	4.126E+1
834.77	3.155E+1
835.06	5.583E+1
835.35	5.825E+1
835.64	-2.427E+0
835.93	3.641E+1
836.22	-7.039E+1
836.52	-5.340E+1
836.81	-2.427E+1
837.10	3.884E+1
837.39	3.884E+1
837.68	-7.282E+0
837.97	-7.524E+1
838.26	3.641E+1
838.55	-3.398E+1
838.85	-9.709E+0
839.14	4.126E+1
839.43	-8.253E+1
839.72	-1.286E+2
840.01	4.126E+1
840.30	4.369E+1
840.59	-3.884E+1
840.88	7.039E+1
841.17	-1.456E+1
841.46	-2.427E+1
841.75	-8.010E+1
842.04	-3.398E+1
842.33	9.709E+0
842.62	-5.583E+1
842.91	1.092E+2
843.21	-2.184E+1
843.50	-2.670E+1
843.79	4.854E+0
844.08	2.184E+1
844.37	5.583E+1
844.66	-3.155E+1
844.95	4.612E+1
845.24	-2.670E+1
845.53	-9.223E+1
845.81	-3.884E+1
846.10	-2.184E+1
846.39	-1.942E+1
846.68	9.709E+0
846.97	5.097E+1
847.26	-6.796E+1
847.55	-5.825E+1
847.84	1.456E+1
848.13	7.282E+1
848.42	-9.709E+0
848.71	-1.456E+1
849.00	1.165E+2
849.29	-4.126E+1
849.58	2.670E+1
849.87	-3.884E+1
850.15	4.612E+1
850.44	6.311E+1
850.73	9.223E+1
851.02	-2.670E+1
851.31	1.942E+1
851.60	2.913E+1
851.89	-7.282E+0
852.18	-4.612E+1
852.46	-1.068E+2
852.75	-4.369E+1
853.04	4.854E+1
853.33	-1.942E+1
853.62	1.942E+1
853.91	-5.825E+1
854.19	3.155E+1
854.48	1.019E+2
854.77	1.942E+1
855.06	1.068E+2
855.35	4.369E+1
855.63	-7.039E+1
855.92	-7.524E+1
856.21	2.913E+1
856.50	9.709E+1
856.79	7.039E+1
857.07	4.854E+0
857.36	-5.825E+1
857.65	1.019E+2
857.94	1.456E+1
858.22	-9.709E+0
858.51	5.583E+1
858.80	-4.854E+1
859.08	-2.427E+0
859.37	1.699E+1
859.66	0.000E+0
859.95	2.427E+1
860.23	-1.942E+1
860.52	1.141E+2
860.81	1.214E+2
861.09	8.738E+1
861.38	1.699E+1
861.67	-3.884E+1
861.95	-4.612E+1
862.24	1.699E+1
862.53	-4.854E+0
862.81	-6.068E+1
863.10	1.942E+1
863.39	4.369E+1
863.67	4.854E+1
863.96	1.214E+1
864.25	-6.796E+1
864.53	4.854E+1
864.82	5.583E+1
865.10	-1.699E+2
865.39	3.641E+1
865.68	1.068E+2
865.96	6.796E+1
866.25	1.214E+1
866.53	1.214E+1
866.82	1.214E+1