Wavelength	Intensity	Ocean Optics Flame
nm	counts
187.89	-3.155E+1
188.27	0.000E+0
188.64	-1.214E+1
189.02	-3.884E+1
189.40	-4.612E+1
189.78	-2.184E+1
190.15	1.942E+1
190.53	-5.825E+1
190.91	-3.398E+1
191.29	9.952E+1
191.66	-1.456E+1
192.04	-1.456E+1
192.42	-4.854E+0
192.80	2.427E+0
193.17	-1.092E+2
193.55	-7.039E+1
193.93	5.097E+1
194.30	2.670E+1
194.68	-6.796E+1
195.06	9.223E+1
195.44	-6.554E+1
195.81	-6.554E+1
196.19	-2.670E+1
196.57	6.796E+1
196.94	-6.068E+1
197.32	2.427E+0
197.70	4.126E+1
198.07	-3.884E+1
198.45	5.825E+1
198.83	3.641E+1
199.20	2.670E+1
199.58	-2.670E+1
199.96	-4.369E+1
200.33	-4.854E+1
200.71	-3.155E+1
201.09	-4.126E+1
201.46	1.214E+1
201.84	-1.699E+1
202.22	4.369E+1
202.59	3.398E+1
202.97	1.044E+2
203.34	8.981E+1
203.72	4.854E+1
204.10	-5.583E+1
204.47	-1.699E+1
204.85	1.214E+1
205.23	-7.767E+1
205.60	4.854E+0
205.98	-1.044E+2
206.35	5.583E+1
206.73	-1.214E+1
207.11	0.000E+0
207.48	-4.126E+1
207.86	1.044E+2
208.23	-7.039E+1
208.61	-4.612E+1
208.98	8.253E+1
209.36	-6.068E+1
209.74	-2.184E+1
210.11	-1.748E+2
210.49	7.282E+0
210.86	3.155E+1
211.24	3.398E+1
211.61	2.427E+0
211.99	4.369E+1
212.36	-2.913E+1
212.74	5.340E+1
213.11	-9.952E+1
213.49	-8.981E+1
213.87	-7.282E+0
214.24	-9.709E+1
214.62	2.427E+0
214.99	4.612E+1
215.37	-2.184E+1
215.74	9.709E+0
216.12	-5.825E+1
216.49	-8.495E+1
216.87	4.854E+1
217.24	-1.699E+1
217.62	4.854E+1
217.99	5.825E+1
218.37	8.253E+1
218.74	-1.942E+1
219.11	2.427E+1
219.49	-1.456E+1
219.86	3.398E+1
220.24	-1.214E+1
220.61	-4.369E+1
220.99	-5.583E+1
221.36	8.981E+1
221.74	5.097E+1
222.11	8.981E+1
222.49	4.612E+1
222.86	-9.709E+0
223.23	-2.913E+1
223.61	2.670E+1
223.98	2.184E+1
224.36	3.641E+1
224.73	9.223E+1
225.11	-8.738E+1
225.48	2.184E+1
225.85	-7.282E+0
226.23	-2.913E+1
226.60	4.126E+1
226.98	4.854E+1
227.35	-1.456E+1
227.72	1.942E+1
228.10	-1.117E+2
228.47	-4.612E+1
228.84	-6.796E+1
229.22	1.699E+1
229.59	8.253E+1
229.97	-5.583E+1
230.34	2.427E+1
230.71	2.184E+2
231.09	2.670E+1
231.46	8.495E+1
231.83	-2.913E+1
232.21	3.641E+1
232.58	-3.641E+1
232.95	1.214E+1
233.33	-5.097E+1
233.70	1.165E+2
234.07	1.699E+1
234.45	7.767E+1
234.82	-2.427E+1
235.19	4.126E+1
235.57	-4.369E+1
235.94	4.126E+1
236.31	9.223E+1
236.69	3.155E+1
237.06	7.767E+1
237.43	2.427E+0
237.80	-2.184E+1
238.18	8.010E+1
238.55	-6.068E+1
238.92	-1.942E+1
239.30	8.253E+1
239.67	-8.010E+1
240.04	5.340E+1
240.41	3.884E+1
240.79	6.311E+1
241.16	5.097E+1
241.53	-6.796E+1
241.90	-4.126E+1
242.28	-1.456E+1
242.65	-7.282E+0
243.02	2.427E+1
243.39	7.282E+1
243.77	-3.398E+1
244.14	4.126E+1
244.51	-6.068E+1
244.88	8.981E+1
245.25	-3.641E+1
245.63	4.612E+1
246.00	9.709E+0
246.37	2.427E+0
246.74	4.854E+1
247.11	2.670E+1
247.49	5.583E+1
247.86	5.825E+1
248.23	7.282E+1
248.60	3.398E+1
248.97	2.427E+0
249.35	4.612E+1
249.72	4.854E+1
250.09	-7.524E+1
250.46	-8.010E+1
250.83	2.184E+1
251.20	4.126E+1
251.58	4.854E+1
251.95	2.670E+1
252.32	2.670E+1
252.69	6.068E+1
253.06	2.670E+1
253.43	4.854E+0
253.80	0.000E+0
254.17	6.554E+1
254.55	5.340E+1
254.92	8.010E+1
255.29	4.126E+1
255.66	-4.854E+0
256.03	5.825E+1
256.40	-2.670E+1
256.77	-7.282E+0
257.14	8.010E+1
257.51	-2.670E+1
257.88	4.369E+1
258.26	6.796E+1
258.63	1.942E+1
259.00	-2.670E+1
259.37	4.854E+1
259.74	-2.427E+0
260.11	4.854E+0
260.48	-4.854E+1
260.85	1.214E+1
261.22	1.456E+1
261.59	-3.155E+1
261.96	1.189E+2
262.33	4.854E+0
262.70	0.000E+0
263.07	3.155E+1
263.44	6.311E+1
263.81	3.884E+1
264.18	1.699E+1
264.55	1.117E+2
264.92	-2.427E+0
265.29	2.670E+1
265.66	-1.942E+1
266.03	7.524E+1
266.40	9.952E+1
266.77	3.155E+1
267.14	1.044E+2
267.51	-5.825E+1
267.88	7.282E+0
268.25	-5.097E+1
268.62	1.359E+2
268.99	7.282E+1
269.36	9.709E+1
269.73	1.214E+1
270.10	-1.942E+1
270.47	9.709E+0
270.84	7.282E+0
271.21	-4.369E+1
271.58	9.709E+0
271.95	-1.942E+1
272.32	-9.709E+0
272.69	9.709E+0
273.06	6.068E+1
273.43	1.942E+1
273.80	5.340E+1
274.17	-5.825E+1
274.53	1.942E+1
274.90	4.126E+1
275.27	5.340E+1
275.64	1.214E+1
276.01	-2.427E+1
276.38	3.884E+1
276.75	-1.942E+1
277.12	1.214E+1
277.49	-4.612E+1
277.86	1.699E+1
278.22	-1.456E+1
278.59	-8.738E+1
278.96	-4.854E+1
279.33	-4.854E+0
279.70	-2.913E+1
280.07	-2.670E+1
280.44	1.456E+1
280.80	5.825E+1
281.17	3.641E+1
281.54	-1.942E+1
281.91	3.398E+1
282.28	-2.670E+1
282.65	1.942E+1
283.02	-7.282E+0
283.38	-6.311E+1
283.75	-7.039E+1
284.12	7.282E+0
284.49	5.340E+1
284.86	1.699E+1
285.22	2.670E+1
285.59	1.214E+1
285.96	-5.583E+1
286.33	-8.010E+1
286.70	-2.427E+0
287.06	-3.641E+1
287.43	7.767E+1
287.80	1.942E+1
288.17	6.554E+1
288.53	5.825E+1
288.90	-6.796E+1
289.27	6.311E+1
289.64	6.311E+1
290.01	8.253E+1
290.37	1.942E+1
290.74	3.884E+1
291.11	-2.427E+0
291.48	-3.641E+1
291.84	2.427E+0
292.21	0.000E+0
292.58	9.709E+0
292.94	-9.709E+0
293.31	-4.854E+1
293.68	-7.524E+1
294.05	-6.311E+1
294.41	1.942E+1
294.78	-7.767E+1
295.15	4.854E+1
295.51	8.010E+1
295.88	-1.214E+1
296.25	8.738E+1
296.61	0.000E+0
296.98	-1.359E+2
297.35	4.126E+1
297.72	-3.398E+1
298.08	8.253E+1
298.45	-1.019E+2
298.82	6.311E+1
299.18	4.126E+1
299.55	-3.155E+1
299.91	-1.699E+1
300.28	3.155E+1
300.65	-1.699E+1
301.01	2.427E+0
301.38	1.942E+1
301.75	-1.699E+1
302.11	9.223E+1
302.48	-3.884E+1
302.85	-4.126E+1
303.21	-4.854E+0
303.58	8.010E+1
303.94	1.675E+2
304.31	4.854E+1
304.68	1.214E+1
305.04	-2.670E+1
305.41	-1.214E+1
305.77	7.282E+1
306.14	-2.427E+1
306.51	1.092E+2
306.87	3.884E+1
307.24	-7.282E+0
307.60	4.612E+1
307.97	4.126E+1
308.33	-4.854E+0
308.70	4.854E+1
309.07	9.709E+1
309.43	-3.155E+1
309.80	-7.282E+1
310.16	-2.184E+1
310.53	-4.854E+1
310.89	9.709E+0
311.26	-4.854E+1
311.62	4.126E+1
311.99	4.854E+0
312.35	-2.427E+1
312.72	7.767E+1
313.08	6.796E+1
313.45	1.286E+2
313.81	-4.126E+1
314.18	-8.010E+1
314.54	3.398E+1
314.91	1.456E+1
315.27	8.495E+1
315.64	3.398E+1
316.00	-3.155E+1
316.37	5.097E+1
316.73	-1.699E+1
317.10	-1.141E+2
317.46	7.282E+0
317.83	3.398E+1
318.19	7.282E+0
318.56	8.010E+1
318.92	4.369E+1
319.28	3.641E+1
319.65	4.612E+1
320.01	-1.456E+1
320.38	3.398E+1
320.74	-2.670E+1
321.11	-1.456E+1
321.47	1.214E+1
321.83	-3.155E+1
322.20	1.141E+2
322.56	-3.155E+1
322.93	5.583E+1
323.29	1.942E+1
323.66	3.884E+1
324.02	7.282E+0
324.38	3.884E+1
324.75	1.238E+2
325.11	4.854E+1
325.47	-3.884E+1
325.84	-4.126E+1
326.20	3.884E+1
326.57	-4.854E+0
326.93	4.854E+1
327.29	-4.854E+1
327.66	1.117E+2
328.02	3.884E+1
328.38	6.554E+1
328.75	-9.709E+1
329.11	9.709E+1
329.47	-1.044E+2
329.84	-1.456E+1
330.20	8.981E+1
330.56	-9.709E+0
330.93	2.427E+1
331.29	5.583E+1
331.65	6.554E+1
332.02	0.000E+0
332.38	-9.709E+0
332.74	3.641E+1
333.10	8.010E+1
333.47	2.913E+1
333.83	-9.709E+0
334.19	1.359E+2
334.56	1.019E+2
334.92	2.670E+1
335.28	-9.709E+0
335.64	5.825E+1
336.01	-7.767E+1
336.37	2.670E+1
336.73	4.369E+1
337.09	-1.942E+1
337.46	-9.709E+0
337.82	7.282E+1
338.18	-1.214E+1
338.54	-6.068E+1
338.91	1.942E+1
339.27	-2.427E+1
339.63	1.214E+1
339.99	-4.854E+0
340.36	-1.699E+1
340.72	8.738E+1
341.08	1.214E+1
341.44	1.165E+2
341.80	6.554E+1
342.17	8.010E+1
342.53	1.456E+1
342.89	3.641E+1
343.25	3.884E+1
343.61	-8.253E+1
343.98	2.184E+1
344.34	1.189E+2
344.70	1.311E+2
345.06	4.854E+1
345.42	-7.282E+0
345.78	9.709E+0
346.14	7.524E+1
346.51	-6.554E+1
346.87	4.854E+0
347.23	7.039E+1
347.59	-4.369E+1
347.95	3.398E+1
348.31	3.641E+1
348.67	5.097E+1
349.04	2.427E+0
349.40	2.670E+1
349.76	-1.214E+1
350.12	1.942E+1
350.48	1.456E+1
350.84	-9.709E+0
351.20	5.583E+1
351.56	-4.854E+1
351.92	1.942E+1
352.28	2.670E+1
352.65	2.913E+1
353.01	-4.126E+1
353.37	9.709E+1
353.73	-7.282E+1
354.09	2.184E+1
354.45	6.796E+1
354.81	2.427E+1
355.17	1.456E+1
355.53	1.699E+1
355.89	-1.262E+2
356.25	4.854E+0
356.61	5.583E+1
356.97	-5.097E+1
357.33	-5.340E+1
357.69	6.796E+1
358.05	-2.670E+1
358.41	2.184E+1
358.77	-2.427E+0
359.13	6.554E+1
359.49	3.398E+1
359.85	1.553E+2
360.21	3.884E+1
360.57	-9.709E+0
360.93	-7.282E+0
361.29	5.583E+1
361.65	4.854E+0
362.01	6.796E+1
362.37	2.913E+1
362.73	9.709E+1
363.09	7.524E+1
363.45	8.495E+1
363.81	-8.253E+1
364.17	1.068E+2
364.53	3.398E+1
364.89	4.612E+1
365.25	-9.709E+0
365.61	8.981E+1
365.97	1.214E+2
366.33	-6.554E+1
366.69	8.010E+1
367.05	7.282E+1
367.40	1.432E+2
367.76	7.039E+1
368.12	6.554E+1
368.48	1.019E+2
368.84	1.723E+2
369.20	6.554E+1
369.56	9.223E+1
369.92	2.015E+2
370.28	4.612E+1
370.63	1.214E+2
370.99	1.481E+2
371.35	9.466E+1
371.71	8.253E+1
372.07	7.282E+0
372.43	1.141E+2
372.79	4.126E+1
373.15	1.068E+2
373.50	1.189E+2
373.86	1.675E+2
374.22	7.524E+1
374.58	1.214E+2
374.94	1.845E+2
375.30	1.456E+2
375.65	6.796E+1
376.01	1.578E+2
376.37	1.772E+2
376.73	1.165E+2
377.09	2.039E+2
377.44	2.330E+2
377.80	1.651E+2
378.16	1.359E+2
378.52	2.427E+2
378.88	2.767E+2
379.23	2.670E+2
379.59	3.204E+2
379.95	2.524E+2
380.31	2.379E+2
380.66	2.063E+2
381.02	2.743E+2
381.38	3.932E+2
381.74	3.786E+2
382.09	2.937E+2
382.45	4.296E+2
382.81	3.617E+2
383.17	4.976E+2
383.52	5.097E+2
383.88	6.044E+2
384.24	5.316E+2
384.60	6.408E+2
384.95	6.626E+2
385.31	7.354E+2
385.67	7.864E+2
386.02	8.058E+2
386.38	8.738E+2
386.74	9.272E+2
387.10	1.121E+3
387.45	1.291E+3
387.81	1.422E+3
388.17	1.417E+3
388.52	1.502E+3
388.88	1.638E+3
389.24	1.816E+3
389.59	2.138E+3
389.95	2.243E+3
390.31	2.551E+3
390.66	2.847E+3
391.02	3.049E+3
391.38	3.265E+3
391.73	3.709E+3
392.09	4.063E+3
392.44	4.403E+3
392.80	4.699E+3
393.16	5.165E+3
393.51	5.689E+3
393.87	6.371E+3
394.23	7.037E+3
394.58	7.384E+3
394.94	8.374E+3
395.29	9.000E+3
395.65	9.903E+3
396.01	1.023E+4
396.36	1.103E+4
396.72	1.187E+4
397.07	1.280E+4
397.43	1.417E+4
397.78	1.533E+4
398.14	1.657E+4
398.50	1.780E+4
398.85	1.916E+4
399.21	2.034E+4
399.56	2.195E+4
399.92	2.271E+4
400.27	2.428E+4
400.63	2.543E+4
400.98	2.761E+4
401.34	2.890E+4
401.69	3.080E+4
402.05	3.245E+4
402.40	3.402E+4
402.76	3.651E+4
403.11	3.858E+4
403.47	4.109E+4
403.82	4.086E+4
404.18	4.278E+4
404.53	4.307E+4
404.89	4.534E+4
405.24	4.601E+4
405.60	4.714E+4
405.95	4.844E+4
406.31	4.985E+4
406.66	5.143E+4
407.02	5.219E+4
407.37	5.395E+4
407.73	5.441E+4
408.08	5.495E+4
408.44	5.463E+4
408.79	5.427E+4
409.14	5.383E+4
409.50	5.355E+4
409.85	5.253E+4
410.21	5.207E+4
410.56	5.152E+4
410.92	5.094E+4
411.27	5.050E+4
411.62	5.010E+4
411.98	4.970E+4
412.33	4.843E+4
412.69	4.727E+4
413.04	4.567E+4
413.39	4.314E+4
413.75	4.085E+4
414.10	3.930E+4
414.45	3.711E+4
414.81	3.511E+4
415.16	3.356E+4
415.52	3.165E+4
415.87	3.023E+4
416.22	2.883E+4
416.58	2.752E+4
416.93	2.591E+4
417.28	2.485E+4
417.64	2.344E+4
417.99	2.238E+4
418.34	2.030E+4
418.70	1.915E+4
419.05	1.805E+4
419.40	1.681E+4
419.76	1.548E+4
420.11	1.487E+4
420.46	1.384E+4
420.81	1.309E+4
421.17	1.254E+4
421.52	1.177E+4
421.87	1.142E+4
422.23	1.104E+4
422.58	1.005E+4
422.93	9.728E+3
423.28	9.068E+3
423.64	8.558E+3
423.99	8.027E+3
424.34	7.308E+3
424.69	6.796E+3
425.05	6.422E+3
425.40	6.017E+3
425.75	5.794E+3
426.10	5.342E+3
426.46	5.194E+3
426.81	4.881E+3
427.16	4.558E+3
427.51	4.478E+3
427.87	4.352E+3
428.22	4.010E+3
428.57	3.777E+3
428.92	3.619E+3
429.27	3.534E+3
429.63	3.046E+3
429.98	2.879E+3
430.33	2.636E+3
430.68	2.643E+3
431.03	2.413E+3
431.38	2.250E+3
431.74	2.182E+3
432.09	1.954E+3
432.44	2.092E+3
432.79	1.862E+3
433.14	1.840E+3
433.49	1.779E+3
433.85	1.575E+3
434.20	1.600E+3
434.55	1.384E+3
434.90	1.333E+3
435.25	1.274E+3
435.60	1.238E+3
435.95	1.112E+3
436.30	1.046E+3
436.66	9.321E+2
437.01	9.612E+2
437.36	9.539E+2
437.71	8.422E+2
438.06	7.621E+2
438.41	8.301E+2
438.76	7.573E+2
439.11	7.306E+2
439.46	7.039E+2
439.81	6.918E+2
440.16	7.160E+2
440.52	6.456E+2
440.87	5.753E+2
441.22	6.238E+2
441.57	6.214E+2
441.92	3.859E+2
442.27	5.364E+2
442.62	5.728E+2
442.97	4.369E+2
443.32	4.854E+2
443.67	3.083E+2
444.02	4.466E+2
444.37	4.709E+2
444.72	4.126E+2
445.07	3.738E+2
445.42	3.034E+2
445.77	2.864E+2
446.12	2.306E+2
446.47	2.500E+2
446.82	2.209E+2
447.17	3.204E+2
447.52	2.646E+2
447.87	2.136E+2
448.22	3.204E+2
448.57	2.816E+2
448.92	3.252E+2
449.27	2.379E+2
449.62	2.961E+2
449.97	1.651E+2
450.32	1.748E+2
450.66	1.578E+2
451.01	2.403E+2
451.36	2.694E+2
451.71	2.233E+2
452.06	2.282E+2
452.41	4.612E+1
452.76	1.893E+2
453.11	2.063E+2
453.46	1.456E+2
453.81	8.981E+1
454.16	1.068E+2
454.51	1.529E+2
454.85	1.723E+2
455.20	2.039E+2
455.55	1.384E+2
455.90	1.262E+2
456.25	1.384E+2
456.60	1.505E+2
456.95	1.505E+2
457.30	1.796E+2
457.64	1.214E+2
457.99	1.311E+2
458.34	2.597E+2
458.69	-1.214E+1
459.04	1.675E+2
459.39	-4.612E+1
459.73	3.155E+1
460.08	1.117E+2
460.43	1.602E+2
460.78	1.141E+2
461.13	1.626E+2
461.48	5.097E+1
461.82	9.466E+1
462.17	5.583E+1
462.52	3.398E+1
462.87	1.068E+2
463.21	9.223E+1
463.56	8.010E+1
463.91	1.044E+2
464.26	1.966E+2
464.61	1.408E+2
464.95	1.820E+2
465.30	4.854E+1
465.65	4.854E+1
466.00	1.481E+2
466.34	5.097E+1
466.69	1.286E+2
467.04	1.408E+2
467.39	7.282E+1
467.73	4.126E+1
468.08	8.981E+1
468.43	1.311E+2
468.77	7.282E+0
469.12	6.068E+1
469.47	1.019E+2
469.82	1.019E+2
470.16	1.432E+2
470.51	5.583E+1
470.86	1.675E+2
471.20	-3.155E+1
471.55	-1.214E+1
471.90	8.495E+1
472.24	4.612E+1
472.59	1.408E+2
472.94	-2.427E+0
473.28	2.573E+2
473.63	1.165E+2
473.98	7.524E+1
474.32	1.286E+2
474.67	5.583E+1
475.02	-2.427E+0
475.36	8.738E+1
475.71	4.612E+1
476.06	6.796E+1
476.40	1.893E+2
476.75	9.223E+1
477.09	3.884E+1
477.44	1.044E+2
477.79	5.825E+1
478.13	5.583E+1
478.48	-1.699E+1
478.82	-2.913E+1
479.17	9.223E+1
479.52	-7.767E+1
479.86	6.796E+1
480.21	6.554E+1
480.55	1.408E+2
480.90	1.092E+2
481.24	9.223E+1
481.59	9.709E+1
481.94	9.466E+1
482.28	1.189E+2
482.63	1.456E+1
482.97	7.039E+1
483.32	8.253E+1
483.66	9.466E+1
484.01	1.456E+1
484.35	7.524E+1
484.70	6.796E+1
485.04	8.981E+1
485.39	3.398E+1
485.73	1.214E+1
486.08	1.019E+2
486.42	-3.884E+1
486.77	-1.214E+1
487.11	2.670E+1
487.46	5.825E+1
487.80	2.670E+1
488.15	-3.398E+1
488.49	6.068E+1
488.84	2.427E+0
489.18	1.408E+2
489.53	1.214E+2
489.87	1.141E+2
490.21	1.214E+2
490.56	6.311E+1
490.90	2.063E+2
491.25	5.583E+1
491.59	8.495E+1
491.94	-3.155E+1
492.28	-4.612E+1
492.62	7.524E+1
492.97	5.097E+1
493.31	-2.427E+0
493.66	3.641E+1
494.00	6.311E+1
494.34	1.117E+2
494.69	-3.641E+1
495.03	-4.854E+1
495.38	-3.398E+1
495.72	3.155E+1
496.06	8.010E+1
496.41	6.796E+1
496.75	-9.709E+0
497.09	-4.126E+1
497.44	-2.427E+1
497.78	7.767E+1
498.13	1.165E+2
498.47	1.942E+1
498.81	6.554E+1
499.16	2.427E+0
499.50	1.942E+1
499.84	2.427E+1
500.19	7.282E+1
500.53	-1.942E+1
500.87	3.884E+1
501.21	-4.854E+1
501.56	4.126E+1
501.90	1.286E+2
502.24	1.359E+2
502.59	4.369E+1
502.93	3.884E+1
503.27	-6.796E+1
503.61	7.282E+0
503.96	-4.369E+1
504.30	6.554E+1
504.64	7.282E+1
504.99	6.311E+1
505.33	5.825E+1
505.67	5.583E+1
506.01	-5.340E+1
506.36	-2.427E+0
506.70	-1.699E+1
507.04	7.767E+1
507.38	-5.583E+1
507.72	2.427E+0
508.07	3.884E+1
508.41	7.282E+1
508.75	-6.311E+1
509.09	-1.214E+1
509.44	-1.214E+1
509.78	-2.913E+1
510.12	1.335E+2
510.46	7.524E+1
510.80	1.942E+1
511.14	-7.282E+0
511.49	-2.427E+1
511.83	8.495E+1
512.17	2.184E+1
512.51	-1.942E+1
512.85	-7.282E+0
513.19	5.097E+1
513.54	7.767E+1
513.88	2.427E+0
514.22	3.398E+1
514.56	3.398E+1
514.90	-1.456E+1
515.24	2.427E+1
515.58	1.165E+2
515.93	1.214E+1
516.27	2.427E+0
516.61	-1.214E+1
516.95	7.282E+0
517.29	-4.854E+0
517.63	6.311E+1
517.97	3.884E+1
518.31	2.913E+1
518.65	-9.709E+0
518.99	7.282E+0
519.33	1.189E+2
519.67	2.913E+1
520.02	5.340E+1
520.36	-9.709E+0
520.70	-8.253E+1
521.04	-4.854E+1
521.38	3.884E+1
521.72	1.699E+1
522.06	-1.117E+2
522.40	-4.126E+1
522.74	-4.854E+1
523.08	-6.311E+1
523.42	-4.126E+1
523.76	3.155E+1
524.10	-2.427E+0
524.44	2.913E+1
524.78	-2.427E+0
525.12	1.699E+1
525.46	1.044E+2
525.80	1.505E+2
526.14	1.456E+1
526.48	7.524E+1
526.82	8.981E+1
527.16	5.825E+1
527.50	3.155E+1
527.84	-2.184E+1
528.18	-4.854E+0
528.52	6.311E+1
528.86	2.913E+1
529.20	7.524E+1
529.54	8.253E+1
529.87	7.282E+0
530.21	7.039E+1
530.55	0.000E+0
530.89	5.825E+1
531.23	6.554E+1
531.57	4.612E+1
531.91	9.952E+1
532.25	9.709E+0
532.59	-4.854E+0
532.93	1.214E+1
533.27	-8.495E+1
533.60	2.184E+1
533.94	-7.767E+1
534.28	-1.214E+1
534.62	8.253E+1
534.96	3.398E+1
535.30	6.796E+1
535.64	-4.854E+0
535.98	-1.699E+1
536.31	2.427E+0
536.65	7.282E+0
536.99	1.942E+1
537.33	7.039E+1
537.67	5.340E+1
538.01	8.253E+1
538.34	-1.214E+1
538.68	4.854E+1
539.02	3.641E+1
539.36	-2.670E+1
539.70	2.427E+0
540.03	4.612E+1
540.37	4.854E+0
540.71	-8.010E+1
541.05	5.097E+1
541.39	7.039E+1
541.72	-7.282E+1
542.06	1.189E+2
542.40	-6.311E+1
542.74	5.097E+1
543.07	5.825E+1
543.41	3.641E+1
543.75	-2.184E+1
544.09	2.184E+1
544.42	7.524E+1
544.76	-4.369E+1
545.10	2.427E+0
545.44	2.427E+1
545.77	0.000E+0
546.11	1.456E+1
546.45	4.126E+1
546.78	1.942E+1
547.12	7.282E+0
547.46	2.427E+1
547.80	-1.044E+2
548.13	1.456E+1
548.47	1.456E+1
548.81	-1.699E+1
549.14	2.184E+1
549.48	-6.796E+1
549.82	2.670E+1
550.15	3.641E+1
550.49	5.583E+1
550.83	6.068E+1
551.16	1.117E+2
551.50	-1.214E+1
551.84	4.369E+1
552.17	-3.155E+1
552.51	-6.796E+1
552.84	-2.184E+1
553.18	1.456E+1
553.52	4.126E+1
553.85	-2.670E+1
554.19	4.854E+1
554.53	-2.427E+0
554.86	-4.612E+1
555.20	9.466E+1
555.53	9.952E+1
555.87	7.767E+1
556.20	3.398E+1
556.54	7.524E+1
556.88	5.340E+1
557.21	-1.942E+1
557.55	4.369E+1
557.88	3.641E+1
558.22	-3.398E+1
558.55	-1.699E+1
558.89	-8.253E+1
559.23	2.184E+1
559.56	2.184E+1
559.90	-1.092E+2
560.23	-2.427E+0
560.57	2.427E+0
560.90	-7.524E+1
561.24	-1.942E+1
561.57	2.427E+1
561.91	-1.456E+1
562.24	3.884E+1
562.58	3.641E+1
562.91	1.942E+1
563.25	1.141E+2
563.58	-3.155E+1
563.92	2.913E+1
564.25	2.427E+1
564.59	3.398E+1
564.92	-3.641E+1
565.25	2.184E+1
565.59	-2.427E+1
565.92	-5.097E+1
566.26	7.282E+0
566.59	-2.184E+1
566.93	4.854E+0
567.26	7.282E+0
567.60	8.253E+1
567.93	1.262E+2
568.26	3.398E+1
568.60	6.068E+1
568.93	8.495E+1
569.27	7.524E+1
569.60	-2.913E+1
569.93	4.126E+1
570.27	4.369E+1
570.60	1.141E+2
570.94	4.854E+0
571.27	8.738E+1
571.60	2.670E+1
571.94	2.427E+0
572.27	6.554E+1
572.60	-3.641E+1
572.94	1.942E+1
573.27	2.427E+1
573.60	7.767E+1
573.94	-2.427E+0
574.27	-8.981E+1
574.60	1.214E+2
574.94	1.092E+2
575.27	-1.456E+1
575.60	-7.282E+0
575.94	-4.126E+1
576.27	7.524E+1
576.60	-5.583E+1
576.94	2.670E+1
577.27	-2.913E+1
577.60	-1.214E+1
577.94	4.126E+1
578.27	1.189E+2
578.60	-4.369E+1
578.93	-1.456E+1
579.27	2.184E+1
579.60	6.554E+1
579.93	7.282E+1
580.26	5.583E+1
580.60	-9.466E+1
580.93	-1.092E+2
581.26	4.126E+1
581.59	6.068E+1
581.93	-7.282E+1
582.26	9.709E+0
582.59	-3.155E+1
582.92	1.214E+1
583.25	1.942E+1
583.59	-4.126E+1
583.92	-3.398E+1
584.25	-1.019E+2
584.58	8.981E+1
584.91	4.854E+1
585.25	-2.427E+1
585.58	4.612E+1
585.91	7.282E+0
586.24	8.010E+1
586.57	4.369E+1
586.90	-6.068E+1
587.24	5.825E+1
587.57	7.282E+1
587.90	5.340E+1
588.23	-1.699E+1
588.56	1.408E+2
588.89	0.000E+0
589.22	-3.641E+1
589.56	-7.039E+1
589.89	2.913E+1
590.22	-6.068E+1
590.55	3.884E+1
590.88	-9.709E+0
591.21	-5.583E+1
591.54	-2.427E+1
591.87	3.398E+1
592.20	-4.854E+0
592.53	-3.884E+1
592.87	5.340E+1
593.20	-7.524E+1
593.53	6.554E+1
593.86	5.583E+1
594.19	0.000E+0
594.52	2.670E+1
594.85	-9.709E+0
595.18	1.214E+1
595.51	-7.039E+1
595.84	1.942E+1
596.17	4.369E+1
596.50	0.000E+0
596.83	7.039E+1
597.16	3.884E+1
597.49	-9.709E+0
597.82	7.524E+1
598.15	-7.767E+1
598.48	9.709E+0
598.81	-1.456E+1
599.14	-4.369E+1
599.47	-2.184E+1
599.80	4.369E+1
600.13	-2.913E+1
600.46	7.282E+0
600.79	-7.282E+0
601.12	8.981E+1
601.45	9.952E+1
601.78	-3.398E+1
602.11	-7.282E+0
602.44	-7.282E+0
602.77	1.942E+1
603.10	4.854E+1
603.42	-6.068E+1
603.75	-2.427E+0
604.08	7.039E+1
604.41	-2.427E+1
604.74	-3.884E+1
605.07	-2.427E+1
605.40	1.942E+1
605.73	1.942E+1
606.06	-5.583E+1
606.39	-1.456E+1
606.71	-5.583E+1
607.04	2.913E+1
607.37	-1.456E+1
607.70	-3.884E+1
608.03	2.427E+0
608.36	-5.583E+1
608.69	4.854E+0
609.02	4.126E+1
609.34	-4.369E+1
609.67	-7.282E+1
610.00	-3.398E+1
610.33	-4.126E+1
610.66	-2.427E+1
610.98	-5.097E+1
611.31	3.641E+1
611.64	-2.184E+1
611.97	-3.641E+1
612.30	-3.155E+1
612.63	-4.854E+0
612.95	9.709E+0
613.28	-8.010E+1
613.61	2.427E+1
613.94	5.097E+1
614.26	-1.214E+1
614.59	-2.913E+1
614.92	-3.641E+1
615.25	1.141E+2
615.57	7.282E+0
615.90	-4.369E+1
616.23	7.767E+1
616.56	3.155E+1
616.88	-9.709E+0
617.21	1.214E+1
617.54	7.282E+0
617.87	-9.709E+0
618.19	6.554E+1
618.52	-2.427E+1
618.85	-6.554E+1
619.17	-4.854E+1
619.50	1.456E+1
619.83	3.641E+1
620.15	7.282E+0
620.48	2.913E+1
620.81	4.854E+1
621.14	-2.427E+0
621.46	-4.854E+0
621.79	-2.427E+1
622.11	0.000E+0
622.44	6.796E+1
622.77	4.126E+1
623.09	4.612E+1
623.42	5.583E+1
623.75	3.884E+1
624.07	-1.456E+1
624.40	3.155E+1
624.73	-4.369E+1
625.05	-1.942E+1
625.38	-2.913E+1
625.70	-1.214E+1
626.03	6.554E+1
626.36	3.155E+1
626.68	-1.942E+1
627.01	-7.767E+1
627.33	-1.699E+1
627.66	-3.398E+1
627.99	1.699E+1
628.31	-1.456E+1
628.64	-1.019E+2
628.96	3.398E+1
629.29	-8.010E+1
629.61	5.340E+1
629.94	-2.427E+0
630.26	1.699E+1
630.59	2.670E+1
630.91	6.554E+1
631.24	-9.952E+1
631.57	4.854E+0
631.89	-4.369E+1
632.22	-4.854E+0
632.54	7.524E+1
632.87	-1.699E+1
633.19	7.524E+1
633.52	-5.097E+1
633.84	1.699E+1
634.16	8.981E+1
634.49	1.456E+1
634.81	4.369E+1
635.14	1.214E+1
635.46	1.214E+1
635.79	3.884E+1
636.11	2.184E+1
636.44	3.641E+1
636.76	-9.709E+0
637.09	-3.641E+1
637.41	-4.369E+1
637.73	-1.092E+2
638.06	-1.456E+1
638.38	4.854E+0
638.71	-1.699E+1
639.03	-5.097E+1
639.36	3.641E+1
639.68	-3.641E+1
640.00	1.214E+1
640.33	-7.039E+1
640.65	3.884E+1
640.97	-5.340E+1
641.30	-5.825E+1
641.62	-6.068E+1
641.95	-3.155E+1
642.27	-1.068E+2
642.59	1.214E+1
642.92	1.456E+1
643.24	5.340E+1
643.56	-5.340E+1
643.89	-4.854E+1
644.21	-1.942E+1
644.53	-4.126E+1
644.86	-2.427E+0
645.18	-7.282E+0
645.50	-1.068E+2
645.83	4.854E+1
646.15	2.670E+1
646.47	7.282E+0
646.80	-4.369E+1
647.12	2.427E+1
647.44	-2.427E+1
647.76	1.214E+1
648.09	3.641E+1
648.41	-2.670E+1
648.73	-2.427E+0
649.05	4.126E+1
649.38	-3.884E+1
649.70	-4.854E+1
650.02	7.282E+0
650.34	-3.398E+1
650.67	7.282E+0
650.99	7.282E+1
651.31	-4.854E+0
651.63	2.184E+1
651.96	-2.427E+0
652.28	-1.699E+1
652.60	8.495E+1
652.92	9.952E+1
653.24	-6.311E+1
653.57	-2.184E+1
653.89	2.427E+1
654.21	5.097E+1
654.53	2.670E+1
654.85	-6.554E+1
655.18	8.010E+1
655.50	2.427E+0
655.82	-9.709E+0
656.14	-1.893E+2
656.46	4.612E+1
656.78	8.010E+1
657.10	-1.942E+1
657.43	-2.427E+1
657.75	2.184E+1
658.07	4.612E+1
658.39	4.854E+1
658.71	-2.427E+1
659.03	3.641E+1
659.35	-5.583E+1
659.67	4.854E+0
659.99	-1.942E+1
660.32	-5.097E+1
660.64	-8.738E+1
660.96	-5.097E+1
661.28	-8.981E+1
661.60	-6.311E+1
661.92	-7.039E+1
662.24	1.456E+1
662.56	-4.854E+1
662.88	1.699E+1
663.20	1.044E+2
663.52	8.253E+1
663.84	-2.427E+0
664.16	6.311E+1
664.48	1.214E+1
664.80	6.311E+1
665.12	-2.670E+1
665.44	4.369E+1
665.76	7.524E+1
666.08	1.942E+1
666.40	-7.524E+1
666.72	-9.709E+0
667.04	-7.282E+0
667.36	-1.651E+2
667.68	-3.398E+1
668.00	-2.670E+1
668.32	-1.262E+2
668.64	6.311E+1
668.96	3.884E+1
669.28	1.699E+1
669.60	-4.854E+0
669.92	4.854E+0
670.24	7.282E+0
670.56	-8.253E+1
670.88	-1.456E+1
671.20	4.612E+1
671.52	2.670E+1
671.84	6.554E+1
672.16	3.155E+1
672.47	-5.097E+1
672.79	4.612E+1
673.11	1.189E+2
673.43	-4.126E+1
673.75	-5.097E+1
674.07	6.068E+1
674.39	-1.214E+1
674.71	6.311E+1
675.03	-1.942E+1
675.34	6.796E+1
675.66	-9.709E+0
675.98	-3.641E+1
676.30	-2.184E+1
676.62	1.942E+1
676.94	-6.311E+1
677.25	-6.311E+1
677.57	-9.709E+0
677.89	-2.913E+1
678.21	5.825E+1
678.53	-4.126E+1
678.85	4.612E+1
679.16	-2.913E+1
679.48	-2.913E+1
679.80	0.000E+0
680.12	1.019E+2
680.44	4.854E+0
680.75	3.398E+1
681.07	4.854E+1
681.39	-4.369E+1
681.71	-6.554E+1
682.02	2.427E+0
682.34	-1.699E+1
682.66	7.282E+1
682.98	-4.612E+1
683.29	-2.670E+1
683.61	1.165E+2
683.93	2.427E+0
684.25	-1.214E+1
684.56	-1.942E+1
684.88	-4.854E+0
685.20	1.214E+2
685.51	2.427E+0
685.83	-6.068E+1
686.15	9.709E+0
686.47	6.554E+1
686.78	4.612E+1
687.10	5.340E+1
687.42	8.253E+1
687.73	3.398E+1
688.05	6.311E+1
688.37	8.738E+1
688.68	-1.699E+1
689.00	-3.641E+1
689.32	8.010E+1
689.63	1.092E+2
689.95	-5.825E+1
690.26	-8.253E+1
690.58	-4.854E+0
690.90	4.854E+0
691.21	-3.398E+1
691.53	-9.709E+0
691.85	-1.699E+1
692.16	-6.068E+1
692.48	2.184E+1
692.79	-3.155E+1
693.11	9.223E+1
693.42	9.709E+0
693.74	-1.942E+1
694.06	1.117E+2
694.37	1.238E+2
694.69	-2.184E+1
695.00	-5.825E+1
695.32	3.398E+1
695.63	-3.641E+1
695.95	-6.554E+1
696.26	1.286E+2
696.58	-7.767E+1
696.90	-7.282E+0
697.21	-7.282E+0
697.53	2.184E+1
697.84	-1.456E+1
698.16	2.913E+1
698.47	3.398E+1
698.79	6.068E+1
699.10	2.427E+0
699.42	2.427E+0
699.73	2.427E+1
700.05	1.214E+1
700.36	7.282E+0
700.68	-2.427E+0
700.99	9.709E+0
701.30	-7.282E+0
701.62	7.524E+1
701.93	4.854E+0
702.25	-3.155E+1
702.56	1.262E+2
702.88	-2.184E+1
703.19	-7.282E+0
703.50	-2.670E+1
703.82	6.311E+1
704.13	4.369E+1
704.45	1.092E+2
704.76	2.427E+0
705.08	-1.214E+1
705.39	-5.583E+1
705.70	4.126E+1
706.02	-8.010E+1
706.33	-1.699E+1
706.64	7.282E+0
706.96	-1.942E+1
707.27	4.854E+1
707.59	-1.699E+1
707.90	4.612E+1
708.21	4.369E+1
708.53	-4.854E+1
708.84	-4.369E+1
709.15	1.456E+1
709.47	4.126E+1
709.78	-2.670E+1
710.09	-3.398E+1
710.41	-2.184E+1
710.72	9.466E+1
711.03	-4.612E+1
711.34	-1.942E+1
711.66	7.039E+1
711.97	-8.010E+1
712.28	-2.427E+1
712.60	1.456E+1
712.91	2.913E+1
713.22	-3.398E+1
713.53	-3.884E+1
713.85	-7.039E+1
714.16	3.641E+1
714.47	0.000E+0
714.78	4.612E+1
715.10	4.369E+1
715.41	7.039E+1
715.72	3.641E+1
716.03	-1.942E+1
716.35	-1.699E+1
716.66	-7.282E+0
716.97	-4.854E+1
717.28	1.942E+1
717.59	-9.709E+0
717.91	5.583E+1
718.22	-3.155E+1
718.53	-4.854E+1
718.84	-2.913E+1
719.15	1.456E+1
719.46	-4.612E+1
719.78	-2.184E+1
720.09	1.942E+1
720.40	-1.505E+2
720.71	-6.068E+1
721.02	-4.126E+1
721.33	0.000E+0
721.65	-2.913E+1
721.96	-4.126E+1
722.27	1.699E+1
722.58	7.282E+1
722.89	1.117E+2
723.20	-2.427E+1
723.51	3.398E+1
723.82	1.942E+1
724.13	5.583E+1
724.45	-1.214E+1
724.76	2.670E+1
725.07	-7.282E+0
725.38	-4.854E+1
725.69	-1.699E+1
726.00	-3.155E+1
726.31	-9.952E+1
726.62	-1.626E+2
726.93	3.398E+1
727.24	7.282E+0
727.55	5.340E+1
727.86	1.044E+2
728.17	-4.854E+0
728.48	-3.155E+1
728.79	9.709E+0
729.10	-3.155E+1
729.41	5.340E+1
729.72	-3.155E+1
730.03	-1.214E+1
730.34	-5.825E+1
730.65	-5.340E+1
730.96	-2.184E+1
731.27	2.427E+0
731.58	7.282E+0
731.89	1.942E+1
732.20	-8.010E+1
732.51	-1.942E+1
732.82	1.456E+1
733.13	-2.427E+0
733.44	8.253E+1
733.75	1.141E+2
734.06	-5.340E+1
734.37	7.039E+1
734.68	4.612E+1
734.98	-6.554E+1
735.29	-5.097E+1
735.60	-6.068E+1
735.91	-1.699E+1
736.22	3.641E+1
736.53	-2.427E+0
736.84	-4.369E+1
737.15	3.398E+1
737.46	-2.184E+1
737.77	-1.456E+1
738.07	-1.214E+1
738.38	-1.214E+1
738.69	-6.554E+1
739.00	6.311E+1
739.31	-4.612E+1
739.62	6.311E+1
739.92	-2.913E+1
740.23	-1.019E+2
740.54	6.068E+1
740.85	5.583E+1
741.16	4.126E+1
741.47	4.854E+1
741.77	7.039E+1
742.08	-1.456E+1
742.39	-2.427E+1
742.70	1.942E+1
743.01	-4.854E+1
743.31	4.854E+0
743.62	-7.524E+1
743.93	-7.282E+0
744.24	7.282E+1
744.54	2.913E+1
744.85	5.097E+1
745.16	0.000E+0
745.47	-1.044E+2
745.77	2.427E+0
746.08	-6.311E+1
746.39	2.184E+1
746.70	-4.854E+0
747.00	-1.214E+1
747.31	1.214E+1
747.62	1.044E+2
747.92	-3.155E+1
748.23	-1.699E+1
748.54	1.942E+1
748.84	-2.184E+1
749.15	6.311E+1
749.46	1.214E+1
749.76	3.398E+1
750.07	-1.942E+1
750.38	-7.282E+0
750.68	1.214E+1
750.99	-1.942E+1
751.30	2.427E+0
751.60	-6.796E+1
751.91	-3.398E+1
752.22	1.214E+1
752.52	9.709E+0
752.83	4.369E+1
753.14	-9.709E+0
753.44	3.641E+1
753.75	1.869E+2
754.05	0.000E+0
754.36	-2.670E+1
754.67	4.854E+0
754.97	8.253E+1
755.28	3.155E+1
755.58	0.000E+0
755.89	9.952E+1
756.19	-6.068E+1
756.50	3.155E+1
756.81	-5.340E+1
757.11	6.796E+1
757.42	3.641E+1
757.72	-3.884E+1
758.03	2.913E+1
758.33	-8.495E+1
758.64	-4.854E+0
758.94	-4.369E+1
759.25	2.913E+1
759.55	-3.884E+1
759.86	-7.282E+0
760.16	-2.427E+0
760.47	-8.981E+1
760.77	-2.913E+1
761.08	-5.340E+1
761.38	-2.670E+1
761.69	1.019E+2
761.99	3.398E+1
762.30	-5.340E+1
762.60	-4.612E+1
762.91	-2.913E+1
763.21	8.010E+1
763.51	-7.282E+0
763.82	-5.097E+1
764.12	-3.884E+1
764.43	6.311E+1
764.73	-7.767E+1
765.04	-1.117E+2
765.34	8.253E+1
765.64	8.253E+1
765.95	-5.583E+1
766.25	-2.427E+1
766.56	2.184E+1
766.86	7.524E+1
767.16	2.427E+0
767.47	-7.282E+0
767.77	2.427E+0
768.07	8.738E+1
768.38	-7.282E+1
768.68	1.942E+1
768.98	-5.583E+1
769.29	-9.466E+1
769.59	-5.340E+1
769.89	-2.670E+1
770.20	7.767E+1
770.50	8.981E+1
770.80	-2.184E+1
771.11	1.214E+1
771.41	7.282E+0
771.71	1.456E+1
772.02	1.165E+2
772.32	1.456E+1
772.62	3.641E+1
772.93	-5.825E+1
773.23	2.184E+1
773.53	-2.427E+1
773.83	6.554E+1
774.14	4.854E+0
774.44	9.223E+1
774.74	-3.155E+1
775.04	-1.699E+1
775.35	-3.155E+1
775.65	-8.010E+1
775.95	-1.699E+1
776.25	1.456E+1
776.55	2.913E+1
776.86	-1.044E+2
777.16	-5.097E+1
777.46	5.340E+1
777.76	6.068E+1
778.06	0.000E+0
778.37	4.612E+1
778.67	4.126E+1
778.97	-7.039E+1
779.27	-2.427E+0
779.57	-1.942E+1
779.88	2.184E+1
780.18	-3.641E+1
780.48	-4.612E+1
780.78	-6.554E+1
781.08	7.767E+1
781.38	5.340E+1
781.68	-5.583E+1
781.98	-1.699E+1
782.29	4.854E+0
782.59	1.942E+1
782.89	-1.286E+2
783.19	-3.155E+1
783.49	-1.796E+2
783.79	-5.097E+1
784.09	-3.398E+1
784.39	9.709E+0
784.69	2.427E+0
784.99	-2.670E+1
785.30	9.709E+0
785.60	2.427E+0
785.90	-9.709E+0
786.20	4.612E+1
786.50	2.427E+1
786.80	-1.068E+2
787.10	2.670E+1
787.40	-9.709E+1
787.70	-2.670E+1
788.00	-2.670E+1
788.30	-4.369E+1
788.60	-2.670E+1
788.90	9.709E+0
789.20	2.427E+0
789.50	0.000E+0
789.80	-1.214E+1
790.10	-4.854E+0
790.40	8.738E+1
790.70	-3.641E+1
791.00	4.369E+1
791.30	2.427E+1
791.60	5.583E+1
791.90	1.651E+2
792.20	0.000E+0
792.50	1.214E+1
792.79	-1.214E+1
793.09	7.282E+0
793.39	7.767E+1
793.69	-1.942E+1
793.99	-4.369E+1
794.29	5.583E+1
794.59	6.311E+1
794.89	3.398E+1
795.19	1.456E+1
795.49	-5.583E+1
795.79	8.010E+1
796.08	-3.155E+1
796.38	-1.214E+1
796.68	-1.699E+1
796.98	9.709E+1
797.28	5.825E+1
797.58	1.942E+1
797.88	-4.854E+0
798.17	-4.854E+0
798.47	4.369E+1
798.77	3.398E+1
799.07	8.253E+1
799.37	5.583E+1
799.67	-2.427E+0
799.96	-2.427E+0
800.26	-4.126E+1
800.56	3.155E+1
800.86	-4.612E+1
801.16	-1.456E+1
801.45	-1.942E+1
801.75	-5.097E+1
802.05	-7.039E+1
802.35	-1.699E+1
802.64	-1.214E+1
802.94	9.709E+0
803.24	2.913E+1
803.54	-2.670E+1
803.83	1.286E+2
804.13	-6.554E+1
804.43	-2.427E+1
804.73	1.456E+1
805.02	8.253E+1
805.32	0.000E+0
805.62	8.738E+1
805.91	-1.214E+1
806.21	-1.699E+1
806.51	6.068E+1
806.81	4.854E+1
807.10	-4.854E+0
807.40	4.854E+0
807.70	-1.699E+1
807.99	-1.286E+2
808.29	-1.456E+1
808.59	6.068E+1
808.88	1.699E+1
809.18	-2.427E+1
809.47	-2.670E+1
809.77	5.097E+1
810.07	2.427E+1
810.36	1.432E+2
810.66	-4.612E+1
810.96	-1.699E+1
811.25	4.126E+1
811.55	6.068E+1
811.84	6.311E+1
812.14	-1.456E+1
812.44	-2.184E+1
812.73	5.097E+1
813.03	6.068E+1
813.32	-1.214E+1
813.62	-2.184E+1
813.91	-5.097E+1
814.21	6.068E+1
814.51	-4.612E+1
814.80	1.942E+1
815.10	0.000E+0
815.39	-9.709E+0
815.69	-2.913E+1
815.98	-2.427E+1
816.28	4.854E+1
816.57	0.000E+0
816.87	-1.456E+1
817.16	-4.854E+0
817.46	4.612E+1
817.75	3.398E+1
818.05	-6.311E+1
818.34	-8.495E+1
818.64	1.214E+1
818.93	-2.913E+1
819.23	3.155E+1
819.52	1.189E+2
819.82	4.369E+1
820.11	-1.456E+1
820.40	-5.340E+1
820.70	9.709E+0
820.99	5.825E+1
821.29	-1.214E+1
821.58	-5.583E+1
821.88	2.184E+1
822.17	-9.709E+0
822.46	-2.427E+1
822.76	-6.796E+1
823.05	-2.913E+1
823.35	1.942E+1
823.64	-1.456E+1
823.93	-6.554E+1
824.23	2.913E+1
824.52	6.796E+1
824.81	6.796E+1
825.11	4.612E+1
825.40	4.854E+0
825.69	5.825E+1
825.99	3.884E+1
826.28	-4.854E+0
826.58	2.670E+1
826.87	-3.155E+1
827.16	2.427E+1
827.45	-6.311E+1
827.75	-1.699E+1
828.04	2.670E+1
828.33	3.641E+1
828.63	-2.670E+1
828.92	-7.282E+0
829.21	-2.184E+1
829.51	-1.068E+2
829.80	2.427E+1
830.09	-4.369E+1
830.38	-7.282E+0
830.68	-4.854E+1
830.97	-5.340E+1
831.26	1.699E+1
831.55	-2.184E+1
831.85	2.427E+1
832.14	7.767E+1
832.43	5.583E+1
832.72	-9.709E+0
833.01	-3.155E+1
833.31	5.583E+1
833.60	3.884E+1
833.89	-4.126E+1
834.18	9.709E+0
834.47	-9.466E+1
834.77	2.670E+1
835.06	-8.253E+1
835.35	-5.340E+1
835.64	4.854E+1
835.93	-4.126E+1
836.22	-4.126E+1
836.52	-2.427E+0
836.81	-2.184E+1
837.10	8.253E+1
837.39	1.942E+1
837.68	9.709E+0
837.97	-2.670E+1
838.26	-2.913E+1
838.55	-3.641E+1
838.85	6.796E+1
839.14	-1.456E+1
839.43	7.039E+1
839.72	3.884E+1
840.01	0.000E+0
840.30	3.398E+1
840.59	-1.044E+2
840.88	6.068E+1
841.17	1.311E+2
841.46	-2.427E+1
841.75	1.335E+2
842.04	-3.155E+1
842.33	-2.184E+1
842.62	-3.641E+1
842.91	7.282E+0
843.21	9.709E+0
843.50	-2.427E+0
843.79	-6.554E+1
844.08	1.214E+1
844.37	2.427E+0
844.66	-6.796E+1
844.95	-2.427E+0
845.24	-1.335E+2
845.53	-1.311E+2
845.81	7.282E+1
846.10	2.913E+1
846.39	-6.311E+1
846.68	4.126E+1
846.97	2.427E+0
847.26	9.952E+1
847.55	0.000E+0
847.84	-8.981E+1
848.13	4.369E+1
848.42	-3.155E+1
848.71	-1.699E+1
849.00	-3.398E+1
849.29	-2.913E+1
849.58	-1.214E+1
849.87	-1.942E+1
850.15	-7.767E+1
850.44	8.010E+1
850.73	3.398E+1
851.02	7.282E+0
851.31	9.709E+0
851.60	-4.369E+1
851.89	-1.311E+2
852.18	6.554E+1
852.46	-1.141E+2
852.75	0.000E+0
853.04	-3.641E+1
853.33	2.184E+1
853.62	6.554E+1
853.91	2.184E+1
854.19	1.456E+1
854.48	5.583E+1
854.77	-5.097E+1
855.06	6.796E+1
855.35	-9.709E+0
855.63	4.612E+1
855.92	-1.456E+1
856.21	-1.456E+1
856.50	0.000E+0
856.79	-5.340E+1
857.07	-3.398E+1
857.36	8.981E+1
857.65	-8.981E+1
857.94	5.825E+1
858.22	-2.427E+0
858.51	1.214E+1
858.80	-5.583E+1
859.08	-1.456E+1
859.37	-1.942E+1
859.66	-1.942E+1
859.95	-3.155E+1
860.23	1.456E+1
860.52	5.583E+1
860.81	-2.913E+1
861.09	3.884E+1
861.38	-2.427E+1
861.67	-2.427E+0
861.95	-7.767E+1
862.24	4.369E+1
862.53	-1.456E+1
862.81	8.981E+1
863.10	-9.709E+0
863.39	-5.825E+1
863.67	-8.010E+1
863.96	4.126E+1
864.25	-5.340E+1
864.53	-4.369E+1
864.82	-2.427E+1
865.10	8.495E+1
865.39	3.641E+1
865.68	-5.097E+1
865.96	-6.554E+1
866.25	4.612E+1
866.53	4.612E+1
866.82	4.612E+1