Wavelength	Intensity	Ocean Optics Flame
nm	counts
187.89	6.554E+1
188.27	5.825E+1
188.64	1.262E+2
189.02	-8.495E+1
189.40	2.427E+1
189.78	4.126E+1
190.15	3.884E+1
190.53	-4.854E+0
190.91	-5.097E+1
191.29	-1.092E+2
191.66	8.253E+1
192.04	-4.854E+0
192.42	9.952E+1
192.80	-5.583E+1
193.17	3.641E+1
193.55	-3.641E+1
193.93	2.184E+1
194.30	-2.184E+1
194.68	4.854E+1
195.06	-3.398E+1
195.44	5.097E+1
195.81	2.184E+1
196.19	-5.340E+1
196.57	4.854E+0
196.94	2.427E+0
197.32	3.884E+1
197.70	5.340E+1
198.07	-3.155E+1
198.45	4.612E+1
198.83	-8.738E+1
199.20	-3.398E+1
199.58	-2.670E+1
199.96	8.738E+1
200.33	-4.126E+1
200.71	3.884E+1
201.09	-3.155E+1
201.46	-2.184E+1
201.84	4.854E+1
202.22	4.854E+0
202.59	-1.942E+1
202.97	-7.282E+0
203.34	-3.155E+1
203.72	7.767E+1
204.10	3.155E+1
204.47	4.854E+1
204.85	1.214E+1
205.23	0.000E+0
205.60	-4.369E+1
205.98	-6.796E+1
206.35	0.000E+0
206.73	-4.612E+1
207.11	-1.505E+2
207.48	-4.612E+1
207.86	-4.854E+1
208.23	-3.884E+1
208.61	5.097E+1
208.98	1.699E+1
209.36	8.495E+1
209.74	6.311E+1
210.11	3.884E+1
210.49	1.699E+1
210.86	-2.184E+1
211.24	3.155E+1
211.61	2.670E+1
211.99	-9.709E+0
212.36	4.854E+0
212.74	2.670E+1
213.11	-8.010E+1
213.49	2.184E+1
213.87	4.854E+0
214.24	-7.524E+1
214.62	0.000E+0
214.99	6.068E+1
215.37	-3.398E+1
215.74	1.699E+1
216.12	1.141E+2
216.49	3.398E+1
216.87	-1.942E+1
217.24	1.214E+1
217.62	2.184E+1
217.99	3.155E+1
218.37	-1.699E+1
218.74	5.340E+1
219.11	-1.214E+1
219.49	1.044E+2
219.86	-5.340E+1
220.24	8.981E+1
220.61	-2.670E+1
220.99	-4.854E+0
221.36	5.097E+1
221.74	9.952E+1
222.11	2.670E+1
222.49	9.709E+1
222.86	2.670E+1
223.23	6.068E+1
223.61	7.282E+0
223.98	7.039E+1
224.36	-1.456E+1
224.73	-2.913E+1
225.11	5.583E+1
225.48	3.884E+1
225.85	-1.699E+1
226.23	6.068E+1
226.60	-2.913E+1
226.98	3.155E+1
227.35	2.913E+1
227.72	2.913E+1
228.10	4.854E+1
228.47	8.253E+1
228.84	1.019E+2
229.22	6.796E+1
229.59	1.359E+2
229.97	7.282E+1
230.34	4.612E+1
230.71	2.670E+1
231.09	4.369E+1
231.46	0.000E+0
231.83	9.952E+1
232.21	-3.398E+1
232.58	-1.214E+1
232.95	6.068E+1
233.33	-3.884E+1
233.70	3.398E+1
234.07	3.641E+1
234.45	-3.398E+1
234.82	-8.738E+1
235.19	5.825E+1
235.57	-2.427E+0
235.94	-1.942E+1
236.31	-3.641E+1
236.69	-3.398E+1
237.06	-4.369E+1
237.43	1.942E+1
237.80	4.854E+0
238.18	1.942E+1
238.55	-2.184E+1
238.92	5.583E+1
239.30	0.000E+0
239.67	2.427E+0
240.04	1.456E+1
240.41	3.884E+1
240.79	-7.282E+0
241.16	4.854E+1
241.53	7.282E+1
241.90	1.699E+1
242.28	1.942E+1
242.65	2.427E+1
243.02	5.340E+1
243.39	-2.427E+0
243.77	5.097E+1
244.14	4.854E+1
244.51	-6.554E+1
244.88	7.524E+1
245.25	1.214E+2
245.63	-4.612E+1
246.00	1.068E+2
246.37	4.369E+1
246.74	3.641E+1
247.11	4.126E+1
247.49	9.709E+0
247.86	-3.884E+1
248.23	7.039E+1
248.60	0.000E+0
248.97	8.738E+1
249.35	-8.253E+1
249.72	5.340E+1
250.09	-1.408E+2
250.46	6.796E+1
250.83	0.000E+0
251.20	4.126E+1
251.58	-2.670E+1
251.95	1.214E+1
252.32	3.398E+1
252.69	-9.709E+0
253.06	-5.825E+1
253.43	-2.427E+1
253.80	-7.767E+1
254.17	2.427E+0
254.55	2.913E+1
254.92	3.884E+1
255.29	7.282E+0
255.66	-4.854E+0
256.03	-5.583E+1
256.40	-3.884E+1
256.77	1.165E+2
257.14	3.884E+1
257.51	3.641E+1
257.88	5.340E+1
258.26	-6.311E+1
258.63	-6.311E+1
259.00	-3.398E+1
259.37	-1.214E+1
259.74	-4.126E+1
260.11	-1.699E+1
260.48	7.282E+0
260.85	-7.039E+1
261.22	-2.184E+1
261.59	7.767E+1
261.96	-9.709E+0
262.33	-5.097E+1
262.70	-2.427E+1
263.07	3.884E+1
263.44	4.854E+0
263.81	4.369E+1
264.18	-1.214E+1
264.55	5.583E+1
264.92	2.427E+1
265.29	-2.184E+1
265.66	-1.214E+1
266.03	-2.427E+1
266.40	-7.282E+1
266.77	8.495E+1
267.14	-1.942E+1
267.51	6.068E+1
267.88	6.554E+1
268.25	-7.524E+1
268.62	1.942E+1
268.99	2.913E+1
269.36	-2.913E+1
269.73	-2.427E+0
270.10	1.214E+1
270.47	7.282E+1
270.84	-9.223E+1
271.21	-1.165E+2
271.58	8.981E+1
271.95	1.942E+1
272.32	8.010E+1
272.69	8.981E+1
273.06	1.942E+1
273.43	-6.796E+1
273.80	-1.214E+2
274.17	1.942E+1
274.53	5.583E+1
274.90	7.282E+1
275.27	3.398E+1
275.64	-3.641E+1
276.01	4.369E+1
276.38	4.612E+1
276.75	7.039E+1
277.12	5.583E+1
277.49	-5.097E+1
277.86	6.554E+1
278.22	-3.641E+1
278.59	2.427E+1
278.96	-3.641E+1
279.33	8.010E+1
279.70	-1.699E+1
280.07	1.456E+1
280.44	-7.282E+0
280.80	-4.854E+0
281.17	7.767E+1
281.54	2.184E+1
281.91	-2.670E+1
282.28	9.709E+0
282.65	8.495E+1
283.02	9.709E+0
283.38	-5.340E+1
283.75	4.854E+1
284.12	7.767E+1
284.49	-2.670E+1
284.86	4.369E+1
285.22	-1.214E+1
285.59	6.796E+1
285.96	4.369E+1
286.33	3.398E+1
286.70	9.952E+1
287.06	2.427E+1
287.43	3.884E+1
287.80	8.495E+1
288.17	-1.214E+1
288.53	5.825E+1
288.90	1.214E+1
289.27	4.369E+1
289.64	-7.767E+1
290.01	8.010E+1
290.37	5.825E+1
290.74	9.223E+1
291.11	8.981E+1
291.48	6.311E+1
291.84	-5.583E+1
292.21	-2.913E+1
292.58	2.670E+1
292.94	7.282E+1
293.31	4.612E+1
293.68	-2.670E+1
294.05	-3.884E+1
294.41	-3.641E+1
294.78	-7.524E+1
295.15	3.884E+1
295.51	6.311E+1
295.88	1.942E+1
296.25	7.039E+1
296.61	2.913E+1
296.98	-2.913E+1
297.35	7.282E+0
297.72	6.796E+1
298.08	-2.427E+1
298.45	-9.223E+1
298.82	3.398E+1
299.18	1.019E+2
299.55	-6.311E+1
299.91	-8.981E+1
300.28	1.214E+1
300.65	-1.214E+1
301.01	-3.155E+1
301.38	-8.981E+1
301.75	6.311E+1
302.11	-7.282E+1
302.48	2.427E+1
302.85	3.884E+1
303.21	-4.854E+1
303.58	7.282E+0
303.94	1.335E+2
304.31	2.184E+1
304.68	4.369E+1
305.04	-1.942E+1
305.41	-4.854E+1
305.77	1.942E+1
306.14	7.282E+1
306.51	3.641E+1
306.87	-3.398E+1
307.24	-3.884E+1
307.60	3.884E+1
307.97	2.427E+0
308.33	8.010E+1
308.70	7.282E+0
309.07	6.796E+1
309.43	2.913E+1
309.80	-8.495E+1
310.16	-2.184E+1
310.53	4.126E+1
310.89	-8.253E+1
311.26	1.311E+2
311.62	-1.141E+2
311.99	-2.184E+1
312.35	2.670E+1
312.72	4.126E+1
313.08	5.583E+1
313.45	1.699E+1
313.81	5.340E+1
314.18	4.369E+1
314.54	-1.699E+1
314.91	4.369E+1
315.27	-1.456E+1
315.64	-4.126E+1
316.00	7.282E+0
316.37	2.427E+0
316.73	7.282E+0
317.10	-4.612E+1
317.46	2.670E+1
317.83	3.884E+1
318.19	-1.214E+1
318.56	-2.427E+0
318.92	-1.214E+1
319.28	-4.612E+1
319.65	6.796E+1
320.01	7.039E+1
320.38	7.039E+1
320.74	5.825E+1
321.11	0.000E+0
321.47	-4.854E+1
321.83	6.554E+1
322.20	2.184E+1
322.56	4.854E+0
322.93	-1.942E+1
323.29	2.913E+1
323.66	4.854E+1
324.02	-1.141E+2
324.38	4.612E+1
324.75	1.165E+2
325.11	-1.456E+1
325.47	7.767E+1
325.84	9.952E+1
326.20	3.884E+1
326.57	1.359E+2
326.93	2.184E+1
327.29	-1.019E+2
327.66	4.612E+1
328.02	8.253E+1
328.38	9.223E+1
328.75	-2.913E+1
329.11	5.097E+1
329.47	-7.282E+0
329.84	8.495E+1
330.20	6.068E+1
330.56	4.854E+0
330.93	-4.126E+1
331.29	6.068E+1
331.65	4.854E+0
332.02	2.427E+0
332.38	1.699E+1
332.74	0.000E+0
333.10	-4.126E+1
333.47	1.214E+1
333.83	4.126E+1
334.19	9.223E+1
334.56	0.000E+0
334.92	-3.398E+1
335.28	-5.340E+1
335.64	1.699E+1
336.01	1.699E+1
336.37	3.884E+1
336.73	-3.155E+1
337.09	-6.068E+1
337.46	-1.699E+1
337.82	1.529E+2
338.18	-7.767E+1
338.54	3.641E+1
338.91	-3.884E+1
339.27	3.884E+1
339.63	9.709E+0
339.99	-1.456E+1
340.36	-1.456E+1
340.72	5.340E+1
341.08	8.253E+1
341.44	6.796E+1
341.80	5.583E+1
342.17	7.524E+1
342.53	6.554E+1
342.89	2.184E+1
343.25	3.884E+1
343.61	1.189E+2
343.98	7.282E+0
344.34	-4.369E+1
344.70	-2.913E+1
345.06	6.311E+1
345.42	5.583E+1
345.78	4.854E+0
346.14	9.466E+1
346.51	0.000E+0
346.87	2.670E+1
347.23	7.767E+1
347.59	1.214E+1
347.95	4.369E+1
348.31	9.223E+1
348.67	-1.456E+1
349.04	8.738E+1
349.40	-4.369E+1
349.76	7.039E+1
350.12	1.092E+2
350.48	2.184E+1
350.84	-4.369E+1
351.20	7.282E+0
351.56	1.117E+2
351.92	-7.767E+1
352.28	-1.456E+1
352.65	-7.282E+0
353.01	-1.214E+1
353.37	4.126E+1
353.73	7.282E+1
354.09	7.282E+0
354.45	8.010E+1
354.81	2.670E+1
355.17	3.641E+1
355.53	6.554E+1
355.89	9.952E+1
356.25	1.456E+1
356.61	2.184E+1
356.97	3.398E+1
357.33	0.000E+0
357.69	-1.699E+1
358.05	5.097E+1
358.41	4.126E+1
358.77	-2.184E+1
359.13	5.340E+1
359.49	-1.214E+1
359.85	4.369E+1
360.21	8.981E+1
360.57	1.141E+2
360.93	2.427E+0
361.29	1.699E+1
361.65	1.286E+2
362.01	-9.709E+0
362.37	5.340E+1
362.73	6.554E+1
363.09	5.340E+1
363.45	7.767E+1
363.81	3.884E+1
364.17	1.675E+2
364.53	6.311E+1
364.89	8.495E+1
365.25	-4.854E+0
365.61	5.825E+1
365.97	5.583E+1
366.33	1.723E+2
366.69	7.767E+1
367.05	2.403E+2
367.40	1.359E+2
367.76	5.583E+1
368.12	5.583E+1
368.48	4.369E+1
368.84	7.039E+1
369.20	1.748E+2
369.56	1.068E+2
369.92	7.039E+1
370.28	1.432E+2
370.63	7.767E+1
370.99	1.214E+2
371.35	6.311E+1
371.71	1.189E+2
372.07	2.160E+2
372.43	1.408E+2
372.79	8.981E+1
373.15	8.010E+1
373.50	7.282E+1
373.86	1.990E+2
374.22	7.524E+1
374.58	1.651E+2
374.94	1.262E+2
375.30	1.578E+2
375.65	1.869E+2
376.01	1.553E+2
376.37	1.699E+2
376.73	2.913E+2
377.09	1.966E+2
377.44	2.184E+2
377.80	2.282E+2
378.16	2.160E+2
378.52	1.942E+2
378.88	2.840E+2
379.23	3.519E+2
379.59	3.180E+2
379.95	3.519E+2
380.31	4.078E+2
380.66	3.786E+2
381.02	4.563E+2
381.38	4.369E+2
381.74	5.655E+2
382.09	5.146E+2
382.45	7.913E+2
382.81	7.816E+2
383.17	8.495E+2
383.52	9.782E+2
383.88	1.000E+3
384.24	1.114E+3
384.60	1.357E+3
384.95	1.459E+3
385.31	1.592E+3
385.67	1.733E+3
386.02	2.029E+3
386.38	2.277E+3
386.74	2.430E+3
387.10	2.723E+3
387.45	3.075E+3
387.81	3.228E+3
388.17	3.677E+3
388.52	4.095E+3
388.88	4.604E+3
389.24	4.786E+3
389.59	5.430E+3
389.95	5.699E+3
390.31	6.287E+3
390.66	6.770E+3
391.02	7.490E+3
391.38	8.415E+3
391.73	9.170E+3
392.09	1.013E+4
392.44	1.088E+4
392.80	1.192E+4
393.16	1.265E+4
393.51	1.365E+4
393.87	1.454E+4
394.23	1.547E+4
394.58	1.632E+4
394.94	1.781E+4
395.29	1.942E+4
395.65	2.081E+4
396.01	2.249E+4
396.36	2.405E+4
396.72	2.542E+4
397.07	2.625E+4
397.43	2.840E+4
397.78	2.973E+4
398.14	3.068E+4
398.50	3.277E+4
398.85	3.416E+4
399.21	3.574E+4
399.56	3.819E+4
399.92	4.009E+4
400.27	4.190E+4
400.63	4.375E+4
400.98	4.609E+4
401.34	4.694E+4
401.69	4.804E+4
402.05	4.880E+4
402.40	4.981E+4
402.76	5.043E+4
403.11	5.094E+4
403.47	5.279E+4
403.82	5.243E+4
404.18	5.370E+4
404.53	5.369E+4
404.89	5.498E+4
405.24	5.394E+4
405.60	5.352E+4
405.95	5.323E+4
406.31	5.251E+4
406.66	5.061E+4
407.02	4.881E+4
407.37	4.819E+4
407.73	4.564E+4
408.08	4.421E+4
408.44	4.193E+4
408.79	4.063E+4
409.14	3.954E+4
409.50	3.740E+4
409.85	3.479E+4
410.21	3.246E+4
410.56	3.012E+4
410.92	2.758E+4
411.27	2.598E+4
411.62	2.347E+4
411.98	2.183E+4
412.33	2.012E+4
412.69	1.902E+4
413.04	1.743E+4
413.39	1.644E+4
413.75	1.539E+4
414.10	1.432E+4
414.45	1.308E+4
414.81	1.260E+4
415.16	1.135E+4
415.52	1.062E+4
415.87	9.973E+3
416.22	9.274E+3
416.58	8.767E+3
416.93	8.112E+3
417.28	7.352E+3
417.64	7.054E+3
417.99	6.973E+3
418.34	6.505E+3
418.70	6.051E+3
419.05	5.920E+3
419.40	5.609E+3
419.76	5.253E+3
420.11	4.995E+3
420.46	4.740E+3
420.81	4.391E+3
421.17	4.024E+3
421.52	3.811E+3
421.87	3.580E+3
422.23	3.342E+3
422.58	3.260E+3
422.93	2.920E+3
423.28	2.799E+3
423.64	2.745E+3
423.99	2.529E+3
424.34	2.529E+3
424.69	2.197E+3
425.05	2.184E+3
425.40	2.024E+3
425.75	1.886E+3
426.10	1.934E+3
426.46	1.682E+3
426.81	1.646E+3
427.16	1.434E+3
427.51	1.536E+3
427.87	1.410E+3
428.22	1.374E+3
428.57	1.265E+3
428.92	1.136E+3
429.27	1.211E+3
429.63	1.078E+3
429.98	1.032E+3
430.33	1.119E+3
430.68	9.903E+2
431.03	9.806E+2
431.38	1.029E+3
431.74	9.248E+2
432.09	8.325E+2
432.44	7.913E+2
432.79	7.719E+2
433.14	7.573E+2
433.49	7.670E+2
433.85	8.180E+2
434.20	7.597E+2
434.55	7.840E+2
434.90	7.136E+2
435.25	6.456E+2
435.60	6.189E+2
435.95	5.170E+2
436.30	6.311E+2
436.66	6.189E+2
437.01	5.850E+2
437.36	4.830E+2
437.71	5.510E+2
438.06	5.583E+2
438.41	5.049E+2
438.76	4.879E+2
439.11	4.782E+2
439.46	5.073E+2
439.81	4.053E+2
440.16	4.515E+2
440.52	4.053E+2
440.87	4.296E+2
441.22	3.252E+2
441.57	2.597E+2
441.92	3.277E+2
442.27	3.859E+2
442.62	3.956E+2
442.97	3.714E+2
443.32	3.447E+2
443.67	3.374E+2
444.02	1.796E+2
444.37	3.835E+2
444.72	2.621E+2
445.07	1.918E+2
445.42	2.476E+2
445.77	2.306E+2
446.12	2.063E+2
446.47	3.107E+2
446.82	2.015E+2
447.17	2.306E+2
447.52	1.845E+2
447.87	1.820E+2
448.22	1.602E+2
448.57	1.651E+2
448.92	2.330E+2
449.27	9.223E+1
449.62	2.330E+2
449.97	8.010E+1
450.32	2.427E+2
450.66	1.214E+2
451.01	2.015E+2
451.36	1.553E+2
451.71	1.481E+2
452.06	9.709E+1
452.41	1.626E+2
452.76	1.044E+2
453.11	1.456E+2
453.46	1.044E+2
453.81	5.825E+1
454.16	1.214E+2
454.51	2.330E+2
454.85	4.854E+0
455.20	1.942E+1
455.55	1.165E+2
455.90	1.384E+2
456.25	5.825E+1
456.60	1.820E+2
456.95	1.845E+2
457.30	1.359E+2
457.64	8.981E+1
457.99	8.253E+1
458.34	-1.456E+1
458.69	1.942E+1
459.04	1.165E+2
459.39	7.524E+1
459.73	9.466E+1
460.08	2.670E+1
460.43	4.854E+0
460.78	3.884E+1
461.13	1.068E+2
461.48	6.068E+1
461.82	2.379E+2
462.17	3.641E+1
462.52	1.505E+2
462.87	1.117E+2
463.21	6.796E+1
463.56	7.282E+0
463.91	-9.709E+0
464.26	9.466E+1
464.61	1.044E+2
464.95	6.796E+1
465.30	1.019E+2
465.65	6.311E+1
466.00	4.854E+0
466.34	-2.427E+0
466.69	4.369E+1
467.04	7.282E+0
467.39	6.068E+1
467.73	2.670E+1
468.08	1.214E+1
468.43	7.524E+1
468.77	1.335E+2
469.12	9.466E+1
469.47	-7.282E+1
469.82	7.524E+1
470.16	1.092E+2
470.51	3.884E+1
470.86	1.044E+2
471.20	9.466E+1
471.55	-1.456E+1
471.90	-6.068E+1
472.24	4.854E+0
472.59	4.854E+1
472.94	7.039E+1
473.28	5.097E+1
473.63	4.369E+1
473.98	4.126E+1
474.32	9.709E+0
474.67	-2.427E+0
475.02	9.709E+1
475.36	2.670E+1
475.71	3.884E+1
476.06	6.796E+1
476.40	6.796E+1
476.75	-2.913E+1
477.09	7.039E+1
477.44	0.000E+0
477.79	6.796E+1
478.13	-2.427E+1
478.48	9.709E+1
478.82	9.709E+0
479.17	1.456E+1
479.52	5.825E+1
479.86	4.612E+1
480.21	-1.456E+1
480.55	1.456E+1
480.90	3.155E+1
481.24	2.427E+1
481.59	-4.854E+0
481.94	5.583E+1
482.28	1.044E+2
482.63	-2.184E+1
482.97	-5.583E+1
483.32	-4.612E+1
483.66	-1.942E+1
484.01	3.641E+1
484.35	2.913E+1
484.70	4.612E+1
485.04	5.825E+1
485.39	4.854E+1
485.73	-8.010E+1
486.08	-5.825E+1
486.42	-2.913E+1
486.77	1.942E+1
487.11	5.825E+1
487.46	8.010E+1
487.80	3.884E+1
488.15	5.340E+1
488.49	5.340E+1
488.84	8.738E+1
489.18	1.748E+2
489.53	5.340E+1
489.87	4.612E+1
490.21	8.495E+1
490.56	2.427E+1
490.90	5.340E+1
491.25	7.282E+0
491.59	4.854E+1
491.94	1.214E+1
492.28	1.699E+1
492.62	-2.184E+1
492.97	5.825E+1
493.31	-4.854E+0
493.66	3.884E+1
494.00	1.942E+1
494.34	1.626E+2
494.69	-4.854E+1
495.03	1.214E+1
495.38	1.165E+2
495.72	-4.854E+0
496.06	-4.126E+1
496.41	3.884E+1
496.75	7.282E+1
497.09	-9.709E+0
497.44	6.068E+1
497.78	3.155E+1
498.13	-2.913E+1
498.47	2.184E+1
498.81	-4.854E+0
499.16	1.456E+1
499.50	-1.092E+2
499.84	1.456E+2
500.19	-1.699E+1
500.53	-7.282E+0
500.87	-2.184E+1
501.21	1.335E+2
501.56	3.884E+1
501.90	-4.126E+1
502.24	4.854E+1
502.59	5.097E+1
502.93	-6.068E+1
503.27	7.282E+1
503.61	2.427E+1
503.96	-1.942E+1
504.30	0.000E+0
504.64	-2.427E+0
504.99	1.432E+2
505.33	9.952E+1
505.67	9.709E+0
506.01	9.223E+1
506.36	3.155E+1
506.70	8.253E+1
507.04	2.913E+1
507.38	-1.456E+1
507.72	-7.524E+1
508.07	7.282E+1
508.41	3.641E+1
508.75	4.854E+1
509.09	-6.554E+1
509.44	-6.311E+1
509.78	6.554E+1
510.12	-2.670E+1
510.46	-4.854E+0
510.80	-2.427E+1
511.14	7.282E+0
511.49	-6.554E+1
511.83	4.369E+1
512.17	-5.583E+1
512.51	1.214E+1
512.85	-2.184E+1
513.19	-1.214E+1
513.54	6.554E+1
513.88	4.854E+1
514.22	4.854E+0
514.56	-2.427E+1
514.90	3.155E+1
515.24	4.126E+1
515.58	1.019E+2
515.93	1.141E+2
516.27	4.612E+1
516.61	-1.214E+1
516.95	-4.126E+1
517.29	6.068E+1
517.63	-3.884E+1
517.97	7.767E+1
518.31	1.214E+1
518.65	-2.427E+1
518.99	-7.282E+0
519.33	4.854E+1
519.67	1.214E+2
520.02	5.340E+1
520.36	7.282E+0
520.70	2.427E+1
521.04	2.427E+1
521.38	7.524E+1
521.72	1.529E+2
522.06	-7.282E+0
522.40	1.214E+1
522.74	1.092E+2
523.08	-3.884E+1
523.42	-1.456E+1
523.76	-5.340E+1
524.10	7.282E+0
524.44	0.000E+0
524.78	-4.369E+1
525.12	-3.155E+1
525.46	-6.068E+1
525.80	-4.854E+0
526.14	4.854E+0
526.48	1.214E+1
526.82	2.670E+1
527.16	0.000E+0
527.50	5.097E+1
527.84	1.214E+1
528.18	3.884E+1
528.52	0.000E+0
528.86	9.223E+1
529.20	4.126E+1
529.54	-3.155E+1
529.87	6.311E+1
530.21	9.709E+0
530.55	1.699E+1
530.89	8.495E+1
531.23	3.641E+1
531.57	8.981E+1
531.91	-3.398E+1
532.25	2.913E+1
532.59	3.398E+1
532.93	-1.214E+1
533.27	-9.709E+0
533.60	-1.699E+1
533.94	0.000E+0
534.28	2.670E+1
534.62	-1.117E+2
534.96	-1.456E+1
535.30	6.311E+1
535.64	2.913E+1
535.98	8.495E+1
536.31	3.155E+1
536.65	8.010E+1
536.99	-5.583E+1
537.33	3.884E+1
537.67	2.670E+1
538.01	4.369E+1
538.34	4.126E+1
538.68	-2.670E+1
539.02	-2.913E+1
539.36	-1.699E+1
539.70	3.641E+1
540.03	5.097E+1
540.37	5.097E+1
540.71	-3.884E+1
541.05	-4.612E+1
541.39	3.155E+1
541.72	2.427E+0
542.06	5.583E+1
542.40	6.311E+1
542.74	-2.670E+1
543.07	6.311E+1
543.41	-3.155E+1
543.75	1.723E+2
544.09	2.427E+0
544.42	-5.825E+1
544.76	9.466E+1
545.10	0.000E+0
545.44	2.427E+0
545.77	6.554E+1
546.11	1.165E+2
546.45	1.019E+2
546.78	0.000E+0
547.12	-1.942E+1
547.46	-6.068E+1
547.80	7.767E+1
548.13	2.184E+1
548.47	-9.709E+0
548.81	1.019E+2
549.14	5.583E+1
549.48	-4.854E+1
549.82	4.612E+1
550.15	-4.854E+0
550.49	8.981E+1
550.83	-4.612E+1
551.16	-4.369E+1
551.50	-2.184E+1
551.84	-5.583E+1
552.17	-5.340E+1
552.51	-3.155E+1
552.84	-6.068E+1
553.18	-2.427E+1
553.52	-4.854E+1
553.85	2.670E+1
554.19	-2.184E+1
554.53	9.709E+0
554.86	2.427E+0
555.20	3.884E+1
555.53	-2.427E+0
555.87	-1.675E+2
556.20	-5.340E+1
556.54	4.854E+1
556.88	-3.884E+1
557.21	-6.068E+1
557.55	8.495E+1
557.88	5.583E+1
558.22	9.709E+0
558.55	0.000E+0
558.89	9.709E+0
559.23	-5.340E+1
559.56	5.825E+1
559.90	5.340E+1
560.23	0.000E+0
560.57	2.913E+1
560.90	4.612E+1
561.24	-2.427E+1
561.57	7.282E+0
561.91	9.709E+1
562.24	2.427E+1
562.58	4.612E+1
562.91	7.282E+0
563.25	4.369E+1
563.58	3.398E+1
563.92	-1.044E+2
564.25	2.427E+0
564.59	1.432E+2
564.92	-2.670E+1
565.25	1.214E+1
565.59	-3.641E+1
565.92	2.427E+0
566.26	1.214E+1
566.59	4.854E+0
566.93	7.767E+1
567.26	4.854E+0
567.60	4.369E+1
567.93	-1.942E+1
568.26	-2.427E+0
568.60	3.398E+1
568.93	-2.184E+1
569.27	5.583E+1
569.60	7.767E+1
569.93	3.398E+1
570.27	-2.184E+1
570.60	2.913E+1
570.94	-2.427E+0
571.27	8.738E+1
571.60	1.699E+1
571.94	-2.427E+0
572.27	-4.854E+0
572.60	3.398E+1
572.94	-2.427E+1
573.27	-9.709E+0
573.60	5.825E+1
573.94	1.699E+1
574.27	-3.641E+1
574.60	-3.155E+1
574.94	-4.854E+1
575.27	4.854E+1
575.60	1.214E+1
575.94	7.767E+1
576.27	8.010E+1
576.60	1.019E+2
576.94	7.282E+1
577.27	1.699E+1
577.60	9.709E+1
577.94	2.913E+1
578.27	3.641E+1
578.60	5.097E+1
578.93	4.612E+1
579.27	9.709E+0
579.60	-3.398E+1
579.93	4.612E+1
580.26	-5.583E+1
580.60	6.311E+1
580.93	4.369E+1
581.26	-7.282E+0
581.59	-1.238E+2
581.93	1.335E+2
582.26	7.282E+0
582.59	2.670E+1
582.92	7.767E+1
583.25	6.796E+1
583.59	7.524E+1
583.92	2.427E+0
584.25	1.456E+1
584.58	1.117E+2
584.91	7.282E+1
585.25	2.427E+1
585.58	4.854E+1
585.91	-6.554E+1
586.24	5.097E+1
586.57	5.583E+1
586.90	-5.097E+1
587.24	1.456E+1
587.57	-1.699E+1
587.90	-1.942E+1
588.23	9.466E+1
588.56	1.796E+2
588.89	-4.612E+1
589.22	3.641E+1
589.56	-3.398E+1
589.89	-3.884E+1
590.22	6.068E+1
590.55	-2.184E+1
590.88	-2.913E+1
591.21	1.699E+1
591.54	-2.427E+1
591.87	-1.699E+1
592.20	2.184E+1
592.53	3.884E+1
592.87	5.340E+1
593.20	4.126E+1
593.53	4.612E+1
593.86	-3.155E+1
594.19	-5.340E+1
594.52	-7.282E+0
594.85	-6.796E+1
595.18	6.068E+1
595.51	8.495E+1
595.84	5.097E+1
596.17	-2.427E+0
596.50	5.825E+1
596.83	-1.942E+1
597.16	-1.214E+1
597.49	1.019E+2
597.82	-2.670E+1
598.15	8.738E+1
598.48	1.456E+1
598.81	6.554E+1
599.14	3.155E+1
599.47	4.369E+1
599.80	-1.456E+1
600.13	9.466E+1
600.46	1.456E+1
600.79	8.010E+1
601.12	-1.699E+1
601.45	5.583E+1
601.78	-1.068E+2
602.11	-3.641E+1
602.44	2.670E+1
602.77	-1.942E+1
603.10	-4.126E+1
603.42	6.311E+1
603.75	-5.097E+1
604.08	3.641E+1
604.41	8.738E+1
604.74	5.340E+1
605.07	-2.427E+0
605.40	1.384E+2
605.73	1.942E+1
606.06	-3.884E+1
606.39	3.641E+1
606.71	5.825E+1
607.04	-7.282E+0
607.37	4.369E+1
607.70	-4.854E+1
608.03	7.524E+1
608.36	0.000E+0
608.69	7.282E+0
609.02	-2.427E+0
609.34	3.398E+1
609.67	-1.942E+1
610.00	-1.942E+1
610.33	1.456E+1
610.66	5.097E+1
610.98	-1.699E+1
611.31	4.854E+1
611.64	1.456E+1
611.97	-1.699E+1
612.30	8.738E+1
612.63	3.155E+1
612.95	7.282E+1
613.28	1.092E+2
613.61	2.913E+1
613.94	-1.942E+1
614.26	9.466E+1
614.59	-1.141E+2
614.92	1.942E+1
615.25	-2.427E+1
615.57	3.398E+1
615.90	-2.670E+1
616.23	-2.427E+1
616.56	4.369E+1
616.88	1.699E+1
617.21	-5.097E+1
617.54	-1.068E+2
617.87	4.126E+1
618.19	1.578E+2
618.52	9.223E+1
618.85	-1.214E+1
619.17	7.282E+1
619.50	-2.913E+1
619.83	1.820E+2
620.15	2.670E+1
620.48	5.097E+1
620.81	4.612E+1
621.14	1.117E+2
621.46	-1.117E+2
621.79	-4.126E+1
622.11	3.884E+1
622.44	4.126E+1
622.77	1.214E+1
623.09	-1.214E+1
623.42	8.738E+1
623.75	-2.913E+1
624.07	0.000E+0
624.40	7.282E+0
624.73	4.369E+1
625.05	-5.825E+1
625.38	-2.913E+1
625.70	4.369E+1
626.03	8.253E+1
626.36	-7.282E+0
626.68	-1.456E+1
627.01	5.340E+1
627.33	-6.068E+1
627.66	8.010E+1
627.99	-7.282E+1
628.31	4.126E+1
628.64	3.641E+1
628.96	-6.311E+1
629.29	1.456E+1
629.61	-2.427E+0
629.94	1.796E+2
630.26	1.214E+1
630.59	-2.184E+1
630.91	7.282E+0
631.24	-6.554E+1
631.57	2.427E+0
631.89	1.602E+2
632.22	-9.709E+0
632.54	-7.282E+0
632.87	1.262E+2
633.19	-4.369E+1
633.52	-2.184E+1
633.84	-9.709E+1
634.16	3.884E+1
634.49	-9.709E+1
634.81	8.495E+1
635.14	-5.825E+1
635.46	1.068E+2
635.79	1.019E+2
636.11	2.913E+1
636.44	-3.641E+1
636.76	1.942E+1
637.09	4.854E+1
637.41	4.126E+1
637.73	-5.340E+1
638.06	-3.641E+1
638.38	3.884E+1
638.71	-1.456E+2
639.03	1.214E+1
639.36	4.126E+1
639.68	-6.796E+1
640.00	9.223E+1
640.33	5.340E+1
640.65	3.884E+1
640.97	5.825E+1
641.30	5.340E+1
641.62	6.068E+1
641.95	-7.282E+0
642.27	4.854E+1
642.59	2.913E+1
642.92	6.068E+1
643.24	1.942E+1
643.56	-3.155E+1
643.89	7.282E+1
644.21	9.709E+0
644.53	-2.913E+1
644.86	-5.340E+1
645.18	1.699E+1
645.50	-1.699E+1
645.83	3.398E+1
646.15	-3.884E+1
646.47	2.184E+1
646.80	0.000E+0
647.12	-4.126E+1
647.44	4.126E+1
647.76	9.709E+0
648.09	-6.311E+1
648.41	1.456E+2
648.73	-4.126E+1
649.05	1.141E+2
649.38	3.398E+1
649.70	-3.641E+1
650.02	4.854E+0
650.34	5.825E+1
650.67	-6.068E+1
650.99	-8.981E+1
651.31	-1.942E+1
651.63	-2.184E+1
651.96	-6.796E+1
652.28	9.952E+1
652.60	-2.670E+1
652.92	-9.709E+0
653.24	5.583E+1
653.57	-8.253E+1
653.89	5.340E+1
654.21	4.612E+1
654.53	1.456E+1
654.85	2.913E+1
655.18	-6.068E+1
655.50	4.612E+1
655.82	7.039E+1
656.14	-4.126E+1
656.46	-2.427E+1
656.78	9.709E+0
657.10	-2.427E+0
657.43	4.854E+0
657.75	-4.854E+0
658.07	2.670E+1
658.39	2.913E+1
658.71	9.709E+0
659.03	3.155E+1
659.35	-1.214E+1
659.67	-2.913E+1
659.99	-3.884E+1
660.32	3.884E+1
660.64	2.184E+1
660.96	2.427E+1
661.28	-8.253E+1
661.60	-1.942E+1
661.92	3.398E+1
662.24	1.456E+1
662.56	7.282E+0
662.88	1.675E+2
663.20	0.000E+0
663.52	3.155E+1
663.84	9.466E+1
664.16	9.709E+0
664.48	0.000E+0
664.80	-1.019E+2
665.12	-6.796E+1
665.44	-1.214E+2
665.76	7.282E+1
666.08	6.311E+1
666.40	2.670E+1
666.72	5.825E+1
667.04	5.097E+1
667.36	-1.699E+1
667.68	-1.214E+1
668.00	-3.398E+1
668.32	-7.282E+1
668.64	-1.699E+1
668.96	-3.884E+1
669.28	0.000E+0
669.60	-5.097E+1
669.92	7.039E+1
670.24	-1.456E+1
670.56	1.942E+1
670.88	-9.709E+0
671.20	0.000E+0
671.52	2.184E+1
671.84	3.641E+1
672.16	-2.913E+1
672.47	-4.854E+0
672.79	1.262E+2
673.11	2.427E+1
673.43	-1.699E+1
673.75	5.340E+1
674.07	-9.952E+1
674.39	2.913E+1
674.71	5.097E+1
675.03	-3.155E+1
675.34	7.524E+1
675.66	8.738E+1
675.98	5.340E+1
676.30	1.408E+2
676.62	-1.942E+1
676.94	-2.427E+0
677.25	-1.456E+1
677.57	-7.282E+0
677.89	8.495E+1
678.21	4.854E+0
678.53	9.466E+1
678.85	-3.641E+1
679.16	-2.913E+1
679.48	7.282E+0
679.80	2.427E+0
680.12	4.854E+0
680.44	2.670E+1
680.75	1.117E+2
681.07	-1.699E+1
681.39	1.699E+1
681.71	6.068E+1
682.02	6.796E+1
682.34	-5.583E+1
682.66	4.612E+1
682.98	1.699E+1
683.29	1.214E+1
683.61	-1.942E+1
683.93	7.282E+0
684.25	-8.738E+1
684.56	-5.097E+1
684.88	9.709E+0
685.20	4.854E+1
685.51	0.000E+0
685.83	4.854E+1
686.15	6.311E+1
686.47	6.311E+1
686.78	-4.854E+1
687.10	6.311E+1
687.42	-3.398E+1
687.73	8.495E+1
688.05	4.612E+1
688.37	5.340E+1
688.68	7.524E+1
689.00	6.068E+1
689.32	2.913E+1
689.63	3.398E+1
689.95	2.670E+1
690.26	-4.854E+0
690.58	-2.427E+0
690.90	-5.340E+1
691.21	7.282E+0
691.53	4.612E+1
691.85	-4.126E+1
692.16	9.709E+1
692.48	1.214E+1
692.79	1.942E+1
693.11	-9.223E+1
693.42	1.456E+1
693.74	-6.796E+1
694.06	2.913E+1
694.37	1.942E+1
694.69	1.699E+1
695.00	-2.670E+1
695.32	2.913E+1
695.63	8.738E+1
695.95	-1.456E+1
696.26	3.398E+1
696.58	-6.554E+1
696.90	-2.913E+1
697.21	-4.369E+1
697.53	2.427E+0
697.84	1.141E+2
698.16	9.466E+1
698.47	-7.767E+1
698.79	1.699E+1
699.10	2.427E+0
699.42	-9.709E+0
699.73	6.068E+1
700.05	2.427E+1
700.36	-7.039E+1
700.68	-5.825E+1
700.99	-1.456E+1
701.30	-3.398E+1
701.62	2.184E+1
701.93	-2.427E+0
702.25	-9.709E+0
702.56	7.524E+1
702.88	7.282E+0
703.19	-2.427E+1
703.50	-1.238E+2
703.82	1.456E+1
704.13	-9.709E+0
704.45	6.796E+1
704.76	2.184E+1
705.08	4.126E+1
705.39	-1.141E+2
705.70	5.340E+1
706.02	1.456E+1
706.33	2.913E+1
706.64	-1.456E+1
706.96	-2.427E+0
707.27	-6.554E+1
707.59	-1.699E+1
707.90	2.913E+1
708.21	-1.699E+1
708.53	2.184E+1
708.84	1.286E+2
709.15	-1.456E+1
709.47	8.738E+1
709.78	1.117E+2
710.09	2.427E+1
710.41	8.253E+1
710.72	8.495E+1
711.03	-4.854E+0
711.34	-7.282E+0
711.66	4.126E+1
711.97	-7.282E+0
712.28	-5.583E+1
712.60	-1.699E+1
712.91	6.554E+1
713.22	7.282E+0
713.53	1.942E+1
713.85	2.427E+0
714.16	-9.952E+1
714.47	-5.097E+1
714.78	6.554E+1
715.10	-4.369E+1
715.41	2.913E+1
715.72	-3.641E+1
716.03	-3.155E+1
716.35	9.466E+1
716.66	2.184E+1
716.97	9.709E+0
717.28	-4.369E+1
717.59	8.495E+1
717.91	-2.913E+1
718.22	1.699E+1
718.53	-2.913E+1
718.84	7.524E+1
719.15	1.942E+1
719.46	-5.825E+1
719.78	-2.427E+1
720.09	-1.068E+2
720.40	-1.214E+1
720.71	4.369E+1
721.02	-2.913E+1
721.33	-7.524E+1
721.65	3.398E+1
721.96	2.670E+1
722.27	3.641E+1
722.58	-2.427E+1
722.89	3.641E+1
723.20	-7.039E+1
723.51	-4.369E+1
723.82	-2.184E+1
724.13	2.670E+1
724.45	2.427E+1
724.76	-9.709E+0
725.07	7.282E+0
725.38	6.068E+1
725.69	1.529E+2
726.00	1.699E+1
726.31	0.000E+0
726.62	1.481E+2
726.93	-7.767E+1
727.24	-3.155E+1
727.55	-1.942E+1
727.86	-4.854E+1
728.17	-9.709E+1
728.48	1.262E+2
728.79	-1.214E+1
729.10	4.854E+1
729.41	9.709E+0
729.72	8.738E+1
730.03	8.253E+1
730.34	-1.942E+1
730.65	4.854E+0
730.96	-4.854E+0
731.27	-5.825E+1
731.58	-2.184E+1
731.89	-9.709E+0
732.20	7.282E+0
732.51	7.282E+0
732.82	-2.427E+1
733.13	4.612E+1
733.44	-9.223E+1
733.75	-3.641E+1
734.06	5.097E+1
734.37	-5.583E+1
734.68	-2.913E+1
734.98	3.155E+1
735.29	-5.825E+1
735.60	-7.524E+1
735.91	3.884E+1
736.22	-5.825E+1
736.53	1.699E+1
736.84	5.340E+1
737.15	-3.884E+1
737.46	1.456E+1
737.77	-2.913E+1
738.07	-2.913E+1
738.38	2.670E+1
738.69	-5.340E+1
739.00	1.214E+1
739.31	-1.942E+1
739.62	-5.340E+1
739.92	-4.369E+1
740.23	6.068E+1
740.54	-7.282E+0
740.85	-6.311E+1
741.16	7.282E+0
741.47	-1.699E+1
741.77	-9.709E+0
742.08	1.214E+1
742.39	5.097E+1
742.70	-8.495E+1
743.01	9.709E+0
743.31	4.854E+1
743.62	-1.117E+2
743.93	9.709E+1
744.24	-1.214E+1
744.54	-2.427E+1
744.85	0.000E+0
745.16	-4.126E+1
745.47	-1.456E+1
745.77	-1.699E+1
746.08	-4.126E+1
746.39	-2.913E+1
746.70	9.952E+1
747.00	8.981E+1
747.31	4.126E+1
747.62	8.738E+1
747.92	-6.311E+1
748.23	7.282E+1
748.54	6.311E+1
748.84	-3.398E+1
749.15	-1.942E+1
749.46	-5.583E+1
749.76	-3.641E+1
750.07	2.670E+1
750.38	7.282E+0
750.68	0.000E+0
750.99	2.184E+1
751.30	1.553E+2
751.60	-4.854E+1
751.91	6.796E+1
752.22	9.709E+0
752.52	-3.155E+1
752.83	7.282E+1
753.14	7.282E+1
753.44	-3.398E+1
753.75	9.709E+1
754.05	-5.583E+1
754.36	6.554E+1
754.67	6.554E+1
754.97	4.126E+1
755.28	-7.282E+1
755.58	1.942E+1
755.89	4.369E+1
756.19	-8.010E+1
756.50	5.583E+1
756.81	-5.097E+1
757.11	4.854E+0
757.42	-1.214E+1
757.72	-1.456E+1
758.03	-5.097E+1
758.33	5.825E+1
758.64	2.427E+0
758.94	-7.767E+1
759.25	-7.039E+1
759.55	-1.456E+1
759.86	5.340E+1
760.16	-5.097E+1
760.47	1.456E+1
760.77	1.214E+1
761.08	-2.427E+0
761.38	4.126E+1
761.69	-1.456E+1
761.99	1.699E+1
762.30	-2.427E+0
762.60	9.952E+1
762.91	1.044E+2
763.21	7.524E+1
763.51	2.670E+1
763.82	1.869E+2
764.12	-5.340E+1
764.43	-4.612E+1
764.73	8.010E+1
765.04	-9.466E+1
765.34	6.554E+1
765.64	-7.524E+1
765.95	1.214E+1
766.25	2.184E+1
766.56	3.398E+1
766.86	-1.456E+1
767.16	2.913E+1
767.47	3.641E+1
767.77	4.854E+0
768.07	1.238E+2
768.38	-7.524E+1
768.68	4.854E+1
768.98	-9.709E+0
769.29	6.068E+1
769.59	7.767E+1
769.89	-2.913E+1
770.20	7.282E+1
770.50	1.456E+2
770.80	-2.184E+1
771.11	-1.942E+1
771.41	-1.068E+2
771.71	-6.554E+1
772.02	9.223E+1
772.32	1.456E+1
772.62	-1.456E+1
772.93	-1.359E+2
773.23	-4.612E+1
773.53	-3.641E+1
773.83	-8.010E+1
774.14	-7.039E+1
774.44	1.942E+1
774.74	1.214E+1
775.04	2.913E+1
775.35	2.427E+1
775.65	2.184E+1
775.95	-1.456E+1
776.25	2.913E+1
776.55	-3.884E+1
776.86	2.670E+1
777.16	-1.942E+1
777.46	-2.184E+1
777.76	1.456E+1
778.06	9.709E+0
778.37	1.456E+1
778.67	1.456E+1
778.97	-1.214E+2
779.27	2.427E+0
779.57	-5.340E+1
779.88	4.126E+1
780.18	2.427E+0
780.48	1.092E+2
780.78	-7.767E+1
781.08	-7.282E+0
781.38	-1.165E+2
781.68	2.427E+0
781.98	6.311E+1
782.29	-9.709E+0
782.59	1.117E+2
782.89	-1.456E+1
783.19	-9.952E+1
783.49	-1.214E+1
783.79	6.796E+1
784.09	-7.282E+0
784.39	-5.097E+1
784.69	-4.854E+1
784.99	2.184E+1
785.30	1.359E+2
785.60	-4.854E+0
785.90	4.612E+1
786.20	-1.942E+1
786.50	-7.524E+1
786.80	-2.427E+1
787.10	1.214E+1
787.40	7.282E+0
787.70	-2.427E+1
788.00	-1.214E+1
788.30	1.699E+1
788.60	2.184E+1
788.90	-4.854E+1
789.20	-1.214E+1
789.50	9.709E+1
789.80	4.612E+1
790.10	-3.641E+1
790.40	-4.369E+1
790.70	1.942E+1
791.00	9.709E+0
791.30	-7.767E+1
791.60	-4.369E+1
791.90	2.670E+1
792.20	-1.456E+1
792.50	9.709E+0
792.79	9.709E+0
793.09	-2.184E+1
793.39	-3.155E+1
793.69	6.068E+1
793.99	-7.282E+1
794.29	3.884E+1
794.59	3.398E+1
794.89	-4.369E+1
795.19	-7.524E+1
795.49	-1.141E+2
795.79	1.456E+1
796.08	5.097E+1
796.38	6.068E+1
796.68	-1.165E+2
796.98	-4.854E+0
797.28	2.427E+0
797.58	8.981E+1
797.88	-4.854E+0
798.17	4.369E+1
798.47	-3.155E+1
798.77	-1.311E+2
799.07	4.854E+0
799.37	7.282E+0
799.67	8.010E+1
799.96	2.427E+0
800.26	7.039E+1
800.56	7.039E+1
800.86	-4.126E+1
801.16	-2.427E+0
801.45	7.767E+1
801.75	6.068E+1
802.05	1.699E+1
802.35	-1.942E+1
802.64	1.456E+1
802.94	8.738E+1
803.24	-4.854E+0
803.54	5.583E+1
803.83	-6.796E+1
804.13	-2.184E+1
804.43	-1.942E+1
804.73	-4.126E+1
805.02	8.253E+1
805.32	1.942E+1
805.62	1.165E+2
805.91	-4.854E+1
806.21	-2.670E+1
806.51	1.699E+1
806.81	9.709E+0
807.10	-6.796E+1
807.40	9.709E+0
807.70	-2.427E+1
807.99	-8.010E+1
808.29	-3.884E+1
808.59	-3.398E+1
808.88	0.000E+0
809.18	3.155E+1
809.47	2.670E+1
809.77	-4.369E+1
810.07	7.282E+0
810.36	5.825E+1
810.66	-1.699E+1
810.96	9.952E+1
811.25	-2.427E+0
811.55	-1.699E+1
811.84	-4.854E+1
812.14	5.583E+1
812.44	-3.398E+1
812.73	-6.554E+1
813.03	3.641E+1
813.32	-3.884E+1
813.62	2.427E+0
813.91	2.427E+0
814.21	-1.456E+1
814.51	7.282E+0
814.80	3.884E+1
815.10	-2.913E+1
815.39	-1.699E+1
815.69	-1.214E+1
815.98	-7.039E+1
816.28	7.282E+1
816.57	8.738E+1
816.87	-5.097E+1
817.16	2.670E+1
817.46	-2.427E+1
817.75	-2.184E+1
818.05	-2.913E+1
818.34	2.670E+1
818.64	-4.854E+1
818.93	7.282E+0
819.23	-3.155E+1
819.52	9.709E+0
819.82	8.253E+1
820.11	-3.884E+1
820.40	9.709E+0
820.70	-3.398E+1
820.99	2.427E+1
821.29	4.126E+1
821.58	-4.854E+0
821.88	5.825E+1
822.17	-3.155E+1
822.46	-1.699E+1
822.76	-7.524E+1
823.05	1.214E+1
823.35	-3.398E+1
823.64	-4.126E+1
823.93	4.854E+0
824.23	-6.796E+1
824.52	8.495E+1
824.81	-7.282E+0
825.11	6.554E+1
825.40	-2.427E+0
825.69	0.000E+0
825.99	8.738E+1
826.28	4.612E+1
826.58	-5.097E+1
826.87	9.709E+0
827.16	5.825E+1
827.45	-5.340E+1
827.75	-5.097E+1
828.04	1.942E+1
828.33	6.311E+1
828.63	9.709E+0
828.92	-6.068E+1
829.21	2.670E+1
829.51	9.709E+0
829.80	-1.699E+1
830.09	4.854E+0
830.38	5.097E+1
830.68	-1.456E+1
830.97	-1.408E+2
831.26	-3.641E+1
831.55	-5.097E+1
831.85	2.913E+1
832.14	-3.641E+1
832.43	-8.010E+1
832.72	-4.369E+1
833.01	-4.126E+1
833.31	4.854E+1
833.60	7.039E+1
833.89	2.427E+0
834.18	6.068E+1
834.47	-3.884E+1
834.77	6.796E+1
835.06	5.097E+1
835.35	-5.097E+1
835.64	7.282E+0
835.93	-2.913E+1
836.22	4.854E+1
836.52	5.097E+1
836.81	7.282E+0
837.10	-7.282E+0
837.39	-1.942E+1
837.68	9.709E+0
837.97	7.524E+1
838.26	-8.253E+1
838.55	-8.253E+1
838.85	-1.942E+1
839.14	2.427E+1
839.43	1.456E+1
839.72	1.214E+1
840.01	2.427E+0
840.30	-1.456E+1
840.59	-5.097E+1
840.88	3.641E+1
841.17	-1.214E+1
841.46	0.000E+0
841.75	-1.699E+1
842.04	-1.044E+2
842.33	-1.238E+2
842.62	-3.641E+1
842.91	-2.913E+1
843.21	7.282E+0
843.50	-2.184E+1
843.79	1.699E+1
844.08	1.044E+2
844.37	0.000E+0
844.66	-2.427E+1
844.95	-5.340E+1
845.24	-6.068E+1
845.53	1.262E+2
845.81	3.884E+1
846.10	-3.641E+1
846.39	1.214E+1
846.68	-9.709E+1
846.97	3.884E+1
847.26	1.117E+2
847.55	-6.554E+1
847.84	5.583E+1
848.13	-4.854E+1
848.42	-2.913E+1
848.71	6.068E+1
849.00	-2.913E+1
849.29	-2.184E+1
849.58	-2.427E+1
849.87	3.398E+1
850.15	-3.641E+1
850.44	0.000E+0
850.73	-2.670E+1
851.02	-4.612E+1
851.31	1.699E+1
851.60	2.184E+1
851.89	-4.369E+1
852.18	-3.398E+1
852.46	-1.456E+1
852.75	7.039E+1
853.04	-8.738E+1
853.33	-4.126E+1
853.62	1.699E+1
853.91	2.184E+1
854.19	6.068E+1
854.48	-3.398E+1
854.77	-8.981E+1
855.06	-7.767E+1
855.35	5.825E+1
855.63	4.126E+1
855.92	1.141E+2
856.21	6.311E+1
856.50	-8.738E+1
856.79	2.427E+1
857.07	-1.214E+1
857.36	-7.282E+1
857.65	-1.214E+1
857.94	-8.738E+1
858.22	1.044E+2
858.51	-2.670E+1
858.80	-2.184E+1
859.08	-1.092E+2
859.37	4.369E+1
859.66	4.126E+1
859.95	2.087E+2
860.23	-5.097E+1
860.52	0.000E+0
860.81	-2.184E+1
861.09	2.913E+1
861.38	7.524E+1
861.67	1.456E+1
861.95	2.427E+1
862.24	-9.466E+1
862.53	3.398E+1
862.81	-7.039E+1
863.10	2.184E+1
863.39	3.155E+1
863.67	-4.854E+0
863.96	1.214E+1
864.25	1.699E+1
864.53	-8.981E+1
864.82	-1.456E+1
865.10	-7.039E+1
865.39	1.456E+1
865.68	3.155E+1
865.96	4.369E+1
866.25	-1.699E+1
866.53	-1.699E+1
866.82	-1.699E+1