Wavelength	Intensity	Ocean Optics Flame
nm	counts
187.89	-2.913E+1
188.27	-5.340E+1
188.64	2.427E+0
189.02	-3.155E+1
189.40	4.854E+0
189.78	4.369E+1
190.15	-2.184E+1
190.53	7.282E+1
190.91	4.369E+1
191.29	4.126E+1
191.66	-2.184E+1
192.04	-4.369E+1
192.42	5.583E+1
192.80	-7.282E+0
193.17	-4.369E+1
193.55	4.369E+1
193.93	5.583E+1
194.30	7.282E+0
194.68	9.223E+1
195.06	1.699E+1
195.44	8.495E+1
195.81	0.000E+0
196.19	4.126E+1
196.57	-1.189E+2
196.94	-7.039E+1
197.32	-6.554E+1
197.70	0.000E+0
198.07	2.670E+1
198.45	2.913E+1
198.83	1.942E+1
199.20	-3.884E+1
199.58	-1.942E+1
199.96	-2.427E+0
200.33	3.884E+1
200.71	1.456E+1
201.09	6.796E+1
201.46	-1.262E+2
201.84	5.097E+1
202.22	4.854E+1
202.59	7.524E+1
202.97	7.767E+1
203.34	-6.311E+1
203.72	-8.738E+1
204.10	-4.369E+1
204.47	-6.796E+1
204.85	-4.369E+1
205.23	2.184E+1
205.60	6.311E+1
205.98	-1.214E+1
206.35	7.282E+1
206.73	3.155E+1
207.11	-4.854E+1
207.48	4.612E+1
207.86	2.913E+1
208.23	-1.092E+2
208.61	0.000E+0
208.98	9.223E+1
209.36	5.097E+1
209.74	-6.796E+1
210.11	7.282E+0
210.49	0.000E+0
210.86	-4.126E+1
211.24	2.670E+1
211.61	1.456E+1
211.99	-2.427E+0
212.36	-3.398E+1
212.74	4.854E+0
213.11	-1.456E+1
213.49	1.044E+2
213.87	-5.340E+1
214.24	5.583E+1
214.62	-4.612E+1
214.99	4.126E+1
215.37	1.699E+1
215.74	5.583E+1
216.12	-2.184E+1
216.49	-2.427E+0
216.87	5.097E+1
217.24	6.311E+1
217.62	2.913E+1
217.99	-7.767E+1
218.37	-6.068E+1
218.74	7.039E+1
219.11	1.578E+2
219.49	1.990E+2
219.86	7.282E+1
220.24	4.854E+1
220.61	-1.214E+1
220.99	-9.709E+0
221.36	-2.184E+1
221.74	-4.126E+1
222.11	-1.942E+1
222.49	2.670E+1
222.86	-5.825E+1
223.23	1.432E+2
223.61	4.369E+1
223.98	-1.456E+1
224.36	-4.854E+0
224.73	1.408E+2
225.11	2.427E+1
225.48	2.427E+0
225.85	2.184E+1
226.23	8.010E+1
226.60	2.184E+1
226.98	3.641E+1
227.35	-6.554E+1
227.72	1.044E+2
228.10	-2.427E+0
228.47	1.214E+1
228.84	1.699E+1
229.22	1.456E+1
229.59	-6.068E+1
229.97	6.311E+1
230.34	3.884E+1
230.71	-4.854E+0
231.09	2.184E+1
231.46	-4.126E+1
231.83	-1.214E+1
232.21	5.340E+1
232.58	-4.612E+1
232.95	1.553E+2
233.33	-2.913E+1
233.70	-2.427E+0
234.07	-4.612E+1
234.45	2.670E+1
234.82	-6.796E+1
235.19	8.738E+1
235.57	-4.369E+1
235.94	6.796E+1
236.31	4.369E+1
236.69	-8.738E+1
237.06	-6.311E+1
237.43	-4.612E+1
237.80	8.253E+1
238.18	5.583E+1
238.55	4.369E+1
238.92	-1.214E+1
239.30	1.214E+1
239.67	-4.126E+1
240.04	6.554E+1
240.41	6.068E+1
240.79	5.340E+1
241.16	-5.097E+1
241.53	-6.311E+1
241.90	4.854E+0
242.28	8.010E+1
242.65	9.466E+1
243.02	3.641E+1
243.39	5.583E+1
243.77	4.612E+1
244.14	-5.825E+1
244.51	3.398E+1
244.88	3.398E+1
245.25	1.602E+2
245.63	1.214E+1
246.00	-5.340E+1
246.37	4.612E+1
246.74	-8.010E+1
247.11	-6.554E+1
247.49	3.884E+1
247.86	8.010E+1
248.23	5.825E+1
248.60	0.000E+0
248.97	-2.670E+1
249.35	-2.427E+1
249.72	2.184E+1
250.09	0.000E+0
250.46	1.456E+1
250.83	5.583E+1
251.20	6.068E+1
251.58	-6.796E+1
251.95	-2.427E+1
252.32	-7.282E+0
252.69	3.155E+1
253.06	-5.097E+1
253.43	-4.369E+1
253.80	-1.214E+1
254.17	-4.854E+1
254.55	-5.583E+1
254.92	9.709E+0
255.29	5.583E+1
255.66	3.155E+1
256.03	7.282E+1
256.40	1.384E+2
256.77	6.796E+1
257.14	7.767E+1
257.51	-4.369E+1
257.88	-7.282E+0
258.26	6.068E+1
258.63	2.913E+1
259.00	2.427E+1
259.37	6.068E+1
259.74	-4.854E+0
260.11	8.495E+1
260.48	-1.117E+2
260.85	8.495E+1
261.22	5.583E+1
261.59	1.214E+1
261.96	3.884E+1
262.33	-6.554E+1
262.70	-2.670E+1
263.07	2.184E+1
263.44	6.068E+1
263.81	3.398E+1
264.18	1.456E+1
264.55	-4.369E+1
264.92	-1.214E+1
265.29	4.854E+0
265.66	2.427E+0
266.03	7.524E+1
266.40	-1.699E+1
266.77	5.340E+1
267.14	-3.155E+1
267.51	-5.825E+1
267.88	5.340E+1
268.25	2.427E+0
268.62	3.155E+1
268.99	-6.068E+1
269.36	-4.369E+1
269.73	2.427E+0
270.10	1.214E+1
270.47	-2.427E+1
270.84	7.282E+1
271.21	1.335E+2
271.58	3.884E+1
271.95	-1.699E+1
272.32	8.981E+1
272.69	4.612E+1
273.06	-6.068E+1
273.43	-6.796E+1
273.80	3.641E+1
274.17	6.796E+1
274.53	6.554E+1
274.90	4.612E+1
275.27	5.340E+1
275.64	2.427E+0
276.01	-9.709E+0
276.38	2.913E+1
276.75	-1.699E+1
277.12	1.214E+1
277.49	6.068E+1
277.86	-3.884E+1
278.22	3.398E+1
278.59	5.825E+1
278.96	-7.524E+1
279.33	-9.709E+0
279.70	1.214E+2
280.07	3.155E+1
280.44	7.282E+1
280.80	-2.184E+1
281.17	6.796E+1
281.54	-4.126E+1
281.91	5.825E+1
282.28	1.699E+1
282.65	-5.583E+1
283.02	9.709E+0
283.38	4.369E+1
283.75	1.311E+2
284.12	-8.010E+1
284.49	2.427E+1
284.86	4.369E+1
285.22	-2.670E+1
285.59	4.612E+1
285.96	5.097E+1
286.33	-9.952E+1
286.70	1.699E+1
287.06	1.214E+1
287.43	7.282E+1
287.80	-4.854E+0
288.17	3.398E+1
288.53	9.223E+1
288.90	1.286E+2
289.27	1.699E+1
289.64	7.039E+1
290.01	-6.068E+1
290.37	-7.282E+0
290.74	7.767E+1
291.11	-2.913E+1
291.48	4.612E+1
291.84	8.495E+1
292.21	7.524E+1
292.58	0.000E+0
292.94	-6.796E+1
293.31	9.709E+1
293.68	5.097E+1
294.05	-4.612E+1
294.41	6.311E+1
294.78	-1.942E+1
295.15	2.427E+1
295.51	4.612E+1
295.88	1.044E+2
296.25	9.952E+1
296.61	1.068E+2
296.98	-6.554E+1
297.35	-1.214E+1
297.72	3.155E+1
298.08	-4.854E+0
298.45	7.282E+1
298.82	-6.068E+1
299.18	-1.214E+1
299.55	5.340E+1
299.91	6.068E+1
300.28	1.699E+1
300.65	-1.699E+1
301.01	-1.044E+2
301.38	-4.612E+1
301.75	5.583E+1
302.11	4.612E+1
302.48	1.214E+2
302.85	2.427E+0
303.21	1.214E+1
303.58	-5.583E+1
303.94	3.641E+1
304.31	7.039E+1
304.68	7.282E+0
305.04	1.942E+1
305.41	3.398E+1
305.77	2.184E+1
306.14	7.524E+1
306.51	-7.282E+0
306.87	-2.427E+1
307.24	5.097E+1
307.60	8.738E+1
307.97	9.709E+0
308.33	3.884E+1
308.70	3.641E+1
309.07	-4.854E+1
309.43	0.000E+0
309.80	4.854E+0
310.16	-9.709E+0
310.53	4.126E+1
310.89	1.942E+1
311.26	-2.427E+1
311.62	5.097E+1
311.99	-1.942E+1
312.35	-1.505E+2
312.72	1.019E+2
313.08	1.214E+1
313.45	-3.155E+1
313.81	-4.854E+0
314.18	8.981E+1
314.54	6.554E+1
314.91	7.524E+1
315.27	-2.913E+1
315.64	6.068E+1
316.00	-4.854E+0
316.37	-6.554E+1
316.73	-6.068E+1
317.10	5.825E+1
317.46	1.262E+2
317.83	1.214E+1
318.19	-6.796E+1
318.56	7.282E+0
318.92	1.019E+2
319.28	-2.427E+1
319.65	-4.854E+0
320.01	1.942E+1
320.38	6.796E+1
320.74	-7.039E+1
321.11	1.699E+1
321.47	3.641E+1
321.83	5.825E+1
322.20	5.340E+1
322.56	7.282E+1
322.93	-5.583E+1
323.29	6.554E+1
323.66	6.311E+1
324.02	2.670E+1
324.38	1.238E+2
324.75	-4.854E+0
325.11	-8.253E+1
325.47	3.641E+1
325.84	5.340E+1
326.20	9.709E+0
326.57	7.039E+1
326.93	3.155E+1
327.29	-9.223E+1
327.66	7.524E+1
328.02	1.019E+2
328.38	-5.340E+1
328.75	1.699E+1
329.11	3.641E+1
329.47	4.126E+1
329.84	4.612E+1
330.20	-1.214E+1
330.56	3.641E+1
330.93	-9.466E+1
331.29	1.529E+2
331.65	9.709E+0
332.02	1.262E+2
332.38	-2.913E+1
332.74	3.884E+1
333.10	-5.583E+1
333.47	-1.942E+1
333.83	0.000E+0
334.19	5.340E+1
334.56	4.854E+1
334.92	1.699E+1
335.28	1.117E+2
335.64	1.117E+2
336.01	-1.699E+1
336.37	-9.709E+0
336.73	-2.913E+1
337.09	7.282E+0
337.46	-8.010E+1
337.82	-2.427E+1
338.18	-2.427E+1
338.54	4.369E+1
338.91	1.942E+1
339.27	3.398E+1
339.63	3.155E+1
339.99	7.282E+0
340.36	-1.214E+1
340.72	-9.709E+0
341.08	7.282E+0
341.44	1.553E+2
341.80	1.942E+1
342.17	1.699E+1
342.53	2.913E+1
342.89	-7.039E+1
343.25	0.000E+0
343.61	6.311E+1
343.98	-3.884E+1
344.34	4.369E+1
344.70	-2.427E+1
345.06	-3.884E+1
345.42	2.670E+1
345.78	-7.282E+1
346.14	-5.097E+1
346.51	2.184E+1
346.87	-3.398E+1
347.23	2.913E+1
347.59	6.554E+1
347.95	2.184E+1
348.31	7.524E+1
348.67	3.641E+1
349.04	-1.456E+1
349.40	-2.184E+1
349.76	5.825E+1
350.12	6.311E+1
350.48	0.000E+0
350.84	-8.010E+1
351.20	-2.184E+1
351.56	7.282E+1
351.92	2.427E+0
352.28	7.282E+1
352.65	1.068E+2
353.01	9.709E+0
353.37	3.155E+1
353.73	-1.942E+1
354.09	5.097E+1
354.45	-4.854E+0
354.81	9.709E+0
355.17	2.670E+1
355.53	4.854E+1
355.89	8.495E+1
356.25	1.699E+1
356.61	6.311E+1
356.97	4.126E+1
357.33	2.427E+1
357.69	8.010E+1
358.05	-9.709E+0
358.41	-2.670E+1
358.77	3.155E+1
359.13	7.524E+1
359.49	7.282E+1
359.85	3.884E+1
360.21	8.010E+1
360.57	4.854E+0
360.93	4.126E+1
361.29	2.670E+1
361.65	1.942E+1
362.01	2.184E+1
362.37	9.466E+1
362.73	4.854E+1
363.09	-6.796E+1
363.45	3.398E+1
363.81	1.214E+1
364.17	-3.398E+1
364.53	1.019E+2
364.89	6.796E+1
365.25	-2.427E+0
365.61	-6.554E+1
365.97	5.097E+1
366.33	1.214E+1
366.69	0.000E+0
367.05	9.466E+1
367.40	9.952E+1
367.76	1.626E+2
368.12	7.767E+1
368.48	1.942E+1
368.84	7.524E+1
369.20	1.456E+1
369.56	6.311E+1
369.92	7.282E+1
370.28	3.884E+1
370.63	7.767E+1
370.99	1.335E+2
371.35	1.238E+2
371.71	1.869E+2
372.07	1.117E+2
372.43	9.709E+1
372.79	1.335E+2
373.15	1.141E+2
373.50	7.524E+1
373.86	1.238E+2
374.22	1.893E+2
374.58	9.952E+1
374.94	1.845E+2
375.30	7.767E+1
375.65	1.141E+2
376.01	1.675E+2
376.37	1.286E+2
376.73	1.553E+2
377.09	1.117E+2
377.44	2.476E+2
377.80	2.112E+2
378.16	1.505E+2
378.52	1.505E+2
378.88	2.791E+2
379.23	2.500E+2
379.59	2.063E+2
379.95	2.743E+2
380.31	2.646E+2
380.66	2.816E+2
381.02	3.519E+2
381.38	4.296E+2
381.74	2.816E+2
382.09	3.714E+2
382.45	3.932E+2
382.81	5.461E+2
383.17	5.194E+2
383.52	5.680E+2
383.88	7.160E+2
384.24	8.374E+2
384.60	8.908E+2
384.95	9.442E+2
385.31	9.830E+2
385.67	1.085E+3
386.02	1.175E+3
386.38	1.223E+3
386.74	1.529E+3
387.10	1.624E+3
387.45	1.915E+3
387.81	2.097E+3
388.17	2.311E+3
388.52	2.493E+3
388.88	2.743E+3
389.24	3.160E+3
389.59	3.320E+3
389.95	3.573E+3
390.31	3.871E+3
390.66	4.206E+3
391.02	4.794E+3
391.38	5.010E+3
391.73	5.864E+3
392.09	6.551E+3
392.44	7.041E+3
392.80	7.558E+3
393.16	8.199E+3
393.51	8.578E+3
393.87	9.027E+3
394.23	1.004E+4
394.58	1.034E+4
394.94	1.144E+4
395.29	1.246E+4
395.65	1.347E+4
396.01	1.431E+4
396.36	1.577E+4
396.72	1.666E+4
397.07	1.732E+4
397.43	1.861E+4
397.78	1.911E+4
398.14	1.982E+4
398.50	2.105E+4
398.85	2.197E+4
399.21	2.360E+4
399.56	2.562E+4
399.92	2.673E+4
400.27	2.827E+4
400.63	2.950E+4
400.98	3.069E+4
401.34	3.202E+4
401.69	3.305E+4
402.05	3.374E+4
402.40	3.452E+4
402.76	3.568E+4
403.11	3.693E+4
403.47	3.830E+4
403.82	3.839E+4
404.18	3.956E+4
404.53	4.035E+4
404.89	4.305E+4
405.24	4.181E+4
405.60	4.270E+4
405.95	4.268E+4
406.31	4.217E+4
406.66	4.141E+4
407.02	4.014E+4
407.37	3.986E+4
407.73	3.892E+4
408.08	3.840E+4
408.44	3.733E+4
408.79	3.604E+4
409.14	3.462E+4
409.50	3.373E+4
409.85	3.213E+4
410.21	2.984E+4
410.56	2.802E+4
410.92	2.640E+4
411.27	2.387E+4
411.62	2.232E+4
411.98	2.050E+4
412.33	1.897E+4
412.69	1.760E+4
413.04	1.673E+4
413.39	1.499E+4
413.75	1.411E+4
414.10	1.308E+4
414.45	1.222E+4
414.81	1.121E+4
415.16	1.027E+4
415.52	9.699E+3
415.87	8.850E+3
416.22	8.299E+3
416.58	7.660E+3
416.93	7.141E+3
417.28	6.767E+3
417.64	6.430E+3
417.99	6.340E+3
418.34	5.772E+3
418.70	5.609E+3
419.05	5.306E+3
419.40	4.973E+3
419.76	4.782E+3
420.11	4.668E+3
420.46	4.323E+3
420.81	4.007E+3
421.17	4.007E+3
421.52	3.721E+3
421.87	3.391E+3
422.23	3.269E+3
422.58	3.051E+3
422.93	2.794E+3
423.28	2.769E+3
423.64	2.765E+3
423.99	2.566E+3
424.34	2.301E+3
424.69	2.204E+3
425.05	2.168E+3
425.40	1.993E+3
425.75	1.908E+3
426.10	1.597E+3
426.46	1.767E+3
426.81	1.549E+3
427.16	1.420E+3
427.51	1.410E+3
427.87	1.182E+3
428.22	1.330E+3
428.57	1.235E+3
428.92	1.233E+3
429.27	1.117E+3
429.63	1.029E+3
429.98	1.000E+3
430.33	1.034E+3
430.68	1.189E+3
431.03	1.029E+3
431.38	1.034E+3
431.74	1.000E+3
432.09	8.665E+2
432.44	8.520E+2
432.79	8.350E+2
433.14	8.762E+2
433.49	6.942E+2
433.85	8.131E+2
434.20	6.966E+2
434.55	7.379E+2
434.90	6.675E+2
435.25	6.966E+2
435.60	6.529E+2
435.95	6.918E+2
436.30	5.728E+2
436.66	7.354E+2
437.01	4.952E+2
437.36	6.092E+2
437.71	6.408E+2
438.06	4.709E+2
438.41	5.680E+2
438.76	4.369E+2
439.11	5.728E+2
439.46	4.806E+2
439.81	4.053E+2
440.16	3.714E+2
440.52	4.369E+2
440.87	4.272E+2
441.22	2.403E+2
441.57	3.180E+2
441.92	2.913E+2
442.27	3.738E+2
442.62	3.884E+2
442.97	3.252E+2
443.32	2.888E+2
443.67	2.864E+2
444.02	2.015E+2
444.37	2.184E+2
444.72	3.714E+2
445.07	2.500E+2
445.42	3.471E+2
445.77	1.699E+2
446.12	3.083E+2
446.47	1.845E+2
446.82	1.311E+2
447.17	2.718E+2
447.52	2.549E+2
447.87	2.791E+2
448.22	2.282E+2
448.57	2.403E+2
448.92	2.524E+2
449.27	1.966E+2
449.62	1.456E+2
449.97	1.384E+2
450.32	2.403E+2
450.66	1.311E+2
451.01	1.869E+2
451.36	2.087E+2
451.71	3.374E+2
452.06	1.092E+2
452.41	1.141E+2
452.76	0.000E+0
453.11	5.097E+1
453.46	2.063E+2
453.81	1.990E+2
454.16	9.952E+1
454.51	1.165E+2
454.85	8.495E+1
455.20	2.403E+2
455.55	2.063E+2
455.90	9.223E+1
456.25	2.427E+2
456.60	8.981E+1
456.95	1.141E+2
457.30	8.010E+1
457.64	5.583E+1
457.99	5.825E+1
458.34	4.854E+0
458.69	1.311E+2
459.04	1.384E+2
459.39	1.286E+2
459.73	5.825E+1
460.08	1.772E+2
460.43	2.670E+1
460.78	1.019E+2
461.13	2.913E+1
461.48	4.369E+1
461.82	1.214E+2
462.17	7.524E+1
462.52	1.699E+1
462.87	1.019E+2
463.21	-2.184E+1
463.56	1.286E+2
463.91	5.097E+1
464.26	3.398E+1
464.61	2.184E+1
464.95	-2.184E+1
465.30	1.117E+2
465.65	9.952E+1
466.00	-6.554E+1
466.34	2.670E+1
466.69	2.670E+1
467.04	5.097E+1
467.39	1.456E+1
467.73	8.738E+1
468.08	1.408E+2
468.43	1.311E+2
468.77	-2.427E+0
469.12	6.554E+1
469.47	1.553E+2
469.82	9.952E+1
470.16	7.524E+1
470.51	9.709E+1
470.86	5.825E+1
471.20	8.738E+1
471.55	-1.214E+1
471.90	2.670E+1
472.24	1.117E+2
472.59	9.709E+0
472.94	1.942E+1
473.28	-1.456E+1
473.63	6.311E+1
473.98	1.214E+1
474.32	2.913E+1
474.67	1.408E+2
475.02	1.141E+2
475.36	3.641E+1
475.71	7.282E+0
476.06	4.854E+1
476.40	1.141E+2
476.75	8.981E+1
477.09	2.427E+1
477.44	8.253E+1
477.79	9.223E+1
478.13	-9.709E+0
478.48	2.427E+0
478.82	2.184E+1
479.17	-3.641E+1
479.52	2.670E+1
479.86	9.223E+1
480.21	1.214E+1
480.55	8.981E+1
480.90	7.767E+1
481.24	3.398E+1
481.59	6.554E+1
481.94	1.117E+2
482.28	1.068E+2
482.63	1.942E+1
482.97	-1.699E+1
483.32	2.670E+1
483.66	-2.427E+0
484.01	4.854E+1
484.35	-4.854E+0
484.70	5.340E+1
485.04	5.097E+1
485.39	-8.495E+1
485.73	-4.854E+0
486.08	4.612E+1
486.42	1.869E+2
486.77	-2.184E+1
487.11	2.427E+1
487.46	1.044E+2
487.80	2.913E+1
488.15	8.738E+1
488.49	-4.854E+0
488.84	1.214E+1
489.18	-4.369E+1
489.53	1.019E+2
489.87	-3.398E+1
490.21	-7.282E+0
490.56	1.335E+2
490.90	1.214E+1
491.25	5.097E+1
491.59	5.097E+1
491.94	6.068E+1
492.28	-2.427E+0
492.62	1.214E+1
492.97	-1.214E+1
493.31	3.884E+1
493.66	1.408E+2
494.00	-9.709E+0
494.34	1.189E+2
494.69	-2.670E+1
495.03	4.854E+1
495.38	7.282E+0
495.72	8.253E+1
496.06	1.214E+1
496.41	-2.670E+1
496.75	-1.456E+1
497.09	9.709E+1
497.44	4.612E+1
497.78	4.612E+1
498.13	-1.699E+1
498.47	-5.097E+1
498.81	2.913E+1
499.16	-5.340E+1
499.50	-1.019E+2
499.84	-4.854E+0
500.19	-1.456E+1
500.53	-6.311E+1
500.87	2.427E+0
501.21	3.641E+1
501.56	4.612E+1
501.90	9.466E+1
502.24	-2.427E+0
502.59	1.942E+1
502.93	4.854E+0
503.27	2.427E+0
503.61	3.641E+1
503.96	3.398E+1
504.30	9.709E+0
504.64	1.384E+2
504.99	7.282E+1
505.33	1.699E+1
505.67	6.068E+1
506.01	1.359E+2
506.36	-1.214E+1
506.70	7.524E+1
507.04	7.282E+0
507.38	1.214E+2
507.72	8.738E+1
508.07	6.796E+1
508.41	-4.126E+1
508.75	1.335E+2
509.09	-6.554E+1
509.44	1.456E+1
509.78	7.767E+1
510.12	9.952E+1
510.46	-1.699E+1
510.80	5.825E+1
511.14	3.155E+1
511.49	0.000E+0
511.83	-3.641E+1
512.17	0.000E+0
512.51	-5.825E+1
512.85	-2.427E+0
513.19	5.340E+1
513.54	-1.456E+1
513.88	-9.223E+1
514.22	-1.456E+1
514.56	7.282E+0
514.90	3.155E+1
515.24	1.214E+1
515.58	2.427E+0
515.93	3.155E+1
516.27	2.184E+1
516.61	4.612E+1
516.95	6.068E+1
517.29	7.524E+1
517.63	-4.369E+1
517.97	3.641E+1
518.31	-2.913E+1
518.65	9.709E+0
518.99	7.039E+1
519.33	8.495E+1
519.67	2.670E+1
520.02	2.913E+1
520.36	1.456E+1
520.70	1.117E+2
521.04	-1.456E+1
521.38	7.524E+1
521.72	-4.854E+1
522.06	8.981E+1
522.40	-7.282E+0
522.74	1.044E+2
523.08	9.709E+0
523.42	1.019E+2
523.76	1.359E+2
524.10	2.427E+1
524.44	-9.709E+0
524.78	8.738E+1
525.12	4.612E+1
525.46	1.456E+1
525.80	-7.282E+0
526.14	-2.427E+1
526.48	3.398E+1
526.82	-3.641E+1
527.16	-3.155E+1
527.50	6.068E+1
527.84	1.384E+2
528.18	1.214E+1
528.52	6.311E+1
528.86	1.214E+1
529.20	-1.456E+1
529.54	4.612E+1
529.87	0.000E+0
530.21	1.214E+1
530.55	1.141E+2
530.89	2.184E+1
531.23	2.670E+1
531.57	2.427E+1
531.91	-4.854E+0
532.25	9.709E+0
532.59	-7.282E+0
532.93	1.456E+1
533.27	-3.155E+1
533.60	-2.184E+1
533.94	-3.884E+1
534.28	5.340E+1
534.62	2.670E+1
534.96	3.641E+1
535.30	-6.311E+1
535.64	-1.456E+1
535.98	-7.039E+1
536.31	-2.913E+1
536.65	2.427E+0
536.99	1.214E+1
537.33	7.282E+0
537.67	-2.670E+1
538.01	5.340E+1
538.34	-3.155E+1
538.68	0.000E+0
539.02	-2.427E+0
539.36	-1.699E+1
539.70	3.155E+1
540.03	-2.670E+1
540.37	0.000E+0
540.71	4.126E+1
541.05	2.913E+1
541.39	2.427E+1
541.72	-2.427E+0
542.06	1.942E+1
542.40	-5.097E+1
542.74	-1.068E+2
543.07	-7.282E+0
543.41	9.709E+0
543.75	4.854E+0
544.09	-5.097E+1
544.42	7.282E+1
544.76	8.495E+1
545.10	6.796E+1
545.44	7.039E+1
545.77	2.913E+1
546.11	8.495E+1
546.45	-1.092E+2
546.78	1.311E+2
547.12	3.641E+1
547.46	-9.709E+0
547.80	-1.214E+1
548.13	3.398E+1
548.47	-4.126E+1
548.81	-4.854E+0
549.14	7.282E+1
549.48	-2.913E+1
549.82	7.039E+1
550.15	5.583E+1
550.49	2.184E+1
550.83	4.612E+1
551.16	2.427E+1
551.50	2.427E+1
551.84	-4.854E+0
552.17	1.044E+2
552.51	7.282E+0
552.84	7.524E+1
553.18	-2.184E+1
553.52	4.612E+1
553.85	6.311E+1
554.19	1.456E+1
554.53	-4.369E+1
554.86	4.126E+1
555.20	-4.612E+1
555.53	4.612E+1
555.87	-3.641E+1
556.20	-2.427E+0
556.54	1.942E+1
556.88	-2.670E+1
557.21	6.068E+1
557.55	3.155E+1
557.88	6.554E+1
558.22	-1.117E+2
558.55	-1.189E+2
558.89	9.466E+1
559.23	6.068E+1
559.56	2.670E+1
559.90	-1.238E+2
560.23	1.481E+2
560.57	6.311E+1
560.90	4.369E+1
561.24	-4.612E+1
561.57	-7.282E+0
561.91	-4.126E+1
562.24	3.641E+1
562.58	1.699E+1
562.91	1.238E+2
563.25	8.253E+1
563.58	-7.767E+1
563.92	-4.612E+1
564.25	-5.825E+1
564.59	-3.884E+1
564.92	7.282E+0
565.25	9.709E+0
565.59	7.524E+1
565.92	9.709E+0
566.26	5.340E+1
566.59	7.282E+0
566.93	1.942E+1
567.26	4.854E+0
567.60	9.223E+1
567.93	7.282E+0
568.26	4.126E+1
568.60	7.767E+1
568.93	1.675E+2
569.27	-3.155E+1
569.60	1.942E+1
569.93	6.796E+1
570.27	-9.709E+0
570.60	-7.039E+1
570.94	1.214E+1
571.27	4.854E+0
571.60	6.311E+1
571.94	9.709E+1
572.27	3.884E+1
572.60	-8.738E+1
572.94	2.427E+0
573.27	7.039E+1
573.60	-1.456E+1
573.94	4.369E+1
574.27	-5.825E+1
574.60	2.913E+1
574.94	4.612E+1
575.27	3.641E+1
575.60	3.641E+1
575.94	-4.854E+0
576.27	-1.456E+1
576.60	2.427E+1
576.94	5.825E+1
577.27	-2.427E+0
577.60	2.670E+1
577.94	7.039E+1
578.27	8.495E+1
578.60	5.340E+1
578.93	1.699E+1
579.27	-4.612E+1
579.60	5.340E+1
579.93	9.223E+1
580.26	4.126E+1
580.60	-1.214E+1
580.93	8.253E+1
581.26	2.184E+1
581.59	-4.126E+1
581.93	-4.854E+0
582.26	-2.427E+0
582.59	-5.583E+1
582.92	1.286E+2
583.25	9.466E+1
583.59	1.214E+1
583.92	1.214E+1
584.25	-2.427E+1
584.58	-2.670E+1
584.91	-5.583E+1
585.25	3.641E+1
585.58	1.117E+2
585.91	6.068E+1
586.24	8.253E+1
586.57	-4.854E+1
586.90	0.000E+0
587.24	3.155E+1
587.57	7.767E+1
587.90	-5.097E+1
588.23	7.767E+1
588.56	-4.369E+1
588.89	-9.709E+0
589.22	5.825E+1
589.56	-9.709E+0
589.89	9.223E+1
590.22	1.214E+1
590.55	6.796E+1
590.88	4.854E+0
591.21	4.854E+0
591.54	2.184E+1
591.87	-3.398E+1
592.20	-2.913E+1
592.53	2.427E+0
592.87	-2.670E+1
593.20	-5.825E+1
593.53	1.214E+1
593.86	9.223E+1
594.19	-1.214E+1
594.52	7.282E+0
594.85	4.854E+1
595.18	-3.641E+1
595.51	9.466E+1
595.84	-3.398E+1
596.17	5.583E+1
596.50	3.884E+1
596.83	1.019E+2
597.16	2.427E+1
597.49	2.184E+1
597.82	5.825E+1
598.15	6.796E+1
598.48	-6.554E+1
598.81	3.155E+1
599.14	3.884E+1
599.47	1.456E+1
599.80	4.369E+1
600.13	2.184E+1
600.46	1.942E+1
600.79	2.913E+1
601.12	2.670E+1
601.45	-6.068E+1
601.78	0.000E+0
602.11	-2.427E+1
602.44	1.942E+1
602.77	-4.854E+0
603.10	5.340E+1
603.42	2.913E+1
603.75	2.427E+0
604.08	-2.913E+1
604.41	2.184E+1
604.74	5.583E+1
605.07	-6.311E+1
605.40	2.427E+1
605.73	-3.398E+1
606.06	4.612E+1
606.39	-5.825E+1
606.71	-1.699E+1
607.04	9.952E+1
607.37	3.155E+1
607.70	4.369E+1
608.03	4.854E+0
608.36	5.825E+1
608.69	1.699E+1
609.02	0.000E+0
609.34	7.282E+0
609.67	2.184E+1
610.00	-4.854E+0
610.33	8.738E+1
610.66	9.709E+0
610.98	-7.282E+0
611.31	-9.223E+1
611.64	-1.214E+1
611.97	-9.709E+0
612.30	-3.398E+1
612.63	2.184E+1
612.95	-7.039E+1
613.28	-1.092E+2
613.61	-2.427E+1
613.94	1.214E+1
614.26	-7.282E+1
614.59	-2.184E+1
614.92	-1.699E+1
615.25	2.427E+0
615.57	9.466E+1
615.90	-2.184E+1
616.23	-1.456E+1
616.56	4.126E+1
616.88	0.000E+0
617.21	-1.456E+1
617.54	2.427E+0
617.87	4.126E+1
618.19	6.554E+1
618.52	-5.340E+1
618.85	7.524E+1
619.17	8.495E+1
619.50	-7.767E+1
619.83	4.369E+1
620.15	-6.554E+1
620.48	1.214E+1
620.81	1.699E+1
621.14	-4.854E+1
621.46	-5.583E+1
621.79	2.184E+1
622.11	-2.913E+1
622.44	1.432E+2
622.77	1.942E+1
623.09	7.767E+1
623.42	-3.155E+1
623.75	-7.282E+1
624.07	4.126E+1
624.40	-9.709E+0
624.73	1.942E+1
625.05	-4.126E+1
625.38	-1.214E+1
625.70	1.699E+1
626.03	4.369E+1
626.36	2.427E+1
626.68	1.456E+1
627.01	3.155E+1
627.33	8.738E+1
627.66	1.044E+2
627.99	7.039E+1
628.31	-8.010E+1
628.64	6.796E+1
628.96	-9.709E+0
629.29	9.709E+0
629.61	-1.456E+1
629.94	8.981E+1
630.26	-6.796E+1
630.59	3.884E+1
630.91	-3.398E+1
631.24	-2.184E+1
631.57	4.126E+1
631.89	-4.854E+0
632.22	2.427E+1
632.54	-2.670E+1
632.87	1.699E+1
633.19	-7.282E+0
633.52	3.641E+1
633.84	-3.155E+1
634.16	1.141E+2
634.49	4.369E+1
634.81	5.583E+1
635.14	-2.913E+1
635.46	4.126E+1
635.79	-4.126E+1
636.11	-5.097E+1
636.44	4.126E+1
636.76	-8.253E+1
637.09	-4.126E+1
637.41	-6.796E+1
637.73	4.854E+0
638.06	6.554E+1
638.38	-7.282E+0
638.71	-2.670E+1
639.03	9.709E+1
639.36	8.981E+1
639.68	2.913E+1
640.00	8.981E+1
640.33	-2.184E+1
640.65	2.427E+1
640.97	4.369E+1
641.30	-1.068E+2
641.62	-3.641E+1
641.95	0.000E+0
642.27	3.641E+1
642.59	-8.981E+1
642.92	-4.369E+1
643.24	4.612E+1
643.56	-3.884E+1
643.89	-4.612E+1
644.21	-4.854E+0
644.53	-1.699E+1
644.86	2.913E+1
645.18	-1.456E+1
645.50	-6.554E+1
645.83	2.670E+1
646.15	4.612E+1
646.47	-2.427E+1
646.80	-7.524E+1
647.12	1.214E+1
647.44	-2.913E+1
647.76	5.340E+1
648.09	-8.495E+1
648.41	-6.554E+1
648.73	5.583E+1
649.05	-1.456E+1
649.38	-3.641E+1
649.70	6.311E+1
650.02	-3.398E+1
650.34	-1.456E+1
650.67	2.670E+1
650.99	-4.612E+1
651.31	7.524E+1
651.63	-4.612E+1
651.96	-1.699E+1
652.28	-2.913E+1
652.60	-5.825E+1
652.92	6.554E+1
653.24	-2.427E+0
653.57	5.097E+1
653.89	6.311E+1
654.21	1.456E+1
654.53	6.311E+1
654.85	2.670E+1
655.18	-1.456E+1
655.50	7.282E+0
655.82	-1.699E+1
656.14	-6.554E+1
656.46	5.340E+1
656.78	2.184E+1
657.10	7.767E+1
657.43	-7.282E+0
657.75	-7.282E+0
658.07	-4.612E+1
658.39	1.044E+2
658.71	-4.854E+0
659.03	-4.369E+1
659.35	6.554E+1
659.67	-4.612E+1
659.99	-5.340E+1
660.32	-7.039E+1
660.64	2.184E+1
660.96	1.214E+1
661.28	3.155E+1
661.60	-3.155E+1
661.92	-6.554E+1
662.24	-6.796E+1
662.56	-7.282E+0
662.88	-7.282E+1
663.20	-7.282E+0
663.52	2.670E+1
663.84	0.000E+0
664.16	6.068E+1
664.48	-2.670E+1
664.80	4.854E+1
665.12	4.126E+1
665.44	-7.767E+1
665.76	7.282E+0
666.08	2.427E+0
666.40	-3.398E+1
666.72	8.495E+1
667.04	6.796E+1
667.36	1.942E+1
667.68	1.505E+2
668.00	-4.126E+1
668.32	-4.369E+1
668.64	2.427E+1
668.96	-1.942E+1
669.28	1.044E+2
669.60	2.913E+1
669.92	-9.952E+1
670.24	-1.092E+2
670.56	-1.942E+1
670.88	3.398E+1
671.20	1.456E+1
671.52	9.709E+0
671.84	9.709E+0
672.16	-4.854E+1
672.47	4.612E+1
672.79	-5.097E+1
673.11	-4.369E+1
673.43	4.369E+1
673.75	3.884E+1
674.07	-6.068E+1
674.39	5.340E+1
674.71	-4.126E+1
675.03	-9.466E+1
675.34	4.369E+1
675.66	1.942E+1
675.98	-3.155E+1
676.30	9.952E+1
676.62	-3.398E+1
676.94	1.238E+2
677.25	-1.068E+2
677.57	-1.068E+2
677.89	4.126E+1
678.21	-1.214E+1
678.53	2.913E+1
678.85	-1.456E+1
679.16	4.369E+1
679.48	-5.583E+1
679.80	6.554E+1
680.12	-5.340E+1
680.44	-3.641E+1
680.75	-7.039E+1
681.07	5.583E+1
681.39	3.884E+1
681.71	-6.068E+1
682.02	5.825E+1
682.34	6.796E+1
682.66	-4.612E+1
682.98	-9.709E+0
683.29	-1.214E+1
683.61	1.311E+2
683.93	-3.884E+1
684.25	1.092E+2
684.56	-3.398E+1
684.88	7.282E+1
685.20	4.612E+1
685.51	5.825E+1
685.83	6.554E+1
686.15	4.612E+1
686.47	4.126E+1
686.78	-2.670E+1
687.10	4.854E+1
687.42	5.340E+1
687.73	7.767E+1
688.05	-4.126E+1
688.37	2.670E+1
688.68	5.340E+1
689.00	-2.670E+1
689.32	-8.738E+1
689.63	9.709E+1
689.95	-9.709E+0
690.26	4.126E+1
690.58	-2.427E+0
690.90	9.709E+0
691.21	-2.427E+1
691.53	-9.709E+0
691.85	-5.340E+1
692.16	-5.825E+1
692.48	6.311E+1
692.79	2.184E+1
693.11	7.282E+1
693.42	-7.282E+0
693.74	1.456E+1
694.06	-2.184E+1
694.37	3.155E+1
694.69	3.155E+1
695.00	7.282E+0
695.32	7.524E+1
695.63	-2.427E+1
695.95	3.398E+1
696.26	-6.068E+1
696.58	8.253E+1
696.90	3.155E+1
697.21	3.155E+1
697.53	2.427E+0
697.84	9.709E+1
698.16	7.282E+0
698.47	-2.670E+1
698.79	-1.456E+1
699.10	-5.340E+1
699.42	4.854E+0
699.73	3.641E+1
700.05	2.427E+1
700.36	-2.670E+1
700.68	5.583E+1
700.99	-7.039E+1
701.30	-2.427E+1
701.62	5.583E+1
701.93	-4.854E+1
702.25	-9.223E+1
702.56	2.184E+1
702.88	6.068E+1
703.19	-6.311E+1
703.50	4.854E+1
703.82	-5.097E+1
704.13	-2.913E+1
704.45	7.282E+0
704.76	-3.155E+1
705.08	-6.311E+1
705.39	-1.942E+1
705.70	4.854E+0
706.02	2.670E+1
706.33	8.495E+1
706.64	-4.126E+1
706.96	-3.884E+1
707.27	-6.068E+1
707.59	-2.913E+1
707.90	-5.583E+1
708.21	-3.641E+1
708.53	0.000E+0
708.84	7.282E+0
709.15	5.825E+1
709.47	0.000E+0
709.78	1.214E+1
710.09	-6.796E+1
710.41	8.495E+1
710.72	8.253E+1
711.03	1.456E+1
711.34	5.097E+1
711.66	-1.456E+1
711.97	-4.854E+0
712.28	-3.155E+1
712.60	-8.495E+1
712.91	4.126E+1
713.22	1.141E+2
713.53	4.126E+1
713.85	-1.699E+1
714.16	1.942E+1
714.47	-4.126E+1
714.78	-2.427E+0
715.10	-3.884E+1
715.41	-1.942E+1
715.72	4.369E+1
716.03	7.282E+0
716.35	9.709E+0
716.66	-8.738E+1
716.97	9.709E+0
717.28	5.097E+1
717.59	-2.184E+1
717.91	4.369E+1
718.22	-7.282E+1
718.53	-1.942E+1
718.84	-3.884E+1
719.15	-9.709E+1
719.46	-3.641E+1
719.78	8.981E+1
720.09	1.942E+1
720.40	-5.825E+1
720.71	-4.854E+0
721.02	2.670E+1
721.33	3.398E+1
721.65	-3.884E+1
721.96	-1.262E+2
722.27	2.670E+1
722.58	3.155E+1
722.89	-7.282E+0
723.20	9.709E+1
723.51	3.398E+1
723.82	-4.126E+1
724.13	4.612E+1
724.45	2.427E+0
724.76	3.398E+1
725.07	7.282E+0
725.38	-7.282E+0
725.69	-9.223E+1
726.00	-3.398E+1
726.31	3.641E+1
726.62	-5.097E+1
726.93	-3.884E+1
727.24	1.214E+1
727.55	-3.641E+1
727.86	-5.097E+1
728.17	-4.854E+0
728.48	1.456E+1
728.79	-2.670E+1
729.10	7.039E+1
729.41	1.699E+1
729.72	-2.427E+0
730.03	-1.044E+2
730.34	2.184E+1
730.65	8.738E+1
730.96	4.126E+1
731.27	3.155E+1
731.58	-8.981E+1
731.89	2.427E+1
732.20	-1.942E+1
732.51	-6.796E+1
732.82	-1.214E+1
733.13	1.456E+1
733.44	2.184E+1
733.75	1.019E+2
734.06	-1.942E+1
734.37	4.369E+1
734.68	1.214E+1
734.98	-2.427E+0
735.29	-1.092E+2
735.60	0.000E+0
735.91	2.670E+1
736.22	2.184E+1
736.53	0.000E+0
736.84	6.311E+1
737.15	4.854E+0
737.46	-4.612E+1
737.77	2.427E+1
738.07	2.427E+1
738.38	-6.554E+1
738.69	-2.670E+1
739.00	-3.641E+1
739.31	3.155E+1
739.62	7.524E+1
739.92	-5.340E+1
740.23	7.524E+1
740.54	8.010E+1
740.85	5.340E+1
741.16	7.282E+0
741.47	3.641E+1
741.77	1.214E+1
742.08	-2.670E+1
742.39	3.641E+1
742.70	-8.253E+1
743.01	-8.738E+1
743.31	9.709E+0
743.62	3.641E+1
743.93	-2.427E+0
744.24	6.554E+1
744.54	-7.767E+1
744.85	0.000E+0
745.16	-4.854E+0
745.47	-3.641E+1
745.77	6.068E+1
746.08	5.825E+1
746.39	-9.709E+0
746.70	7.282E+0
747.00	3.398E+1
747.31	-3.884E+1
747.62	-6.796E+1
747.92	5.340E+1
748.23	-5.340E+1
748.54	2.427E+0
748.84	4.369E+1
749.15	9.223E+1
749.46	-2.670E+1
749.76	7.282E+0
750.07	-4.126E+1
750.38	7.282E+0
750.68	3.155E+1
750.99	-6.068E+1
751.30	1.432E+2
751.60	-2.670E+1
751.91	-1.214E+1
752.22	4.126E+1
752.52	3.641E+1
752.83	6.311E+1
753.14	-2.427E+0
753.44	8.738E+1
753.75	2.427E+1
754.05	2.913E+1
754.36	-1.044E+2
754.67	4.854E+1
754.97	4.854E+0
755.28	6.554E+1
755.58	-8.738E+1
755.89	0.000E+0
756.19	4.854E+1
756.50	-3.641E+1
756.81	4.612E+1
757.11	-1.942E+1
757.42	-1.942E+1
757.72	9.709E+0
758.03	3.398E+1
758.33	7.767E+1
758.64	-4.854E+0
758.94	-5.825E+1
759.25	-1.456E+1
759.55	5.583E+1
759.86	5.825E+1
760.16	-2.670E+1
760.47	3.884E+1
760.77	-7.039E+1
761.08	8.495E+1
761.38	4.369E+1
761.69	-3.398E+1
761.99	1.456E+1
762.30	-3.884E+1
762.60	4.854E+0
762.91	-4.126E+1
763.21	-7.039E+1
763.51	-8.495E+1
763.82	1.553E+2
764.12	4.612E+1
764.43	4.612E+1
764.73	5.340E+1
765.04	-2.913E+1
765.34	-9.223E+1
765.64	4.854E+0
765.95	-1.456E+1
766.25	-6.068E+1
766.56	5.825E+1
766.86	-8.981E+1
767.16	-1.699E+1
767.47	-3.641E+1
767.77	-9.709E+0
768.07	-1.214E+2
768.38	-6.068E+1
768.68	-1.044E+2
768.98	-3.398E+1
769.29	0.000E+0
769.59	4.126E+1
769.89	2.670E+1
770.20	3.641E+1
770.50	-2.670E+1
770.80	-9.709E+0
771.11	-1.942E+1
771.41	1.456E+1
771.71	-2.670E+1
772.02	7.282E+0
772.32	1.068E+2
772.62	-4.854E+0
772.93	-4.126E+1
773.23	2.427E+1
773.53	6.068E+1
773.83	7.282E+1
774.14	2.184E+1
774.44	-7.282E+0
774.74	8.495E+1
775.04	1.456E+1
775.35	2.670E+1
775.65	0.000E+0
775.95	8.010E+1
776.25	4.854E+0
776.55	1.699E+1
776.86	-5.583E+1
777.16	-1.019E+2
777.46	1.699E+1
777.76	-2.670E+1
778.06	2.427E+0
778.37	-2.670E+1
778.67	-2.670E+1
778.97	-5.340E+1
779.27	4.126E+1
779.57	2.913E+1
779.88	-4.369E+1
780.18	6.068E+1
780.48	5.097E+1
780.78	1.699E+1
781.08	1.456E+1
781.38	-8.495E+1
781.68	1.699E+1
781.98	2.913E+1
782.29	-1.699E+1
782.59	-1.214E+1
782.89	-6.068E+1
783.19	-1.141E+2
783.49	-3.884E+1
783.79	9.709E+0
784.09	-3.398E+1
784.39	-6.796E+1
784.69	-4.612E+1
784.99	-9.709E+0
785.30	-3.884E+1
785.60	-2.670E+1
785.90	-7.282E+1
786.20	8.981E+1
786.50	9.709E+0
786.80	-1.942E+1
787.10	-7.282E+0
787.40	4.126E+1
787.70	-8.495E+1
788.00	2.427E+1
788.30	9.709E+0
788.60	7.282E+1
788.90	-4.854E+0
789.20	6.311E+1
789.50	-2.670E+1
789.80	-9.223E+1
790.10	9.466E+1
790.40	3.641E+1
790.70	1.214E+1
791.00	-9.709E+0
791.30	-1.699E+1
791.60	4.369E+1
791.90	2.913E+1
792.20	3.884E+1
792.50	-1.019E+2
792.79	-7.524E+1
793.09	-2.184E+1
793.39	-1.456E+1
793.69	-4.369E+1
793.99	-1.214E+1
794.29	2.184E+1
794.59	7.039E+1
794.89	-1.699E+1
795.19	1.699E+1
795.49	-1.068E+2
795.79	-7.282E+1
796.08	2.670E+1
796.38	9.709E+1
796.68	7.282E+0
796.98	-2.913E+1
797.28	2.184E+1
797.58	-4.126E+1
797.88	5.340E+1
798.17	2.670E+1
798.47	-9.709E+0
798.77	-5.583E+1
799.07	3.884E+1
799.37	4.126E+1
799.67	-5.097E+1
799.96	7.767E+1
800.26	2.184E+1
800.56	4.369E+1
800.86	6.068E+1
801.16	-6.554E+1
801.45	-5.825E+1
801.75	-1.456E+1
802.05	2.427E+0
802.35	-3.641E+1
802.64	2.913E+1
802.94	2.913E+1
803.24	-2.184E+1
803.54	-4.612E+1
803.83	-4.612E+1
804.13	-5.340E+1
804.43	-6.311E+1
804.73	1.942E+1
805.02	6.554E+1
805.32	3.641E+1
805.62	1.699E+1
805.91	3.155E+1
806.21	2.913E+1
806.51	6.796E+1
806.81	-5.340E+1
807.10	-4.126E+1
807.40	5.583E+1
807.70	0.000E+0
807.99	6.311E+1
808.29	-8.981E+1
808.59	8.253E+1
808.88	6.554E+1
809.18	-1.456E+1
809.47	2.184E+1
809.77	6.311E+1
810.07	1.214E+1
810.36	4.126E+1
810.66	-6.068E+1
810.96	3.155E+1
811.25	4.612E+1
811.55	-1.214E+1
811.84	7.524E+1
812.14	-8.495E+1
812.44	-6.311E+1
812.73	-4.612E+1
813.03	7.039E+1
813.32	8.010E+1
813.62	8.981E+1
813.91	1.214E+1
814.21	-1.456E+1
814.51	-1.699E+1
814.80	-4.854E+0
815.10	2.427E+1
815.39	1.214E+1
815.69	1.189E+2
815.98	-2.670E+1
816.28	2.427E+0
816.57	-1.092E+2
816.87	0.000E+0
817.16	-2.670E+1
817.46	-1.456E+1
817.75	-9.709E+0
818.05	-9.709E+0
818.34	3.398E+1
818.64	1.942E+1
818.93	4.126E+1
819.23	4.854E+0
819.52	4.854E+1
819.82	-2.184E+1
820.11	-9.709E+0
820.40	0.000E+0
820.70	2.427E+0
820.99	5.340E+1
821.29	5.097E+1
821.58	-1.942E+1
821.88	3.398E+1
822.17	-1.699E+1
822.46	-2.670E+1
822.76	5.825E+1
823.05	-9.223E+1
823.35	8.010E+1
823.64	8.738E+1
823.93	-1.214E+1
824.23	-1.068E+2
824.52	-2.670E+1
824.81	0.000E+0
825.11	-9.709E+1
825.40	-1.699E+1
825.69	9.709E+0
825.99	1.942E+1
826.28	5.340E+1
826.58	3.398E+1
826.87	-3.884E+1
827.16	-6.796E+1
827.45	-1.117E+2
827.75	-1.044E+2
828.04	-2.670E+1
828.33	7.767E+1
828.63	8.738E+1
828.92	9.952E+1
829.21	4.854E+0
829.51	3.641E+1
829.80	3.398E+1
830.09	9.709E+0
830.38	-8.495E+1
830.68	5.583E+1
830.97	-2.670E+1
831.26	2.184E+1
831.55	-1.068E+2
831.85	-9.709E+0
832.14	-1.068E+2
832.43	5.825E+1
832.72	2.670E+1
833.01	-2.427E+1
833.31	-2.913E+1
833.60	-4.369E+1
833.89	7.767E+1
834.18	1.286E+2
834.47	2.670E+1
834.77	3.398E+1
835.06	-1.699E+1
835.35	0.000E+0
835.64	6.311E+1
835.93	6.554E+1
836.22	8.010E+1
836.52	6.311E+1
836.81	5.340E+1
837.10	4.612E+1
837.39	-7.282E+0
837.68	3.398E+1
837.97	2.184E+1
838.26	2.427E+0
838.55	-8.981E+1
838.85	0.000E+0
839.14	7.282E+0
839.43	-1.456E+1
839.72	-6.796E+1
840.01	-1.214E+1
840.30	-5.340E+1
840.59	3.641E+1
840.88	5.583E+1
841.17	-4.854E+0
841.46	3.884E+1
841.75	-5.097E+1
842.04	-2.913E+1
842.33	9.223E+1
842.62	2.184E+1
842.91	1.165E+2
843.21	1.092E+2
843.50	1.019E+2
843.79	-7.282E+0
844.08	4.854E+1
844.37	-1.456E+1
844.66	-3.884E+1
844.95	5.583E+1
845.24	1.092E+2
845.53	6.311E+1
845.81	-8.981E+1
846.10	-1.262E+2
846.39	-3.398E+1
846.68	3.884E+1
846.97	7.282E+0
847.26	-1.942E+1
847.55	-1.262E+2
847.84	-8.010E+1
848.13	1.456E+1
848.42	-2.427E+1
848.71	-7.282E+1
849.00	5.340E+1
849.29	5.825E+1
849.58	-2.427E+0
849.87	3.641E+1
850.15	-7.282E+0
850.44	-9.952E+1
850.73	0.000E+0
851.02	3.155E+1
851.31	4.126E+1
851.60	7.524E+1
851.89	4.854E+0
852.18	2.913E+1
852.46	3.155E+1
852.75	-2.913E+1
853.04	3.641E+1
853.33	1.699E+1
853.62	-4.854E+0
853.91	-7.767E+1
854.19	5.825E+1
854.48	1.456E+1
854.77	4.369E+1
855.06	7.039E+1
855.35	-9.709E+0
855.63	-2.427E+1
855.92	-7.524E+1
856.21	-3.641E+1
856.50	-2.670E+1
856.79	4.369E+1
857.07	-2.184E+1
857.36	3.884E+1
857.65	-7.767E+1
857.94	-2.184E+1
858.22	-5.097E+1
858.51	2.427E+0
858.80	-1.456E+1
859.08	7.282E+1
859.37	-2.427E+0
859.66	-5.825E+1
859.95	7.282E+1
860.23	7.039E+1
860.52	5.583E+1
860.81	9.709E+0
861.09	-5.340E+1
861.38	6.068E+1
861.67	-6.311E+1
861.95	1.942E+1
862.24	-8.253E+1
862.53	-7.039E+1
862.81	7.282E+0
863.10	1.214E+1
863.39	5.340E+1
863.67	2.184E+1
863.96	-4.854E+0
864.25	0.000E+0
864.53	6.554E+1
864.82	-4.126E+1
865.10	8.981E+1
865.39	-4.126E+1
865.68	-4.854E+1
865.96	-5.340E+1
866.25	0.000E+0
866.53	0.000E+0
866.82	0.000E+0