Wavelength	Intensity	Ocean Optics Flame
nm	counts
187.89	4.854E+0
188.27	-1.044E+2
188.64	2.427E+1
189.02	6.796E+1
189.40	-4.854E+0
189.78	4.612E+1
190.15	-4.369E+1
190.53	4.126E+1
190.91	5.340E+1
191.29	-2.427E+0
191.66	-5.583E+1
192.04	1.529E+2
192.42	-3.884E+1
192.80	2.184E+1
193.17	3.641E+1
193.55	4.369E+1
193.93	-2.427E+1
194.30	2.913E+1
194.68	-9.709E+0
195.06	8.010E+1
195.44	-4.612E+1
195.81	-1.699E+1
196.19	-2.427E+1
196.57	4.854E+1
196.94	2.184E+1
197.32	-4.369E+1
197.70	-2.670E+1
198.07	-6.068E+1
198.45	7.282E+1
198.83	9.952E+1
199.20	-2.184E+1
199.58	2.427E+0
199.96	-2.913E+1
200.33	1.141E+2
200.71	-7.282E+0
201.09	-1.262E+2
201.46	-2.427E+1
201.84	4.369E+1
202.22	7.282E+0
202.59	7.282E+0
202.97	-2.427E+1
203.34	-1.286E+2
203.72	-7.282E+0
204.10	1.335E+2
204.47	-3.641E+1
204.85	-1.214E+1
205.23	9.709E+0
205.60	4.854E+1
205.98	-2.184E+1
206.35	-4.369E+1
206.73	-4.854E+1
207.11	4.854E+1
207.48	-1.165E+2
207.86	2.427E+0
208.23	4.126E+1
208.61	2.427E+1
208.98	-4.854E+0
209.36	2.913E+1
209.74	1.699E+1
210.11	-3.155E+1
210.49	8.495E+1
210.86	6.554E+1
211.24	-1.942E+1
211.61	5.340E+1
211.99	1.019E+2
212.36	-1.699E+1
212.74	9.709E+1
213.11	2.913E+1
213.49	1.141E+2
213.87	2.670E+1
214.24	-9.223E+1
214.62	-4.369E+1
214.99	9.709E+0
215.37	-2.184E+1
215.74	4.854E+0
216.12	7.282E+0
216.49	8.010E+1
216.87	-1.456E+1
217.24	2.184E+1
217.62	-2.670E+1
217.99	3.641E+1
218.37	-3.155E+1
218.74	1.699E+1
219.11	2.913E+1
219.49	-1.214E+1
219.86	-1.092E+2
220.24	-5.583E+1
220.61	-3.641E+1
220.99	-4.369E+1
221.36	-6.311E+1
221.74	-1.456E+1
222.11	9.952E+1
222.49	-7.282E+1
222.86	-2.670E+1
223.23	-3.155E+1
223.61	1.432E+2
223.98	0.000E+0
224.36	-2.427E+0
224.73	2.913E+1
225.11	7.767E+1
225.48	6.311E+1
225.85	9.709E+0
226.23	8.495E+1
226.60	4.369E+1
226.98	7.767E+1
227.35	-2.427E+0
227.72	-3.398E+1
228.10	-4.369E+1
228.47	2.427E+0
228.84	5.825E+1
229.22	4.126E+1
229.59	-6.554E+1
229.97	-2.184E+1
230.34	1.432E+2
230.71	-1.165E+2
231.09	-2.427E+0
231.46	7.767E+1
231.83	5.097E+1
232.21	-1.335E+2
232.58	-6.311E+1
232.95	-7.282E+0
233.33	-4.854E+1
233.70	1.214E+1
234.07	9.709E+0
234.45	1.189E+2
234.82	0.000E+0
235.19	-1.068E+2
235.57	-7.282E+1
235.94	1.942E+1
236.31	1.456E+1
236.69	8.738E+1
237.06	-1.117E+2
237.43	-1.699E+1
237.80	4.854E+0
238.18	1.384E+2
238.55	4.854E+1
238.92	1.432E+2
239.30	-1.942E+1
239.67	-4.612E+1
240.04	3.641E+1
240.41	-2.427E+1
240.79	-4.854E+0
241.16	1.408E+2
241.53	7.282E+0
241.90	5.097E+1
242.28	1.699E+1
242.65	7.524E+1
243.02	1.214E+1
243.39	3.884E+1
243.77	-3.641E+1
244.14	9.709E+0
244.51	1.456E+1
244.88	5.340E+1
245.25	4.854E+0
245.63	-2.427E+0
246.00	1.456E+1
246.37	-1.189E+2
246.74	-2.427E+0
247.11	-2.427E+0
247.49	-5.583E+1
247.86	9.466E+1
248.23	1.019E+2
248.60	4.854E+0
248.97	-1.214E+1
249.35	5.583E+1
249.72	1.384E+2
250.09	4.612E+1
250.46	2.670E+1
250.83	8.738E+1
251.20	5.340E+1
251.58	-3.155E+1
251.95	2.427E+1
252.32	3.641E+1
252.69	1.019E+2
253.06	8.495E+1
253.43	4.854E+0
253.80	-1.214E+1
254.17	3.884E+1
254.55	-3.155E+1
254.92	-1.456E+1
255.29	5.097E+1
255.66	1.456E+1
256.03	4.369E+1
256.40	8.495E+1
256.77	1.723E+2
257.14	1.019E+2
257.51	9.466E+1
257.88	1.699E+1
258.26	1.456E+2
258.63	1.019E+2
259.00	-2.670E+1
259.37	5.583E+1
259.74	-3.398E+1
260.11	-4.369E+1
260.48	3.641E+1
260.85	2.670E+1
261.22	7.039E+1
261.59	-2.670E+1
261.96	-2.427E+0
262.33	-1.214E+1
262.70	-4.612E+1
263.07	2.670E+1
263.44	6.068E+1
263.81	-7.282E+0
264.18	9.709E+1
264.55	1.942E+1
264.92	-7.282E+0
265.29	9.709E+1
265.66	-6.311E+1
266.03	3.884E+1
266.40	3.398E+1
266.77	-6.068E+1
267.14	-2.427E+1
267.51	7.282E+0
267.88	-8.738E+1
268.25	-4.126E+1
268.62	0.000E+0
268.99	-3.155E+1
269.36	9.466E+1
269.73	-9.709E+0
270.10	-3.884E+1
270.47	2.427E+1
270.84	2.427E+1
271.21	9.709E+0
271.58	-1.942E+1
271.95	1.942E+1
272.32	-2.184E+1
272.69	-5.097E+1
273.06	-6.311E+1
273.43	-1.942E+1
273.80	-1.456E+1
274.17	1.214E+1
274.53	-5.340E+1
274.90	1.141E+2
275.27	-8.253E+1
275.64	-8.981E+1
276.01	-1.214E+1
276.38	1.214E+1
276.75	4.612E+1
277.12	-1.214E+1
277.49	6.796E+1
277.86	3.884E+1
278.22	6.554E+1
278.59	9.952E+1
278.96	-2.427E+1
279.33	1.068E+2
279.70	5.340E+1
280.07	-1.456E+1
280.44	8.495E+1
280.80	7.039E+1
281.17	1.456E+1
281.54	1.626E+2
281.91	-2.670E+1
282.28	-4.612E+1
282.65	-7.282E+1
283.02	5.097E+1
283.38	-2.184E+1
283.75	3.641E+1
284.12	3.398E+1
284.49	3.641E+1
284.86	1.019E+2
285.22	-9.709E+0
285.59	1.214E+1
285.96	7.039E+1
286.33	7.767E+1
286.70	-1.044E+2
287.06	6.311E+1
287.43	1.699E+1
287.80	-4.612E+1
288.17	9.709E+0
288.53	-4.126E+1
288.90	4.126E+1
289.27	9.709E+1
289.64	4.854E+1
290.01	-2.427E+1
290.37	4.126E+1
290.74	7.282E+0
291.11	3.398E+1
291.48	9.709E+0
291.84	2.670E+1
292.21	-5.583E+1
292.58	3.884E+1
292.94	-2.184E+1
293.31	4.854E+0
293.68	8.253E+1
294.05	1.384E+2
294.41	-3.884E+1
294.78	2.913E+1
295.15	1.214E+1
295.51	-1.384E+2
295.88	2.427E+1
296.25	3.398E+1
296.61	-4.854E+0
296.98	-4.854E+0
297.35	9.709E+0
297.72	3.641E+1
298.08	4.126E+1
298.45	-6.554E+1
298.82	7.524E+1
299.18	1.456E+2
299.55	7.282E+0
299.91	-6.796E+1
300.28	5.097E+1
300.65	-4.854E+1
301.01	4.854E+1
301.38	1.214E+1
301.75	4.854E+0
302.11	-1.942E+1
302.48	8.253E+1
302.85	-6.311E+1
303.21	4.854E+1
303.58	-5.097E+1
303.94	7.282E+1
304.31	-4.126E+1
304.68	-2.184E+1
305.04	4.854E+1
305.41	-8.253E+1
305.77	3.641E+1
306.14	-2.670E+1
306.51	1.699E+1
306.87	5.340E+1
307.24	8.010E+1
307.60	5.825E+1
307.97	3.641E+1
308.33	4.126E+1
308.70	-4.612E+1
309.07	9.709E+0
309.43	1.262E+2
309.80	3.398E+1
310.16	2.913E+1
310.53	-7.282E+0
310.89	1.942E+1
311.26	-4.854E+1
311.62	3.641E+1
311.99	1.942E+1
312.35	8.495E+1
312.72	-2.427E+1
313.08	3.398E+1
313.45	-2.184E+1
313.81	3.398E+1
314.18	-5.583E+1
314.54	7.282E+0
314.91	-2.427E+0
315.27	-3.398E+1
315.64	-7.524E+1
316.00	5.583E+1
316.37	9.709E+0
316.73	1.432E+2
317.10	1.626E+2
317.46	2.184E+1
317.83	6.068E+1
318.19	-4.854E+1
318.56	3.155E+1
318.92	5.340E+1
319.28	-9.709E+0
319.65	-4.854E+1
320.01	6.796E+1
320.38	-7.282E+0
320.74	-1.214E+1
321.11	4.854E+0
321.47	9.223E+1
321.83	5.825E+1
322.20	-1.699E+1
322.56	3.884E+1
322.93	3.641E+1
323.29	-2.670E+1
323.66	1.456E+1
324.02	9.709E+0
324.38	4.369E+1
324.75	2.913E+1
325.11	4.369E+1
325.47	7.039E+1
325.84	-4.854E+0
326.20	8.981E+1
326.57	7.282E+1
326.93	-5.583E+1
327.29	9.709E+1
327.66	7.282E+0
328.02	4.369E+1
328.38	1.092E+2
328.75	-1.699E+1
329.11	-4.854E+0
329.47	8.010E+1
329.84	7.282E+0
330.20	-8.010E+1
330.56	1.214E+2
330.93	-2.427E+0
331.29	8.738E+1
331.65	7.282E+1
332.02	7.524E+1
332.38	8.981E+1
332.74	7.282E+1
333.10	1.019E+2
333.47	3.155E+1
333.83	4.854E+0
334.19	8.981E+1
334.56	2.427E+0
334.92	5.583E+1
335.28	-7.039E+1
335.64	2.670E+1
336.01	-4.126E+1
336.37	2.670E+1
336.73	-5.340E+1
337.09	-3.884E+1
337.46	1.456E+1
337.82	3.884E+1
338.18	5.583E+1
338.54	-2.670E+1
338.91	7.767E+1
339.27	2.670E+1
339.63	-9.709E+0
339.99	1.942E+1
340.36	5.097E+1
340.72	5.825E+1
341.08	1.044E+2
341.44	-9.709E+1
341.80	1.068E+2
342.17	2.184E+1
342.53	7.767E+1
342.89	1.699E+1
343.25	3.398E+1
343.61	6.311E+1
343.98	5.825E+1
344.34	5.340E+1
344.70	-9.466E+1
345.06	1.214E+1
345.42	3.641E+1
345.78	3.398E+1
346.14	-3.641E+1
346.51	6.068E+1
346.87	-9.709E+0
347.23	1.019E+2
347.59	9.466E+1
347.95	1.068E+2
348.31	3.884E+1
348.67	6.796E+1
349.04	7.524E+1
349.40	2.427E+0
349.76	-2.913E+1
350.12	4.369E+1
350.48	2.913E+1
350.84	1.699E+1
351.20	9.466E+1
351.56	-2.427E+1
351.92	2.670E+1
352.28	9.709E+0
352.65	2.670E+1
353.01	3.155E+1
353.37	6.554E+1
353.73	1.286E+2
354.09	5.825E+1
354.45	9.709E+0
354.81	6.311E+1
355.17	9.952E+1
355.53	5.340E+1
355.89	-3.884E+1
356.25	-1.117E+2
356.61	8.495E+1
356.97	5.583E+1
357.33	1.141E+2
357.69	-4.854E+1
358.05	3.155E+1
358.41	5.097E+1
358.77	7.039E+1
359.13	-7.282E+0
359.49	-4.369E+1
359.85	4.854E+1
360.21	6.068E+1
360.57	7.039E+1
360.93	-4.854E+0
361.29	2.427E+0
361.65	9.709E+1
362.01	5.097E+1
362.37	7.039E+1
362.73	4.612E+1
363.09	-5.583E+1
363.45	7.282E+1
363.81	4.854E+0
364.17	1.699E+1
364.53	4.126E+1
364.89	-7.282E+0
365.25	7.039E+1
365.61	-2.670E+1
365.97	6.311E+1
366.33	-4.854E+1
366.69	4.612E+1
367.05	5.825E+1
367.40	9.466E+1
367.76	5.097E+1
368.12	1.214E+2
368.48	1.723E+2
368.84	1.311E+2
369.20	3.884E+1
369.56	2.670E+1
369.92	7.524E+1
370.28	3.884E+1
370.63	1.189E+2
370.99	5.340E+1
371.35	-7.282E+0
371.71	9.466E+1
372.07	1.117E+2
372.43	3.155E+1
372.79	6.068E+1
373.15	1.262E+2
373.50	1.019E+2
373.86	1.820E+2
374.22	7.524E+1
374.58	9.709E+1
374.94	5.340E+1
375.30	1.481E+2
375.65	1.068E+2
376.01	1.699E+2
376.37	1.651E+2
376.73	1.238E+2
377.09	1.796E+2
377.44	1.893E+2
377.80	6.068E+1
378.16	1.651E+2
378.52	1.748E+2
378.88	1.918E+2
379.23	2.743E+2
379.59	1.019E+2
379.95	2.913E+2
380.31	1.796E+2
380.66	2.233E+2
381.02	2.184E+2
381.38	2.160E+2
381.74	2.913E+2
382.09	3.519E+2
382.45	3.544E+2
382.81	4.199E+2
383.17	2.524E+2
383.52	3.107E+2
383.88	3.592E+2
384.24	3.908E+2
384.60	4.587E+2
384.95	4.854E+2
385.31	3.932E+2
385.67	5.534E+2
386.02	6.165E+2
386.38	6.359E+2
386.74	6.311E+2
387.10	7.015E+2
387.45	8.107E+2
387.81	9.345E+2
388.17	1.002E+3
388.52	1.063E+3
388.88	1.199E+3
389.24	1.352E+3
389.59	1.476E+3
389.95	1.740E+3
390.31	1.803E+3
390.66	2.046E+3
391.02	2.192E+3
391.38	2.403E+3
391.73	2.658E+3
392.09	2.842E+3
392.44	3.090E+3
392.80	3.408E+3
393.16	3.857E+3
393.51	4.211E+3
393.87	4.646E+3
394.23	5.204E+3
394.58	5.709E+3
394.94	6.216E+3
395.29	6.835E+3
395.65	7.415E+3
396.01	7.908E+3
396.36	8.437E+3
396.72	9.600E+3
397.07	1.016E+4
397.43	1.159E+4
397.78	1.240E+4
398.14	1.325E+4
398.50	1.474E+4
398.85	1.554E+4
399.21	1.679E+4
399.56	1.787E+4
399.92	1.886E+4
400.27	2.034E+4
400.63	2.156E+4
400.98	2.301E+4
401.34	2.469E+4
401.69	2.656E+4
402.05	2.805E+4
402.40	3.008E+4
402.76	3.213E+4
403.11	3.452E+4
403.47	3.655E+4
403.82	3.709E+4
404.18	3.831E+4
404.53	3.934E+4
404.89	4.168E+4
405.24	4.218E+4
405.60	4.385E+4
405.95	4.596E+4
406.31	4.825E+4
406.66	4.961E+4
407.02	5.075E+4
407.37	5.308E+4
407.73	5.331E+4
408.08	5.492E+4
408.44	5.452E+4
408.79	5.437E+4
409.14	5.471E+4
409.50	5.416E+4
409.85	5.385E+4
410.21	5.347E+4
410.56	5.297E+4
410.92	5.332E+4
411.27	5.291E+4
411.62	5.282E+4
411.98	5.222E+4
412.33	5.168E+4
412.69	5.049E+4
413.04	4.886E+4
413.39	4.588E+4
413.75	4.439E+4
414.10	4.229E+4
414.45	4.029E+4
414.81	3.793E+4
415.16	3.618E+4
415.52	3.419E+4
415.87	3.312E+4
416.22	3.095E+4
416.58	2.992E+4
416.93	2.868E+4
417.28	2.653E+4
417.64	2.535E+4
417.99	2.375E+4
418.34	2.199E+4
418.70	2.068E+4
419.05	1.923E+4
419.40	1.768E+4
419.76	1.667E+4
420.11	1.574E+4
420.46	1.461E+4
420.81	1.383E+4
421.17	1.296E+4
421.52	1.243E+4
421.87	1.180E+4
422.23	1.122E+4
422.58	1.080E+4
422.93	1.010E+4
423.28	9.592E+3
423.64	8.898E+3
423.99	8.374E+3
424.34	7.668E+3
424.69	7.422E+3
425.05	6.665E+3
425.40	6.415E+3
425.75	5.871E+3
426.10	5.680E+3
426.46	5.323E+3
426.81	4.964E+3
427.16	4.736E+3
427.51	4.677E+3
427.87	4.374E+3
428.22	4.291E+3
428.57	4.002E+3
428.92	3.592E+3
429.27	3.490E+3
429.63	2.973E+3
429.98	2.985E+3
430.33	2.704E+3
430.68	2.612E+3
431.03	2.435E+3
431.38	2.201E+3
431.74	2.197E+3
432.09	2.070E+3
432.44	1.903E+3
432.79	1.835E+3
433.14	1.801E+3
433.49	1.682E+3
433.85	1.558E+3
434.20	1.451E+3
434.55	1.388E+3
434.90	1.265E+3
435.25	1.223E+3
435.60	1.104E+3
435.95	1.129E+3
436.30	1.087E+3
436.66	9.757E+2
437.01	9.757E+2
437.36	9.369E+2
437.71	8.689E+2
438.06	8.155E+2
438.41	7.354E+2
438.76	7.306E+2
439.11	7.840E+2
439.46	8.034E+2
439.81	6.796E+2
440.16	7.403E+2
440.52	6.384E+2
440.87	5.170E+2
441.22	6.092E+2
441.57	5.097E+2
441.92	5.049E+2
442.27	5.024E+2
442.62	4.733E+2
442.97	5.000E+2
443.32	4.199E+2
443.67	3.884E+2
444.02	4.272E+2
444.37	4.102E+2
444.72	3.228E+2
445.07	3.932E+2
445.42	3.398E+2
445.77	3.350E+2
446.12	3.859E+2
446.47	3.180E+2
446.82	3.034E+2
447.17	2.427E+2
447.52	2.306E+2
447.87	2.767E+2
448.22	3.107E+2
448.57	2.306E+2
448.92	1.651E+2
449.27	1.529E+2
449.62	2.403E+2
449.97	3.398E+2
450.32	1.918E+2
450.66	1.990E+2
451.01	1.845E+2
451.36	2.112E+2
451.71	2.379E+2
452.06	1.796E+2
452.41	1.869E+2
452.76	1.990E+2
453.11	2.063E+2
453.46	2.694E+2
453.81	1.966E+2
454.16	2.597E+2
454.51	8.495E+1
454.85	2.209E+2
455.20	1.505E+2
455.55	1.432E+2
455.90	3.884E+1
456.25	1.456E+2
456.60	1.602E+2
456.95	1.044E+2
457.30	1.748E+2
457.64	2.039E+2
457.99	7.767E+1
458.34	1.189E+2
458.69	1.456E+2
459.04	1.505E+2
459.39	1.068E+2
459.73	1.311E+2
460.08	7.767E+1
460.43	1.068E+2
460.78	2.063E+2
461.13	1.699E+2
461.48	1.238E+2
461.82	7.282E+1
462.17	5.825E+1
462.52	8.253E+1
462.87	1.432E+2
463.21	7.767E+1
463.56	1.044E+2
463.91	7.282E+1
464.26	-1.214E+1
464.61	7.524E+1
464.95	1.456E+2
465.30	-2.427E+1
465.65	1.918E+2
466.00	8.010E+1
466.34	7.767E+1
466.69	7.282E+1
467.04	1.141E+2
467.39	1.117E+2
467.73	4.854E+0
468.08	9.709E+1
468.43	1.238E+2
468.77	5.340E+1
469.12	8.010E+1
469.47	1.529E+2
469.82	1.311E+2
470.16	6.068E+1
470.51	2.184E+1
470.86	7.767E+1
471.20	6.068E+1
471.55	8.495E+1
471.90	9.466E+1
472.24	6.796E+1
472.59	1.019E+2
472.94	1.189E+2
473.28	9.709E+1
473.63	1.772E+2
473.98	1.019E+2
474.32	6.554E+1
474.67	1.359E+2
475.02	5.340E+1
475.36	-5.825E+1
475.71	9.466E+1
476.06	1.044E+2
476.40	1.942E+1
476.75	8.010E+1
477.09	1.165E+2
477.44	5.825E+1
477.79	2.427E+1
478.13	1.990E+2
478.48	4.369E+1
478.82	-2.913E+1
479.17	9.709E+0
479.52	5.583E+1
479.86	5.097E+1
480.21	2.670E+1
480.55	2.427E+1
480.90	1.165E+2
481.24	5.097E+1
481.59	4.612E+1
481.94	1.044E+2
482.28	1.141E+2
482.63	4.854E+1
482.97	7.039E+1
483.32	8.981E+1
483.66	7.524E+1
484.01	4.854E+1
484.35	7.767E+1
484.70	7.282E+0
485.04	1.651E+2
485.39	1.384E+2
485.73	-4.854E+0
486.08	6.311E+1
486.42	6.311E+1
486.77	8.253E+1
487.11	9.952E+1
487.46	-7.282E+0
487.80	-3.641E+1
488.15	4.126E+1
488.49	1.189E+2
488.84	-4.854E+1
489.18	1.092E+2
489.53	1.238E+2
489.87	1.311E+2
490.21	-7.524E+1
490.56	1.942E+1
490.90	2.913E+1
491.25	1.214E+1
491.59	7.039E+1
491.94	7.524E+1
492.28	4.854E+0
492.62	9.709E+0
492.97	1.238E+2
493.31	3.155E+1
493.66	5.340E+1
494.00	9.952E+1
494.34	-2.913E+1
494.69	-7.282E+0
495.03	1.869E+2
495.38	8.010E+1
495.72	-9.709E+0
496.06	9.709E+1
496.41	2.670E+1
496.75	1.165E+2
497.09	-4.854E+1
497.44	2.427E+1
497.78	1.117E+2
498.13	4.126E+1
498.47	-3.398E+1
498.81	1.942E+1
499.16	3.641E+1
499.50	-3.641E+1
499.84	9.952E+1
500.19	2.427E+0
500.53	5.340E+1
500.87	5.097E+1
501.21	4.369E+1
501.56	6.311E+1
501.90	-7.039E+1
502.24	5.097E+1
502.59	-1.942E+1
502.93	8.495E+1
503.27	6.068E+1
503.61	-2.670E+1
503.96	-1.214E+2
504.30	-3.884E+1
504.64	0.000E+0
504.99	-3.155E+1
505.33	2.427E+1
505.67	-3.155E+1
506.01	3.884E+1
506.36	4.369E+1
506.70	9.709E+0
507.04	3.155E+1
507.38	6.068E+1
507.72	5.825E+1
508.07	-6.554E+1
508.41	2.913E+1
508.75	3.155E+1
509.09	7.767E+1
509.44	6.311E+1
509.78	9.952E+1
510.12	1.019E+2
510.46	3.398E+1
510.80	-4.369E+1
511.14	7.039E+1
511.49	8.010E+1
511.83	-1.141E+2
512.17	-3.155E+1
512.51	-7.282E+0
512.85	1.456E+1
513.19	3.155E+1
513.54	-4.126E+1
513.88	2.913E+1
514.22	4.126E+1
514.56	4.126E+1
514.90	-6.554E+1
515.24	-1.942E+1
515.58	7.767E+1
515.93	2.427E+0
516.27	2.670E+1
516.61	3.641E+1
516.95	-1.456E+1
517.29	-4.369E+1
517.63	-9.223E+1
517.97	-3.884E+1
518.31	-3.641E+1
518.65	1.238E+2
518.99	-7.282E+0
519.33	8.010E+1
519.67	-1.068E+2
520.02	-8.738E+1
520.36	-4.612E+1
520.70	4.369E+1
521.04	-4.854E+0
521.38	2.427E+1
521.72	2.913E+1
522.06	6.311E+1
522.40	-2.670E+1
522.74	6.068E+1
523.08	-7.282E+0
523.42	4.369E+1
523.76	1.238E+2
524.10	-1.214E+1
524.44	-2.184E+1
524.78	4.612E+1
525.12	1.699E+1
525.46	-1.456E+1
525.80	2.427E+0
526.14	7.282E+0
526.48	6.554E+1
526.82	9.709E+0
527.16	7.039E+1
527.50	-4.612E+1
527.84	2.913E+1
528.18	-3.398E+1
528.52	1.019E+2
528.86	-4.612E+1
529.20	1.019E+2
529.54	3.884E+1
529.87	2.184E+1
530.21	-2.670E+1
530.55	-3.155E+1
530.89	-5.583E+1
531.23	6.311E+1
531.57	-2.913E+1
531.91	1.238E+2
532.25	5.340E+1
532.59	5.340E+1
532.93	6.554E+1
533.27	2.913E+1
533.60	-3.884E+1
533.94	7.282E+0
534.28	-7.282E+0
534.62	-4.854E+0
534.96	6.796E+1
535.30	7.767E+1
535.64	9.952E+1
535.98	6.554E+1
536.31	6.068E+1
536.65	6.796E+1
536.99	9.223E+1
537.33	-1.456E+1
537.67	-3.155E+1
538.01	-4.126E+1
538.34	-3.884E+1
538.68	5.583E+1
539.02	5.097E+1
539.36	-4.854E+1
539.70	-1.942E+1
540.03	-3.398E+1
540.37	-2.913E+1
540.71	3.398E+1
541.05	-3.398E+1
541.39	4.369E+1
541.72	-3.155E+1
542.06	5.340E+1
542.40	5.097E+1
542.74	6.068E+1
543.07	7.282E+0
543.41	4.126E+1
543.75	-1.699E+1
544.09	7.282E+0
544.42	1.189E+2
544.76	2.427E+0
545.10	-7.524E+1
545.44	-3.641E+1
545.77	-4.369E+1
546.11	-7.767E+1
546.45	5.825E+1
546.78	1.942E+1
547.12	5.097E+1
547.46	-4.126E+1
547.80	1.165E+2
548.13	1.456E+1
548.47	5.825E+1
548.81	6.311E+1
549.14	-7.282E+0
549.48	-1.942E+1
549.82	-7.282E+0
550.15	9.709E+0
550.49	-2.670E+1
550.83	2.913E+1
551.16	1.942E+1
551.50	-2.427E+1
551.84	5.340E+1
552.17	2.427E+1
552.51	3.884E+1
552.84	2.427E+1
553.18	3.155E+1
553.52	-1.699E+1
553.85	7.282E+0
554.19	4.854E+0
554.53	1.286E+2
554.86	1.214E+1
555.20	3.884E+1
555.53	1.481E+2
555.87	1.214E+1
556.20	-5.340E+1
556.54	4.126E+1
556.88	9.709E+1
557.21	-1.699E+1
557.55	4.612E+1
557.88	-1.214E+1
558.22	1.214E+1
558.55	3.884E+1
558.89	7.039E+1
559.23	7.282E+1
559.56	-8.253E+1
559.90	1.214E+2
560.23	-3.884E+1
560.57	3.155E+1
560.90	2.670E+1
561.24	4.612E+1
561.57	7.282E+0
561.91	3.884E+1
562.24	-2.913E+1
562.58	-5.340E+1
562.91	6.311E+1
563.25	4.854E+1
563.58	4.369E+1
563.92	3.884E+1
564.25	1.189E+2
564.59	9.466E+1
564.92	4.369E+1
565.25	2.670E+1
565.59	4.854E+0
565.92	6.068E+1
566.26	9.223E+1
566.59	4.126E+1
566.93	-2.427E+1
567.26	3.641E+1
567.60	-7.282E+1
567.93	7.039E+1
568.26	6.068E+1
568.60	7.524E+1
568.93	1.165E+2
569.27	-3.155E+1
569.60	5.097E+1
569.93	4.126E+1
570.27	1.311E+2
570.60	-5.825E+1
570.94	9.709E+0
571.27	7.282E+1
571.60	2.184E+1
571.94	-1.699E+1
572.27	4.854E+0
572.60	5.340E+1
572.94	5.583E+1
573.27	-2.184E+1
573.60	3.155E+1
573.94	5.097E+1
574.27	7.282E+0
574.60	-2.670E+1
574.94	1.869E+2
575.27	7.282E+0
575.60	8.253E+1
575.94	-3.155E+1
576.27	-1.214E+1
576.60	1.456E+1
576.94	6.796E+1
577.27	7.282E+0
577.60	1.141E+2
577.94	1.699E+1
578.27	-2.670E+1
578.60	6.796E+1
578.93	7.282E+0
579.27	4.126E+1
579.60	-9.709E+0
579.93	-4.126E+1
580.26	-9.709E+0
580.60	-5.583E+1
580.93	-2.427E+0
581.26	5.340E+1
581.59	-2.913E+1
581.93	9.709E+1
582.26	4.854E+1
582.59	-1.019E+2
582.92	-1.214E+1
583.25	9.223E+1
583.59	3.398E+1
583.92	-1.165E+2
584.25	3.155E+1
584.58	-6.796E+1
584.91	-7.282E+0
585.25	-1.044E+2
585.58	-7.767E+1
585.91	8.495E+1
586.24	7.282E+1
586.57	8.738E+1
586.90	4.854E+1
587.24	4.369E+1
587.57	1.238E+2
587.90	-4.126E+1
588.23	-9.709E+0
588.56	-4.369E+1
588.89	5.097E+1
589.22	-4.126E+1
589.56	1.408E+2
589.89	-4.854E+0
590.22	-3.155E+1
590.55	-1.408E+2
590.88	7.767E+1
591.21	-1.214E+1
591.54	-2.184E+1
591.87	1.214E+2
592.20	-1.699E+1
592.53	-5.340E+1
592.87	9.709E+0
593.20	2.427E+1
593.53	1.481E+2
593.86	5.825E+1
594.19	6.068E+1
594.52	-1.942E+1
594.85	-5.097E+1
595.18	-2.670E+1
595.51	-4.369E+1
595.84	-2.184E+1
596.17	9.709E+1
596.50	7.282E+0
596.83	-1.553E+2
597.16	-7.524E+1
597.49	8.738E+1
597.82	9.709E+0
598.15	7.282E+1
598.48	4.854E+1
598.81	2.427E+0
599.14	-8.253E+1
599.47	8.738E+1
599.80	6.554E+1
600.13	7.282E+1
600.46	4.612E+1
600.79	-7.282E+0
601.12	1.942E+1
601.45	-1.214E+1
601.78	-5.583E+1
602.11	-7.282E+0
602.44	4.854E+0
602.77	2.427E+1
603.10	-8.253E+1
603.42	-5.097E+1
603.75	4.612E+1
604.08	-1.432E+2
604.41	7.282E+0
604.74	-1.214E+1
605.07	3.884E+1
605.40	2.184E+1
605.73	9.709E+0
606.06	2.184E+1
606.39	-1.942E+1
606.71	-5.825E+1
607.04	1.942E+1
607.37	-2.913E+1
607.70	8.010E+1
608.03	-4.854E+0
608.36	-1.456E+1
608.69	1.456E+1
609.02	4.854E+0
609.34	2.184E+1
609.67	-5.097E+1
610.00	1.214E+1
610.33	-3.641E+1
610.66	2.670E+1
610.98	-8.010E+1
611.31	-1.699E+1
611.64	3.398E+1
611.97	3.398E+1
612.30	-2.427E+0
612.63	-1.456E+1
612.95	-3.155E+1
613.28	5.583E+1
613.61	-3.641E+1
613.94	8.738E+1
614.26	5.583E+1
614.59	7.767E+1
614.92	3.641E+1
615.25	8.253E+1
615.57	7.282E+1
615.90	-2.670E+1
616.23	2.913E+1
616.56	-6.068E+1
616.88	8.495E+1
617.21	2.184E+1
617.54	3.398E+1
617.87	3.884E+1
618.19	6.796E+1
618.52	3.398E+1
618.85	2.670E+1
619.17	6.554E+1
619.50	-8.253E+1
619.83	-7.767E+1
620.15	-3.155E+1
620.48	-2.427E+1
620.81	2.670E+1
621.14	4.126E+1
621.46	1.651E+2
621.79	-2.427E+0
622.11	-2.670E+1
622.44	7.524E+1
622.77	4.854E+0
623.09	4.369E+1
623.42	-5.340E+1
623.75	-1.214E+1
624.07	7.767E+1
624.40	-7.039E+1
624.73	1.699E+1
625.05	6.554E+1
625.38	-4.126E+1
625.70	3.884E+1
626.03	9.466E+1
626.36	-7.524E+1
626.68	-6.796E+1
627.01	-1.699E+1
627.33	-6.796E+1
627.66	-9.709E+0
627.99	-4.612E+1
628.31	4.854E+0
628.64	-2.427E+1
628.96	6.311E+1
629.29	6.311E+1
629.61	3.641E+1
629.94	-6.554E+1
630.26	-2.427E+0
630.59	2.184E+1
630.91	-2.670E+1
631.24	-3.398E+1
631.57	6.068E+1
631.89	1.942E+1
632.22	-2.670E+1
632.54	-5.825E+1
632.87	2.670E+1
633.19	-1.165E+2
633.52	-8.738E+1
633.84	-1.942E+1
634.16	0.000E+0
634.49	-3.641E+1
634.81	8.738E+1
635.14	6.311E+1
635.46	1.456E+1
635.79	1.456E+1
636.11	5.097E+1
636.44	1.942E+1
636.76	8.495E+1
637.09	3.155E+1
637.41	-1.214E+1
637.73	-7.282E+1
638.06	-3.398E+1
638.38	7.524E+1
638.71	-1.456E+1
639.03	3.155E+1
639.36	4.126E+1
639.68	2.184E+1
640.00	3.641E+1
640.33	-4.612E+1
640.65	2.913E+1
640.97	8.981E+1
641.30	5.825E+1
641.62	6.554E+1
641.95	-9.709E+0
642.27	1.456E+1
642.59	3.641E+1
642.92	9.223E+1
643.24	-3.641E+1
643.56	7.282E+1
643.89	-5.583E+1
644.21	2.913E+1
644.53	2.427E+0
644.86	-4.612E+1
645.18	3.155E+1
645.50	-1.651E+2
645.83	9.709E+0
646.15	3.155E+1
646.47	1.068E+2
646.80	3.155E+1
647.12	1.456E+1
647.44	-2.427E+1
647.76	-1.214E+1
648.09	8.738E+1
648.41	1.432E+2
648.73	-5.583E+1
649.05	-2.427E+0
649.38	8.253E+1
649.70	-2.427E+1
650.02	1.019E+2
650.34	7.282E+0
650.67	-7.039E+1
650.99	-3.155E+1
651.31	-1.044E+2
651.63	4.126E+1
651.96	-2.913E+1
652.28	1.214E+1
652.60	1.214E+1
652.92	4.612E+1
653.24	7.767E+1
653.57	-1.262E+2
653.89	4.612E+1
654.21	8.495E+1
654.53	-8.253E+1
654.85	-4.369E+1
655.18	1.019E+2
655.50	1.529E+2
655.82	1.019E+2
656.14	2.427E+0
656.46	1.141E+2
656.78	1.384E+2
657.10	8.495E+1
657.43	6.554E+1
657.75	6.554E+1
658.07	1.699E+1
658.39	9.223E+1
658.71	1.456E+1
659.03	6.554E+1
659.35	9.709E+0
659.67	-4.369E+1
659.99	-9.952E+1
660.32	3.155E+1
660.64	3.641E+1
660.96	-7.282E+1
661.28	2.670E+1
661.60	3.398E+1
661.92	-7.282E+0
662.24	-3.155E+1
662.56	-6.554E+1
662.88	0.000E+0
663.20	8.010E+1
663.52	-4.854E+1
663.84	7.524E+1
664.16	2.427E+1
664.48	2.913E+1
664.80	0.000E+0
665.12	1.942E+1
665.44	-7.282E+0
665.76	-1.699E+1
666.08	3.398E+1
666.40	-4.854E+0
666.72	1.942E+1
667.04	-7.282E+1
667.36	-7.282E+0
667.68	7.524E+1
668.00	-2.427E+0
668.32	-5.340E+1
668.64	7.282E+0
668.96	-1.699E+1
669.28	-4.854E+0
669.60	4.126E+1
669.92	-7.282E+0
670.24	2.427E+1
670.56	1.214E+1
670.88	7.282E+0
671.20	-2.184E+1
671.52	-3.884E+1
671.84	6.068E+1
672.16	5.340E+1
672.47	-5.583E+1
672.79	-2.427E+0
673.11	8.253E+1
673.43	4.612E+1
673.75	4.612E+1
674.07	-1.068E+2
674.39	-6.068E+1
674.71	1.481E+2
675.03	-4.126E+1
675.34	-3.155E+1
675.66	6.796E+1
675.98	9.709E+0
676.30	2.913E+1
676.62	9.223E+1
676.94	3.398E+1
677.25	4.854E+1
677.57	-4.369E+1
677.89	2.427E+1
678.21	9.952E+1
678.53	2.427E+0
678.85	-3.884E+1
679.16	2.427E+0
679.48	-8.495E+1
679.80	9.709E+0
680.12	-3.884E+1
680.44	-5.340E+1
680.75	-9.709E+1
681.07	4.854E+0
681.39	-2.427E+1
681.71	3.398E+1
682.02	1.699E+1
682.34	2.913E+1
682.66	4.126E+1
682.98	7.039E+1
683.29	2.184E+1
683.61	-1.456E+1
683.93	6.311E+1
684.25	-8.738E+1
684.56	-3.884E+1
684.88	-1.942E+1
685.20	4.612E+1
685.51	-3.641E+1
685.83	-3.398E+1
686.15	9.709E+1
686.47	3.884E+1
686.78	9.709E+0
687.10	3.641E+1
687.42	-5.097E+1
687.73	-2.913E+1
688.05	3.398E+1
688.37	9.709E+0
688.68	9.223E+1
689.00	-1.214E+1
689.32	-4.854E+0
689.63	-2.427E+0
689.95	-1.942E+1
690.26	2.184E+1
690.58	-2.184E+1
690.90	-2.184E+1
691.21	-6.554E+1
691.53	-5.340E+1
691.85	4.369E+1
692.16	-2.427E+0
692.48	6.554E+1
692.79	-9.223E+1
693.11	-2.427E+0
693.42	2.184E+1
693.74	-6.311E+1
694.06	-1.214E+1
694.37	-4.126E+1
694.69	6.796E+1
695.00	6.068E+1
695.32	-3.641E+1
695.63	4.369E+1
695.95	7.039E+1
696.26	8.253E+1
696.58	2.427E+0
696.90	-2.670E+1
697.21	-3.641E+1
697.53	-6.796E+1
697.84	-5.583E+1
698.16	-4.854E+1
698.47	1.723E+2
698.79	1.699E+1
699.10	5.825E+1
699.42	-5.097E+1
699.73	9.709E+0
700.05	7.767E+1
700.36	0.000E+0
700.68	-1.942E+1
700.99	-6.796E+1
701.30	3.884E+1
701.62	2.427E+1
701.93	2.427E+1
702.25	2.913E+1
702.56	5.340E+1
702.88	-7.282E+1
703.19	-3.155E+1
703.50	1.384E+2
703.82	4.854E+0
704.13	4.612E+1
704.45	-1.699E+1
704.76	4.854E+1
705.08	5.097E+1
705.39	2.670E+1
705.70	-1.117E+2
706.02	-1.942E+1
706.33	9.709E+0
706.64	-1.699E+1
706.96	-1.942E+1
707.27	-3.641E+1
707.59	0.000E+0
707.90	-2.913E+1
708.21	-5.825E+1
708.53	2.427E+1
708.84	4.369E+1
709.15	-2.913E+1
709.47	3.884E+1
709.78	7.767E+1
710.09	-2.670E+1
710.41	-1.214E+1
710.72	0.000E+0
711.03	0.000E+0
711.34	-4.369E+1
711.66	-4.369E+1
711.97	-3.398E+1
712.28	-2.913E+1
712.60	-6.311E+1
712.91	7.524E+1
713.22	-2.427E+0
713.53	5.583E+1
713.85	-1.942E+1
714.16	-7.282E+0
714.47	2.184E+1
714.78	-6.796E+1
715.10	-2.670E+1
715.41	1.456E+1
715.72	3.398E+1
716.03	-9.709E+0
716.35	3.398E+1
716.66	-3.398E+1
716.97	2.184E+1
717.28	9.466E+1
717.59	3.884E+1
717.91	-1.699E+1
718.22	7.282E+0
718.53	-6.311E+1
718.84	1.456E+1
719.15	7.282E+1
719.46	-4.854E+1
719.78	-1.699E+1
720.09	5.097E+1
720.40	-6.554E+1
720.71	-2.427E+0
721.02	-1.942E+1
721.33	-2.427E+1
721.65	1.942E+1
721.96	-2.913E+1
722.27	4.126E+1
722.58	9.223E+1
722.89	8.010E+1
723.20	0.000E+0
723.51	0.000E+0
723.82	5.097E+1
724.13	2.670E+1
724.45	4.854E+0
724.76	2.913E+1
725.07	6.311E+1
725.38	-1.117E+2
725.69	1.699E+1
726.00	2.427E+0
726.31	-9.223E+1
726.62	6.554E+1
726.93	-1.214E+1
727.24	3.641E+1
727.55	-1.456E+1
727.86	-2.427E+0
728.17	7.524E+1
728.48	-1.699E+1
728.79	1.942E+1
729.10	6.554E+1
729.41	-1.456E+1
729.72	-1.335E+2
730.03	1.092E+2
730.34	7.282E+1
730.65	-8.738E+1
730.96	-3.155E+1
731.27	5.340E+1
731.58	4.126E+1
731.89	4.612E+1
732.20	6.796E+1
732.51	9.466E+1
732.82	9.952E+1
733.13	1.165E+2
733.44	-9.709E+0
733.75	2.427E+1
734.06	1.214E+1
734.37	2.427E+0
734.68	-3.398E+1
734.98	2.282E+2
735.29	5.583E+1
735.60	-1.699E+1
735.91	9.223E+1
736.22	-2.427E+0
736.53	5.583E+1
736.84	-4.369E+1
737.15	9.709E+0
737.46	2.427E+0
737.77	2.913E+1
738.07	-9.709E+0
738.38	1.214E+1
738.69	5.340E+1
739.00	1.456E+1
739.31	1.456E+1
739.62	-2.427E+1
739.92	-1.942E+1
740.23	-4.126E+1
740.54	2.670E+1
740.85	5.097E+1
741.16	-1.141E+2
741.47	-2.913E+1
741.77	5.097E+1
742.08	1.942E+1
742.39	9.952E+1
742.70	-1.942E+1
743.01	-9.709E+0
743.31	5.825E+1
743.62	5.825E+1
743.93	5.583E+1
744.24	-4.854E+1
744.54	5.340E+1
744.85	-6.796E+1
745.16	1.068E+2
745.47	-2.427E+1
745.77	4.369E+1
746.08	8.495E+1
746.39	5.825E+1
746.70	-4.854E+0
747.00	-8.495E+1
747.31	-7.524E+1
747.62	5.097E+1
747.92	4.369E+1
748.23	-7.282E+0
748.54	7.282E+1
748.84	7.524E+1
749.15	7.282E+0
749.46	-5.583E+1
749.76	0.000E+0
750.07	6.554E+1
750.38	-1.942E+1
750.68	-7.039E+1
750.99	-3.884E+1
751.30	9.223E+1
751.60	3.155E+1
751.91	2.913E+1
752.22	-7.767E+1
752.52	-2.427E+1
752.83	4.612E+1
753.14	-4.369E+1
753.44	9.709E+0
753.75	1.019E+2
754.05	-4.126E+1
754.36	1.214E+1
754.67	7.282E+0
754.97	-7.282E+1
755.28	-2.670E+1
755.58	2.184E+1
755.89	1.456E+1
756.19	4.126E+1
756.50	-3.641E+1
756.81	-7.767E+1
757.11	-2.184E+1
757.42	-6.554E+1
757.72	-6.068E+1
758.03	3.398E+1
758.33	1.165E+2
758.64	1.942E+1
758.94	8.253E+1
759.25	-7.524E+1
759.55	-1.335E+2
759.86	-4.854E+0
760.16	-4.369E+1
760.47	-7.282E+0
760.77	2.670E+1
761.08	1.432E+2
761.38	-5.583E+1
761.69	-2.184E+1
761.99	-3.884E+1
762.30	-5.825E+1
762.60	6.796E+1
762.91	-4.854E+0
763.21	-7.282E+1
763.51	2.427E+1
763.82	-3.398E+1
764.12	-2.913E+1
764.43	8.495E+1
764.73	7.282E+0
765.04	2.670E+1
765.34	-1.699E+1
765.64	9.709E+0
765.95	-2.427E+0
766.25	7.282E+0
766.56	-5.825E+1
766.86	3.641E+1
767.16	2.427E+1
767.47	3.155E+1
767.77	-2.670E+1
768.07	-2.913E+1
768.38	0.000E+0
768.68	1.699E+1
768.98	-2.184E+1
769.29	-5.583E+1
769.59	4.369E+1
769.89	-1.456E+1
770.20	-2.427E+1
770.50	-2.913E+1
770.80	3.398E+1
771.11	-4.612E+1
771.41	-8.495E+1
771.71	-7.039E+1
772.02	3.884E+1
772.32	7.282E+0
772.62	5.340E+1
772.93	1.942E+1
773.23	0.000E+0
773.53	4.854E+0
773.83	1.699E+1
774.14	-2.427E+0
774.44	3.398E+1
774.74	4.854E+0
775.04	1.384E+2
775.35	9.223E+1
775.65	-2.427E+0
775.95	-4.612E+1
776.25	-4.126E+1
776.55	-2.670E+1
776.86	6.068E+1
777.16	-5.340E+1
777.46	2.913E+1
777.76	4.126E+1
778.06	-4.126E+1
778.37	-4.126E+1
778.67	-6.068E+1
778.97	-1.456E+1
779.27	1.335E+2
779.57	9.709E+0
779.88	-4.612E+1
780.18	-1.942E+1
780.48	2.184E+1
780.78	-6.554E+1
781.08	9.709E+1
781.38	2.670E+1
781.68	-9.709E+0
781.98	1.942E+1
782.29	-8.010E+1
782.59	-4.369E+1
782.89	3.155E+1
783.19	-7.282E+1
783.49	3.398E+1
783.79	-3.641E+1
784.09	-9.952E+1
784.39	-1.262E+2
784.69	-4.612E+1
784.99	9.952E+1
785.30	-3.398E+1
785.60	2.184E+1
785.90	0.000E+0
786.20	5.583E+1
786.50	-2.184E+1
786.80	2.670E+1
787.10	-3.641E+1
787.40	-3.884E+1
787.70	-3.884E+1
788.00	-4.854E+0
788.30	-4.126E+1
788.60	1.942E+1
788.90	-1.942E+1
789.20	4.854E+0
789.50	-5.583E+1
789.80	4.126E+1
790.10	-3.884E+1
790.40	5.825E+1
790.70	1.214E+1
791.00	3.398E+1
791.30	1.019E+2
791.60	0.000E+0
791.90	5.340E+1
792.20	7.767E+1
792.50	6.068E+1
792.79	9.952E+1
793.09	-3.398E+1
793.39	1.699E+1
793.69	-9.709E+0
793.99	5.583E+1
794.29	4.126E+1
794.59	-4.126E+1
794.89	-7.039E+1
795.19	4.854E+1
795.49	-2.427E+1
795.79	2.184E+1
796.08	-1.286E+2
796.38	-7.282E+0
796.68	-2.427E+1
796.98	1.214E+1
797.28	1.942E+1
797.58	2.427E+1
797.88	-1.117E+2
798.17	-8.981E+1
798.47	4.854E+1
798.77	-1.117E+2
799.07	-3.155E+1
799.37	-1.214E+1
799.67	-1.019E+2
799.96	5.825E+1
800.26	9.466E+1
800.56	2.184E+1
800.86	3.884E+1
801.16	-1.699E+1
801.45	4.369E+1
801.75	1.092E+2
802.05	1.214E+1
802.35	5.340E+1
802.64	8.495E+1
802.94	-6.068E+1
803.24	4.612E+1
803.54	4.854E+1
803.83	6.068E+1
804.13	-2.913E+1
804.43	-7.282E+0
804.73	1.699E+1
805.02	-5.340E+1
805.32	0.000E+0
805.62	5.340E+1
805.91	7.039E+1
806.21	4.854E+1
806.51	8.981E+1
806.81	2.427E+1
807.10	-3.155E+1
807.40	-2.913E+1
807.70	-5.825E+1
807.99	-2.670E+1
808.29	1.699E+1
808.59	4.369E+1
808.88	5.825E+1
809.18	-1.456E+1
809.47	1.311E+2
809.77	-1.699E+1
810.07	-8.495E+1
810.36	-9.223E+1
810.66	-3.641E+1
810.96	-7.039E+1
811.25	1.942E+1
811.55	1.408E+2
811.84	6.068E+1
812.14	-3.155E+1
812.44	4.612E+1
812.73	-1.165E+2
813.03	-2.670E+1
813.32	-7.524E+1
813.62	4.126E+1
813.91	1.214E+1
814.21	-3.398E+1
814.51	2.913E+1
814.80	-1.214E+1
815.10	-4.854E+0
815.39	1.044E+2
815.69	-4.612E+1
815.98	2.913E+1
816.28	1.699E+1
816.57	-5.097E+1
816.87	4.854E+1
817.16	-1.456E+1
817.46	-4.854E+0
817.75	-4.369E+1
818.05	7.039E+1
818.34	9.709E+0
818.64	-3.641E+1
818.93	-5.097E+1
819.23	-2.427E+0
819.52	4.369E+1
819.82	-3.884E+1
820.11	-2.184E+1
820.40	-3.398E+1
820.70	-4.126E+1
820.99	4.612E+1
821.29	-2.913E+1
821.58	4.854E+1
821.88	-3.641E+1
822.17	1.456E+1
822.46	4.369E+1
822.76	-1.068E+2
823.05	6.311E+1
823.35	6.796E+1
823.64	-2.427E+0
823.93	2.184E+1
824.23	4.369E+1
824.52	-2.670E+1
824.81	2.427E+1
825.11	3.155E+1
825.40	7.767E+1
825.69	-2.670E+1
825.99	3.641E+1
826.28	2.184E+1
826.58	-7.282E+1
826.87	1.942E+1
827.16	-3.641E+1
827.45	-4.854E+1
827.75	-6.311E+1
828.04	-9.952E+1
828.33	0.000E+0
828.63	2.427E+1
828.92	6.311E+1
829.21	-6.554E+1
829.51	4.854E+1
829.80	-4.854E+0
830.09	-1.214E+1
830.38	-2.184E+1
830.68	3.398E+1
830.97	-4.854E+1
831.26	2.427E+0
831.55	2.184E+1
831.85	1.699E+1
832.14	-4.612E+1
832.43	3.884E+1
832.72	-3.155E+1
833.01	7.039E+1
833.31	8.981E+1
833.60	-3.884E+1
833.89	1.456E+1
834.18	-8.253E+1
834.47	-9.709E+0
834.77	9.709E+1
835.06	-7.767E+1
835.35	-3.155E+1
835.64	-1.092E+2
835.93	7.282E+1
836.22	4.854E+1
836.52	8.253E+1
836.81	6.554E+1
837.10	2.913E+1
837.39	-7.524E+1
837.68	-8.738E+1
837.97	-1.214E+1
838.26	1.214E+1
838.55	-1.117E+2
838.85	-2.184E+1
839.14	-4.854E+0
839.43	2.913E+1
839.72	2.670E+1
840.01	7.282E+0
840.30	-2.670E+1
840.59	-2.670E+1
840.88	9.709E+0
841.17	-1.602E+2
841.46	4.854E+0
841.75	-7.282E+0
842.04	2.184E+1
842.33	-4.854E+0
842.62	5.097E+1
842.91	-7.282E+0
843.21	-4.126E+1
843.50	4.854E+1
843.79	5.583E+1
844.08	-3.641E+1
844.37	-2.184E+1
844.66	-4.854E+1
844.95	3.398E+1
845.24	2.427E+1
845.53	1.092E+2
845.81	-6.311E+1
846.10	5.340E+1
846.39	5.583E+1
846.68	9.952E+1
846.97	2.427E+1
847.26	1.578E+2
847.55	3.641E+1
847.84	2.670E+1
848.13	-5.097E+1
848.42	-2.184E+1
848.71	0.000E+0
849.00	4.854E+1
849.29	-6.311E+1
849.58	7.039E+1
849.87	7.282E+0
850.15	-6.311E+1
850.44	4.854E+0
850.73	6.068E+1
851.02	-4.126E+1
851.31	-3.155E+1
851.60	1.141E+2
851.89	-9.466E+1
852.18	-2.913E+1
852.46	1.942E+1
852.75	1.456E+1
853.04	5.097E+1
853.33	-3.884E+1
853.62	-1.214E+2
853.91	-3.398E+1
854.19	8.981E+1
854.48	8.253E+1
854.77	3.398E+1
855.06	-6.068E+1
855.35	-3.155E+1
855.63	-2.427E+0
855.92	8.010E+1
856.21	-7.039E+1
856.50	3.884E+1
856.79	-2.184E+1
857.07	7.282E+1
857.36	2.427E+0
857.65	6.068E+1
857.94	2.427E+1
858.22	-9.709E+0
858.51	-5.583E+1
858.80	7.282E+0
859.08	-3.155E+1
859.37	5.583E+1
859.66	2.913E+1
859.95	1.068E+2
860.23	-1.092E+2
860.52	-4.126E+1
860.81	-1.553E+2
861.09	-2.913E+1
861.38	1.214E+2
861.67	-1.699E+1
861.95	-2.427E+0
862.24	4.854E+0
862.53	3.884E+1
862.81	-7.282E+0
863.10	-4.854E+0
863.39	-5.583E+1
863.67	9.466E+1
863.96	4.854E+0
864.25	-2.913E+1
864.53	-9.952E+1
864.82	1.456E+1
865.10	-4.612E+1
865.39	1.214E+1
865.68	-4.854E+1
865.96	2.427E+0
866.25	-4.126E+1
866.53	-4.126E+1
866.82	-4.126E+1