Wavelength	Intensity	Ocean Optics Flame
nm	counts
187.89	1.165E+2
188.27	-7.524E+1
188.64	4.854E+0
189.02	7.524E+1
189.40	-3.641E+1
189.78	2.913E+1
190.15	5.097E+1
190.53	1.699E+1
190.91	1.189E+2
191.29	1.214E+1
191.66	-5.340E+1
192.04	-4.854E+0
192.42	-5.097E+1
192.80	9.709E+0
193.17	-1.214E+1
193.55	2.670E+1
193.93	-7.524E+1
194.30	4.612E+1
194.68	4.854E+0
195.06	6.796E+1
195.44	-5.583E+1
195.81	2.184E+1
196.19	3.155E+1
196.57	5.583E+1
196.94	4.854E+1
197.32	-7.282E+0
197.70	-1.942E+1
198.07	6.311E+1
198.45	7.282E+1
198.83	-1.942E+1
199.20	-1.214E+1
199.58	2.427E+1
199.96	5.583E+1
200.33	4.126E+1
200.71	9.709E+1
201.09	-1.117E+2
201.46	1.238E+2
201.84	7.767E+1
202.22	-1.481E+2
202.59	-5.340E+1
202.97	7.282E+0
203.34	1.626E+2
203.72	9.709E+0
204.10	5.097E+1
204.47	2.670E+1
204.85	1.117E+2
205.23	-3.641E+1
205.60	-1.456E+1
205.98	1.699E+1
206.35	-1.456E+1
206.73	-4.126E+1
207.11	1.942E+1
207.48	-3.641E+1
207.86	-1.942E+1
208.23	-7.282E+0
208.61	1.214E+2
208.98	1.456E+1
209.36	6.068E+1
209.74	0.000E+0
210.11	-3.884E+1
210.49	2.427E+0
210.86	-4.126E+1
211.24	3.641E+1
211.61	-3.884E+1
211.99	4.854E+0
212.36	-9.223E+1
212.74	-4.369E+1
213.11	3.398E+1
213.49	2.427E+1
213.87	-1.214E+1
214.24	-3.641E+1
214.62	9.466E+1
214.99	-3.155E+1
215.37	-4.612E+1
215.74	7.524E+1
216.12	-5.583E+1
216.49	2.670E+1
216.87	-1.214E+1
217.24	4.854E+0
217.62	-8.253E+1
217.99	-1.019E+2
218.37	-3.398E+1
218.74	-4.369E+1
219.11	-7.282E+0
219.49	-3.641E+1
219.86	8.981E+1
220.24	6.068E+1
220.61	4.126E+1
220.99	4.854E+0
221.36	-1.942E+1
221.74	0.000E+0
222.11	-4.126E+1
222.49	-8.495E+1
222.86	7.524E+1
223.23	8.738E+1
223.61	8.253E+1
223.98	-5.340E+1
224.36	3.398E+1
224.73	-3.884E+1
225.11	9.709E+0
225.48	6.068E+1
225.85	7.282E+0
226.23	2.670E+1
226.60	3.884E+1
226.98	-4.854E+1
227.35	-1.699E+1
227.72	-7.282E+0
228.10	2.184E+1
228.47	-7.282E+1
228.84	-1.602E+2
229.22	2.427E+0
229.59	-8.010E+1
229.97	-2.427E+0
230.34	2.670E+1
230.71	5.583E+1
231.09	1.286E+2
231.46	-7.039E+1
231.83	3.155E+1
232.21	-3.155E+1
232.58	6.311E+1
232.95	1.456E+1
233.33	-3.398E+1
233.70	-5.097E+1
234.07	-8.495E+1
234.45	-9.952E+1
234.82	2.427E+0
235.19	-1.092E+2
235.57	-7.767E+1
235.94	4.126E+1
236.31	2.184E+1
236.69	3.155E+1
237.06	-9.466E+1
237.43	1.942E+1
237.80	-1.214E+1
238.18	1.699E+1
238.55	-4.854E+1
238.92	-4.369E+1
239.30	-2.427E+1
239.67	-4.369E+1
240.04	-2.427E+1
240.41	4.854E+0
240.79	-7.524E+1
241.16	7.524E+1
241.53	8.495E+1
241.90	3.155E+1
242.28	5.583E+1
242.65	3.641E+1
243.02	9.223E+1
243.39	8.738E+1
243.77	6.068E+1
244.14	-4.854E+1
244.51	-5.825E+1
244.88	6.554E+1
245.25	7.282E+1
245.63	5.097E+1
246.00	2.913E+1
246.37	-2.913E+1
246.74	1.942E+1
247.11	-5.097E+1
247.49	-7.282E+0
247.86	3.398E+1
248.23	1.942E+1
248.60	-4.854E+1
248.97	-8.495E+1
249.35	-6.554E+1
249.72	-2.670E+1
250.09	-1.553E+2
250.46	-5.825E+1
250.83	9.709E+0
251.20	8.495E+1
251.58	-1.699E+1
251.95	-7.282E+1
252.32	1.456E+1
252.69	9.709E+0
253.06	-3.398E+1
253.43	6.311E+1
253.80	4.612E+1
254.17	-7.282E+0
254.55	-4.854E+0
254.92	1.699E+1
255.29	2.427E+0
255.66	-6.068E+1
256.03	-1.505E+2
256.40	1.214E+1
256.77	-1.699E+1
257.14	-8.981E+1
257.51	5.583E+1
257.88	1.214E+1
258.26	2.184E+1
258.63	2.427E+0
259.00	-8.495E+1
259.37	-8.981E+1
259.74	5.097E+1
260.11	-1.456E+1
260.48	2.184E+1
260.85	-7.282E+0
261.22	3.884E+1
261.59	1.942E+1
261.96	7.524E+1
262.33	2.670E+1
262.70	-6.796E+1
263.07	-5.825E+1
263.44	8.253E+1
263.81	-7.282E+0
264.18	2.670E+1
264.55	0.000E+0
264.92	-2.913E+1
265.29	2.670E+1
265.66	-6.796E+1
266.03	1.942E+1
266.40	1.456E+1
266.77	4.854E+1
267.14	1.456E+2
267.51	1.942E+1
267.88	1.456E+1
268.25	6.554E+1
268.62	-4.854E+0
268.99	8.738E+1
269.36	-6.311E+1
269.73	-1.214E+1
270.10	4.369E+1
270.47	9.466E+1
270.84	-9.709E+0
271.21	2.670E+1
271.58	-6.068E+1
271.95	6.554E+1
272.32	-3.155E+1
272.69	-7.282E+1
273.06	2.670E+1
273.43	-9.709E+0
273.80	-5.825E+1
274.17	8.738E+1
274.53	4.126E+1
274.90	1.165E+2
275.27	-5.825E+1
275.64	-3.398E+1
276.01	-4.369E+1
276.38	-4.126E+1
276.75	1.019E+2
277.12	1.456E+1
277.49	-3.641E+1
277.86	-5.583E+1
278.22	2.427E+1
278.59	6.068E+1
278.96	1.699E+1
279.33	3.155E+1
279.70	2.427E+1
280.07	5.583E+1
280.44	8.253E+1
280.80	5.583E+1
281.17	-5.825E+1
281.54	1.699E+1
281.91	8.253E+1
282.28	-2.670E+1
282.65	3.155E+1
283.02	-6.796E+1
283.38	-3.884E+1
283.75	8.981E+1
284.12	-4.369E+1
284.49	-4.126E+1
284.86	-3.884E+1
285.22	-1.942E+1
285.59	8.253E+1
285.96	-1.699E+1
286.33	-3.884E+1
286.70	-6.311E+1
287.06	-1.602E+2
287.43	-1.481E+2
287.80	1.214E+1
288.17	1.456E+1
288.53	2.184E+1
288.90	-5.097E+1
289.27	7.524E+1
289.64	3.641E+1
290.01	-1.699E+1
290.37	5.097E+1
290.74	-1.456E+1
291.11	-4.854E+0
291.48	-8.010E+1
291.84	6.311E+1
292.21	-3.398E+1
292.58	1.214E+1
292.94	-1.699E+1
293.31	-4.854E+0
293.68	1.189E+2
294.05	6.068E+1
294.41	1.942E+1
294.78	7.767E+1
295.15	-3.155E+1
295.51	-4.612E+1
295.88	3.155E+1
296.25	-9.709E+0
296.61	-7.767E+1
296.98	1.214E+2
297.35	-4.126E+1
297.72	-2.913E+1
298.08	2.913E+1
298.45	9.709E+0
298.82	2.184E+1
299.18	-4.612E+1
299.55	-1.068E+2
299.91	2.913E+1
300.28	1.068E+2
300.65	-3.884E+1
301.01	1.481E+2
301.38	6.796E+1
301.75	4.854E+0
302.11	-8.253E+1
302.48	-1.019E+2
302.85	5.583E+1
303.21	2.427E+1
303.58	-1.699E+1
303.94	1.141E+2
304.31	-5.583E+1
304.68	-8.010E+1
305.04	-9.952E+1
305.41	8.010E+1
305.77	-4.854E+1
306.14	4.854E+0
306.51	-7.524E+1
306.87	-2.427E+0
307.24	-7.039E+1
307.60	-1.068E+2
307.97	3.641E+1
308.33	-9.466E+1
308.70	1.942E+1
309.07	-4.126E+1
309.43	-1.068E+2
309.80	4.854E+0
310.16	4.126E+1
310.53	8.253E+1
310.89	-2.184E+1
311.26	-4.854E+1
311.62	4.126E+1
311.99	-1.456E+1
312.35	7.282E+0
312.72	2.913E+1
313.08	-1.456E+1
313.45	2.427E+1
313.81	-2.184E+1
314.18	3.641E+1
314.54	3.884E+1
314.91	-3.155E+1
315.27	1.699E+1
315.64	-7.282E+0
316.00	-2.913E+1
316.37	-3.884E+1
316.73	1.942E+1
317.10	-3.398E+1
317.46	-2.670E+1
317.83	-1.456E+1
318.19	-1.214E+2
318.56	-2.427E+1
318.92	-2.670E+1
319.28	-2.184E+1
319.65	-1.699E+1
320.01	-5.097E+1
320.38	-1.699E+1
320.74	7.282E+0
321.11	-2.913E+1
321.47	-3.155E+1
321.83	7.039E+1
322.20	2.670E+1
322.56	-6.311E+1
322.93	-1.214E+2
323.29	-1.942E+1
323.66	-4.612E+1
324.02	1.432E+2
324.38	-1.238E+2
324.75	5.097E+1
325.11	-5.340E+1
325.47	2.670E+1
325.84	2.427E+1
326.20	-3.884E+1
326.57	-3.641E+1
326.93	-3.155E+1
327.29	7.039E+1
327.66	-1.699E+1
328.02	-7.767E+1
328.38	-3.398E+1
328.75	-3.398E+1
329.11	4.612E+1
329.47	-7.282E+1
329.84	-5.340E+1
330.20	4.612E+1
330.56	-2.427E+0
330.93	2.427E+0
331.29	7.282E+0
331.65	1.675E+2
332.02	1.699E+1
332.38	-6.554E+1
332.74	-1.456E+2
333.10	1.044E+2
333.47	4.369E+1
333.83	-4.126E+1
334.19	6.311E+1
334.56	1.456E+1
334.92	-5.583E+1
335.28	7.282E+0
335.64	3.884E+1
336.01	-1.699E+1
336.37	7.282E+0
336.73	7.282E+0
337.09	6.068E+1
337.46	-6.796E+1
337.82	-1.068E+2
338.18	-1.942E+1
338.54	-5.583E+1
338.91	-2.184E+1
339.27	-6.796E+1
339.63	6.311E+1
339.99	2.427E+1
340.36	2.427E+1
340.72	5.097E+1
341.08	-1.553E+2
341.44	4.612E+1
341.80	-3.155E+1
342.17	1.214E+1
342.53	-8.738E+1
342.89	-1.019E+2
343.25	-3.641E+1
343.61	1.456E+1
343.98	-6.311E+1
344.34	-4.854E+0
344.70	6.554E+1
345.06	-3.398E+1
345.42	9.466E+1
345.78	-8.010E+1
346.14	7.039E+1
346.51	2.427E+0
346.87	-2.427E+0
347.23	-2.913E+1
347.59	-6.068E+1
347.95	2.427E+0
348.31	1.456E+1
348.67	-3.155E+1
349.04	2.427E+1
349.40	2.427E+0
349.76	-1.942E+1
350.12	4.126E+1
350.48	-4.126E+1
350.84	-4.612E+1
351.20	-4.854E+1
351.56	-4.854E+0
351.92	-1.942E+1
352.28	6.068E+1
352.65	1.214E+1
353.01	-1.942E+1
353.37	4.612E+1
353.73	-4.854E+1
354.09	-2.670E+1
354.45	0.000E+0
354.81	0.000E+0
355.17	-4.612E+1
355.53	1.456E+1
355.89	-9.223E+1
356.25	-3.398E+1
356.61	-1.942E+1
356.97	4.612E+1
357.33	-2.427E+0
357.69	-6.554E+1
358.05	-1.214E+1
358.41	-1.456E+1
358.77	-6.068E+1
359.13	-7.524E+1
359.49	-5.583E+1
359.85	4.612E+1
360.21	3.155E+1
360.57	-2.427E+0
360.93	7.767E+1
361.29	-6.796E+1
361.65	-2.670E+1
362.01	7.039E+1
362.37	-4.612E+1
362.73	6.796E+1
363.09	9.223E+1
363.45	4.854E+0
363.81	3.398E+1
364.17	-2.427E+0
364.53	-1.117E+2
364.89	3.155E+1
365.25	5.097E+1
365.61	5.097E+1
365.97	-2.913E+1
366.33	4.126E+1
366.69	-5.825E+1
367.05	-4.854E+0
367.40	-1.286E+2
367.76	9.709E+0
368.12	6.311E+1
368.48	-7.282E+1
368.84	-7.524E+1
369.20	1.141E+2
369.56	-4.854E+0
369.92	1.699E+1
370.28	9.466E+1
370.63	6.068E+1
370.99	-6.554E+1
371.35	-1.044E+2
371.71	3.398E+1
372.07	-2.184E+1
372.43	6.796E+1
372.79	-3.155E+1
373.15	5.825E+1
373.50	-8.981E+1
373.86	-1.699E+1
374.22	3.884E+1
374.58	5.583E+1
374.94	3.398E+1
375.30	-1.117E+2
375.65	6.796E+1
376.01	-9.709E+0
376.37	6.068E+1
376.73	6.068E+1
377.09	3.641E+1
377.44	9.709E+1
377.80	1.456E+1
378.16	5.825E+1
378.52	4.612E+1
378.88	3.398E+1
379.23	7.282E+1
379.59	2.670E+1
379.95	1.942E+1
380.31	-1.214E+1
380.66	1.214E+1
381.02	8.981E+1
381.38	8.010E+1
381.74	4.369E+1
382.09	5.825E+1
382.45	9.223E+1
382.81	1.044E+2
383.17	4.854E+0
383.52	5.097E+1
383.88	7.282E+1
384.24	4.612E+1
384.60	1.141E+2
384.95	4.126E+1
385.31	2.184E+1
385.67	6.554E+1
386.02	4.612E+1
386.38	-5.097E+1
386.74	3.884E+1
387.10	5.340E+1
387.45	1.942E+2
387.81	1.408E+2
388.17	1.214E+1
388.52	1.796E+2
388.88	2.597E+2
389.24	1.651E+2
389.59	1.918E+2
389.95	2.888E+2
390.31	1.966E+2
390.66	3.034E+2
391.02	4.029E+2
391.38	2.354E+2
391.73	3.374E+2
392.09	3.908E+2
392.44	3.981E+2
392.80	4.587E+2
393.16	4.709E+2
393.51	4.903E+2
393.87	6.699E+2
394.23	6.651E+2
394.58	7.160E+2
394.94	7.694E+2
395.29	8.422E+2
395.65	9.272E+2
396.01	9.588E+2
396.36	1.112E+3
396.72	1.231E+3
397.07	1.289E+3
397.43	1.449E+3
397.78	1.816E+3
398.14	1.852E+3
398.50	1.888E+3
398.85	2.066E+3
399.21	2.335E+3
399.56	2.573E+3
399.92	2.750E+3
400.27	2.871E+3
400.63	3.024E+3
400.98	3.260E+3
401.34	3.529E+3
401.69	3.755E+3
402.05	4.155E+3
402.40	4.551E+3
402.76	4.823E+3
403.11	5.206E+3
403.47	5.570E+3
403.82	5.830E+3
404.18	6.226E+3
404.53	6.260E+3
404.89	6.918E+3
405.24	7.221E+3
405.60	7.473E+3
405.95	7.932E+3
406.31	8.464E+3
406.66	9.017E+3
407.02	9.473E+3
407.37	1.011E+4
407.73	1.052E+4
408.08	1.110E+4
408.44	1.116E+4
408.79	1.154E+4
409.14	1.214E+4
409.50	1.218E+4
409.85	1.278E+4
410.21	1.297E+4
410.56	1.327E+4
410.92	1.337E+4
411.27	1.414E+4
411.62	1.443E+4
411.98	1.474E+4
412.33	1.524E+4
412.69	1.521E+4
413.04	1.539E+4
413.39	1.485E+4
413.75	1.472E+4
414.10	1.439E+4
414.45	1.382E+4
414.81	1.365E+4
415.16	1.322E+4
415.52	1.280E+4
415.87	1.267E+4
416.22	1.204E+4
416.58	1.136E+4
416.93	1.118E+4
417.28	1.070E+4
417.64	1.031E+4
417.99	9.753E+3
418.34	8.944E+3
418.70	8.374E+3
419.05	7.789E+3
419.40	7.080E+3
419.76	6.682E+3
420.11	6.253E+3
420.46	5.716E+3
420.81	5.296E+3
421.17	4.840E+3
421.52	4.422E+3
421.87	4.413E+3
422.23	4.209E+3
422.58	3.794E+3
422.93	3.502E+3
423.28	3.410E+3
423.64	3.192E+3
423.99	2.920E+3
424.34	2.769E+3
424.69	2.704E+3
425.05	2.284E+3
425.40	2.313E+3
425.75	2.228E+3
426.10	2.112E+3
426.46	1.939E+3
426.81	1.760E+3
427.16	1.660E+3
427.51	1.648E+3
427.87	1.692E+3
428.22	1.524E+3
428.57	1.502E+3
428.92	1.267E+3
429.27	1.177E+3
429.63	1.146E+3
429.98	1.136E+3
430.33	1.032E+3
430.68	9.927E+2
431.03	8.568E+2
431.38	7.573E+2
431.74	7.476E+2
432.09	7.039E+2
432.44	6.432E+2
432.79	6.845E+2
433.14	5.340E+2
433.49	5.243E+2
433.85	4.393E+2
434.20	4.272E+2
434.55	4.345E+2
434.90	4.320E+2
435.25	4.223E+2
435.60	4.612E+2
435.95	3.204E+2
436.30	3.398E+2
436.66	2.937E+2
437.01	3.180E+2
437.36	3.277E+2
437.71	3.835E+2
438.06	3.641E+2
438.41	3.325E+2
438.76	2.549E+2
439.11	2.840E+2
439.46	1.481E+2
439.81	2.063E+2
440.16	1.869E+2
440.52	2.282E+2
440.87	2.282E+2
441.22	2.451E+2
441.57	1.141E+2
441.92	1.748E+2
442.27	1.918E+2
442.62	1.286E+2
442.97	2.184E+2
443.32	1.918E+2
443.67	1.602E+2
444.02	4.369E+1
444.37	8.981E+1
444.72	1.384E+2
445.07	8.495E+1
445.42	2.184E+1
445.77	1.238E+2
446.12	8.738E+1
446.47	1.481E+2
446.82	1.189E+2
447.17	6.796E+1
447.52	1.699E+2
447.87	4.854E+1
448.22	4.612E+1
448.57	4.126E+1
448.92	1.262E+2
449.27	1.214E+1
449.62	6.311E+1
449.97	0.000E+0
450.32	1.262E+2
450.66	1.505E+2
451.01	9.223E+1
451.36	1.529E+2
451.71	9.709E+1
452.06	-1.456E+1
452.41	8.495E+1
452.76	9.466E+1
453.11	-9.709E+1
453.46	4.369E+1
453.81	1.214E+1
454.16	4.369E+1
454.51	1.456E+1
454.85	1.651E+2
455.20	7.039E+1
455.55	1.214E+1
455.90	-4.126E+1
456.25	1.214E+1
456.60	-1.942E+1
456.95	-9.709E+0
457.30	8.495E+1
457.64	1.942E+1
457.99	8.495E+1
458.34	5.825E+1
458.69	5.340E+1
459.04	4.126E+1
459.39	-2.427E+1
459.73	3.884E+1
460.08	1.942E+1
460.43	-7.282E+0
460.78	4.369E+1
461.13	-9.466E+1
461.48	-4.369E+1
461.82	1.019E+2
462.17	2.913E+1
462.52	-7.039E+1
462.87	-5.583E+1
463.21	7.282E+0
463.56	2.184E+1
463.91	1.311E+2
464.26	-8.495E+1
464.61	-4.612E+1
464.95	4.854E+1
465.30	-1.942E+1
465.65	7.039E+1
466.00	7.039E+1
466.34	1.019E+2
466.69	-3.884E+1
467.04	4.854E+0
467.39	-6.311E+1
467.73	5.097E+1
468.08	5.583E+1
468.43	5.340E+1
468.77	-2.670E+1
469.12	-4.126E+1
469.47	4.854E+1
469.82	5.097E+1
470.16	3.155E+1
470.51	2.184E+1
470.86	2.670E+1
471.20	2.427E+1
471.55	-4.612E+1
471.90	-6.311E+1
472.24	-7.767E+1
472.59	6.311E+1
472.94	-9.952E+1
473.28	-5.825E+1
473.63	7.282E+0
473.98	-3.398E+1
474.32	5.583E+1
474.67	5.097E+1
475.02	-1.942E+1
475.36	-5.097E+1
475.71	1.044E+2
476.06	7.767E+1
476.40	1.117E+2
476.75	-6.796E+1
477.09	-1.456E+1
477.44	9.709E+0
477.79	3.398E+1
478.13	-1.189E+2
478.48	7.282E+1
478.82	-3.155E+1
479.17	1.359E+2
479.52	-7.282E+0
479.86	1.456E+1
480.21	5.583E+1
480.55	-4.612E+1
480.90	-4.854E+1
481.24	-8.495E+1
481.59	1.286E+2
481.94	-2.427E+0
482.28	3.398E+1
482.63	4.369E+1
482.97	-6.796E+1
483.32	0.000E+0
483.66	3.884E+1
484.01	-4.126E+1
484.35	-3.155E+1
484.70	2.427E+1
485.04	6.311E+1
485.39	1.214E+2
485.73	2.427E+0
486.08	4.854E+0
486.42	-7.524E+1
486.77	7.282E+0
487.11	9.466E+1
487.46	2.427E+0
487.80	7.524E+1
488.15	4.854E+0
488.49	3.398E+1
488.84	4.369E+1
489.18	1.942E+1
489.53	1.699E+1
489.87	-2.184E+1
490.21	2.670E+1
490.56	-2.427E+0
490.90	4.854E+0
491.25	1.456E+1
491.59	-2.427E+0
491.94	-1.699E+1
492.28	-5.340E+1
492.62	8.495E+1
492.97	-1.699E+1
493.31	1.699E+1
493.66	-2.913E+1
494.00	-9.952E+1
494.34	2.427E+1
494.69	-7.282E+0
495.03	7.767E+1
495.38	-4.369E+1
495.72	-5.097E+1
496.06	-1.214E+1
496.41	-5.583E+1
496.75	4.369E+1
497.09	3.155E+1
497.44	-8.495E+1
497.78	-6.068E+1
498.13	-1.942E+1
498.47	7.282E+0
498.81	-1.699E+1
499.16	6.311E+1
499.50	1.214E+1
499.84	-4.854E+1
500.19	2.427E+1
500.53	1.456E+1
500.87	-6.554E+1
501.21	-2.670E+1
501.56	-2.913E+1
501.90	-9.466E+1
502.24	-3.155E+1
502.59	6.554E+1
502.93	-1.942E+1
503.27	3.884E+1
503.61	-5.097E+1
503.96	1.214E+1
504.30	-5.097E+1
504.64	7.767E+1
504.99	-9.709E+0
505.33	6.554E+1
505.67	2.427E+0
506.01	2.913E+1
506.36	3.398E+1
506.70	4.369E+1
507.04	7.282E+1
507.38	-1.699E+1
507.72	2.913E+1
508.07	-7.524E+1
508.41	-3.641E+1
508.75	8.981E+1
509.09	-4.369E+1
509.44	-7.767E+1
509.78	1.456E+1
510.12	-8.495E+1
510.46	-5.097E+1
510.80	3.155E+1
511.14	-4.854E+1
511.49	-3.155E+1
511.83	2.184E+1
512.17	-1.699E+1
512.51	-1.699E+1
512.85	2.913E+1
513.19	1.044E+2
513.54	3.884E+1
513.88	-7.282E+0
514.22	-5.583E+1
514.56	4.854E+0
514.90	7.282E+0
515.24	-4.854E+0
515.58	3.641E+1
515.93	4.369E+1
516.27	2.427E+0
516.61	-4.126E+1
516.95	1.214E+1
517.29	6.554E+1
517.63	1.699E+1
517.97	-8.010E+1
518.31	-2.427E+0
518.65	1.214E+1
518.99	-6.796E+1
519.33	4.369E+1
519.67	1.214E+1
520.02	-1.456E+2
520.36	3.155E+1
520.70	-7.767E+1
521.04	7.282E+0
521.38	2.184E+1
521.72	-2.427E+1
522.06	1.456E+1
522.40	2.913E+1
522.74	6.068E+1
523.08	-6.068E+1
523.42	-2.184E+1
523.76	1.189E+2
524.10	5.825E+1
524.44	3.155E+1
524.78	6.311E+1
525.12	-6.311E+1
525.46	9.709E+0
525.80	-9.709E+0
526.14	-8.253E+1
526.48	7.524E+1
526.82	9.466E+1
527.16	9.709E+0
527.50	9.709E+0
527.84	7.039E+1
528.18	-7.039E+1
528.52	8.981E+1
528.86	-4.854E+0
529.20	7.282E+1
529.54	1.214E+1
529.87	8.495E+1
530.21	8.495E+1
530.55	2.184E+1
530.89	8.010E+1
531.23	-4.369E+1
531.57	5.583E+1
531.91	-4.854E+1
532.25	-8.981E+1
532.59	-7.282E+1
532.93	2.670E+1
533.27	4.369E+1
533.60	-1.262E+2
533.94	-3.641E+1
534.28	-2.184E+1
534.62	-3.398E+1
534.96	-1.699E+1
535.30	-6.796E+1
535.64	-4.126E+1
535.98	-8.010E+1
536.31	6.068E+1
536.65	4.612E+1
536.99	7.282E+1
537.33	-3.155E+1
537.67	7.282E+0
538.01	-2.427E+1
538.34	-3.398E+1
538.68	7.524E+1
539.02	6.311E+1
539.36	3.641E+1
539.70	-4.126E+1
540.03	-2.427E+0
540.37	4.126E+1
540.71	-6.554E+1
541.05	4.854E+0
541.39	-4.369E+1
541.72	7.039E+1
542.06	4.854E+0
542.40	3.884E+1
542.74	6.068E+1
543.07	9.952E+1
543.41	9.709E+0
543.75	4.612E+1
544.09	4.854E+0
544.42	-8.010E+1
544.76	-4.854E+1
545.10	-1.456E+1
545.44	-2.913E+1
545.77	-3.641E+1
546.11	2.913E+1
546.45	-3.884E+1
546.78	1.214E+1
547.12	-1.456E+1
547.46	2.184E+1
547.80	-9.709E+0
548.13	2.913E+1
548.47	-1.699E+1
548.81	2.670E+1
549.14	-2.913E+1
549.48	0.000E+0
549.82	1.456E+1
550.15	1.456E+1
550.49	-1.699E+1
550.83	-8.738E+1
551.16	-6.311E+1
551.50	9.952E+1
551.84	4.126E+1
552.17	2.427E+0
552.51	-3.884E+1
552.84	-8.010E+1
553.18	9.466E+1
553.52	-3.398E+1
553.85	5.825E+1
554.19	5.825E+1
554.53	8.253E+1
554.86	3.641E+1
555.20	3.641E+1
555.53	-1.214E+2
555.87	0.000E+0
556.20	7.039E+1
556.54	3.884E+1
556.88	2.670E+1
557.21	7.039E+1
557.55	-2.427E+1
557.88	-8.010E+1
558.22	-4.854E+0
558.55	2.913E+1
558.89	-9.709E+0
559.23	-6.068E+1
559.56	-9.952E+1
559.90	-1.699E+1
560.23	7.767E+1
560.57	-5.340E+1
560.90	-2.427E+1
561.24	-1.044E+2
561.57	1.699E+1
561.91	9.709E+0
562.24	2.427E+0
562.58	-4.126E+1
562.91	4.854E+1
563.25	4.612E+1
563.58	-6.796E+1
563.92	-2.427E+1
564.25	5.583E+1
564.59	8.253E+1
564.92	1.456E+1
565.25	-5.340E+1
565.59	7.039E+1
565.92	2.427E+1
566.26	3.641E+1
566.59	5.583E+1
566.93	-5.583E+1
567.26	-6.554E+1
567.60	2.427E+0
567.93	-2.670E+1
568.26	4.126E+1
568.60	4.612E+1
568.93	-1.699E+1
569.27	-2.427E+1
569.60	-7.767E+1
569.93	-1.942E+1
570.27	-9.709E+0
570.60	-6.796E+1
570.94	2.427E+0
571.27	4.854E+0
571.60	5.825E+1
571.94	7.282E+1
572.27	7.767E+1
572.60	-1.214E+1
572.94	8.981E+1
573.27	1.456E+2
573.60	6.554E+1
573.94	8.738E+1
574.27	7.282E+0
574.60	-5.825E+1
574.94	8.253E+1
575.27	-7.282E+1
575.60	4.854E+0
575.94	-2.913E+1
576.27	5.825E+1
576.60	9.952E+1
576.94	1.141E+2
577.27	-1.699E+1
577.60	4.854E+0
577.94	-1.262E+2
578.27	-7.282E+0
578.60	1.456E+1
578.93	6.796E+1
579.27	-2.184E+1
579.60	-4.854E+0
579.93	2.670E+1
580.26	1.699E+1
580.60	3.884E+1
580.93	-1.311E+2
581.26	-5.097E+1
581.59	-3.155E+1
581.93	2.427E+0
582.26	-4.854E+0
582.59	8.495E+1
582.92	-5.340E+1
583.25	8.253E+1
583.59	2.427E+1
583.92	-8.495E+1
584.25	2.427E+0
584.58	-1.699E+1
584.91	5.583E+1
585.25	-9.466E+1
585.58	-4.854E+0
585.91	4.854E+1
586.24	-1.068E+2
586.57	-3.398E+1
586.90	0.000E+0
587.24	-3.641E+1
587.57	7.282E+1
587.90	-4.854E+0
588.23	-1.189E+2
588.56	4.369E+1
588.89	-7.282E+0
589.22	-5.583E+1
589.56	-3.155E+1
589.89	-1.456E+1
590.22	8.495E+1
590.55	1.068E+2
590.88	2.670E+1
591.21	-8.981E+1
591.54	-1.699E+1
591.87	1.214E+1
592.20	-6.796E+1
592.53	-3.884E+1
592.87	-7.524E+1
593.20	-9.466E+1
593.53	-5.583E+1
593.86	0.000E+0
594.19	-1.942E+1
594.52	-6.554E+1
594.85	-4.854E+1
595.18	4.854E+0
595.51	-1.456E+1
595.84	-2.913E+1
596.17	-4.126E+1
596.50	1.456E+1
596.83	-8.010E+1
597.16	-4.612E+1
597.49	1.942E+1
597.82	5.583E+1
598.15	-3.155E+1
598.48	-3.884E+1
598.81	2.427E+0
599.14	-4.369E+1
599.47	-8.495E+1
599.80	1.214E+1
600.13	-7.767E+1
600.46	2.670E+1
600.79	1.214E+1
601.12	4.612E+1
601.45	7.282E+0
601.78	3.398E+1
602.11	-1.942E+1
602.44	-5.340E+1
602.77	-1.214E+1
603.10	-9.709E+0
603.42	3.155E+1
603.75	5.825E+1
604.08	5.583E+1
604.41	-1.068E+2
604.74	-2.427E+1
605.07	1.117E+2
605.40	-2.913E+1
605.73	-5.825E+1
606.06	-1.942E+2
606.39	1.214E+1
606.71	-2.670E+1
607.04	6.796E+1
607.37	7.282E+1
607.70	-4.369E+1
608.03	-8.253E+1
608.36	1.699E+1
608.69	-9.709E+0
609.02	1.214E+1
609.34	9.466E+1
609.67	-8.010E+1
610.00	8.495E+1
610.33	3.884E+1
610.66	-1.699E+1
610.98	1.699E+1
611.31	-1.699E+1
611.64	-4.126E+1
611.97	-5.340E+1
612.30	-5.097E+1
612.63	8.738E+1
612.95	8.253E+1
613.28	-4.854E+0
613.61	-3.155E+1
613.94	2.670E+1
614.26	1.942E+1
614.59	-1.189E+2
614.92	6.554E+1
615.25	4.854E+0
615.57	5.097E+1
615.90	-5.340E+1
616.23	5.097E+1
616.56	7.767E+1
616.88	7.282E+0
617.21	0.000E+0
617.54	-3.641E+1
617.87	-7.767E+1
618.19	-2.427E+1
618.52	-2.184E+1
618.85	-1.456E+1
619.17	7.282E+0
619.50	5.340E+1
619.83	3.641E+1
620.15	-3.884E+1
620.48	-7.282E+0
620.81	-3.155E+1
621.14	1.214E+1
621.46	-3.398E+1
621.79	1.456E+1
622.11	-8.253E+1
622.44	3.398E+1
622.77	1.456E+1
623.09	-2.670E+1
623.42	-4.612E+1
623.75	-7.282E+0
624.07	4.126E+1
624.40	-2.427E+0
624.73	4.126E+1
625.05	6.068E+1
625.38	-3.398E+1
625.70	-1.456E+1
626.03	-2.427E+1
626.36	1.044E+2
626.68	-3.641E+1
627.01	4.126E+1
627.33	-7.282E+0
627.66	1.699E+1
627.99	-7.767E+1
628.31	-3.155E+1
628.64	2.184E+1
628.96	-8.981E+1
629.29	-7.282E+0
629.61	-1.359E+2
629.94	-4.854E+1
630.26	1.214E+1
630.59	-1.214E+1
630.91	2.670E+1
631.24	-1.456E+1
631.57	1.456E+1
631.89	5.340E+1
632.22	-4.854E+0
632.54	-1.238E+2
632.87	1.699E+1
633.19	3.155E+1
633.52	4.126E+1
633.84	-6.068E+1
634.16	2.184E+1
634.49	-3.398E+1
634.81	-2.913E+1
635.14	-2.670E+1
635.46	5.340E+1
635.79	-7.767E+1
636.11	-5.097E+1
636.44	4.854E+0
636.76	-8.010E+1
637.09	1.214E+1
637.41	-5.340E+1
637.73	-3.641E+1
638.06	6.068E+1
638.38	-4.612E+1
638.71	4.126E+1
639.03	-2.427E+0
639.36	-6.796E+1
639.68	2.670E+1
640.00	-2.427E+0
640.33	-6.554E+1
640.65	-6.796E+1
640.97	4.854E+1
641.30	-2.913E+1
641.62	-3.155E+1
641.95	2.427E+0
642.27	1.019E+2
642.59	-4.854E+1
642.92	-1.068E+2
643.24	-1.942E+1
643.56	8.738E+1
643.89	-3.641E+1
644.21	2.913E+1
644.53	9.709E+0
644.86	-1.456E+1
645.18	-5.825E+1
645.50	2.427E+0
645.83	1.456E+1
646.15	5.340E+1
646.47	-7.282E+0
646.80	-4.369E+1
647.12	-1.117E+2
647.44	5.097E+1
647.76	-3.155E+1
648.09	-3.155E+1
648.41	-2.670E+1
648.73	-2.184E+1
649.05	-3.641E+1
649.38	-6.311E+1
649.70	7.282E+0
650.02	-1.699E+1
650.34	-6.311E+1
650.67	2.913E+1
650.99	-2.670E+1
651.31	2.913E+1
651.63	-2.913E+1
651.96	-7.039E+1
652.28	7.767E+1
652.60	7.282E+0
652.92	-5.825E+1
653.24	-4.369E+1
653.57	-1.408E+2
653.89	2.913E+1
654.21	8.738E+1
654.53	6.796E+1
654.85	-7.282E+0
655.18	-5.097E+1
655.50	-3.884E+1
655.82	-8.738E+1
656.14	4.854E+0
656.46	1.214E+1
656.78	0.000E+0
657.10	4.854E+1
657.43	-2.913E+1
657.75	-4.126E+1
658.07	1.456E+1
658.39	1.456E+1
658.71	9.709E+1
659.03	-5.340E+1
659.35	2.913E+1
659.67	-7.282E+0
659.99	-1.141E+2
660.32	-1.019E+2
660.64	-1.214E+1
660.96	-1.942E+1
661.28	2.427E+1
661.60	4.854E+0
661.92	-3.155E+1
662.24	6.068E+1
662.56	0.000E+0
662.88	2.184E+1
663.20	-6.554E+1
663.52	-2.670E+1
663.84	-9.709E+0
664.16	-4.854E+0
664.48	-1.214E+1
664.80	6.554E+1
665.12	4.854E+0
665.44	4.854E+0
665.76	2.427E+0
666.08	-9.709E+0
666.40	3.398E+1
666.72	-4.126E+1
667.04	-1.214E+1
667.36	-9.223E+1
667.68	-9.223E+1
668.00	-5.583E+1
668.32	-9.709E+0
668.64	2.670E+1
668.96	-2.427E+0
669.28	8.981E+1
669.60	-2.427E+1
669.92	1.942E+1
670.24	-8.253E+1
670.56	-1.238E+2
670.88	-7.282E+0
671.20	-5.097E+1
671.52	2.913E+1
671.84	3.641E+1
672.16	-5.825E+1
672.47	-8.010E+1
672.79	1.942E+1
673.11	4.854E+0
673.43	-9.709E+1
673.75	-1.262E+2
674.07	1.214E+1
674.39	-3.884E+1
674.71	-9.466E+1
675.03	-7.282E+1
675.34	-8.253E+1
675.66	-3.641E+1
675.98	3.398E+1
676.30	-1.699E+1
676.62	-2.427E+0
676.94	-5.583E+1
677.25	6.068E+1
677.57	3.155E+1
677.89	-4.126E+1
678.21	4.612E+1
678.53	1.699E+1
678.85	-3.398E+1
679.16	-7.282E+0
679.48	1.214E+1
679.80	6.068E+1
680.12	9.223E+1
680.44	7.524E+1
680.75	-3.884E+1
681.07	2.670E+1
681.39	9.709E+0
681.71	3.641E+1
682.02	2.670E+1
682.34	-4.854E+0
682.66	2.913E+1
682.98	4.854E+1
683.29	-3.155E+1
683.61	-6.796E+1
683.93	-5.097E+1
684.25	8.253E+1
684.56	9.709E+0
684.88	2.913E+1
685.20	-1.311E+2
685.51	-4.854E+0
685.83	3.155E+1
686.15	7.282E+1
686.47	4.854E+0
686.78	5.583E+1
687.10	1.214E+1
687.42	-1.068E+2
687.73	-2.670E+1
688.05	-1.092E+2
688.37	8.010E+1
688.68	-2.427E+0
689.00	3.884E+1
689.32	5.340E+1
689.63	-2.427E+0
689.95	4.612E+1
690.26	-5.097E+1
690.58	3.884E+1
690.90	-5.097E+1
691.21	-6.068E+1
691.53	-8.738E+1
691.85	-7.282E+0
692.16	-9.709E+0
692.48	-1.117E+2
692.79	6.554E+1
693.11	-9.709E+0
693.42	-7.767E+1
693.74	-9.223E+1
694.06	-1.214E+1
694.37	7.282E+1
694.69	-3.398E+1
695.00	-7.767E+1
695.32	-4.126E+1
695.63	5.340E+1
695.95	-6.068E+1
696.26	-8.010E+1
696.58	9.709E+0
696.90	-1.286E+2
697.21	-7.282E+0
697.53	-1.699E+1
697.84	-6.796E+1
698.16	0.000E+0
698.47	1.068E+2
698.79	-5.825E+1
699.10	1.214E+1
699.42	2.427E+1
699.73	2.913E+1
700.05	-6.796E+1
700.36	-2.427E+1
700.68	-2.670E+1
700.99	-4.126E+1
701.30	2.427E+1
701.62	-6.796E+1
701.93	3.155E+1
702.25	-1.092E+2
702.56	9.709E+0
702.88	-4.612E+1
703.19	4.369E+1
703.50	6.311E+1
703.82	-4.369E+1
704.13	1.942E+1
704.45	-1.238E+2
704.76	-1.214E+1
705.08	-7.282E+0
705.39	2.670E+1
705.70	5.825E+1
706.02	-7.524E+1
706.33	-8.253E+1
706.64	2.913E+1
706.96	4.612E+1
707.27	-8.738E+1
707.59	-2.184E+1
707.90	-9.466E+1
708.21	8.738E+1
708.53	-2.670E+1
708.84	2.913E+1
709.15	-5.097E+1
709.47	9.709E+0
709.78	4.854E+0
710.09	-1.214E+1
710.41	-3.398E+1
710.72	1.214E+1
711.03	3.398E+1
711.34	-9.952E+1
711.66	5.583E+1
711.97	-3.155E+1
712.28	4.854E+1
712.60	7.039E+1
712.91	1.456E+1
713.22	1.214E+1
713.53	5.825E+1
713.85	1.068E+2
714.16	-1.505E+2
714.47	-8.010E+1
714.78	-8.253E+1
715.10	9.709E+0
715.41	1.942E+1
715.72	-3.155E+1
716.03	1.432E+2
716.35	4.126E+1
716.66	4.369E+1
716.97	9.709E+0
717.28	-5.340E+1
717.59	-1.699E+1
717.91	2.184E+1
718.22	-7.282E+0
718.53	-9.223E+1
718.84	-3.641E+1
719.15	-1.699E+1
719.46	1.456E+1
719.78	1.699E+1
720.09	-1.214E+1
720.40	6.554E+1
720.71	5.340E+1
721.02	-3.155E+1
721.33	6.068E+1
721.65	-5.340E+1
721.96	4.854E+0
722.27	9.952E+1
722.58	-2.670E+1
722.89	-2.184E+1
723.20	-8.010E+1
723.51	-5.583E+1
723.82	-1.092E+2
724.13	-1.214E+1
724.45	9.466E+1
724.76	6.068E+1
725.07	2.670E+1
725.38	5.583E+1
725.69	-4.369E+1
726.00	-1.456E+1
726.31	-1.942E+1
726.62	-1.942E+1
726.93	-7.767E+1
727.24	3.155E+1
727.55	6.068E+1
727.86	4.854E+0
728.17	-3.398E+1
728.48	-9.709E+0
728.79	-5.583E+1
729.10	5.825E+1
729.41	4.126E+1
729.72	-4.612E+1
730.03	4.854E+1
730.34	6.796E+1
730.65	9.709E+0
730.96	-1.456E+1
731.27	3.398E+1
731.58	-2.427E+1
731.89	2.913E+1
732.20	-9.709E+0
732.51	2.184E+1
732.82	7.282E+0
733.13	-2.184E+1
733.44	3.398E+1
733.75	3.398E+1
734.06	-7.282E+0
734.37	-3.155E+1
734.68	1.456E+1
734.98	-8.981E+1
735.29	6.554E+1
735.60	1.214E+1
735.91	7.282E+1
736.22	4.612E+1
736.53	2.913E+1
736.84	3.884E+1
737.15	4.126E+1
737.46	-3.641E+1
737.77	3.398E+1
738.07	-1.456E+1
738.38	-2.427E+1
738.69	-7.282E+1
739.00	-8.253E+1
739.31	-2.184E+1
739.62	1.335E+2
739.92	-3.155E+1
740.23	6.554E+1
740.54	3.155E+1
740.85	4.369E+1
741.16	6.068E+1
741.47	2.913E+1
741.77	-4.369E+1
742.08	-2.913E+1
742.39	8.495E+1
742.70	-5.583E+1
743.01	-3.884E+1
743.31	2.427E+0
743.62	4.854E+0
743.93	2.913E+1
744.24	2.427E+0
744.54	-2.427E+1
744.85	-2.427E+0
745.16	4.612E+1
745.47	-3.884E+1
745.77	6.796E+1
746.08	-8.495E+1
746.39	-9.952E+1
746.70	-4.612E+1
747.00	-1.942E+1
747.31	7.282E+1
747.62	-1.699E+1
747.92	-7.282E+1
748.23	-1.699E+1
748.54	-9.709E+0
748.84	-3.641E+1
749.15	-2.427E+0
749.46	3.641E+1
749.76	-5.825E+1
750.07	-5.340E+1
750.38	4.126E+1
750.68	-9.709E+0
750.99	-6.311E+1
751.30	-3.884E+1
751.60	2.184E+1
751.91	9.223E+1
752.22	-1.117E+2
752.52	-1.092E+2
752.83	8.738E+1
753.14	7.039E+1
753.44	6.068E+1
753.75	2.184E+1
754.05	6.068E+1
754.36	1.553E+2
754.67	-8.253E+1
754.97	-1.214E+1
755.28	9.952E+1
755.58	1.699E+1
755.89	-3.884E+1
756.19	7.524E+1
756.50	2.427E+0
756.81	-7.282E+0
757.11	9.709E+0
757.42	-7.767E+1
757.72	-6.796E+1
758.03	2.427E+0
758.33	8.495E+1
758.64	2.913E+1
758.94	4.854E+0
759.25	-3.884E+1
759.55	4.369E+1
759.86	3.641E+1
760.16	-1.942E+1
760.47	-1.481E+2
760.77	4.854E+0
761.08	2.427E+0
761.38	-1.214E+1
761.69	3.884E+1
761.99	-5.583E+1
762.30	9.952E+1
762.60	2.184E+1
762.91	6.311E+1
763.21	-4.369E+1
763.51	1.141E+2
763.82	-4.612E+1
764.12	3.641E+1
764.43	8.495E+1
764.73	-5.097E+1
765.04	4.126E+1
765.34	-9.709E+0
765.64	-8.981E+1
765.95	-1.699E+1
766.25	-1.456E+1
766.56	-6.554E+1
766.86	0.000E+0
767.16	7.282E+0
767.47	-2.427E+0
767.77	3.641E+1
768.07	1.456E+1
768.38	5.340E+1
768.68	-2.913E+1
768.98	2.427E+1
769.29	-2.427E+0
769.59	-4.126E+1
769.89	-3.155E+1
770.20	-3.884E+1
770.50	-6.068E+1
770.80	-1.699E+1
771.11	-4.854E+1
771.41	-9.709E+0
771.71	3.884E+1
772.02	1.335E+2
772.32	-2.427E+1
772.62	9.709E+0
772.93	-4.369E+1
773.23	-1.456E+1
773.53	8.010E+1
773.83	-6.554E+1
774.14	1.942E+1
774.44	4.612E+1
774.74	1.044E+2
775.04	1.869E+2
775.35	4.612E+1
775.65	-9.709E+0
775.95	-1.238E+2
776.25	-2.184E+1
776.55	4.126E+1
776.86	-1.044E+2
777.16	1.456E+1
777.46	2.913E+1
777.76	4.854E+1
778.06	4.126E+1
778.37	-5.097E+1
778.67	7.524E+1
778.97	4.369E+1
779.27	4.854E+1
779.57	-1.699E+1
779.88	9.709E+0
780.18	-7.282E+0
780.48	6.554E+1
780.78	-1.456E+1
781.08	-9.709E+1
781.38	1.942E+1
781.68	-5.097E+1
781.98	2.913E+1
782.29	3.155E+1
782.59	2.427E+1
782.89	7.282E+1
783.19	-4.126E+1
783.49	-1.456E+1
783.79	-4.126E+1
784.09	7.282E+0
784.39	-5.097E+1
784.69	3.155E+1
784.99	-8.495E+1
785.30	1.214E+1
785.60	-1.214E+1
785.90	-6.554E+1
786.20	-3.398E+1
786.50	8.253E+1
786.80	8.495E+1
787.10	7.767E+1
787.40	6.311E+1
787.70	-5.097E+1
788.00	-8.495E+1
788.30	-5.097E+1
788.60	0.000E+0
788.90	-8.010E+1
789.20	-2.427E+0
789.50	-4.854E+0
789.80	-2.913E+1
790.10	3.884E+1
790.40	3.641E+1
790.70	2.913E+1
791.00	-1.286E+2
791.30	-4.369E+1
791.60	2.427E+1
791.90	-6.796E+1
792.20	0.000E+0
792.50	0.000E+0
792.79	-8.010E+1
793.09	-2.427E+0
793.39	-4.854E+0
793.69	4.854E+0
793.99	3.884E+1
794.29	4.854E+1
794.59	-9.952E+1
794.89	1.092E+2
795.19	-3.641E+1
795.49	-4.369E+1
795.79	3.884E+1
796.08	1.505E+2
796.38	-7.524E+1
796.68	-5.097E+1
796.98	-2.427E+0
797.28	-4.854E+1
797.58	-7.039E+1
797.88	3.155E+1
798.17	-3.398E+1
798.47	-1.335E+2
798.77	1.117E+2
799.07	5.340E+1
799.37	-5.583E+1
799.67	-2.670E+1
799.96	-6.311E+1
800.26	-1.092E+2
800.56	7.039E+1
800.86	3.398E+1
801.16	-3.155E+1
801.45	7.524E+1
801.75	8.010E+1
802.05	-6.554E+1
802.35	-1.432E+2
802.64	-4.126E+1
802.94	-1.092E+2
803.24	3.641E+1
803.54	7.039E+1
803.83	7.282E+0
804.13	-1.942E+1
804.43	-1.942E+1
804.73	4.854E+0
805.02	-5.825E+1
805.32	5.097E+1
805.62	-7.767E+1
805.91	-9.709E+0
806.21	1.214E+1
806.51	-1.942E+1
806.81	-7.282E+1
807.10	-9.709E+0
807.40	-3.884E+1
807.70	0.000E+0
807.99	1.068E+2
808.29	-8.010E+1
808.59	-5.825E+1
808.88	9.709E+0
809.18	-2.427E+1
809.47	-5.340E+1
809.77	-7.282E+1
810.07	6.796E+1
810.36	-2.427E+1
810.66	1.699E+1
810.96	-8.010E+1
811.25	-2.427E+0
811.55	1.165E+2
811.84	7.282E+0
812.14	-2.427E+1
812.44	-1.068E+2
812.73	8.738E+1
813.03	9.709E+0
813.32	-5.340E+1
813.62	2.184E+1
813.91	-7.767E+1
814.21	-4.854E+0
814.51	-4.854E+1
814.80	-4.126E+1
815.10	-9.709E+0
815.39	-2.913E+1
815.69	7.039E+1
815.98	-3.398E+1
816.28	1.456E+1
816.57	-1.456E+1
816.87	0.000E+0
817.16	6.068E+1
817.46	-7.282E+0
817.75	2.670E+1
818.05	4.126E+1
818.34	3.884E+1
818.64	2.670E+1
818.93	-2.913E+1
819.23	3.641E+1
819.52	1.456E+1
819.82	-4.369E+1
820.11	-9.466E+1
820.40	2.913E+1
820.70	2.913E+1
820.99	-1.481E+2
821.29	5.583E+1
821.58	-5.340E+1
821.88	-9.709E+0
822.17	8.253E+1
822.46	-1.456E+1
822.76	2.427E+1
823.05	1.286E+2
823.35	-4.854E+0
823.64	-7.282E+0
823.93	9.952E+1
824.23	4.126E+1
824.52	4.369E+1
824.81	4.126E+1
825.11	9.709E+0
825.40	6.068E+1
825.69	5.583E+1
825.99	-6.068E+1
826.28	-1.456E+1
826.58	-2.913E+1
826.87	4.854E+0
827.16	-1.117E+2
827.45	4.854E+1
827.75	7.282E+0
828.04	-1.019E+2
828.33	-4.612E+1
828.63	-6.554E+1
828.92	-1.942E+1
829.21	8.253E+1
829.51	-2.184E+1
829.80	2.913E+1
830.09	2.427E+0
830.38	5.340E+1
830.68	-2.427E+0
830.97	-1.044E+2
831.26	2.427E+1
831.55	3.155E+1
831.85	-3.641E+1
832.14	4.854E+1
832.43	-2.427E+0
832.72	-1.699E+1
833.01	-8.495E+1
833.31	4.612E+1
833.60	1.942E+1
833.89	1.942E+1
834.18	2.670E+1
834.47	2.913E+1
834.77	7.282E+0
835.06	4.369E+1
835.35	3.398E+1
835.64	-3.155E+1
835.93	-4.854E+1
836.22	-2.913E+1
836.52	1.699E+1
836.81	2.670E+1
837.10	-1.214E+1
837.39	9.709E+0
837.68	-1.748E+2
837.97	4.369E+1
838.26	-3.884E+1
838.55	-4.854E+0
838.85	2.427E+1
839.14	7.767E+1
839.43	6.554E+1
839.72	2.427E+1
840.01	-4.612E+1
840.30	-7.524E+1
840.59	2.913E+1
840.88	-7.767E+1
841.17	2.670E+1
841.46	-4.612E+1
841.75	-4.369E+1
842.04	-4.854E+0
842.33	6.311E+1
842.62	-3.398E+1
842.91	1.456E+1
843.21	-7.282E+0
843.50	-9.466E+1
843.79	-5.097E+1
844.08	7.282E+0
844.37	3.155E+1
844.66	-9.709E+1
844.95	4.369E+1
845.24	2.913E+1
845.53	-9.709E+1
845.81	6.068E+1
846.10	9.709E+0
846.39	-1.699E+1
846.68	8.738E+1
846.97	-4.854E+0
847.26	-6.554E+1
847.55	4.854E+1
847.84	2.184E+1
848.13	6.311E+1
848.42	-6.068E+1
848.71	2.427E+0
849.00	9.709E+0
849.29	0.000E+0
849.58	-3.641E+1
849.87	2.184E+1
850.15	3.641E+1
850.44	3.884E+1
850.73	-6.311E+1
851.02	6.554E+1
851.31	3.155E+1
851.60	5.097E+1
851.89	4.854E+1
852.18	-1.214E+1
852.46	0.000E+0
852.75	1.189E+2
853.04	5.583E+1
853.33	-4.369E+1
853.62	3.884E+1
853.91	-4.854E+1
854.19	-7.524E+1
854.48	3.641E+1
854.77	5.097E+1
855.06	6.311E+1
855.35	-1.456E+1
855.63	-8.010E+1
855.92	2.913E+1
856.21	7.524E+1
856.50	2.670E+1
856.79	3.641E+1
857.07	4.126E+1
857.36	5.340E+1
857.65	1.335E+2
857.94	-1.699E+1
858.22	-6.068E+1
858.51	2.427E+1
858.80	4.612E+1
859.08	3.155E+1
859.37	-2.427E+1
859.66	-4.369E+1
859.95	-2.670E+1
860.23	-1.189E+2
860.52	-6.068E+1
860.81	-1.214E+1
861.09	2.184E+1
861.38	-5.583E+1
861.67	1.699E+1
861.95	0.000E+0
862.24	1.456E+1
862.53	-1.214E+1
862.81	-5.825E+1
863.10	6.554E+1
863.39	4.854E+0
863.67	-4.126E+1
863.96	-1.068E+2
864.25	-4.854E+1
864.53	-2.184E+1
864.82	2.427E+0
865.10	-5.340E+1
865.39	-2.427E+1
865.68	6.796E+1
865.96	-3.155E+1
866.25	-1.165E+2
866.53	-1.165E+2
866.82	-1.165E+2