Wavelength	Intensity	Ocean Optics Flame
nm	counts
187.89	2.184E+1
188.27	3.398E+1
188.64	3.884E+1
189.02	-2.913E+1
189.40	3.398E+1
189.78	0.000E+0
190.15	-6.068E+1
190.53	4.854E+0
190.91	3.398E+1
191.29	-5.583E+1
191.66	5.825E+1
192.04	-4.854E+0
192.42	-1.214E+1
192.80	-8.981E+1
193.17	-7.282E+0
193.55	4.854E+0
193.93	5.097E+1
194.30	3.155E+1
194.68	2.427E+0
195.06	2.427E+0
195.44	2.670E+1
195.81	-2.913E+1
196.19	1.141E+2
196.57	3.155E+1
196.94	1.942E+1
197.32	7.039E+1
197.70	0.000E+0
198.07	1.068E+2
198.45	-5.097E+1
198.83	-2.913E+1
199.20	1.311E+2
199.58	3.398E+1
199.96	4.369E+1
200.33	-2.913E+1
200.71	1.262E+2
201.09	2.184E+1
201.46	3.155E+1
201.84	-4.612E+1
202.22	4.369E+1
202.59	-4.854E+1
202.97	4.612E+1
203.34	-1.942E+1
203.72	2.913E+1
204.10	3.641E+1
204.47	9.709E+0
204.85	-4.854E+1
205.23	9.709E+1
205.60	-2.913E+1
205.98	-3.641E+1
206.35	7.767E+1
206.73	-2.913E+1
207.11	9.709E+0
207.48	4.854E+0
207.86	-1.699E+1
208.23	6.311E+1
208.61	4.369E+1
208.98	7.282E+1
209.36	-8.981E+1
209.74	-8.010E+1
210.11	-2.427E+0
210.49	-8.010E+1
210.86	8.981E+1
211.24	-5.825E+1
211.61	2.427E+1
211.99	-9.709E+0
212.36	-1.456E+1
212.74	4.854E+1
213.11	1.068E+2
213.49	2.184E+1
213.87	9.709E+0
214.24	-2.184E+1
214.62	4.854E+1
214.99	3.884E+1
215.37	-4.126E+1
215.74	-5.340E+1
216.12	5.583E+1
216.49	-1.456E+1
216.87	9.709E+0
217.24	-7.282E+0
217.62	-3.155E+1
217.99	-7.282E+0
218.37	-2.427E+0
218.74	5.825E+1
219.11	9.709E+0
219.49	2.427E+0
219.86	-1.699E+1
220.24	9.466E+1
220.61	-1.214E+2
220.99	3.398E+1
221.36	-6.796E+1
221.74	-4.612E+1
222.11	9.709E+0
222.49	7.282E+0
222.86	-2.184E+1
223.23	3.884E+1
223.61	9.709E+1
223.98	1.456E+1
224.36	5.583E+1
224.73	2.427E+0
225.11	6.311E+1
225.48	-4.369E+1
225.85	6.068E+1
226.23	-2.427E+0
226.60	3.398E+1
226.98	9.466E+1
227.35	7.282E+0
227.72	-4.854E+0
228.10	-7.282E+0
228.47	1.384E+2
228.84	-2.427E+0
229.22	-7.282E+0
229.59	2.184E+1
229.97	-2.427E+0
230.34	-4.854E+0
230.71	2.427E+0
231.09	1.456E+1
231.46	-1.942E+1
231.83	-2.184E+1
232.21	-7.282E+0
232.58	6.554E+1
232.95	2.184E+1
233.33	-3.884E+1
233.70	-1.238E+2
234.07	7.767E+1
234.45	6.068E+1
234.82	-1.942E+1
235.19	5.340E+1
235.57	-1.942E+1
235.94	-9.709E+0
236.31	4.854E+1
236.69	5.340E+1
237.06	4.126E+1
237.43	-4.854E+0
237.80	1.942E+1
238.18	2.913E+1
238.55	-2.427E+0
238.92	4.854E+0
239.30	-2.670E+1
239.67	-8.253E+1
240.04	-2.913E+1
240.41	5.583E+1
240.79	2.184E+1
241.16	3.398E+1
241.53	3.155E+1
241.90	1.456E+1
242.28	2.184E+1
242.65	-3.641E+1
243.02	8.010E+1
243.39	1.456E+1
243.77	9.952E+1
244.14	-9.709E+0
244.51	-1.214E+2
244.88	-4.854E+0
245.25	3.155E+1
245.63	-4.854E+0
246.00	-2.427E+1
246.37	-7.524E+1
246.74	1.141E+2
247.11	-2.427E+1
247.49	9.952E+1
247.86	3.641E+1
248.23	5.340E+1
248.60	-2.427E+1
248.97	8.981E+1
249.35	1.456E+1
249.72	6.311E+1
250.09	-2.427E+0
250.46	5.583E+1
250.83	2.913E+1
251.20	-9.952E+1
251.58	-2.427E+0
251.95	4.854E+1
252.32	1.214E+1
252.69	0.000E+0
253.06	9.466E+1
253.43	6.068E+1
253.80	3.884E+1
254.17	3.884E+1
254.55	9.709E+0
254.92	2.427E+0
255.29	9.709E+0
255.66	1.942E+1
256.03	2.913E+1
256.40	-6.796E+1
256.77	-1.214E+1
257.14	1.165E+2
257.51	1.553E+2
257.88	-9.709E+0
258.26	3.884E+1
258.63	1.699E+1
259.00	3.398E+1
259.37	-4.369E+1
259.74	-9.709E+0
260.11	1.262E+2
260.48	2.427E+1
260.85	2.184E+1
261.22	2.670E+1
261.59	5.825E+1
261.96	-9.709E+0
262.33	7.524E+1
262.70	-2.670E+1
263.07	8.495E+1
263.44	-1.942E+1
263.81	1.165E+2
264.18	5.097E+1
264.55	-7.767E+1
264.92	-3.155E+1
265.29	-2.913E+1
265.66	7.767E+1
266.03	-4.126E+1
266.40	5.825E+1
266.77	4.126E+1
267.14	4.854E+0
267.51	-4.369E+1
267.88	1.699E+1
268.25	3.398E+1
268.62	2.913E+1
268.99	6.068E+1
269.36	-3.155E+1
269.73	-3.398E+1
270.10	-3.641E+1
270.47	-6.796E+1
270.84	1.214E+1
271.21	5.583E+1
271.58	-7.282E+0
271.95	-7.282E+0
272.32	8.738E+1
272.69	-1.942E+1
273.06	-3.155E+1
273.43	2.670E+1
273.80	2.913E+1
274.17	0.000E+0
274.53	3.884E+1
274.90	7.039E+1
275.27	1.214E+1
275.64	-1.456E+1
276.01	0.000E+0
276.38	3.884E+1
276.75	6.311E+1
277.12	4.369E+1
277.49	8.981E+1
277.86	-8.253E+1
278.22	1.262E+2
278.59	8.495E+1
278.96	-2.184E+1
279.33	1.068E+2
279.70	8.981E+1
280.07	-9.709E+0
280.44	1.384E+2
280.80	-5.097E+1
281.17	1.456E+1
281.54	7.039E+1
281.91	5.825E+1
282.28	-2.184E+1
282.65	4.126E+1
283.02	2.184E+1
283.38	-2.670E+1
283.75	-6.311E+1
284.12	8.495E+1
284.49	-1.699E+1
284.86	-2.913E+1
285.22	-2.427E+1
285.59	5.097E+1
285.96	-4.854E+1
286.33	3.398E+1
286.70	-4.854E+0
287.06	5.583E+1
287.43	2.913E+1
287.80	1.068E+2
288.17	-2.427E+0
288.53	5.583E+1
288.90	5.825E+1
289.27	1.019E+2
289.64	4.854E+1
290.01	-6.554E+1
290.37	2.427E+0
290.74	9.709E+0
291.11	-1.384E+2
291.48	3.398E+1
291.84	1.214E+1
292.21	3.884E+1
292.58	1.942E+1
292.94	-1.505E+2
293.31	-1.384E+2
293.68	-2.913E+1
294.05	6.796E+1
294.41	9.709E+0
294.78	9.466E+1
295.15	3.641E+1
295.51	4.369E+1
295.88	-1.456E+1
296.25	-3.398E+1
296.61	-7.524E+1
296.98	-9.709E+0
297.35	-3.641E+1
297.72	4.612E+1
298.08	5.583E+1
298.45	1.699E+1
298.82	9.709E+0
299.18	-7.282E+1
299.55	-7.039E+1
299.91	2.184E+1
300.28	-8.495E+1
300.65	2.427E+1
301.01	1.141E+2
301.38	-5.583E+1
301.75	4.854E+1
302.11	-8.253E+1
302.48	1.214E+1
302.85	-1.214E+1
303.21	-9.466E+1
303.58	5.340E+1
303.94	-1.481E+2
304.31	-2.427E+0
304.68	5.097E+1
305.04	-1.456E+1
305.41	-7.282E+0
305.77	-6.796E+1
306.14	-2.184E+1
306.51	-4.369E+1
306.87	4.612E+1
307.24	7.039E+1
307.60	8.738E+1
307.97	2.184E+1
308.33	-1.092E+2
308.70	-1.699E+1
309.07	-4.854E+0
309.43	4.369E+1
309.80	5.340E+1
310.16	-5.097E+1
310.53	-7.767E+1
310.89	1.699E+1
311.26	-1.044E+2
311.62	-1.214E+1
311.99	-3.398E+1
312.35	4.369E+1
312.72	4.612E+1
313.08	-2.184E+1
313.45	6.796E+1
313.81	3.641E+1
314.18	-4.126E+1
314.54	2.670E+1
314.91	-7.282E+0
315.27	3.398E+1
315.64	8.253E+1
316.00	1.456E+1
316.37	-5.340E+1
316.73	-5.583E+1
317.10	2.670E+1
317.46	3.641E+1
317.83	-2.184E+1
318.19	-2.670E+1
318.56	-4.854E+0
318.92	-4.612E+1
319.28	1.408E+2
319.65	-2.184E+1
320.01	4.612E+1
320.38	-5.097E+1
320.74	-9.223E+1
321.11	1.699E+1
321.47	6.311E+1
321.83	2.427E+1
322.20	9.223E+1
322.56	4.126E+1
322.93	4.854E+0
323.29	6.068E+1
323.66	1.214E+1
324.02	1.699E+1
324.38	2.913E+1
324.75	2.670E+1
325.11	-3.641E+1
325.47	2.427E+0
325.84	-2.427E+1
326.20	9.709E+0
326.57	7.282E+0
326.93	-5.340E+1
327.29	7.282E+0
327.66	-3.155E+1
328.02	5.825E+1
328.38	6.068E+1
328.75	1.335E+2
329.11	1.262E+2
329.47	-3.155E+1
329.84	9.709E+1
330.20	1.699E+1
330.56	5.097E+1
330.93	9.709E+0
331.29	-4.612E+1
331.65	7.282E+1
332.02	-6.554E+1
332.38	-5.583E+1
332.74	-9.709E+0
333.10	-3.884E+1
333.47	5.097E+1
333.83	3.155E+1
334.19	3.641E+1
334.56	7.767E+1
334.92	-1.942E+1
335.28	-1.699E+1
335.64	9.709E+1
336.01	1.117E+2
336.37	4.854E+0
336.73	-5.825E+1
337.09	-1.942E+1
337.46	5.825E+1
337.82	-3.155E+1
338.18	3.641E+1
338.54	-4.854E+1
338.91	-6.796E+1
339.27	5.340E+1
339.63	-2.670E+1
339.99	-2.427E+0
340.36	-4.369E+1
340.72	5.340E+1
341.08	7.282E+0
341.44	9.709E+1
341.80	1.238E+2
342.17	-9.466E+1
342.53	-2.184E+1
342.89	-7.282E+0
343.25	-8.738E+1
343.61	2.913E+1
343.98	1.117E+2
344.34	4.612E+1
344.70	-9.709E+0
345.06	6.311E+1
345.42	-2.427E+1
345.78	3.641E+1
346.14	-7.524E+1
346.51	-4.854E+1
346.87	6.068E+1
347.23	-5.583E+1
347.59	2.670E+1
347.95	1.092E+2
348.31	2.913E+1
348.67	3.641E+1
349.04	2.913E+1
349.40	1.456E+1
349.76	-7.282E+0
350.12	6.311E+1
350.48	7.524E+1
350.84	6.796E+1
351.20	9.466E+1
351.56	7.039E+1
351.92	5.097E+1
352.28	2.427E+0
352.65	-9.709E+0
353.01	3.884E+1
353.37	-2.184E+1
353.73	4.612E+1
354.09	1.699E+1
354.45	3.398E+1
354.81	1.068E+2
355.17	4.369E+1
355.53	-2.427E+0
355.89	9.709E+0
356.25	1.141E+2
356.61	3.398E+1
356.97	-5.583E+1
357.33	4.369E+1
357.69	-1.942E+1
358.05	8.253E+1
358.41	4.612E+1
358.77	6.554E+1
359.13	-7.282E+0
359.49	7.767E+1
359.85	-2.184E+1
360.21	8.253E+1
360.57	1.432E+2
360.93	1.044E+2
361.29	1.602E+2
361.65	-6.554E+1
362.01	4.126E+1
362.37	1.238E+2
362.73	6.068E+1
363.09	1.238E+2
363.45	5.583E+1
363.81	7.767E+1
364.17	6.554E+1
364.53	8.495E+1
364.89	7.039E+1
365.25	1.092E+2
365.61	1.019E+2
365.97	1.238E+2
366.33	8.981E+1
366.69	6.068E+1
367.05	1.238E+2
367.40	1.578E+2
367.76	1.165E+2
368.12	2.500E+2
368.48	1.675E+2
368.84	5.825E+1
369.20	1.651E+2
369.56	1.456E+2
369.92	2.427E+1
370.28	7.039E+1
370.63	2.233E+2
370.99	7.282E+1
371.35	1.651E+2
371.71	1.723E+2
372.07	1.165E+2
372.43	1.068E+2
372.79	2.670E+1
373.15	1.262E+2
373.50	1.384E+2
373.86	1.019E+2
374.22	7.767E+1
374.58	1.044E+2
374.94	6.796E+1
375.30	1.893E+2
375.65	1.384E+2
376.01	1.359E+2
376.37	1.408E+2
376.73	2.913E+2
377.09	2.597E+2
377.44	2.597E+2
377.80	2.670E+2
378.16	2.257E+2
378.52	2.427E+2
378.88	2.136E+2
379.23	3.617E+2
379.59	2.500E+2
379.95	3.252E+2
380.31	4.563E+2
380.66	3.884E+2
381.02	4.757E+2
381.38	4.879E+2
381.74	5.558E+2
382.09	7.185E+2
382.45	5.922E+2
382.81	7.913E+2
383.17	7.816E+2
383.52	8.592E+2
383.88	1.087E+3
384.24	1.039E+3
384.60	1.158E+3
384.95	1.434E+3
385.31	1.580E+3
385.67	1.684E+3
386.02	1.922E+3
386.38	1.954E+3
386.74	2.248E+3
387.10	2.631E+3
387.45	2.769E+3
387.81	3.102E+3
388.17	3.517E+3
388.52	3.765E+3
388.88	4.277E+3
389.24	4.449E+3
389.59	5.022E+3
389.95	5.388E+3
390.31	6.056E+3
390.66	6.532E+3
391.02	7.044E+3
391.38	7.966E+3
391.73	8.869E+3
392.09	9.772E+3
392.44	1.050E+4
392.80	1.153E+4
393.16	1.219E+4
393.51	1.322E+4
393.87	1.381E+4
394.23	1.477E+4
394.58	1.583E+4
394.94	1.743E+4
395.29	1.875E+4
395.65	1.998E+4
396.01	2.162E+4
396.36	2.302E+4
396.72	2.476E+4
397.07	2.635E+4
397.43	2.792E+4
397.78	2.881E+4
398.14	3.011E+4
398.50	3.181E+4
398.85	3.363E+4
399.21	3.500E+4
399.56	3.823E+4
399.92	4.053E+4
400.27	4.229E+4
400.63	4.408E+4
400.98	4.611E+4
401.34	4.753E+4
401.69	4.941E+4
402.05	5.005E+4
402.40	5.069E+4
402.76	5.240E+4
403.11	5.384E+4
403.47	5.543E+4
403.82	5.557E+4
404.18	5.698E+4
404.53	5.744E+4
404.89	5.932E+4
405.24	5.851E+4
405.60	5.865E+4
405.95	5.879E+4
406.31	5.869E+4
406.66	5.811E+4
407.02	5.709E+4
407.37	5.677E+4
407.73	5.578E+4
408.08	5.510E+4
408.44	5.394E+4
408.79	5.224E+4
409.14	5.140E+4
409.50	4.927E+4
409.85	4.676E+4
410.21	4.408E+4
410.56	4.174E+4
410.92	3.872E+4
411.27	3.572E+4
411.62	3.365E+4
411.98	3.060E+4
412.33	2.826E+4
412.69	2.644E+4
413.04	2.441E+4
413.39	2.267E+4
413.75	2.061E+4
414.10	1.929E+4
414.45	1.813E+4
414.81	1.657E+4
415.16	1.550E+4
415.52	1.430E+4
415.87	1.357E+4
416.22	1.227E+4
416.58	1.143E+4
416.93	1.079E+4
417.28	1.006E+4
417.64	9.425E+3
417.99	9.257E+3
418.34	8.568E+3
418.70	8.323E+3
419.05	7.738E+3
419.40	7.595E+3
419.76	7.328E+3
420.11	6.692E+3
420.46	6.379E+3
420.81	6.136E+3
421.17	5.801E+3
421.52	5.313E+3
421.87	5.078E+3
422.23	4.825E+3
422.58	4.558E+3
422.93	4.221E+3
423.28	4.068E+3
423.64	3.903E+3
423.99	3.607E+3
424.34	3.396E+3
424.69	3.223E+3
425.05	3.058E+3
425.40	2.830E+3
425.75	2.842E+3
426.10	2.401E+3
426.46	2.617E+3
426.81	2.238E+3
427.16	2.192E+3
427.51	2.112E+3
427.87	1.934E+3
428.22	1.930E+3
428.57	1.847E+3
428.92	1.638E+3
429.27	1.726E+3
429.63	1.563E+3
429.98	1.519E+3
430.33	1.507E+3
430.68	1.595E+3
431.03	1.437E+3
431.38	1.374E+3
431.74	1.367E+3
432.09	1.333E+3
432.44	1.223E+3
432.79	1.199E+3
433.14	1.177E+3
433.49	1.032E+3
433.85	1.177E+3
434.20	1.126E+3
434.55	1.095E+3
434.90	1.058E+3
435.25	1.019E+3
435.60	8.568E+2
435.95	7.913E+2
436.30	8.422E+2
436.66	9.175E+2
437.01	7.476E+2
437.36	7.403E+2
437.71	7.112E+2
438.06	7.039E+2
438.41	7.403E+2
438.76	6.942E+2
439.11	7.549E+2
439.46	6.359E+2
439.81	6.189E+2
440.16	6.456E+2
440.52	3.665E+2
440.87	5.971E+2
441.22	5.364E+2
441.57	4.782E+2
441.92	5.073E+2
442.27	5.680E+2
442.62	5.024E+2
442.97	4.854E+2
443.32	4.272E+2
443.67	4.903E+2
444.02	4.345E+2
444.37	3.859E+2
444.72	2.282E+2
445.07	3.252E+2
445.42	3.568E+2
445.77	2.864E+2
446.12	3.738E+2
446.47	3.617E+2
446.82	3.714E+2
447.17	4.636E+2
447.52	2.694E+2
447.87	3.519E+2
448.22	3.325E+2
448.57	3.471E+2
448.92	2.888E+2
449.27	2.718E+2
449.62	2.451E+2
449.97	2.985E+2
450.32	2.670E+2
450.66	1.675E+2
451.01	3.447E+2
451.36	1.578E+2
451.71	1.820E+2
452.06	2.257E+2
452.41	1.651E+2
452.76	1.481E+2
453.11	2.476E+2
453.46	1.456E+2
453.81	6.796E+1
454.16	1.651E+2
454.51	1.820E+2
454.85	1.432E+2
455.20	1.214E+2
455.55	1.651E+2
455.90	2.330E+2
456.25	1.942E+2
456.60	1.651E+2
456.95	7.524E+1
457.30	1.019E+2
457.64	1.553E+2
457.99	2.087E+2
458.34	1.796E+2
458.69	2.015E+2
459.04	1.238E+2
459.39	1.942E+1
459.73	2.646E+2
460.08	1.432E+2
460.43	1.311E+2
460.78	1.578E+2
461.13	1.845E+2
461.48	1.529E+2
461.82	9.223E+1
462.17	2.427E+0
462.52	1.384E+2
462.87	6.311E+1
463.21	2.670E+1
463.56	1.092E+2
463.91	9.223E+1
464.26	4.854E+1
464.61	3.155E+1
464.95	4.369E+1
465.30	-9.709E+0
465.65	4.612E+1
466.00	0.000E+0
466.34	1.044E+2
466.69	6.554E+1
467.04	8.253E+1
467.39	-4.854E+0
467.73	8.253E+1
468.08	1.214E+2
468.43	5.825E+1
468.77	1.699E+1
469.12	1.092E+2
469.47	1.238E+2
469.82	-7.282E+0
470.16	6.311E+1
470.51	1.165E+2
470.86	2.136E+2
471.20	7.767E+1
471.55	1.748E+2
471.90	-3.641E+1
472.24	6.311E+1
472.59	-9.709E+0
472.94	8.738E+1
473.28	1.214E+2
473.63	1.408E+2
473.98	-2.670E+1
474.32	9.709E+1
474.67	4.369E+1
475.02	2.184E+1
475.36	4.612E+1
475.71	2.913E+1
476.06	1.408E+2
476.40	1.335E+2
476.75	9.952E+1
477.09	1.335E+2
477.44	6.796E+1
477.79	-1.214E+1
478.13	8.981E+1
478.48	-2.427E+0
478.82	7.282E+1
479.17	0.000E+0
479.52	6.554E+1
479.86	1.602E+2
480.21	6.796E+1
480.55	9.952E+1
480.90	5.825E+1
481.24	6.311E+1
481.59	8.981E+1
481.94	2.427E+1
482.28	1.262E+2
482.63	-3.398E+1
482.97	6.554E+1
483.32	-4.369E+1
483.66	4.612E+1
484.01	-3.884E+1
484.35	3.641E+1
484.70	4.126E+1
485.04	-5.583E+1
485.39	1.942E+1
485.73	-3.884E+1
486.08	1.214E+1
486.42	8.010E+1
486.77	-4.612E+1
487.11	3.884E+1
487.46	8.738E+1
487.80	-2.913E+1
488.15	5.825E+1
488.49	-7.282E+1
488.84	1.019E+2
489.18	0.000E+0
489.53	1.019E+2
489.87	1.117E+2
490.21	2.184E+1
490.56	3.155E+1
490.90	2.427E+1
491.25	4.612E+1
491.59	7.282E+0
491.94	-3.641E+1
492.28	-5.340E+1
492.62	-7.282E+0
492.97	-1.699E+1
493.31	1.699E+1
493.66	9.223E+1
494.00	3.641E+1
494.34	9.466E+1
494.69	3.155E+1
495.03	7.524E+1
495.38	5.583E+1
495.72	-9.709E+0
496.06	5.340E+1
496.41	-4.854E+0
496.75	9.709E+1
497.09	1.942E+1
497.44	7.767E+1
497.78	8.981E+1
498.13	1.092E+2
498.47	2.913E+1
498.81	9.709E+1
499.16	4.369E+1
499.50	4.612E+1
499.84	-2.670E+1
500.19	3.884E+1
500.53	1.214E+2
500.87	1.214E+1
501.21	1.214E+1
501.56	8.253E+1
501.90	4.369E+1
502.24	-6.554E+1
502.59	8.738E+1
502.93	0.000E+0
503.27	5.583E+1
503.61	7.524E+1
503.96	9.466E+1
504.30	9.709E+0
504.64	-1.456E+1
504.99	4.854E+0
505.33	8.495E+1
505.67	-2.427E+0
506.01	1.942E+1
506.36	7.282E+0
506.70	7.282E+0
507.04	1.286E+2
507.38	-4.126E+1
507.72	9.223E+1
508.07	-2.184E+1
508.41	-5.825E+1
508.75	-1.214E+1
509.09	-4.854E+1
509.44	8.010E+1
509.78	-4.854E+0
510.12	3.398E+1
510.46	2.427E+1
510.80	4.854E+0
511.14	1.529E+2
511.49	2.670E+1
511.83	9.466E+1
512.17	-2.670E+1
512.51	1.384E+2
512.85	8.495E+1
513.19	-2.670E+1
513.54	4.854E+0
513.88	1.942E+1
514.22	-1.117E+2
514.56	-1.699E+1
514.90	7.282E+1
515.24	-3.155E+1
515.58	6.311E+1
515.93	4.612E+1
516.27	7.282E+0
516.61	3.155E+1
516.95	1.214E+1
517.29	4.612E+1
517.63	1.408E+2
517.97	4.126E+1
518.31	2.913E+1
518.65	7.039E+1
518.99	2.670E+1
519.33	2.184E+1
519.67	4.369E+1
520.02	7.282E+1
520.36	3.398E+1
520.70	0.000E+0
521.04	-1.214E+1
521.38	-1.214E+1
521.72	5.097E+1
522.06	1.044E+2
522.40	2.427E+1
522.74	-3.155E+1
523.08	2.670E+1
523.42	4.612E+1
523.76	1.068E+2
524.10	3.641E+1
524.44	2.427E+1
524.78	-9.709E+0
525.12	1.214E+1
525.46	-5.340E+1
525.80	3.155E+1
526.14	5.097E+1
526.48	-6.796E+1
526.82	4.612E+1
527.16	1.044E+2
527.50	3.155E+1
527.84	9.952E+1
528.18	-4.369E+1
528.52	-7.282E+0
528.86	-2.427E+0
529.20	-2.670E+1
529.54	3.398E+1
529.87	2.670E+1
530.21	1.214E+2
530.55	9.709E+0
530.89	3.641E+1
531.23	-4.126E+1
531.57	2.427E+1
531.91	-1.699E+1
532.25	1.942E+1
532.59	9.709E+1
532.93	-2.913E+1
533.27	-4.612E+1
533.60	-1.942E+1
533.94	2.427E+1
534.28	-9.709E+0
534.62	-9.709E+0
534.96	8.495E+1
535.30	4.369E+1
535.64	3.155E+1
535.98	6.311E+1
536.31	-1.942E+1
536.65	7.524E+1
536.99	3.155E+1
537.33	-1.942E+1
537.67	3.641E+1
538.01	3.398E+1
538.34	-5.825E+1
538.68	1.092E+2
539.02	2.427E+1
539.36	7.767E+1
539.70	9.466E+1
540.03	2.427E+1
540.37	4.612E+1
540.71	4.126E+1
541.05	1.942E+1
541.39	5.340E+1
541.72	-3.155E+1
542.06	1.942E+1
542.40	4.126E+1
542.74	4.854E+0
543.07	4.612E+1
543.41	-6.068E+1
543.75	-8.253E+1
544.09	-2.913E+1
544.42	-4.612E+1
544.76	5.825E+1
545.10	6.796E+1
545.44	3.155E+1
545.77	-4.854E+1
546.11	7.282E+1
546.45	6.796E+1
546.78	3.884E+1
547.12	1.408E+2
547.46	3.884E+1
547.80	1.384E+2
548.13	8.253E+1
548.47	4.369E+1
548.81	7.282E+0
549.14	4.854E+1
549.48	-2.913E+1
549.82	-1.699E+1
550.15	8.495E+1
550.49	-7.282E+0
550.83	6.796E+1
551.16	7.767E+1
551.50	7.039E+1
551.84	1.942E+1
552.17	3.398E+1
552.51	8.738E+1
552.84	8.738E+1
553.18	5.825E+1
553.52	4.369E+1
553.85	-2.670E+1
554.19	4.854E+1
554.53	-1.942E+1
554.86	6.796E+1
555.20	6.554E+1
555.53	1.942E+1
555.87	4.854E+0
556.20	-4.854E+0
556.54	2.427E+1
556.88	3.398E+1
557.21	-7.767E+1
557.55	1.214E+1
557.88	9.952E+1
558.22	1.432E+2
558.55	5.583E+1
558.89	5.825E+1
559.23	8.738E+1
559.56	3.398E+1
559.90	7.524E+1
560.23	-9.709E+1
560.57	-6.311E+1
560.90	4.854E+0
561.24	-2.670E+1
561.57	-2.913E+1
561.91	2.427E+1
562.24	7.282E+0
562.58	-2.670E+1
562.91	2.913E+1
563.25	-3.398E+1
563.58	-7.282E+0
563.92	1.456E+1
564.25	1.942E+1
564.59	2.427E+1
564.92	5.097E+1
565.25	-7.524E+1
565.59	4.126E+1
565.92	1.942E+1
566.26	2.184E+1
566.59	-1.214E+1
566.93	1.675E+2
567.26	6.554E+1
567.60	-7.767E+1
567.93	6.796E+1
568.26	6.554E+1
568.60	-4.126E+1
568.93	-3.398E+1
569.27	-9.709E+0
569.60	9.709E+1
569.93	1.092E+2
570.27	5.340E+1
570.60	2.670E+1
570.94	5.340E+1
571.27	3.398E+1
571.60	-1.456E+1
571.94	4.126E+1
572.27	3.155E+1
572.60	3.641E+1
572.94	6.068E+1
573.27	2.670E+1
573.60	-1.456E+1
573.94	4.854E+1
574.27	-2.184E+1
574.60	3.884E+1
574.94	2.184E+1
575.27	3.641E+1
575.60	-2.427E+1
575.94	1.092E+2
576.27	1.214E+2
576.60	-1.699E+1
576.94	-1.699E+1
577.27	-6.554E+1
577.60	-4.369E+1
577.94	4.126E+1
578.27	-7.282E+0
578.60	-2.913E+1
578.93	-3.641E+1
579.27	2.184E+1
579.60	6.068E+1
579.93	1.214E+1
580.26	1.942E+1
580.60	4.369E+1
580.93	4.612E+1
581.26	6.554E+1
581.59	1.165E+2
581.93	-3.398E+1
582.26	-5.097E+1
582.59	-2.913E+1
582.92	1.019E+2
583.25	8.253E+1
583.59	8.981E+1
583.92	4.126E+1
584.25	-5.825E+1
584.58	7.524E+1
584.91	8.981E+1
585.25	4.854E+0
585.58	4.854E+1
585.91	2.427E+1
586.24	-4.369E+1
586.57	1.165E+2
586.90	-2.427E+0
587.24	-1.942E+1
587.57	7.039E+1
587.90	-1.214E+1
588.23	0.000E+0
588.56	7.282E+0
588.89	1.117E+2
589.22	1.384E+2
589.56	3.398E+1
589.89	-2.913E+1
590.22	-9.709E+0
590.55	6.554E+1
590.88	-5.583E+1
591.21	-2.184E+1
591.54	6.311E+1
591.87	0.000E+0
592.20	-9.709E+0
592.53	7.282E+1
592.87	-7.039E+1
593.20	6.554E+1
593.53	3.884E+1
593.86	8.738E+1
594.19	1.214E+1
594.52	-2.427E+1
594.85	-1.699E+1
595.18	-2.427E+1
595.51	4.854E+1
595.84	7.282E+1
596.17	5.097E+1
596.50	-2.427E+0
596.83	2.670E+1
597.16	4.369E+1
597.49	4.126E+1
597.82	2.670E+1
598.15	1.189E+2
598.48	-3.155E+1
598.81	4.612E+1
599.14	-2.184E+1
599.47	3.641E+1
599.80	-2.913E+1
600.13	8.981E+1
600.46	8.495E+1
600.79	8.253E+1
601.12	6.554E+1
601.45	-3.398E+1
601.78	1.456E+1
602.11	-7.282E+0
602.44	6.068E+1
602.77	3.398E+1
603.10	-1.214E+1
603.42	6.068E+1
603.75	-7.524E+1
604.08	-4.612E+1
604.41	-5.097E+1
604.74	-1.942E+1
605.07	5.825E+1
605.40	-4.126E+1
605.73	-9.709E+0
606.06	2.913E+1
606.39	-5.825E+1
606.71	1.942E+1
607.04	-2.427E+0
607.37	0.000E+0
607.70	-1.942E+1
608.03	4.369E+1
608.36	8.738E+1
608.69	2.184E+1
609.02	6.796E+1
609.34	4.854E+0
609.67	7.282E+0
610.00	0.000E+0
610.33	4.369E+1
610.66	-1.019E+2
610.98	7.282E+0
611.31	0.000E+0
611.64	9.709E+0
611.97	-1.214E+1
612.30	5.097E+1
612.63	1.019E+2
612.95	-9.709E+0
613.28	6.796E+1
613.61	-5.583E+1
613.94	-6.796E+1
614.26	-2.184E+1
614.59	7.767E+1
614.92	-3.884E+1
615.25	-5.097E+1
615.57	1.262E+2
615.90	7.039E+1
616.23	-3.398E+1
616.56	-4.369E+1
616.88	2.913E+1
617.21	0.000E+0
617.54	-1.942E+1
617.87	-4.126E+1
618.19	-6.554E+1
618.52	1.505E+2
618.85	5.340E+1
619.17	5.340E+1
619.50	7.282E+0
619.83	-4.854E+0
620.15	-8.981E+1
620.48	4.126E+1
620.81	-7.282E+0
621.14	3.884E+1
621.46	-3.155E+1
621.79	-5.583E+1
622.11	1.068E+2
622.44	-1.456E+1
622.77	2.913E+1
623.09	-1.044E+2
623.42	-6.068E+1
623.75	2.427E+1
624.07	1.699E+1
624.40	-1.456E+1
624.73	6.311E+1
625.05	1.189E+2
625.38	7.282E+0
625.70	2.427E+1
626.03	1.092E+2
626.36	6.068E+1
626.68	5.583E+1
627.01	3.884E+1
627.33	-2.184E+1
627.66	3.884E+1
627.99	7.524E+1
628.31	-1.699E+1
628.64	1.214E+2
628.96	-4.854E+0
629.29	1.942E+1
629.61	1.699E+1
629.94	-2.670E+1
630.26	-3.155E+1
630.59	-5.097E+1
630.91	-6.311E+1
631.24	4.854E+1
631.57	-1.699E+1
631.89	9.709E+0
632.22	9.223E+1
632.54	-1.141E+2
632.87	6.796E+1
633.19	6.311E+1
633.52	1.117E+2
633.84	8.495E+1
634.16	-7.282E+0
634.49	1.456E+1
634.81	-7.282E+0
635.14	-2.427E+0
635.46	-7.282E+1
635.79	7.282E+1
636.11	-1.578E+2
636.44	-7.282E+0
636.76	-3.641E+1
637.09	-6.554E+1
637.41	-8.981E+1
637.73	-6.796E+1
638.06	7.039E+1
638.38	-8.495E+1
638.71	-6.796E+1
639.03	8.253E+1
639.36	2.427E+1
639.68	-6.311E+1
640.00	8.738E+1
640.33	0.000E+0
640.65	-6.068E+1
640.97	1.699E+1
641.30	8.010E+1
641.62	-7.767E+1
641.95	-3.398E+1
642.27	2.427E+1
642.59	-7.767E+1
642.92	7.039E+1
643.24	1.214E+2
643.56	7.282E+0
643.89	-2.670E+1
644.21	0.000E+0
644.53	1.456E+1
644.86	-6.554E+1
645.18	3.884E+1
645.50	4.854E+1
645.83	3.884E+1
646.15	2.184E+1
646.47	2.427E+0
646.80	2.427E+1
647.12	-9.223E+1
647.44	-3.398E+1
647.76	6.554E+1
648.09	-6.068E+1
648.41	1.699E+1
648.73	-2.427E+0
649.05	2.427E+0
649.38	-4.126E+1
649.70	-1.942E+1
650.02	2.670E+1
650.34	0.000E+0
650.67	-2.184E+1
650.99	9.709E+0
651.31	-4.854E+0
651.63	-1.699E+1
651.96	4.369E+1
652.28	1.068E+2
652.60	2.427E+1
652.92	1.044E+2
653.24	-7.282E+0
653.57	1.699E+1
653.89	4.854E+0
654.21	-6.554E+1
654.53	1.238E+2
654.85	1.214E+1
655.18	-2.184E+1
655.50	-1.699E+1
655.82	1.456E+1
656.14	-1.456E+1
656.46	2.427E+1
656.78	7.524E+1
657.10	6.796E+1
657.43	2.427E+0
657.75	-3.155E+1
658.07	3.641E+1
658.39	9.223E+1
658.71	1.456E+1
659.03	1.019E+2
659.35	1.505E+2
659.67	9.952E+1
659.99	5.583E+1
660.32	3.641E+1
660.64	-3.155E+1
660.96	1.699E+1
661.28	6.311E+1
661.60	1.456E+1
661.92	3.155E+1
662.24	9.223E+1
662.56	6.796E+1
662.88	3.155E+1
663.20	-1.699E+1
663.52	5.097E+1
663.84	1.699E+1
664.16	-2.427E+1
664.48	5.097E+1
664.80	-2.913E+1
665.12	5.097E+1
665.44	-3.641E+1
665.76	9.952E+1
666.08	-1.214E+1
666.40	-1.942E+1
666.72	-1.214E+1
667.04	2.670E+1
667.36	-3.155E+1
667.68	9.709E+1
668.00	3.884E+1
668.32	-1.214E+1
668.64	-5.097E+1
668.96	-6.311E+1
669.28	6.796E+1
669.60	3.398E+1
669.92	3.884E+1
670.24	-1.214E+1
670.56	7.282E+0
670.88	1.942E+1
671.20	-2.670E+1
671.52	9.709E+0
671.84	2.670E+1
672.16	4.126E+1
672.47	4.854E+1
672.79	-2.670E+1
673.11	-9.223E+1
673.43	5.097E+1
673.75	5.825E+1
674.07	4.369E+1
674.39	1.699E+1
674.71	1.481E+2
675.03	4.612E+1
675.34	4.854E+1
675.66	3.155E+1
675.98	-4.854E+0
676.30	1.214E+1
676.62	-3.641E+1
676.94	-5.340E+1
677.25	9.952E+1
677.57	3.155E+1
677.89	2.913E+1
678.21	8.738E+1
678.53	7.282E+0
678.85	-6.554E+1
679.16	-2.427E+1
679.48	9.709E+0
679.80	-6.796E+1
680.12	-9.952E+1
680.44	4.126E+1
680.75	-2.184E+1
681.07	-4.854E+1
681.39	-3.398E+1
681.71	1.238E+2
682.02	-2.184E+1
682.34	1.699E+1
682.66	-1.942E+1
682.98	-7.282E+0
683.29	5.097E+1
683.61	4.854E+0
683.93	0.000E+0
684.25	-3.398E+1
684.56	-7.767E+1
684.88	6.311E+1
685.20	3.641E+1
685.51	-4.854E+0
685.83	-8.010E+1
686.15	7.282E+1
686.47	-1.214E+1
686.78	3.641E+1
687.10	-6.068E+1
687.42	2.427E+0
687.73	-7.282E+0
688.05	-6.554E+1
688.37	-3.155E+1
688.68	-2.913E+1
689.00	-7.282E+0
689.32	-1.044E+2
689.63	3.641E+1
689.95	7.767E+1
690.26	3.884E+1
690.58	4.854E+0
690.90	-3.641E+1
691.21	-1.699E+1
691.53	-4.854E+0
691.85	-4.854E+0
692.16	-2.184E+1
692.48	-9.223E+1
692.79	4.612E+1
693.11	-2.670E+1
693.42	-7.282E+0
693.74	6.796E+1
694.06	-9.466E+1
694.37	9.709E+1
694.69	6.796E+1
695.00	-4.369E+1
695.32	4.854E+0
695.63	-2.670E+1
695.95	4.369E+1
696.26	-2.427E+1
696.58	-5.097E+1
696.90	-2.427E+0
697.21	-2.184E+1
697.53	7.524E+1
697.84	3.641E+1
698.16	7.282E+0
698.47	-5.825E+1
698.79	2.427E+0
699.10	-5.340E+1
699.42	-6.796E+1
699.73	3.641E+1
700.05	9.709E+0
700.36	-3.155E+1
700.68	-1.214E+1
700.99	-6.311E+1
701.30	-7.039E+1
701.62	2.913E+1
701.93	-5.097E+1
702.25	-5.340E+1
702.56	7.282E+0
702.88	-4.854E+1
703.19	-8.738E+1
703.50	-9.709E+0
703.82	-1.189E+2
704.13	-8.495E+1
704.45	2.427E+1
704.76	2.913E+1
705.08	-4.854E+1
705.39	-2.184E+1
705.70	2.427E+1
706.02	1.214E+1
706.33	2.913E+1
706.64	-7.767E+1
706.96	-8.253E+1
707.27	-1.699E+1
707.59	-1.456E+1
707.90	-4.854E+0
708.21	4.854E+0
708.53	-7.524E+1
708.84	-8.010E+1
709.15	2.670E+1
709.47	2.427E+0
709.78	-8.495E+1
710.09	3.398E+1
710.41	2.184E+1
710.72	1.214E+1
711.03	9.952E+1
711.34	6.311E+1
711.66	-2.427E+0
711.97	2.184E+1
712.28	1.044E+2
712.60	1.214E+2
712.91	6.068E+1
713.22	-1.044E+2
713.53	4.854E+0
713.85	-1.699E+1
714.16	3.641E+1
714.47	7.282E+1
714.78	1.942E+1
715.10	-2.670E+1
715.41	-7.282E+0
715.72	2.184E+1
716.03	7.282E+0
716.35	1.019E+2
716.66	5.340E+1
716.97	-8.010E+1
717.28	-1.942E+1
717.59	-2.427E+1
717.91	-5.583E+1
718.22	-2.427E+0
718.53	5.825E+1
718.84	-5.825E+1
719.15	2.184E+1
719.46	-7.524E+1
719.78	-9.709E+0
720.09	1.019E+2
720.40	-5.825E+1
720.71	-5.340E+1
721.02	-6.311E+1
721.33	-2.913E+1
721.65	7.282E+0
721.96	2.427E+1
722.27	8.495E+1
722.58	1.699E+1
722.89	-9.709E+0
723.20	-1.699E+1
723.51	-2.184E+1
723.82	9.709E+0
724.13	3.398E+1
724.45	0.000E+0
724.76	4.854E+0
725.07	-4.126E+1
725.38	-1.456E+1
725.69	6.068E+1
726.00	0.000E+0
726.31	-3.155E+1
726.62	-5.825E+1
726.93	-6.068E+1
727.24	-5.097E+1
727.55	-4.369E+1
727.86	4.854E+1
728.17	-7.767E+1
728.48	-1.214E+1
728.79	7.767E+1
729.10	2.184E+1
729.41	4.854E+0
729.72	-4.854E+0
730.03	-8.738E+1
730.34	-1.456E+1
730.65	-5.825E+1
730.96	-6.554E+1
731.27	9.952E+1
731.58	-4.854E+0
731.89	-8.981E+1
732.20	-4.854E+0
732.51	7.524E+1
732.82	2.427E+0
733.13	4.126E+1
733.44	7.039E+1
733.75	-1.699E+1
734.06	7.767E+1
734.37	5.340E+1
734.68	8.495E+1
734.98	7.282E+0
735.29	-6.068E+1
735.60	4.854E+1
735.91	3.155E+1
736.22	2.670E+1
736.53	1.456E+1
736.84	-8.981E+1
737.15	1.942E+1
737.46	-4.369E+1
737.77	-8.010E+1
738.07	1.214E+1
738.38	-4.369E+1
738.69	-5.825E+1
739.00	2.427E+0
739.31	3.155E+1
739.62	6.311E+1
739.92	4.126E+1
740.23	1.456E+1
740.54	1.456E+1
740.85	8.981E+1
741.16	-1.699E+1
741.47	-3.884E+1
741.77	-2.184E+1
742.08	-2.184E+1
742.39	-8.010E+1
742.70	9.709E+0
743.01	6.796E+1
743.31	8.253E+1
743.62	4.854E+1
743.93	-2.184E+1
744.24	1.942E+1
744.54	7.282E+1
744.85	-7.282E+0
745.16	-4.854E+1
745.47	8.010E+1
745.77	6.796E+1
746.08	3.155E+1
746.39	-4.854E+0
746.70	0.000E+0
747.00	-3.155E+1
747.31	3.884E+1
747.62	3.398E+1
747.92	-2.427E+0
748.23	1.456E+1
748.54	-1.456E+1
748.84	1.262E+2
749.15	-4.612E+1
749.46	6.068E+1
749.76	2.670E+1
750.07	-3.155E+1
750.38	0.000E+0
750.68	-2.427E+0
750.99	-7.282E+1
751.30	-3.398E+1
751.60	3.398E+1
751.91	9.709E+1
752.22	2.427E+0
752.52	7.039E+1
752.83	-2.427E+0
753.14	-7.282E+0
753.44	-9.709E+0
753.75	0.000E+0
754.05	4.369E+1
754.36	3.398E+1
754.67	-2.427E+1
754.97	-6.311E+1
755.28	1.942E+1
755.58	-7.282E+0
755.89	-4.126E+1
756.19	-1.214E+1
756.50	-7.524E+1
756.81	-8.253E+1
757.11	4.126E+1
757.42	-4.854E+0
757.72	-7.282E+0
758.03	-1.456E+1
758.33	1.384E+2
758.64	-6.311E+1
758.94	-6.068E+1
759.25	-5.097E+1
759.55	7.282E+0
759.86	1.456E+2
760.16	2.427E+0
760.47	-5.583E+1
760.77	-1.772E+2
761.08	-1.214E+2
761.38	-9.223E+1
761.69	5.825E+1
761.99	1.456E+1
762.30	-3.641E+1
762.60	6.554E+1
762.91	-7.282E+0
763.21	-3.398E+1
763.51	2.427E+0
763.82	-4.369E+1
764.12	3.155E+1
764.43	-4.126E+1
764.73	-6.068E+1
765.04	5.097E+1
765.34	-1.214E+1
765.64	1.214E+1
765.95	2.427E+1
766.25	5.097E+1
766.56	2.670E+1
766.86	-4.854E+0
767.16	-1.942E+1
767.47	-1.214E+1
767.77	2.427E+0
768.07	-1.286E+2
768.38	-7.282E+0
768.68	-9.709E+0
768.98	7.282E+0
769.29	-2.670E+1
769.59	1.238E+2
769.89	2.184E+1
770.20	1.942E+1
770.50	-1.214E+1
770.80	1.214E+1
771.11	5.340E+1
771.41	3.155E+1
771.71	0.000E+0
772.02	1.359E+2
772.32	9.223E+1
772.62	-1.189E+2
772.93	4.854E+0
773.23	2.427E+1
773.53	2.913E+1
773.83	7.282E+0
774.14	1.942E+1
774.44	-4.126E+1
774.74	3.155E+1
775.04	-9.709E+0
775.35	-4.126E+1
775.65	-2.913E+1
775.95	0.000E+0
776.25	6.068E+1
776.55	6.796E+1
776.86	-3.155E+1
777.16	3.884E+1
777.46	1.456E+1
777.76	4.369E+1
778.06	-9.709E+1
778.37	3.155E+1
778.67	6.311E+1
778.97	-5.097E+1
779.27	3.641E+1
779.57	4.854E+0
779.88	5.825E+1
780.18	-2.184E+1
780.48	-4.612E+1
780.78	-5.340E+1
781.08	-4.126E+1
781.38	-2.913E+1
781.68	-6.796E+1
781.98	-4.369E+1
782.29	1.214E+1
782.59	-9.709E+0
782.89	-4.369E+1
783.19	7.767E+1
783.49	-5.097E+1
783.79	2.184E+1
784.09	9.223E+1
784.39	1.699E+1
784.69	9.709E+0
784.99	1.214E+1
785.30	-2.913E+1
785.60	4.126E+1
785.90	-7.767E+1
786.20	0.000E+0
786.50	1.699E+1
786.80	-1.942E+1
787.10	6.554E+1
787.40	1.456E+1
787.70	-8.738E+1
788.00	-6.068E+1
788.30	2.427E+1
788.60	-2.184E+1
788.90	-2.427E+0
789.20	3.884E+1
789.50	-1.942E+1
789.80	-8.010E+1
790.10	2.427E+0
790.40	4.612E+1
790.70	-4.854E+0
791.00	-3.398E+1
791.30	-2.184E+1
791.60	-8.981E+1
791.90	-8.495E+1
792.20	-8.981E+1
792.50	-3.155E+1
792.79	-2.913E+1
793.09	-1.942E+1
793.39	9.709E+0
793.69	-2.427E+0
793.99	5.097E+1
794.29	4.854E+1
794.59	-5.340E+1
794.89	-9.709E+0
795.19	-4.126E+1
795.49	4.369E+1
795.79	8.253E+1
796.08	-7.282E+0
796.38	9.709E+0
796.68	1.214E+1
796.98	2.184E+1
797.28	3.641E+1
797.58	-1.699E+1
797.88	-4.854E+0
798.17	-8.981E+1
798.47	-1.699E+1
798.77	-5.340E+1
799.07	-5.340E+1
799.37	1.699E+1
799.67	1.214E+1
799.96	-7.282E+0
800.26	2.184E+1
800.56	-2.184E+1
800.86	-1.942E+1
801.16	5.583E+1
801.45	1.699E+1
801.75	-7.039E+1
802.05	-3.884E+1
802.35	3.398E+1
802.64	2.913E+1
802.94	-1.456E+1
803.24	-2.670E+1
803.54	-9.709E+0
803.83	-2.427E+0
804.13	1.214E+2
804.43	-1.699E+1
804.73	-4.854E+0
805.02	-6.311E+1
805.32	-3.884E+1
805.62	5.583E+1
805.91	-3.398E+1
806.21	-5.583E+1
806.51	2.184E+1
806.81	3.398E+1
807.10	5.340E+1
807.40	-2.427E+0
807.70	1.456E+1
807.99	-1.942E+1
808.29	2.427E+0
808.59	-8.010E+1
808.88	-2.670E+1
809.18	2.427E+0
809.47	4.854E+0
809.77	3.641E+1
810.07	5.825E+1
810.36	-6.068E+1
810.66	2.184E+1
810.96	6.068E+1
811.25	-2.184E+1
811.55	-9.709E+0
811.84	-4.612E+1
812.14	-4.126E+1
812.44	-7.767E+1
812.73	-4.612E+1
813.03	0.000E+0
813.32	5.825E+1
813.62	7.282E+0
813.91	2.427E+1
814.21	1.262E+2
814.51	-3.398E+1
814.80	-3.884E+1
815.10	-3.641E+1
815.39	-6.554E+1
815.69	-1.942E+1
815.98	-3.155E+1
816.28	-2.913E+1
816.57	-7.039E+1
816.87	2.670E+1
817.16	-1.165E+2
817.46	-1.481E+2
817.75	1.942E+1
818.05	5.097E+1
818.34	-9.709E+0
818.64	-5.825E+1
818.93	-6.796E+1
819.23	-9.709E+0
819.52	2.184E+1
819.82	4.854E+1
820.11	-6.311E+1
820.40	6.311E+1
820.70	2.913E+1
820.99	-4.612E+1
821.29	-4.369E+1
821.58	3.155E+1
821.88	1.699E+1
822.17	6.796E+1
822.46	-9.709E+0
822.76	5.583E+1
823.05	-5.097E+1
823.35	1.456E+1
823.64	7.767E+1
823.93	1.311E+2
824.23	-3.155E+1
824.52	-4.126E+1
824.81	-1.578E+2
825.11	2.913E+1
825.40	-2.427E+0
825.69	0.000E+0
825.99	-8.495E+1
826.28	0.000E+0
826.58	2.427E+1
826.87	9.952E+1
827.16	-4.854E+1
827.45	-2.427E+0
827.75	0.000E+0
828.04	-2.670E+1
828.33	-3.884E+1
828.63	4.854E+0
828.92	1.699E+1
829.21	1.456E+1
829.51	-5.583E+1
829.80	8.253E+1
830.09	-2.427E+0
830.38	-5.097E+1
830.68	4.612E+1
830.97	-6.068E+1
831.26	-2.427E+0
831.55	-2.427E+0
831.85	0.000E+0
832.14	-8.981E+1
832.43	1.214E+1
832.72	7.282E+0
833.01	-4.854E+0
833.31	-1.117E+2
833.60	-7.767E+1
833.89	7.039E+1
834.18	7.039E+1
834.47	-1.189E+2
834.77	-9.466E+1
835.06	-7.282E+1
835.35	9.709E+0
835.64	4.854E+0
835.93	7.282E+0
836.22	7.039E+1
836.52	-5.097E+1
836.81	4.369E+1
837.10	-8.495E+1
837.39	-1.942E+1
837.68	-3.398E+1
837.97	-5.340E+1
838.26	-1.214E+1
838.55	9.223E+1
838.85	-2.427E+1
839.14	-2.184E+1
839.43	-1.699E+1
839.72	-7.282E+0
840.01	2.427E+0
840.30	-3.155E+1
840.59	1.214E+1
840.88	-7.524E+1
841.17	6.311E+1
841.46	3.641E+1
841.75	5.097E+1
842.04	-1.214E+1
842.33	-4.612E+1
842.62	-2.184E+1
842.91	-7.524E+1
843.21	2.184E+1
843.50	9.709E+0
843.79	1.699E+1
844.08	1.165E+2
844.37	-4.612E+1
844.66	-8.010E+1
844.95	2.913E+1
845.24	1.942E+1
845.53	4.854E+1
845.81	4.126E+1
846.10	-5.097E+1
846.39	-8.738E+1
846.68	-8.738E+1
846.97	4.854E+0
847.26	6.796E+1
847.55	6.554E+1
847.84	6.796E+1
848.13	5.825E+1
848.42	-4.126E+1
848.71	-2.913E+1
849.00	5.340E+1
849.29	-3.398E+1
849.58	-7.767E+1
849.87	2.670E+1
850.15	-7.282E+1
850.44	-1.214E+1
850.73	-3.641E+1
851.02	2.427E+1
851.31	-1.165E+2
851.60	3.641E+1
851.89	2.670E+1
852.18	-2.670E+1
852.46	2.427E+0
852.75	9.709E+1
853.04	-4.126E+1
853.33	4.612E+1
853.62	4.854E+1
853.91	-5.583E+1
854.19	1.456E+1
854.48	4.854E+1
854.77	-5.340E+1
855.06	1.942E+1
855.35	8.253E+1
855.63	-2.670E+1
855.92	-5.825E+1
856.21	1.214E+1
856.50	-1.165E+2
856.79	-2.427E+0
857.07	1.408E+2
857.36	2.913E+1
857.65	2.184E+1
857.94	-6.796E+1
858.22	1.699E+1
858.51	1.699E+1
858.80	9.709E+1
859.08	3.155E+1
859.37	7.767E+1
859.66	4.854E+0
859.95	-4.854E+1
860.23	-9.709E+0
860.52	6.068E+1
860.81	-1.942E+1
861.09	-2.670E+1
861.38	4.369E+1
861.67	-6.311E+1
861.95	-3.641E+1
862.24	0.000E+0
862.53	1.699E+1
862.81	-8.495E+1
863.10	-9.466E+1
863.39	1.699E+1
863.67	3.884E+1
863.96	1.942E+1
864.25	8.253E+1
864.53	2.427E+0
864.82	-4.369E+1
865.10	-9.709E+0
865.39	-4.369E+1
865.68	-6.554E+1
865.96	3.398E+1
866.25	8.981E+1
866.53	8.981E+1
866.82	8.981E+1