Wavelength	Intensity	Ocean Optics Flame
nm	counts
187.89	4.854E+1
188.27	1.214E+1
188.64	2.427E+0
189.02	-5.097E+1
189.40	7.282E+0
189.78	-9.709E+0
190.15	0.000E+0
190.53	-4.369E+1
190.91	-1.699E+1
191.29	2.427E+1
191.66	3.884E+1
192.04	3.884E+1
192.42	1.214E+1
192.80	-5.825E+1
193.17	2.184E+1
193.55	-2.913E+1
193.93	1.942E+1
194.30	3.884E+1
194.68	-1.262E+2
195.06	-9.709E+0
195.44	1.019E+2
195.81	9.709E+0
196.19	-6.311E+1
196.57	-3.398E+1
196.94	5.340E+1
197.32	-6.068E+1
197.70	-4.854E+1
198.07	5.583E+1
198.45	-4.612E+1
198.83	-4.126E+1
199.20	-2.427E+0
199.58	-7.282E+1
199.96	-1.456E+1
200.33	-3.155E+1
200.71	-7.282E+0
201.09	-1.942E+1
201.46	-3.155E+1
201.84	4.612E+1
202.22	3.884E+1
202.59	-2.184E+1
202.97	0.000E+0
203.34	3.884E+1
203.72	-4.854E+0
204.10	-3.884E+1
204.47	6.311E+1
204.85	-2.913E+1
205.23	7.282E+1
205.60	9.466E+1
205.98	1.117E+2
206.35	-7.282E+0
206.73	-3.884E+1
207.11	-1.699E+1
207.48	9.709E+1
207.86	4.612E+1
208.23	-6.554E+1
208.61	4.854E+1
208.98	-2.427E+0
209.36	-2.427E+1
209.74	8.738E+1
210.11	2.427E+1
210.49	9.709E+0
210.86	0.000E+0
211.24	2.670E+1
211.61	9.709E+1
211.99	-7.524E+1
212.36	3.884E+1
212.74	8.253E+1
213.11	4.854E+0
213.49	1.117E+2
213.87	5.583E+1
214.24	2.427E+1
214.62	-2.184E+1
214.99	2.184E+1
215.37	-1.214E+1
215.74	-3.641E+1
216.12	-2.670E+1
216.49	2.427E+1
216.87	-2.913E+1
217.24	-9.709E+0
217.62	-8.495E+1
217.99	-4.854E+1
218.37	-2.670E+1
218.74	-4.854E+0
219.11	-9.709E+0
219.49	2.427E+0
219.86	-1.165E+2
220.24	8.010E+1
220.61	-1.699E+1
220.99	-4.369E+1
221.36	1.699E+1
221.74	-4.854E+0
222.11	7.282E+0
222.49	5.825E+1
222.86	3.641E+1
223.23	-6.311E+1
223.61	-5.583E+1
223.98	2.427E+1
224.36	9.709E+0
224.73	-2.184E+1
225.11	-1.044E+2
225.48	5.097E+1
225.85	-7.524E+1
226.23	-9.709E+0
226.60	-9.466E+1
226.98	-1.214E+1
227.35	-7.767E+1
227.72	8.738E+1
228.10	5.340E+1
228.47	3.155E+1
228.84	9.223E+1
229.22	4.854E+0
229.59	-7.282E+1
229.97	4.612E+1
230.34	-2.427E+0
230.71	7.524E+1
231.09	-9.466E+1
231.46	8.981E+1
231.83	-1.699E+1
232.21	3.155E+1
232.58	-3.398E+1
232.95	6.796E+1
233.33	1.699E+1
233.70	3.155E+1
234.07	-5.340E+1
234.45	4.126E+1
234.82	-7.282E+1
235.19	4.854E+1
235.57	-3.884E+1
235.94	-7.282E+0
236.31	-9.952E+1
236.69	1.214E+1
237.06	-4.854E+0
237.43	-9.709E+1
237.80	7.282E+0
238.18	9.466E+1
238.55	-4.612E+1
238.92	5.097E+1
239.30	-3.398E+1
239.67	1.359E+2
240.04	-4.369E+1
240.41	-1.942E+1
240.79	3.641E+1
241.16	7.524E+1
241.53	5.825E+1
241.90	-1.189E+2
242.28	-2.427E+1
242.65	-1.019E+2
243.02	-2.670E+1
243.39	1.456E+1
243.77	1.214E+1
244.14	7.039E+1
244.51	-2.670E+1
244.88	8.010E+1
245.25	-4.612E+1
245.63	-3.641E+1
246.00	3.398E+1
246.37	8.495E+1
246.74	-2.184E+1
247.11	5.340E+1
247.49	-3.641E+1
247.86	1.044E+2
248.23	-1.214E+1
248.60	-6.311E+1
248.97	6.068E+1
249.35	2.184E+1
249.72	-4.854E+1
250.09	5.340E+1
250.46	-1.214E+1
250.83	4.369E+1
251.20	7.767E+1
251.58	-9.709E+0
251.95	2.670E+1
252.32	4.369E+1
252.69	4.126E+1
253.06	-2.913E+1
253.43	-7.767E+1
253.80	9.709E+0
254.17	7.524E+1
254.55	-3.398E+1
254.92	6.311E+1
255.29	6.796E+1
255.66	9.709E+0
256.03	0.000E+0
256.40	-3.641E+1
256.77	7.524E+1
257.14	5.825E+1
257.51	-1.942E+1
257.88	9.223E+1
258.26	7.039E+1
258.63	1.942E+1
259.00	4.369E+1
259.37	-6.311E+1
259.74	-6.068E+1
260.11	9.466E+1
260.48	-9.223E+1
260.85	-2.670E+1
261.22	1.699E+1
261.59	8.253E+1
261.96	6.068E+1
262.33	1.699E+1
262.70	4.854E+0
263.07	4.369E+1
263.44	2.670E+1
263.81	1.505E+2
264.18	2.427E+1
264.55	5.097E+1
264.92	4.126E+1
265.29	9.709E+1
265.66	4.612E+1
266.03	-2.184E+1
266.40	6.554E+1
266.77	-4.854E+1
267.14	5.825E+1
267.51	2.670E+1
267.88	-7.282E+0
268.25	-4.612E+1
268.62	8.738E+1
268.99	9.709E+0
269.36	-1.019E+2
269.73	2.913E+1
270.10	3.884E+1
270.47	1.942E+1
270.84	-4.854E+1
271.21	-3.155E+1
271.58	0.000E+0
271.95	1.456E+2
272.32	0.000E+0
272.69	2.427E+1
273.06	-2.670E+1
273.43	-2.427E+1
273.80	-3.884E+1
274.17	2.427E+1
274.53	5.097E+1
274.90	1.699E+1
275.27	2.184E+1
275.64	2.427E+1
276.01	6.068E+1
276.38	1.699E+1
276.75	-1.214E+1
277.12	-9.952E+1
277.49	-2.670E+1
277.86	7.767E+1
278.22	2.913E+1
278.59	2.427E+1
278.96	-1.942E+1
279.33	-1.214E+1
279.70	-4.854E+1
280.07	-5.825E+1
280.44	1.918E+2
280.80	1.456E+1
281.17	7.282E+0
281.54	5.340E+1
281.91	5.340E+1
282.28	-3.155E+1
282.65	2.427E+0
283.02	-3.641E+1
283.38	4.612E+1
283.75	3.155E+1
284.12	-3.398E+1
284.49	-4.369E+1
284.86	4.612E+1
285.22	-2.913E+1
285.59	-4.854E+0
285.96	3.155E+1
286.33	5.097E+1
286.70	-3.641E+1
287.06	0.000E+0
287.43	1.214E+1
287.80	-1.456E+1
288.17	9.709E+0
288.53	4.854E+1
288.90	-4.369E+1
289.27	-1.214E+1
289.64	9.466E+1
290.01	4.854E+1
290.37	4.369E+1
290.74	5.097E+1
291.11	-9.466E+1
291.48	-2.913E+1
291.84	-9.709E+0
292.21	1.141E+2
292.58	9.952E+1
292.94	-7.282E+1
293.31	4.854E+0
293.68	-2.913E+1
294.05	8.253E+1
294.41	-5.097E+1
294.78	7.282E+0
295.15	3.641E+1
295.51	-1.214E+2
295.88	1.286E+2
296.25	-5.825E+1
296.61	-1.699E+1
296.98	4.854E+1
297.35	-2.427E+0
297.72	-1.214E+1
298.08	7.282E+1
298.45	5.583E+1
298.82	4.369E+1
299.18	2.670E+1
299.55	-4.369E+1
299.91	-1.432E+2
300.28	8.738E+1
300.65	-1.699E+1
301.01	4.854E+0
301.38	-1.214E+1
301.75	-1.699E+1
302.11	2.913E+1
302.48	-2.184E+1
302.85	-7.039E+1
303.21	5.097E+1
303.58	-1.286E+2
303.94	-3.884E+1
304.31	1.214E+1
304.68	1.384E+2
305.04	-6.068E+1
305.41	-7.282E+0
305.77	-4.854E+0
306.14	-2.427E+1
306.51	5.340E+1
306.87	-4.612E+1
307.24	-2.184E+1
307.60	9.466E+1
307.97	3.641E+1
308.33	1.214E+1
308.70	2.184E+1
309.07	6.554E+1
309.43	-2.670E+1
309.80	7.767E+1
310.16	4.854E+0
310.53	-2.913E+1
310.89	-1.553E+2
311.26	5.097E+1
311.62	3.884E+1
311.99	-8.495E+1
312.35	4.854E+0
312.72	-1.456E+1
313.08	6.068E+1
313.45	-4.369E+1
313.81	7.524E+1
314.18	-2.670E+1
314.54	-1.699E+1
314.91	2.670E+1
315.27	3.155E+1
315.64	-8.981E+1
316.00	-3.398E+1
316.37	7.282E+1
316.73	1.311E+2
317.10	9.709E+0
317.46	2.427E+1
317.83	-1.044E+2
318.19	-3.641E+1
318.56	4.126E+1
318.92	-9.709E+0
319.28	-1.214E+1
319.65	3.884E+1
320.01	-1.214E+1
320.38	3.155E+1
320.74	3.398E+1
321.11	1.942E+1
321.47	5.825E+1
321.83	-1.699E+1
322.20	4.854E+0
322.56	2.427E+0
322.93	1.456E+1
323.29	-7.767E+1
323.66	-4.854E+1
324.02	-4.612E+1
324.38	7.524E+1
324.75	1.092E+2
325.11	8.253E+1
325.47	4.854E+1
325.84	6.554E+1
326.20	8.010E+1
326.57	-7.282E+0
326.93	-4.126E+1
327.29	4.369E+1
327.66	1.214E+1
328.02	1.214E+1
328.38	4.854E+1
328.75	-5.340E+1
329.11	-4.126E+1
329.47	2.427E+0
329.84	5.583E+1
330.20	-6.311E+1
330.56	-4.612E+1
330.93	3.155E+1
331.29	1.456E+1
331.65	2.670E+1
332.02	7.039E+1
332.38	-1.214E+1
332.74	6.554E+1
333.10	-3.155E+1
333.47	-3.641E+1
333.83	3.884E+1
334.19	7.282E+0
334.56	3.641E+1
334.92	8.253E+1
335.28	-2.427E+0
335.64	2.427E+1
336.01	1.214E+2
336.37	-1.456E+1
336.73	-2.184E+1
337.09	-7.767E+1
337.46	2.670E+1
337.82	5.097E+1
338.18	-8.010E+1
338.54	-1.456E+1
338.91	6.796E+1
339.27	-9.709E+0
339.63	8.738E+1
339.99	4.854E+0
340.36	3.641E+1
340.72	-2.913E+1
341.08	8.738E+1
341.44	-5.825E+1
341.80	1.214E+1
342.17	9.709E+0
342.53	-2.427E+1
342.89	4.369E+1
343.25	3.884E+1
343.61	2.670E+1
343.98	0.000E+0
344.34	3.641E+1
344.70	-1.214E+1
345.06	-6.311E+1
345.42	9.466E+1
345.78	-4.854E+1
346.14	-4.612E+1
346.51	9.466E+1
346.87	2.670E+1
347.23	-8.981E+1
347.59	-2.427E+1
347.95	4.854E+0
348.31	-2.184E+1
348.67	9.709E+0
349.04	-4.369E+1
349.40	-2.670E+1
349.76	2.184E+1
350.12	-9.709E+0
350.48	1.019E+2
350.84	3.641E+1
351.20	5.825E+1
351.56	1.286E+2
351.92	1.019E+2
352.28	-1.214E+1
352.65	8.738E+1
353.01	4.854E+0
353.37	1.942E+1
353.73	-7.282E+0
354.09	2.427E+0
354.45	2.913E+1
354.81	1.214E+1
355.17	-7.767E+1
355.53	1.214E+1
355.89	2.184E+1
356.25	9.709E+0
356.61	4.369E+1
356.97	2.913E+1
357.33	1.942E+1
357.69	-7.039E+1
358.05	-4.854E+0
358.41	4.126E+1
358.77	6.311E+1
359.13	7.767E+1
359.49	-5.583E+1
359.85	1.044E+2
360.21	2.670E+1
360.57	-3.641E+1
360.93	3.884E+1
361.29	7.282E+0
361.65	4.126E+1
362.01	5.583E+1
362.37	-1.942E+1
362.73	1.456E+1
363.09	8.495E+1
363.45	8.981E+1
363.81	6.311E+1
364.17	1.165E+2
364.53	5.097E+1
364.89	-4.612E+1
365.25	2.913E+1
365.61	-3.155E+1
365.97	4.369E+1
366.33	7.524E+1
366.69	-1.699E+1
367.05	1.602E+2
367.40	6.796E+1
367.76	9.952E+1
368.12	8.981E+1
368.48	5.340E+1
368.84	1.092E+2
369.20	9.709E+0
369.56	7.282E+1
369.92	6.068E+1
370.28	9.466E+1
370.63	7.039E+1
370.99	4.854E+0
371.35	1.092E+2
371.71	5.825E+1
372.07	5.097E+1
372.43	1.505E+2
372.79	4.126E+1
373.15	2.136E+2
373.50	1.214E+2
373.86	9.952E+1
374.22	8.010E+1
374.58	1.553E+2
374.94	1.553E+2
375.30	1.529E+2
375.65	1.748E+2
376.01	2.015E+2
376.37	2.670E+2
376.73	1.893E+2
377.09	5.097E+1
377.44	1.553E+2
377.80	1.990E+2
378.16	1.723E+2
378.52	2.354E+2
378.88	2.646E+2
379.23	2.087E+2
379.59	9.952E+1
379.95	2.549E+2
380.31	2.257E+2
380.66	2.354E+2
381.02	2.160E+2
381.38	3.592E+2
381.74	1.845E+2
382.09	2.840E+2
382.45	2.573E+2
382.81	3.471E+2
383.17	3.301E+2
383.52	3.981E+2
383.88	3.714E+2
384.24	3.859E+2
384.60	5.000E+2
384.95	4.903E+2
385.31	4.515E+2
385.67	4.854E+2
386.02	6.602E+2
386.38	6.432E+2
386.74	7.500E+2
387.10	8.762E+2
387.45	7.621E+2
387.81	9.855E+2
388.17	9.782E+2
388.52	9.806E+2
388.88	1.248E+3
389.24	1.396E+3
389.59	1.478E+3
389.95	1.563E+3
390.31	1.830E+3
390.66	2.104E+3
391.02	2.124E+3
391.38	2.442E+3
391.73	2.699E+3
392.09	2.876E+3
392.44	3.267E+3
392.80	3.677E+3
393.16	3.765E+3
393.51	4.199E+3
393.87	4.607E+3
394.23	5.080E+3
394.58	5.634E+3
394.94	6.289E+3
395.29	6.867E+3
395.65	7.527E+3
396.01	7.971E+3
396.36	8.568E+3
396.72	9.291E+3
397.07	1.013E+4
397.43	1.135E+4
397.78	1.212E+4
398.14	1.326E+4
398.50	1.446E+4
398.85	1.563E+4
399.21	1.651E+4
399.56	1.771E+4
399.92	1.863E+4
400.27	1.971E+4
400.63	2.105E+4
400.98	2.257E+4
401.34	2.420E+4
401.69	2.534E+4
402.05	2.728E+4
402.40	2.893E+4
402.76	3.138E+4
403.11	3.304E+4
403.47	3.486E+4
403.82	3.557E+4
404.18	3.706E+4
404.53	3.774E+4
404.89	3.945E+4
405.24	4.028E+4
405.60	4.192E+4
405.95	4.312E+4
406.31	4.485E+4
406.66	4.662E+4
407.02	4.816E+4
407.37	4.949E+4
407.73	5.017E+4
408.08	5.137E+4
408.44	5.107E+4
408.79	5.074E+4
409.14	5.074E+4
409.50	5.043E+4
409.85	4.957E+4
410.21	4.916E+4
410.56	4.895E+4
410.92	4.862E+4
411.27	4.870E+4
411.62	4.821E+4
411.98	4.754E+4
412.33	4.636E+4
412.69	4.559E+4
413.04	4.432E+4
413.39	4.182E+4
413.75	3.991E+4
414.10	3.795E+4
414.45	3.551E+4
414.81	3.388E+4
415.16	3.233E+4
415.52	3.036E+4
415.87	2.904E+4
416.22	2.762E+4
416.58	2.645E+4
416.93	2.555E+4
417.28	2.364E+4
417.64	2.252E+4
417.99	2.164E+4
418.34	1.953E+4
418.70	1.806E+4
419.05	1.729E+4
419.40	1.599E+4
419.76	1.496E+4
420.11	1.431E+4
420.46	1.326E+4
420.81	1.247E+4
421.17	1.186E+4
421.52	1.107E+4
421.87	1.080E+4
422.23	1.031E+4
422.58	9.609E+3
422.93	9.092E+3
423.28	8.643E+3
423.64	8.323E+3
423.99	7.648E+3
424.34	7.007E+3
424.69	6.444E+3
425.05	6.041E+3
425.40	5.740E+3
425.75	5.444E+3
426.10	5.136E+3
426.46	4.908E+3
426.81	4.697E+3
427.16	4.311E+3
427.51	4.032E+3
427.87	3.898E+3
428.22	3.774E+3
428.57	3.442E+3
428.92	3.311E+3
429.27	3.274E+3
429.63	2.823E+3
429.98	2.733E+3
430.33	2.405E+3
430.68	2.398E+3
431.03	2.153E+3
431.38	2.175E+3
431.74	1.847E+3
432.09	1.908E+3
432.44	1.859E+3
432.79	1.718E+3
433.14	1.553E+3
433.49	1.539E+3
433.85	1.449E+3
434.20	1.464E+3
434.55	1.316E+3
434.90	1.252E+3
435.25	1.085E+3
435.60	1.070E+3
435.95	9.102E+2
436.30	9.782E+2
436.66	9.078E+2
437.01	9.175E+2
437.36	8.471E+2
437.71	7.233E+2
438.06	7.330E+2
438.41	7.549E+2
438.76	7.986E+2
439.11	6.626E+2
439.46	6.335E+2
439.81	6.723E+2
440.16	5.971E+2
440.52	6.189E+2
440.87	5.291E+2
441.22	4.952E+2
441.57	5.121E+2
441.92	5.364E+2
442.27	3.495E+2
442.62	4.976E+2
442.97	4.418E+2
443.32	4.490E+2
443.67	3.568E+2
444.02	3.592E+2
444.37	4.151E+2
444.72	3.228E+2
445.07	2.961E+2
445.42	4.175E+2
445.77	2.233E+2
446.12	2.476E+2
446.47	2.112E+2
446.82	1.918E+2
447.17	2.524E+2
447.52	2.621E+2
447.87	2.257E+2
448.22	2.524E+2
448.57	1.869E+2
448.92	1.699E+2
449.27	1.796E+2
449.62	1.384E+2
449.97	1.359E+2
450.32	2.913E+2
450.66	1.189E+2
451.01	2.257E+2
451.36	1.408E+2
451.71	2.087E+2
452.06	2.136E+2
452.41	1.311E+2
452.76	2.184E+2
453.11	1.238E+2
453.46	1.189E+2
453.81	1.262E+2
454.16	1.432E+2
454.51	1.044E+2
454.85	1.699E+2
455.20	1.141E+2
455.55	1.359E+2
455.90	1.262E+2
456.25	2.427E+0
456.60	1.238E+2
456.95	2.087E+2
457.30	1.068E+2
457.64	1.505E+2
457.99	9.223E+1
458.34	8.738E+1
458.69	6.554E+1
459.04	1.214E+2
459.39	8.981E+1
459.73	-4.126E+1
460.08	1.748E+2
460.43	1.359E+2
460.78	-7.282E+0
461.13	2.306E+2
461.48	7.282E+1
461.82	8.738E+1
462.17	1.068E+2
462.52	1.456E+1
462.87	1.068E+2
463.21	1.286E+2
463.56	1.019E+2
463.91	4.854E+1
464.26	1.092E+2
464.61	4.854E+0
464.95	1.384E+2
465.30	4.612E+1
465.65	1.942E+1
466.00	4.854E+1
466.34	4.612E+1
466.69	5.825E+1
467.04	1.214E+1
467.39	-2.913E+1
467.73	4.854E+0
468.08	4.612E+1
468.43	1.068E+2
468.77	1.238E+2
469.12	4.854E+0
469.47	4.126E+1
469.82	-8.495E+1
470.16	1.456E+2
470.51	-3.884E+1
470.86	7.524E+1
471.20	3.884E+1
471.55	1.748E+2
471.90	4.369E+1
472.24	9.709E+0
472.59	5.583E+1
472.94	9.223E+1
473.28	1.019E+2
473.63	7.039E+1
473.98	1.942E+1
474.32	1.262E+2
474.67	6.068E+1
475.02	4.612E+1
475.36	-1.456E+1
475.71	6.796E+1
476.06	1.068E+2
476.40	9.466E+1
476.75	1.699E+1
477.09	8.495E+1
477.44	-2.913E+1
477.79	5.340E+1
478.13	8.010E+1
478.48	1.456E+1
478.82	-1.942E+1
479.17	3.884E+1
479.52	-1.214E+1
479.86	-2.913E+1
480.21	-5.583E+1
480.55	-1.942E+1
480.90	2.427E+1
481.24	8.738E+1
481.59	2.427E+1
481.94	2.427E+1
482.28	1.019E+2
482.63	6.554E+1
482.97	4.369E+1
483.32	1.335E+2
483.66	7.039E+1
484.01	1.214E+1
484.35	6.068E+1
484.70	5.097E+1
485.04	5.097E+1
485.39	4.126E+1
485.73	7.767E+1
486.08	8.253E+1
486.42	3.398E+1
486.77	6.554E+1
487.11	8.010E+1
487.46	1.068E+2
487.80	2.670E+1
488.15	2.184E+1
488.49	2.427E+1
488.84	6.554E+1
489.18	1.456E+1
489.53	1.942E+1
489.87	2.427E+1
490.21	1.214E+1
490.56	0.000E+0
490.90	-3.155E+1
491.25	1.165E+2
491.59	-2.670E+1
491.94	-9.223E+1
492.28	-4.369E+1
492.62	6.311E+1
492.97	1.456E+1
493.31	7.524E+1
493.66	-7.282E+0
494.00	4.126E+1
494.34	2.184E+1
494.69	4.126E+1
495.03	-5.340E+1
495.38	6.796E+1
495.72	6.311E+1
496.06	4.854E+0
496.41	9.709E+0
496.75	-5.583E+1
497.09	1.117E+2
497.44	1.092E+2
497.78	-7.282E+0
498.13	-1.942E+1
498.47	3.155E+1
498.81	2.670E+1
499.16	4.126E+1
499.50	-6.554E+1
499.84	3.398E+1
500.19	2.427E+0
500.53	-5.825E+1
500.87	1.529E+2
501.21	6.068E+1
501.56	-2.670E+1
501.90	5.825E+1
502.24	7.767E+1
502.59	-1.699E+1
502.93	3.155E+1
503.27	-2.670E+1
503.61	-1.942E+1
503.96	1.942E+1
504.30	9.952E+1
504.64	-2.913E+1
504.99	-2.670E+1
505.33	2.913E+1
505.67	-2.427E+1
506.01	-9.709E+1
506.36	6.311E+1
506.70	2.427E+0
507.04	2.913E+1
507.38	-2.670E+1
507.72	6.311E+1
508.07	7.524E+1
508.41	1.092E+2
508.75	-1.456E+1
509.09	-2.427E+0
509.44	5.097E+1
509.78	-5.583E+1
510.12	-1.942E+1
510.46	6.554E+1
510.80	-5.583E+1
511.14	1.699E+1
511.49	3.155E+1
511.83	-2.427E+1
512.17	-9.709E+0
512.51	3.155E+1
512.85	5.097E+1
513.19	-2.427E+1
513.54	-3.641E+1
513.88	8.253E+1
514.22	-2.427E+0
514.56	-7.767E+1
514.90	4.612E+1
515.24	2.184E+1
515.58	-4.126E+1
515.93	6.311E+1
516.27	0.000E+0
516.61	-1.942E+1
516.95	-2.427E+1
517.29	9.952E+1
517.63	6.554E+1
517.97	-2.427E+1
518.31	-3.884E+1
518.65	2.670E+1
518.99	4.854E+1
519.33	8.010E+1
519.67	-1.699E+1
520.02	-4.854E+0
520.36	-3.641E+1
520.70	1.456E+1
521.04	1.262E+2
521.38	7.282E+0
521.72	1.214E+1
522.06	-7.524E+1
522.40	4.126E+1
522.74	3.884E+1
523.08	1.044E+2
523.42	-1.214E+1
523.76	4.126E+1
524.10	1.699E+1
524.44	2.913E+1
524.78	7.039E+1
525.12	-6.068E+1
525.46	-2.913E+1
525.80	8.010E+1
526.14	-6.796E+1
526.48	6.311E+1
526.82	-3.641E+1
527.16	2.913E+1
527.50	-8.253E+1
527.84	3.398E+1
528.18	-3.641E+1
528.52	1.311E+2
528.86	1.942E+1
529.20	8.981E+1
529.54	-4.612E+1
529.87	1.942E+1
530.21	7.282E+0
530.55	-1.942E+1
530.89	-2.913E+1
531.23	-1.214E+1
531.57	-3.884E+1
531.91	-3.155E+1
532.25	0.000E+0
532.59	-2.913E+1
532.93	-1.942E+1
533.27	-8.738E+1
533.60	-5.097E+1
533.94	-2.427E+1
534.28	9.709E+0
534.62	1.942E+1
534.96	8.738E+1
535.30	-3.641E+1
535.64	4.612E+1
535.98	3.884E+1
536.31	9.223E+1
536.65	0.000E+0
536.99	4.126E+1
537.33	0.000E+0
537.67	-1.456E+1
538.01	9.466E+1
538.34	-1.942E+1
538.68	-5.340E+1
539.02	-8.738E+1
539.36	4.126E+1
539.70	-3.155E+1
540.03	9.709E+0
540.37	2.427E+0
540.71	7.767E+1
541.05	-4.126E+1
541.39	5.340E+1
541.72	9.709E+0
542.06	1.214E+1
542.40	4.854E+0
542.74	6.068E+1
543.07	2.427E+0
543.41	1.942E+1
543.75	-2.427E+0
544.09	9.466E+1
544.42	-3.155E+1
544.76	3.398E+1
545.10	-1.456E+1
545.44	5.340E+1
545.77	9.709E+1
546.11	1.942E+1
546.45	-4.612E+1
546.78	1.092E+2
547.12	7.282E+0
547.46	1.942E+1
547.80	-9.709E+0
548.13	9.466E+1
548.47	7.282E+0
548.81	4.126E+1
549.14	-3.884E+1
549.48	4.854E+1
549.82	3.884E+1
550.15	2.184E+1
550.49	2.427E+1
550.83	-3.398E+1
551.16	6.311E+1
551.50	6.796E+1
551.84	-5.097E+1
552.17	-4.612E+1
552.51	8.010E+1
552.84	-1.141E+2
553.18	4.369E+1
553.52	-5.340E+1
553.85	-1.092E+2
554.19	-7.524E+1
554.53	3.155E+1
554.86	-3.155E+1
555.20	8.981E+1
555.53	-1.019E+2
555.87	1.214E+1
556.20	-7.282E+0
556.54	7.282E+0
556.88	3.155E+1
557.21	2.184E+1
557.55	-6.554E+1
557.88	-4.854E+0
558.22	-3.398E+1
558.55	-1.214E+1
558.89	7.282E+1
559.23	1.335E+2
559.56	1.699E+1
559.90	7.282E+0
560.23	7.282E+1
560.57	-7.039E+1
560.90	-7.282E+0
561.24	-3.398E+1
561.57	-9.952E+1
561.91	3.155E+1
562.24	4.854E+0
562.58	-4.854E+1
562.91	4.126E+1
563.25	3.884E+1
563.58	-4.369E+1
563.92	-2.427E+0
564.25	9.709E+0
564.59	9.709E+0
564.92	4.854E+0
565.25	3.641E+1
565.59	3.155E+1
565.92	9.223E+1
566.26	-2.913E+1
566.59	-2.427E+0
566.93	1.068E+2
567.26	-2.670E+1
567.60	-9.466E+1
567.93	9.709E+0
568.26	1.214E+2
568.60	8.738E+1
568.93	7.767E+1
569.27	1.165E+2
569.60	4.854E+1
569.93	2.670E+1
570.27	0.000E+0
570.60	4.854E+0
570.94	-3.398E+1
571.27	-1.456E+1
571.60	9.709E+0
571.94	6.311E+1
572.27	-7.282E+0
572.60	1.699E+1
572.94	2.427E+0
573.27	2.913E+1
573.60	5.583E+1
573.94	2.427E+1
574.27	1.456E+1
574.60	2.184E+1
574.94	0.000E+0
575.27	6.796E+1
575.60	-3.155E+1
575.94	2.427E+0
576.27	1.942E+1
576.60	3.398E+1
576.94	-9.709E+0
577.27	3.641E+1
577.60	-2.913E+1
577.94	3.398E+1
578.27	-3.155E+1
578.60	1.456E+1
578.93	3.398E+1
579.27	1.068E+2
579.60	6.554E+1
579.93	3.155E+1
580.26	2.427E+0
580.60	4.126E+1
580.93	6.796E+1
581.26	-2.427E+0
581.59	-7.282E+1
581.93	-1.942E+1
582.26	-1.456E+1
582.59	4.854E+0
582.92	3.398E+1
583.25	7.282E+0
583.59	3.884E+1
583.92	-1.432E+2
584.25	-4.126E+1
584.58	2.670E+1
584.91	-4.854E+0
585.25	-3.398E+1
585.58	-1.456E+1
585.91	3.398E+1
586.24	4.854E+1
586.57	2.670E+1
586.90	7.039E+1
587.24	-3.641E+1
587.57	4.126E+1
587.90	-6.311E+1
588.23	-5.583E+1
588.56	-6.796E+1
588.89	2.670E+1
589.22	2.913E+1
589.56	9.466E+1
589.89	-2.913E+1
590.22	-9.223E+1
590.55	7.524E+1
590.88	-7.282E+1
591.21	4.612E+1
591.54	7.767E+1
591.87	1.699E+1
592.20	-1.578E+2
592.53	6.068E+1
592.87	4.612E+1
593.20	1.262E+2
593.53	1.456E+1
593.86	1.699E+1
594.19	-3.155E+1
594.52	2.427E+0
594.85	-6.311E+1
595.18	-2.427E+0
595.51	1.456E+1
595.84	2.670E+1
596.17	-8.495E+1
596.50	-2.184E+1
596.83	5.097E+1
597.16	7.524E+1
597.49	6.311E+1
597.82	5.825E+1
598.15	4.854E+0
598.48	2.670E+1
598.81	4.612E+1
599.14	-3.641E+1
599.47	6.796E+1
599.80	2.427E+0
600.13	-1.117E+2
600.46	1.699E+1
600.79	7.524E+1
601.12	4.854E+0
601.45	-2.184E+1
601.78	-5.097E+1
602.11	2.184E+1
602.44	-2.913E+1
602.77	8.010E+1
603.10	5.097E+1
603.42	7.282E+1
603.75	2.670E+1
604.08	-1.311E+2
604.41	2.427E+1
604.74	-7.282E+0
605.07	2.427E+0
605.40	2.184E+1
605.73	6.068E+1
606.06	-3.155E+1
606.39	-1.214E+1
606.71	2.670E+1
607.04	1.942E+1
607.37	5.097E+1
607.70	-8.981E+1
608.03	3.398E+1
608.36	1.942E+1
608.69	8.738E+1
609.02	7.767E+1
609.34	4.126E+1
609.67	-2.184E+1
610.00	1.165E+2
610.33	1.942E+1
610.66	1.456E+1
610.98	4.854E+0
611.31	9.466E+1
611.64	8.738E+1
611.97	-8.738E+1
612.30	-5.097E+1
612.63	4.612E+1
612.95	9.709E+1
613.28	6.796E+1
613.61	1.068E+2
613.94	3.398E+1
614.26	-2.670E+1
614.59	3.884E+1
614.92	6.311E+1
615.25	-4.369E+1
615.57	-1.044E+2
615.90	-2.427E+0
616.23	-4.369E+1
616.56	-2.670E+1
616.88	5.583E+1
617.21	-4.854E+1
617.54	5.097E+1
617.87	-6.554E+1
618.19	1.456E+1
618.52	-1.092E+2
618.85	-7.282E+1
619.17	-4.369E+1
619.50	-9.709E+1
619.83	-4.126E+1
620.15	3.884E+1
620.48	-2.670E+1
620.81	1.092E+2
621.14	9.223E+1
621.46	3.641E+1
621.79	5.825E+1
622.11	4.854E+1
622.44	-6.554E+1
622.77	-2.427E+0
623.09	-7.039E+1
623.42	-6.796E+1
623.75	-3.884E+1
624.07	2.913E+1
624.40	9.223E+1
624.73	1.942E+1
625.05	-6.311E+1
625.38	-9.223E+1
625.70	1.942E+1
626.03	-6.068E+1
626.36	4.854E+1
626.68	-3.155E+1
627.01	4.126E+1
627.33	4.369E+1
627.66	-2.670E+1
627.99	1.165E+2
628.31	1.456E+1
628.64	-1.214E+2
628.96	3.155E+1
629.29	6.311E+1
629.61	-3.398E+1
629.94	2.670E+1
630.26	1.214E+1
630.59	6.554E+1
630.91	6.554E+1
631.24	8.495E+1
631.57	2.427E+1
631.89	0.000E+0
632.22	5.340E+1
632.54	-7.767E+1
632.87	4.854E+1
633.19	-5.583E+1
633.52	7.282E+1
633.84	-7.524E+1
634.16	4.854E+0
634.49	4.854E+0
634.81	0.000E+0
635.14	-2.427E+0
635.46	4.854E+1
635.79	1.699E+1
636.11	-1.214E+1
636.44	9.709E+0
636.76	5.825E+1
637.09	-5.340E+1
637.41	-1.141E+2
637.73	-7.282E+0
638.06	3.884E+1
638.38	0.000E+0
638.71	4.126E+1
639.03	-2.184E+1
639.36	1.214E+1
639.68	3.398E+1
640.00	0.000E+0
640.33	5.583E+1
640.65	-2.427E+1
640.97	3.641E+1
641.30	5.583E+1
641.62	-2.913E+1
641.95	1.699E+1
642.27	-3.641E+1
642.59	-3.398E+1
642.92	-2.670E+1
643.24	6.311E+1
643.56	-9.709E+0
643.89	-2.184E+1
644.21	-7.282E+0
644.53	-7.282E+0
644.86	-4.612E+1
645.18	4.369E+1
645.50	-2.184E+1
645.83	-3.884E+1
646.15	-6.068E+1
646.47	2.670E+1
646.80	2.427E+0
647.12	-4.612E+1
647.44	-5.825E+1
647.76	-1.942E+1
648.09	-2.670E+1
648.41	1.068E+2
648.73	2.427E+1
649.05	0.000E+0
649.38	6.796E+1
649.70	4.369E+1
650.02	6.311E+1
650.34	8.010E+1
650.67	-8.253E+1
650.99	4.854E+1
651.31	-2.670E+1
651.63	-5.097E+1
651.96	-9.709E+0
652.28	-2.427E+0
652.60	9.709E+0
652.92	-7.282E+0
653.24	2.184E+1
653.57	-1.068E+2
653.89	-9.466E+1
654.21	-1.942E+1
654.53	9.952E+1
654.85	-6.554E+1
655.18	0.000E+0
655.50	-7.767E+1
655.82	4.369E+1
656.14	3.155E+1
656.46	1.942E+1
656.78	4.854E+1
657.10	4.369E+1
657.43	4.612E+1
657.75	1.942E+1
658.07	9.223E+1
658.39	3.398E+1
658.71	1.214E+1
659.03	9.709E+0
659.35	3.884E+1
659.67	-3.641E+1
659.99	-3.155E+1
660.32	2.913E+1
660.64	3.884E+1
660.96	1.311E+2
661.28	4.612E+1
661.60	8.981E+1
661.92	0.000E+0
662.24	2.913E+1
662.56	-5.097E+1
662.88	-7.524E+1
663.20	-7.282E+0
663.52	-9.709E+0
663.84	4.369E+1
664.16	3.641E+1
664.48	2.427E+0
664.80	-3.884E+1
665.12	-7.767E+1
665.44	-1.214E+1
665.76	-1.214E+1
666.08	1.214E+2
666.40	-4.854E+0
666.72	2.427E+1
667.04	8.495E+1
667.36	1.942E+1
667.68	1.699E+1
668.00	-3.155E+1
668.32	-1.699E+1
668.64	4.612E+1
668.96	-7.282E+1
669.28	-1.699E+1
669.60	-3.884E+1
669.92	1.214E+1
670.24	1.699E+1
670.56	-4.126E+1
670.88	-9.466E+1
671.20	7.282E+1
671.52	7.039E+1
671.84	1.456E+1
672.16	3.155E+1
672.47	2.427E+1
672.79	1.214E+1
673.11	-2.427E+1
673.43	1.214E+1
673.75	-2.427E+0
674.07	5.583E+1
674.39	6.311E+1
674.71	9.466E+1
675.03	4.854E+0
675.34	-7.282E+0
675.66	0.000E+0
675.98	-3.155E+1
676.30	-7.767E+1
676.62	1.214E+1
676.94	2.184E+1
677.25	1.117E+2
677.57	-2.670E+1
677.89	-3.398E+1
678.21	2.184E+1
678.53	-3.398E+1
678.85	1.699E+1
679.16	-2.184E+1
679.48	3.641E+1
679.80	3.641E+1
680.12	-4.126E+1
680.44	-5.097E+1
680.75	-5.340E+1
681.07	-6.554E+1
681.39	-6.068E+1
681.71	-1.456E+1
682.02	5.583E+1
682.34	-2.184E+1
682.66	-1.214E+1
682.98	1.699E+1
683.29	-3.641E+1
683.61	3.155E+1
683.93	2.427E+1
684.25	-4.369E+1
684.56	-4.854E+1
684.88	-4.612E+1
685.20	7.282E+0
685.51	2.670E+1
685.83	6.554E+1
686.15	-1.456E+1
686.47	2.184E+1
686.78	-2.913E+1
687.10	-6.796E+1
687.42	-1.942E+1
687.73	-1.238E+2
688.05	-4.854E+0
688.37	-5.825E+1
688.68	-3.884E+1
689.00	1.942E+1
689.32	9.223E+1
689.63	-3.155E+1
689.95	3.398E+1
690.26	-1.019E+2
690.58	-8.253E+1
690.90	-7.282E+0
691.21	-1.214E+1
691.53	1.214E+1
691.85	4.612E+1
692.16	-5.583E+1
692.48	4.612E+1
692.79	2.427E+1
693.11	-3.641E+1
693.42	1.165E+2
693.74	6.554E+1
694.06	-5.340E+1
694.37	1.214E+1
694.69	-7.524E+1
695.00	1.456E+1
695.32	0.000E+0
695.63	-2.184E+1
695.95	9.223E+1
696.26	-4.369E+1
696.58	-1.699E+1
696.90	-1.456E+1
697.21	-7.767E+1
697.53	-2.670E+1
697.84	5.097E+1
698.16	-4.612E+1
698.47	2.670E+1
698.79	-1.408E+2
699.10	-9.223E+1
699.42	-4.854E+0
699.73	-3.641E+1
700.05	-9.709E+0
700.36	-1.044E+2
700.68	-1.044E+2
700.99	1.335E+2
701.30	5.583E+1
701.62	-1.942E+1
701.93	9.709E+0
702.25	5.097E+1
702.56	-1.942E+1
702.88	2.913E+1
703.19	4.369E+1
703.50	-1.019E+2
703.82	-9.709E+0
704.13	4.854E+0
704.45	4.369E+1
704.76	3.641E+1
705.08	2.670E+1
705.39	-7.767E+1
705.70	2.670E+1
706.02	-3.155E+1
706.33	6.068E+1
706.64	2.670E+1
706.96	-3.398E+1
707.27	-8.981E+1
707.59	-7.767E+1
707.90	4.612E+1
708.21	-5.825E+1
708.53	-7.039E+1
708.84	9.466E+1
709.15	-5.825E+1
709.47	4.854E+1
709.78	-2.913E+1
710.09	-1.699E+1
710.41	-6.311E+1
710.72	-1.942E+1
711.03	3.884E+1
711.34	3.884E+1
711.66	8.981E+1
711.97	-3.641E+1
712.28	4.854E+0
712.60	-1.942E+1
712.91	6.311E+1
713.22	-2.427E+0
713.53	-3.398E+1
713.85	-7.282E+0
714.16	0.000E+0
714.47	-3.155E+1
714.78	2.427E+0
715.10	5.097E+1
715.41	-2.184E+1
715.72	0.000E+0
716.03	-9.709E+1
716.35	-1.092E+2
716.66	3.155E+1
716.97	7.524E+1
717.28	7.282E+1
717.59	4.854E+1
717.91	7.282E+0
718.22	-1.456E+1
718.53	2.184E+1
718.84	7.524E+1
719.15	-3.398E+1
719.46	-7.524E+1
719.78	-3.641E+1
720.09	-7.524E+1
720.40	4.854E+0
720.71	-3.641E+1
721.02	7.039E+1
721.33	4.612E+1
721.65	9.709E+0
721.96	-7.039E+1
722.27	8.253E+1
722.58	5.097E+1
722.89	-5.583E+1
723.20	3.884E+1
723.51	-2.670E+1
723.82	-4.126E+1
724.13	-1.214E+1
724.45	-2.184E+1
724.76	9.709E+0
725.07	-6.796E+1
725.38	2.670E+1
725.69	-6.311E+1
726.00	-6.796E+1
726.31	8.738E+1
726.62	-1.456E+1
726.93	-4.612E+1
727.24	-2.670E+1
727.55	-7.282E+1
727.86	1.214E+2
728.17	-1.214E+1
728.48	-3.641E+1
728.79	3.884E+1
729.10	-2.184E+1
729.41	7.039E+1
729.72	9.709E+0
730.03	4.369E+1
730.34	-3.398E+1
730.65	4.854E+1
730.96	-2.427E+0
731.27	6.796E+1
731.58	2.670E+1
731.89	2.427E+0
732.20	-7.282E+1
732.51	4.854E+0
732.82	3.884E+1
733.13	-2.184E+1
733.44	2.913E+1
733.75	1.699E+1
734.06	2.184E+1
734.37	2.913E+1
734.68	6.068E+1
734.98	0.000E+0
735.29	-5.583E+1
735.60	-4.854E+0
735.91	1.942E+1
736.22	-7.282E+1
736.53	-3.884E+1
736.84	2.670E+1
737.15	1.214E+1
737.46	4.854E+1
737.77	3.641E+1
738.07	-4.854E+0
738.38	-6.554E+1
738.69	3.884E+1
739.00	1.019E+2
739.31	-2.184E+1
739.62	1.214E+1
739.92	-8.981E+1
740.23	-1.019E+2
740.54	-4.126E+1
740.85	-4.854E+0
741.16	-5.825E+1
741.47	-1.117E+2
741.77	-1.286E+2
742.08	1.699E+1
742.39	8.495E+1
742.70	-9.709E+0
743.01	-1.044E+2
743.31	1.456E+1
743.62	-1.214E+1
743.93	-1.141E+2
744.24	-1.942E+1
744.54	-4.854E+1
744.85	-1.092E+2
745.16	-3.641E+1
745.47	2.427E+0
745.77	8.738E+1
746.08	-3.398E+1
746.39	1.238E+2
746.70	-1.626E+2
747.00	3.155E+1
747.31	-4.854E+0
747.62	-1.699E+1
747.92	4.854E+0
748.23	-2.670E+1
748.54	-3.641E+1
748.84	-5.097E+1
749.15	2.184E+1
749.46	5.097E+1
749.76	5.340E+1
750.07	5.097E+1
750.38	3.155E+1
750.68	5.340E+1
750.99	-1.456E+1
751.30	-1.214E+1
751.60	-4.854E+1
751.91	-3.641E+1
752.22	-7.282E+0
752.52	-7.039E+1
752.83	-9.952E+1
753.14	2.427E+1
753.44	6.068E+1
753.75	1.699E+1
754.05	-1.141E+2
754.36	4.854E+1
754.67	6.554E+1
754.97	-7.039E+1
755.28	5.825E+1
755.58	-4.612E+1
755.89	-7.767E+1
756.19	8.253E+1
756.50	8.981E+1
756.81	1.942E+1
757.11	5.340E+1
757.42	1.068E+2
757.72	-4.126E+1
758.03	-9.709E+0
758.33	6.311E+1
758.64	3.641E+1
758.94	0.000E+0
759.25	-4.612E+1
759.55	-2.427E+1
759.86	-2.427E+0
760.16	-7.767E+1
760.47	-6.796E+1
760.77	7.282E+0
761.08	4.126E+1
761.38	-5.825E+1
761.69	2.913E+1
761.99	3.884E+1
762.30	-3.884E+1
762.60	7.282E+0
762.91	-7.282E+1
763.21	-9.709E+0
763.51	7.767E+1
763.82	-3.884E+1
764.12	-2.427E+0
764.43	-7.039E+1
764.73	3.398E+1
765.04	-1.408E+2
765.34	5.340E+1
765.64	4.854E+1
765.95	-5.097E+1
766.25	8.010E+1
766.56	3.155E+1
766.86	-2.427E+0
767.16	6.311E+1
767.47	-9.709E+0
767.77	-1.214E+1
768.07	4.854E+1
768.38	2.427E+0
768.68	4.126E+1
768.98	-8.738E+1
769.29	1.214E+1
769.59	5.340E+1
769.89	8.738E+1
770.20	9.466E+1
770.50	9.223E+1
770.80	-3.155E+1
771.11	-1.578E+2
771.41	-6.311E+1
771.71	-1.214E+1
772.02	-2.184E+1
772.32	-5.340E+1
772.62	8.495E+1
772.93	-2.670E+1
773.23	-6.554E+1
773.53	-5.340E+1
773.83	-6.068E+1
774.14	2.184E+1
774.44	-3.884E+1
774.74	-2.427E+1
775.04	-1.699E+1
775.35	1.942E+1
775.65	4.854E+1
775.95	-4.854E+0
776.25	-1.699E+1
776.55	9.709E+0
776.86	9.709E+0
777.16	5.825E+1
777.46	1.214E+1
777.76	-4.854E+1
778.06	9.709E+0
778.37	-4.854E+0
778.67	5.340E+1
778.97	-4.854E+1
779.27	5.825E+1
779.57	-9.709E+0
779.88	-2.427E+0
780.18	-3.155E+1
780.48	-3.884E+1
780.78	3.884E+1
781.08	5.340E+1
781.38	-7.282E+0
781.68	-7.767E+1
781.98	-8.738E+1
782.29	-1.456E+1
782.59	4.126E+1
782.89	1.699E+1
783.19	-5.825E+1
783.49	4.854E+0
783.79	-1.141E+2
784.09	-8.495E+1
784.39	2.913E+1
784.69	5.825E+1
784.99	5.097E+1
785.30	1.456E+1
785.60	1.942E+1
785.90	4.369E+1
786.20	-7.282E+1
786.50	2.670E+1
786.80	3.641E+1
787.10	-4.854E+1
787.40	-2.184E+1
787.70	-1.214E+1
788.00	1.699E+1
788.30	-6.796E+1
788.60	8.253E+1
788.90	1.214E+1
789.20	-7.524E+1
789.50	-7.282E+0
789.80	8.253E+1
790.10	-2.427E+0
790.40	1.942E+1
790.70	7.282E+0
791.00	-4.854E+0
791.30	-1.214E+1
791.60	-1.456E+1
791.90	5.340E+1
792.20	-2.913E+1
792.50	4.126E+1
792.79	1.942E+1
793.09	2.427E+0
793.39	2.670E+1
793.69	4.854E+0
793.99	-9.709E+0
794.29	-2.427E+1
794.59	-2.427E+0
794.89	-1.214E+1
795.19	-3.641E+1
795.49	-7.282E+1
795.79	-6.554E+1
796.08	3.641E+1
796.38	-2.427E+0
796.68	1.456E+1
796.98	-2.427E+0
797.28	2.427E+0
797.58	6.554E+1
797.88	-2.670E+1
798.17	1.432E+2
798.47	-3.884E+1
798.77	4.612E+1
799.07	-1.699E+1
799.37	-4.854E+0
799.67	-2.670E+1
799.96	1.456E+1
800.26	-3.398E+1
800.56	1.214E+1
800.86	7.524E+1
801.16	-9.466E+1
801.45	7.524E+1
801.75	1.214E+1
802.05	8.981E+1
802.35	4.854E+1
802.64	-1.117E+2
802.94	-7.282E+0
803.24	-8.010E+1
803.54	-1.456E+1
803.83	4.854E+1
804.13	-5.583E+1
804.43	-9.709E+0
804.73	-2.913E+1
805.02	-7.282E+0
805.32	-4.854E+1
805.62	9.709E+0
805.91	7.282E+1
806.21	-9.223E+1
806.51	3.641E+1
806.81	2.913E+1
807.10	-9.709E+1
807.40	-5.583E+1
807.70	-9.466E+1
807.99	2.913E+1
808.29	-4.854E+0
808.59	-6.796E+1
808.88	-7.282E+0
809.18	1.699E+1
809.47	-7.767E+1
809.77	3.155E+1
810.07	0.000E+0
810.36	4.612E+1
810.66	1.942E+1
810.96	-4.854E+0
811.25	-9.709E+1
811.55	-4.854E+0
811.84	5.825E+1
812.14	-1.359E+2
812.44	6.554E+1
812.73	1.456E+1
813.03	4.126E+1
813.32	6.311E+1
813.62	4.369E+1
813.91	-3.398E+1
814.21	-5.583E+1
814.51	-1.942E+1
814.80	7.524E+1
815.10	-5.583E+1
815.39	-7.039E+1
815.69	-5.583E+1
815.98	-9.709E+0
816.28	3.398E+1
816.57	-5.583E+1
816.87	-3.155E+1
817.16	1.529E+2
817.46	-2.427E+1
817.75	-5.097E+1
818.05	1.214E+2
818.34	7.282E+1
818.64	9.709E+1
818.93	-5.097E+1
819.23	-6.311E+1
819.52	-1.238E+2
819.82	-5.583E+1
820.11	-2.913E+1
820.40	-8.010E+1
820.70	5.583E+1
820.99	4.854E+0
821.29	-1.699E+1
821.58	1.942E+1
821.88	-2.670E+1
822.17	-1.456E+1
822.46	5.097E+1
822.76	-5.097E+1
823.05	6.311E+1
823.35	9.466E+1
823.64	1.699E+1
823.93	6.068E+1
824.23	1.942E+1
824.52	-3.641E+1
824.81	9.709E+1
825.11	1.432E+2
825.40	-1.044E+2
825.69	-3.884E+1
825.99	-3.641E+1
826.28	-4.854E+1
826.58	1.456E+1
826.87	6.311E+1
827.16	6.311E+1
827.45	2.427E+1
827.75	-2.913E+1
828.04	-3.155E+1
828.33	7.039E+1
828.63	4.612E+1
828.92	2.184E+1
829.21	4.369E+1
829.51	3.884E+1
829.80	-7.282E+1
830.09	-3.398E+1
830.38	-6.554E+1
830.68	8.495E+1
830.97	-1.942E+1
831.26	5.583E+1
831.55	7.282E+0
831.85	-6.311E+1
832.14	-5.825E+1
832.43	-6.796E+1
832.72	-1.214E+1
833.01	4.854E+0
833.31	-8.010E+1
833.60	3.398E+1
833.89	-9.709E+0
834.18	-3.398E+1
834.47	1.214E+1
834.77	9.466E+1
835.06	-1.238E+2
835.35	2.427E+1
835.64	-9.952E+1
835.93	1.214E+1
836.22	3.641E+1
836.52	-4.854E+1
836.81	7.282E+0
837.10	2.184E+1
837.39	4.369E+1
837.68	-1.456E+1
837.97	-1.262E+2
838.26	1.456E+1
838.55	-4.126E+1
838.85	-7.282E+0
839.14	-3.155E+1
839.43	4.369E+1
839.72	-3.641E+1
840.01	-3.155E+1
840.30	6.311E+1
840.59	-7.039E+1
840.88	-1.699E+1
841.17	4.612E+1
841.46	2.427E+0
841.75	-8.010E+1
842.04	1.068E+2
842.33	1.942E+1
842.62	-1.238E+2
842.91	-1.699E+1
843.21	9.709E+0
843.50	-1.019E+2
843.79	-6.311E+1
844.08	7.039E+1
844.37	3.155E+1
844.66	-1.942E+1
844.95	3.155E+1
845.24	-3.641E+1
845.53	-1.432E+2
845.81	-6.068E+1
846.10	-6.311E+1
846.39	4.854E+1
846.68	-9.709E+0
846.97	-1.019E+2
847.26	4.854E+0
847.55	6.554E+1
847.84	-4.854E+0
848.13	8.738E+1
848.42	-1.214E+1
848.71	6.068E+1
849.00	7.282E+1
849.29	2.184E+1
849.58	-3.884E+1
849.87	5.583E+1
850.15	2.427E+0
850.44	-1.214E+1
850.73	4.612E+1
851.02	-1.311E+2
851.31	-7.282E+1
851.60	6.311E+1
851.89	3.155E+1
852.18	-2.913E+1
852.46	-7.282E+0
852.75	2.184E+1
853.04	-1.214E+1
853.33	9.709E+0
853.62	5.340E+1
853.91	7.524E+1
854.19	3.884E+1
854.48	5.340E+1
854.77	-6.311E+1
855.06	-7.039E+1
855.35	2.427E+1
855.63	-1.942E+1
855.92	-6.068E+1
856.21	8.981E+1
856.50	4.854E+0
856.79	2.184E+1
857.07	-4.854E+1
857.36	-7.282E+0
857.65	-4.126E+1
857.94	9.466E+1
858.22	7.039E+1
858.51	-4.369E+1
858.80	2.184E+1
859.08	9.709E+0
859.37	8.981E+1
859.66	1.699E+1
859.95	-3.155E+1
860.23	7.767E+1
860.52	-9.709E+0
860.81	1.068E+2
861.09	1.699E+1
861.38	-7.039E+1
861.67	5.825E+1
861.95	-1.505E+2
862.24	-1.456E+1
862.53	8.010E+1
862.81	1.456E+1
863.10	2.913E+1
863.39	6.068E+1
863.67	1.214E+1
863.96	-4.369E+1
864.25	-6.068E+1
864.53	3.884E+1
864.82	-7.524E+1
865.10	3.398E+1
865.39	-1.044E+2
865.68	1.699E+1
865.96	8.253E+1
866.25	-3.155E+1
866.53	-3.155E+1
866.82	-3.155E+1