-149.870863	68.996668	80.020000	-63.243164
-149.809828	68.877039	80.020000	-63.294434
-149.345961	68.752527	80.020000	-63.228516
-149.278822	68.591395	80.020000	-63.038086
-148.937025	68.481531	80.020000	-63.113770
-148.760023	68.369227	80.020000	-63.135742
-148.705092	68.120203	80.020000	-63.001465
-148.662367	68.042078	80.020000	-63.084473
-148.082533	67.924891	80.020000	-63.135742
-147.832289	67.922449	80.020000	-63.082031
-147.600355	68.024988	80.020000	-63.145508
-147.319594	68.132410	80.020000	-62.942871
-146.562758	68.230066	80.020000	-63.238281
-146.098891	68.374109	80.020000	-63.089355
-145.860854	68.483973	80.020000	-62.918457
-145.274916	68.718348	80.020000	-62.957520
-145.024672	68.872156	80.020000	-63.060059
-144.664564	68.991785	80.020000	-62.937988
-144.322768	69.082117	80.020000	-63.309082
-143.779555	69.165125	80.020000	-63.169922
-143.346205	69.260340	80.020000	-63.121094
-142.333021	69.318934	80.020000	-63.001465
-141.246596	69.213953	80.020000	-62.859863
-140.495863	69.123621	80.020000	-62.862305
-139.696303	68.977137	80.020000	-62.928223
-138.884535	68.957605	80.020000	-62.933105
-138.261977	68.803797	80.020000	-62.962402
-137.486830	68.713465	80.020000	-62.984375
-136.705580	68.647547	80.020000	-63.123535
-135.655775	68.591395	80.020000	-62.806152
-134.428969	68.457117	80.020000	-62.896484
-132.170668	68.278895	80.020000	-62.876953
-129.344740	68.364344	80.020000	-62.979492
-125.847426	68.264246	80.020000	-62.747559
-121.251479	68.205652	80.020000	-62.854980
-115.978041	68.110438	80.020000	-62.830566
-109.850111	68.151941	80.020000	-62.815918
-102.623549	68.071375	80.020000	-62.803711
-94.566908	68.029871	80.020000	-62.901367
-86.247816	67.998133	80.020000	-62.640137
-77.708998	68.134852	80.020000	-62.964844
-70.250502	68.076258	80.020000	-62.784180
-63.365736	68.220301	80.020000	-62.837891
-58.287611	68.210535	80.020000	-62.925781
-53.807631	68.225184	80.020000	-63.118652
-49.828139	68.310633	80.020000	-62.974609
-46.367445	68.154383	80.020000	-62.715820
-43.993178	68.142176	80.020000	-62.933105
-41.960707	68.059168	80.020000	-62.828125
-41.118422	68.117762	80.020000	-62.979492
-40.874281	67.941980	80.020000	-63.157715
-40.581313	67.773523	80.020000	-62.808594
-47.868910	67.631922	80.020000	-62.874512
-53.514662	67.456141	80.020000	-63.040527
-60.185805	67.353602	80.020000	-63.091797
-66.472426	67.273035	80.020000	-62.774414
-72.868910	67.087488	80.020000	-62.762207
-77.934828	66.992273	80.020000	-62.867187
-83.348646	66.919031	80.020000	-62.752441
-88.780775	66.860438	80.020000	-62.784180
-94.780531	66.767664	80.020000	-62.930664
-101.085463	66.777430	80.020000	-63.023437
-107.250014	66.733484	80.020000	-63.033203
-113.500014	66.838465	80.020000	-63.147949
-118.791762	66.814051	80.020000	-62.898926
-123.235121	66.938563	80.020000	-62.793945
-126.524916	66.894617	80.020000	-62.977051
-129.204359	67.033777	80.020000	-63.006348
-131.529799	67.172938	80.020000	-62.933105
-133.464613	67.177820	80.020000	-63.079590
-135.167494	67.221766	80.020000	-62.984375
-136.198988	67.136316	80.020000	-63.013672
-137.468520	67.233973	80.020000	-63.001465
-138.353529	67.202234	80.020000	-62.999023
-138.963881	67.226648	80.020000	-62.828125
-139.732924	67.148523	80.020000	-63.042969
-140.605727	67.075281	80.020000	-62.745117
-140.984145	66.897059	80.020000	-62.925781
-141.673842	66.838465	80.020000	-63.348145
-142.394057	66.750574	80.020000	-62.950195
-143.205824	66.679773	80.020000	-62.828125
-144.139662	66.516199	80.020000	-62.640137
-145.256605	66.430750	80.020000	-63.028320
-145.610609	66.213465	80.020000	-63.060059
-146.062270	66.113367	80.020000	-62.752441
-146.599379	65.998621	80.020000	-62.901367
-146.831312	65.932703	80.020000	-62.784180
-147.167006	65.800867	80.020000	-62.779297
-147.331801	65.708094	80.020000	-62.862305
-147.673598	65.705652	80.020000	-62.916016
-148.174086	65.673914	80.020000	-63.055176
-148.161879	65.695887	80.020000	-62.803711
-148.747816	65.673914	80.020000	-62.852539
-148.998061	65.703211	80.020000	-63.062500
-149.120131	65.607996	80.020000	-62.774414
-149.376479	65.600672	80.020000	-62.920898
-149.596205	65.573816	80.020000	-62.950195
-149.699965	65.576258	80.020000	-63.060059
-149.693861	65.622645	80.020000	-62.903809
-149.962416	65.671473	80.020000	-62.928223
-150.029555	65.620203	80.020000	-62.916016
-150.005141	65.515223	80.020000	-63.057617
-150.249281	65.393152	80.020000	-63.033203
-150.237074	65.290613	80.020000	-62.876953
-150.224867	65.224695	80.020000	-62.793945
-150.322523	65.117273	80.020000	-62.933105
-150.163832	64.990320	80.020000	-62.845215
-150.285902	64.899988	80.020000	-62.947754
-150.395766	64.748621	80.020000	-62.969727
-150.401869	64.624109	80.020000	-63.150391
-150.328627	64.580164	80.020000	-62.967285
-150.334730	64.450770	80.020000	-62.898926
-150.371352	64.235926	80.020000	-62.937988
-150.200453	64.235926	80.020000	-62.803711
-150.005141	64.079676	80.020000	-62.913574
-149.925795	63.842859	80.020000	-63.006348
-150.121107	63.706141	80.020000	-62.688965
-150.292006	63.691492	80.020000	-62.933105
-150.237074	63.593836	80.020000	-63.030762
-150.523939	63.510828	80.020000	-62.918457
-150.511732	63.503504	80.020000	-62.981934
-150.719252	63.459559	80.020000	-63.001465
-150.829115	63.425379	80.020000	-62.999023
-151.201430	63.344813	80.020000	-63.094238
-151.000014	63.400965	80.020000	-63.096680
-151.164809	63.300867	80.020000	-63.106445
-151.146498	63.317957	80.020000	-62.874512
-151.341811	63.166590	80.020000	-63.111328
-151.561537	63.076258	80.020000	-62.881836
-151.628676	63.061609	80.020000	-62.930664
-151.634779	62.890711	80.020000	-63.057617
-151.762953	62.775965	80.020000	-63.211426
-151.946059	62.573328	80.020000	-62.830566
-151.970473	62.492762	80.020000	-63.228516
-152.013197	62.387781	80.020000	-62.967285
-152.031508	62.229090	80.020000	-62.972168
-152.000990	62.087488	80.020000	-63.089355
-152.147475	61.870203	80.020000	-62.803711
-152.068129	61.838465	80.020000	-63.050293
-151.921645	61.799402	80.020000	-62.906250
-151.830092	61.640711	80.020000	-63.064941
-151.738539	61.545496	80.020000	-63.013672
-151.634779	61.491785	80.020000	-63.047852
-151.451674	61.535730	80.020000	-63.020996
-151.085463	61.413660	80.020000	-63.331055
-150.932875	61.425867	80.020000	-63.064941
-150.627699	61.364832	80.020000	-63.045410
-150.407973	61.250086	80.020000	-62.969727
-149.797621	61.335535	80.020000	-63.123535
-149.175062	61.328211	80.020000	-63.223633
-148.918715	61.316004	80.020000	-63.064941
-148.320570	61.320887	80.020000	-62.896484
-147.704115	61.367273	80.020000	-62.972168
-146.996107	61.359949	80.020000	-63.174805
-146.220961	61.316004	80.020000	-63.226074
-145.525160	61.342859	80.020000	-62.979492
-145.177260	61.201258	80.020000	-62.981934
-144.640150	61.186609	80.020000	-62.945312
-144.005385	61.157313	80.020000	-62.942871
-143.437758	60.959559	80.020000	-62.903809
-143.285170	60.830164	80.020000	-62.952637
-143.095961	60.698328	80.020000	-62.967285
-143.193617	60.551844	80.020000	-63.223633
-143.181410	60.407801	80.020000	-63.130859
-143.303480	60.244227	80.020000	-63.194336
-143.749037	60.114832	80.020000	-63.062500
-144.194594	60.039148	80.020000	-63.201660
-144.896498	59.914637	80.020000	-63.104004
-145.689955	59.885340	80.020000	-63.184570
-146.214857	59.843836	80.020000	-63.147949
-146.983900	59.748621	80.020000	-63.187012
-147.777357	59.702234	80.020000	-63.287109
-148.521986	59.682703	80.020000	-63.179687
-149.272719	59.619227	80.020000	-63.240723
-149.547377	59.638758	80.020000	-63.201660
-150.133314	59.641199	80.020000	-63.130859
-150.346937	59.636316	80.020000	-63.074707
-150.597182	59.663172	80.020000	-63.167480
-150.938979	59.668055	80.020000	-63.160156
-151.164809	59.699793	80.020000	-63.118652
-151.451674	59.692469	80.020000	-63.277344
-151.482191	59.714441	80.020000	-63.477539
-151.604262	59.594813	80.020000	-63.245605
-151.836195	59.538660	80.020000	-62.942871
-151.830092	59.480066	80.020000	-63.145508
-151.909437	59.379969	80.020000	-63.294434
-152.129164	59.267664	80.020000	-63.106445
-151.958266	59.170008	80.020000	-63.174805
-152.092543	59.045496	80.020000	-62.952637
-152.153578	58.901453	80.020000	-63.223633
-152.257338	58.735438	80.020000	-63.003906
-152.037611	58.591395	80.020000	-63.013672
-152.269545	58.569422	80.020000	-63.045410
-152.208510	58.440027	80.020000	-63.013672
-152.177992	58.266688	80.020000	-62.974609
-152.275648	58.217859	80.020000	-63.020996
-152.281752	58.203211	80.020000	-62.928223
-152.055922	58.095789	80.020000	-63.191895
-151.958266	58.034754	80.020000	-62.913574
-151.793471	57.959070	80.020000	-63.020996
-151.640883	57.888270	80.020000	-63.025879
-151.640883	57.793055	80.020000	-63.138184
-151.390639	57.805262	80.020000	-63.040527
-151.122084	57.639246	80.020000	-62.955078
-150.963393	57.688074	80.020000	-63.226074
-150.694838	57.634363	80.020000	-63.018555
-150.633803	57.504969	80.020000	-63.108887
-150.285902	57.380457	80.020000	-63.150391
-149.925795	57.368250	80.020000	-63.050293
-149.583998	57.273035	80.020000	-63.084473
-149.303236	57.255945	80.020000	-63.003906
-148.985854	57.148523	80.020000	-63.096680
-148.625746	57.004480	80.020000	-62.959961
-148.113051	56.848230	80.020000	-62.771973
-147.484389	56.704188	80.020000	-63.094238
-146.721449	56.684656	80.020000	-62.747559
-146.367445	56.486902	80.020000	-63.011230
-145.146742	56.369715	80.020000	-63.082031
-144.286146	56.247645	80.020000	-63.079590
-142.870131	56.066980	80.020000	-62.947754
-141.594496	55.983973	80.020000	-63.240723
-139.757338	55.871668	80.020000	-63.135742
-137.651625	55.776453	80.020000	-63.013672
-135.008803	55.681238	80.020000	-63.172363
-132.268324	55.678797	80.020000	-63.140625
-129.173842	55.644617	80.020000	-63.011230
-125.438490	55.615320	80.020000	-62.940430
-121.568861	55.595789	80.020000	-62.959961
-117.845717	55.622645	80.020000	-62.972168
-114.439955	55.527430	80.020000	-63.191895
-111.485854	55.522547	80.020000	-62.981934
-108.757582	55.437098	80.020000	-62.874512
-107.121840	55.461512	80.020000	-63.121094
-106.438246	55.383387	80.020000	-63.160156
-106.627455	55.366297	80.020000	-63.079590
-107.982436	55.315027	80.020000	-62.967285
-109.544936	55.170984	80.020000	-63.150391
-112.157240	55.173426	80.020000	-62.999023
-114.995375	55.083094	80.020000	-62.867187
-117.613783	54.924402	80.020000	-63.025879
-120.384779	54.775477	80.020000	-63.057617
-122.923842	54.690027	80.020000	-63.218750
-125.865736	54.543543	80.020000	-63.140625
-128.648939	54.375086	80.020000	-63.113770
-131.310072	54.245691	80.020000	-63.035645
-133.666029	54.133387	80.020000	-62.925781
-136.223402	54.096766	80.020000	-62.979492
-138.274184	54.001551	80.020000	-62.852539
-140.398207	53.916102	80.020000	-63.226074
-141.838637	53.842859	80.020000	-63.113770
-143.211928	53.794031	80.020000	-62.933105
-144.505873	53.818445	80.020000	-62.969727
-145.470229	53.732996	80.020000	-62.754883
-146.166029	53.784266	80.020000	-62.898926
-146.977797	53.750086	80.020000	-62.874512
-147.667494	53.845301	80.020000	-63.038086
-148.100844	53.813563	80.020000	-63.023437
-148.674574	53.859949	80.020000	-62.723145
-149.077406	53.886805	80.020000	-62.913574
-149.352064	53.767176	80.020000	-62.906250
-149.577895	53.906336	80.020000	-62.930664
-149.846449	53.762293	80.020000	-62.825684
-150.041762	53.808680	80.020000	-63.003906
-150.224867	53.806238	80.020000	-63.150391
-150.591078	53.754969	80.020000	-63.179687
-150.737562	53.708582	80.020000	-62.930664
-150.615492	53.649988	80.020000	-62.930664
-150.713148	53.464441	80.020000	-62.979492
-151.085463	53.325281	80.020000	-63.033203
-151.018324	53.203211	80.020000	-63.262695
-151.152602	53.112879	80.020000	-62.999023
-151.073256	52.981043	80.020000	-63.135742
-151.244154	52.729578	80.020000	-62.835449
-151.341811	52.558680	80.020000	-63.162598
-151.329604	52.351160	80.020000	-63.157715
-151.494398	52.280359	80.020000	-63.094238
-151.573744	52.102137	80.020000	-62.999023
-151.598158	51.857996	80.020000	-62.876953
-151.482191	51.848230	80.020000	-62.872070
-151.531020	51.701746	80.020000	-62.903809
-151.628676	51.613855	80.020000	-63.055176
-151.714125	51.516199	80.020000	-62.974609
-151.756850	51.455164	80.020000	-62.959961
-151.622572	51.430750	80.020000	-63.074707
-151.756850	51.345301	80.020000	-62.879395
-151.817885	51.294031	80.020000	-63.191895
-151.640883	51.147547	80.020000	-63.104004
-151.421156	51.066980	80.020000	-63.074707
-151.396742	50.959559	80.020000	-63.169922
-151.238051	50.822840	80.020000	-63.013672
-151.366225	50.742273	80.020000	-62.796387
-151.317396	50.673914	80.020000	-62.889160
-151.140395	50.627527	80.020000	-63.167480
-150.798598	50.556727	80.020000	-62.835449
-150.780287	50.400477	80.020000	-62.955078
-150.639906	50.319910	80.020000	-62.828125
-150.462904	50.258875	80.020000	-63.113770
-150.310316	50.136805	80.020000	-63.238281
-150.273695	50.080652	80.020000	-63.040527
-150.005141	50.029383	80.020000	-62.955078
-149.614516	49.968348	80.020000	-63.074707
-149.535170	49.958582	80.020000	-63.003906
-149.144545	49.878016	80.020000	-62.906250
-148.729506	49.880457	80.020000	-63.057617
-148.229018	49.816980	80.020000	-62.767090
-147.960463	49.880457	80.020000	-63.042969
-147.386732	49.851160	80.020000	-62.916016
-146.379652	49.799891	80.020000	-62.891602
-146.068373	49.936609	80.020000	-63.040527
-145.488539	49.956141	80.020000	-63.038086
-144.981947	49.882898	80.020000	-63.367676
-144.078627	49.846277	80.020000	-62.937988
-143.303480	49.892664	80.020000	-62.852539
-142.558852	49.714441	80.020000	-63.020996
-141.496840	49.770594	80.020000	-62.940430
-140.434828	49.604578	80.020000	-63.145508
-139.177504	49.587488	80.020000	-63.213867
-138.011732	49.458094	80.020000	-62.881836
-136.534682	49.272547	80.020000	-62.864746
-135.008803	49.209070	80.020000	-63.018555
-132.945814	49.023523	80.020000	-63.064941
-130.876723	48.872156	80.020000	-62.723145
-128.172865	48.806238	80.020000	-63.169922
-124.602309	48.674402	80.020000	-63.001465
-120.726576	48.562098	80.020000	-63.138184
-115.642348	48.400965	80.020000	-63.096680
-109.575453	48.234949	80.020000	-63.128418
-101.616469	48.139734	80.020000	-63.045410
-92.888441	48.015223	80.020000	-63.045410
-83.855238	48.000574	80.020000	-63.118652
-75.646010	47.873621	80.020000	-63.069824
-67.180434	47.780848	80.020000	-62.854980
-58.135023	47.788172	80.020000	-62.857422
-48.363295	47.778406	80.020000	-63.042969
-40.434828	47.771082	80.020000	-62.969727
-35.417738	47.810145	80.020000	-62.837891
-33.318129	47.727137	80.020000	-62.806152
-34.563246	47.780848	80.020000	-63.016113
-38.237563	47.822352	80.020000	-63.096680
-43.706313	47.736902	80.020000	-62.911133
-49.913588	47.712488	80.020000	-63.089355
-56.041518	47.775965	80.020000	-62.852539
-62.578383	47.678309	80.020000	-62.908691
-70.018568	47.622156	80.020000	-62.935547
-78.380385	47.612391	80.020000	-62.747559
-87.090102	47.387781	80.020000	-62.769531
-94.786635	47.380457	80.020000	-63.001465
-101.891127	47.331629	80.020000	-63.201660
-107.542982	47.243738	80.020000	-63.028320
-112.566176	47.150965	80.020000	-62.935547
-117.381850	46.967859	80.020000	-63.003906
-121.123305	46.928797	80.020000	-63.140625
-124.394789	46.843348	80.020000	-63.072266
-127.593031	46.794520	80.020000	-63.003906
-130.638686	46.770105	80.020000	-62.662109
-133.067885	46.718836	80.020000	-63.208984
-135.417738	46.613855	80.020000	-62.940430
-137.273207	46.486902	80.020000	-62.967285
-138.976088	46.423426	80.020000	-62.991699
-140.508070	46.330652	80.020000	-63.047852
-141.704359	46.232996	80.020000	-63.138184
-142.766371	46.213465	80.020000	-62.991699
-143.578139	46.145105	80.020000	-63.006348
-144.371596	46.076746	80.020000	-62.837891
-144.963637	46.032801	80.020000	-62.972168
-145.635023	45.991297	80.020000	-63.050293
-146.153822	45.896082	80.020000	-63.177246
-146.837416	45.896082	80.020000	-62.781738
-147.337904	45.737391	80.020000	-63.169922
-147.740736	45.686121	80.020000	-63.392090
-147.960463	45.532313	80.020000	-63.069824
-148.576918	45.390711	80.020000	-63.118652
-148.821059	45.312586	80.020000	-62.935547
-149.065199	45.163660	80.020000	-63.006348
-149.522963	45.127039	80.020000	-62.999023
-149.754896	44.914637	80.020000	-62.913574
-149.883070	44.763270	80.020000	-63.172363
-150.334730	44.670496	80.020000	-63.008789
-150.566664	44.477625	80.020000	-63.272461
-150.523939	44.289637	80.020000	-63.045410
-150.951186	44.201746	80.020000	-63.028320
-151.024428	44.128504	80.020000	-63.145508
-151.280775	43.972254	80.020000	-63.287109
-151.311293	43.779383	80.020000	-63.226074
-151.677504	43.701258	80.020000	-63.191895
-151.537123	43.532801	80.020000	-62.977051
-151.726332	43.447352	80.020000	-63.074707
-151.952162	43.237391	80.020000	-63.511719
-151.958266	43.088465	80.020000	-63.084473
-151.891127	42.922449	80.020000	-63.311523
-152.251234	42.668543	80.020000	-63.182129
-152.232924	42.426844	80.020000	-62.996582
-152.086439	42.192469	80.020000	-63.355469
-152.312270	41.926355	80.020000	-63.331055
-152.336684	41.633387	80.020000	-63.389648
-152.477064	41.418543	80.020000	-63.396973
-152.354994	41.040125	80.020000	-63.450684
-152.361098	40.786219	80.020000	-63.262695
-152.550307	40.427332	80.020000	-63.128418
-152.483168	40.188074	80.020000	-63.326172
-152.562514	39.841395	80.020000	-63.516602
-152.672377	39.577723	80.020000	-63.741211
-152.672377	39.206629	80.020000	-63.645996
-152.794447	38.891688	80.020000	-63.467773
-152.867689	38.615809	80.020000	-63.448242
-153.008070	38.339930	80.020000	-63.458008
-153.001967	38.090906	80.020000	-63.479980
-153.014174	37.766199	80.020000	-63.606934
-153.301039	37.492762	80.020000	-63.436035
-153.288832	37.182703	80.020000	-63.580078
-153.258314	36.997156	80.020000	-63.328613
-153.069105	36.767664	80.020000	-63.680176
-153.154555	36.613855	80.020000	-63.416504
-153.172865	36.496668	80.020000	-63.489746
-153.209486	36.357508	80.020000	-63.594727
-152.855482	36.362391	80.020000	-63.201660
-153.001967	36.245203	80.020000	-63.375000
-153.020277	36.232996	80.020000	-63.340820
-152.733412	36.264734	80.020000	-63.123535
-152.855482	36.262293	80.020000	-63.218750
-152.477064	36.189051	80.020000	-63.230957
-152.452650	36.137781	80.020000	-63.152832
-152.354994	36.286707	80.020000	-63.316406
-152.330580	36.171961	80.020000	-63.475098
-151.976576	36.223230	80.020000	-63.047852
-151.726332	36.215906	80.020000	-63.199219
-151.592055	36.152430	80.020000	-63.206543
-151.091566	36.208582	80.020000	-63.057617
-150.542250	36.123133	80.020000	-63.309082
-150.292006	36.001063	80.020000	-63.206543
-149.474135	36.001063	80.020000	-63.213867
-149.095717	35.947352	80.020000	-63.216309
-148.247328	35.854578	80.020000	-63.111328
-147.307387	35.849695	80.020000	-63.035645
-146.465102	35.642176	80.020000	-62.981934
-146.043959	35.354090	80.020000	-63.199219
-145.104018	35.283289	80.020000	-63.084473
-144.994154	34.897547	80.020000	-62.959961
-144.920912	34.514246	80.020000	-63.167480
-145.110121	33.950281	80.020000	-63.155273
-145.421400	33.403406	80.020000	-63.404297
-145.860854	32.741785	80.020000	-63.113770
-146.550551	32.089930	80.020000	-63.064941
-147.240248	31.457605	80.020000	-63.094238
-147.887221	30.737391	80.020000	-63.018555
-148.473158	29.985437	80.020000	-63.150391
-149.138441	29.526453	80.020000	-62.935547
-149.583998	28.806238	80.020000	-62.923340
-150.200453	28.369227	80.020000	-63.140625
-150.652113	27.802820	80.020000	-63.191895
-150.932875	27.399988	80.020000	-62.935547
-151.378432	27.016687	80.020000	-63.118652
-151.408949	26.623621	80.020000	-63.165039
-151.836195	26.301355	80.020000	-63.077148
-152.123061	26.005945	80.020000	-62.850098
-152.043715	25.722742	80.020000	-62.918457
-152.312270	25.459070	80.020000	-63.223633
-152.416029	25.363855	80.020000	-62.916016
-152.574721	25.217371	80.020000	-63.035645
-152.678480	25.200281	80.020000	-62.972168
-152.550307	25.258875	80.020000	-62.872070
-152.629652	25.415125	80.020000	-63.008789
-152.611342	25.681238	80.020000	-63.211426
-152.611342	25.930262	80.020000	-63.169922
-152.800551	26.284266	80.020000	-63.221191
-152.574721	26.772547	80.020000	-63.028320
-152.605238	27.080164	80.020000	-63.050293
-152.300062	27.439051	80.020000	-63.084473
-152.318373	27.815027	80.020000	-62.847656
-152.232924	28.037195	80.020000	-62.767090
-152.098646	28.300867	80.020000	-63.016113
-152.092543	28.508387	80.020000	-62.937988
-151.878920	28.703699	80.020000	-63.335937
-151.756850	28.791590	80.020000	-63.104004
-151.323500	28.913660	80.020000	-63.079590
-151.134291	28.879480	80.020000	-63.230957
-150.865736	28.913660	80.020000	-63.157715
-150.481215	28.708582	80.020000	-63.079590
-150.182143	28.754969	80.020000	-63.169922
-149.864760	28.530359	80.020000	-62.784180
-149.309340	28.269129	80.020000	-63.079590
-149.028578	27.915125	80.020000	-62.864746
-148.564711	27.587977	80.020000	-63.169922
-147.807875	27.116785	80.020000	-63.052734
-147.063246	26.718836	80.020000	-63.138184
-146.275893	26.240320	80.020000	-62.955078
-144.853773	25.629969	80.020000	-62.933105
-143.407240	25.200281	80.020000	-62.908691
-141.753187	24.611902	80.020000	-62.957520
-140.239516	24.123621	80.020000	-62.776855
-137.920180	23.662195	80.020000	-62.991699
-135.368910	23.259363	80.020000	-62.952637
-132.420912	22.810145	80.020000	-62.935547
-129.222670	22.473230	80.020000	-62.989258
-125.664320	22.163172	80.020000	-63.025879
-122.075453	21.887293	80.020000	-63.011230
-118.511000	21.560145	80.020000	-63.245605
-115.929213	21.450281	80.020000	-62.847656
-114.806166	21.257410	80.020000	-63.196777
-114.470473	21.115809	80.020000	-63.062500
-115.190687	20.922937	80.020000	-62.957520
-116.429701	21.032801	80.020000	-62.933105
-118.370619	21.057215	80.020000	-62.928223
-120.952406	21.211023	80.020000	-63.260254
-123.735609	21.450281	80.020000	-63.113770
-126.573744	21.782312	80.020000	-63.023437
-129.314223	22.094812	80.020000	-63.145508
-132.127943	22.536707	80.020000	-63.108887
-134.319105	23.073816	80.020000	-63.143066
-136.522475	23.542566	80.020000	-63.030762
-138.683119	24.150477	80.020000	-62.913574
-140.520277	24.685145	80.020000	-63.218750
-142.040053	25.275965	80.020000	-63.316406
-143.425551	25.832605	80.020000	-63.067383
-144.597426	26.384363	80.020000	-62.928223
-145.799818	26.870203	80.020000	-62.923340
-146.806898	27.385340	80.020000	-62.784180
-147.569838	27.910242	80.020000	-63.172363
-148.106947	28.376551	80.020000	-62.908691
-148.851576	28.852625	80.020000	-62.952637
-149.193373	29.265223	80.020000	-62.896484
-149.718275	29.702234	80.020000	-62.947754
-149.931898	30.002527	80.020000	-63.064941
-150.377455	30.476160	80.020000	-63.040527
-150.700941	30.783777	80.020000	-63.143066
-150.542250	31.098719	80.020000	-63.008789
-150.975600	31.377039	80.020000	-62.894043
-151.256361	31.621180	80.020000	-62.928223
-151.225844	31.814051	80.020000	-63.089355
-151.421156	32.136316	80.020000	-63.118652
-151.445570	32.302332	80.020000	-63.143066
-151.494398	32.434168	80.020000	-63.145508
-151.659193	32.673426	80.020000	-63.057617
-151.634779	32.849207	80.020000	-63.311523
-151.817885	32.988367	80.020000	-63.304199
-151.805678	33.132410	80.020000	-63.177246
-151.897230	33.300867	80.020000	-63.082031
-151.970473	33.208094	80.020000	-63.252930
-151.878920	33.371668	80.020000	-63.228516
-151.891127	33.488855	80.020000	-63.028320
-151.891127	33.542566	80.020000	-63.074707
-151.933852	33.581629	80.020000	-63.020996
-151.939955	33.647547	80.020000	-63.167480
-152.037611	33.669520	80.020000	-62.991699
-152.055922	33.823328	80.020000	-63.333496
-151.866713	33.847742	80.020000	-62.957520
-151.848402	33.938074	80.020000	-63.223633
-151.756850	33.847742	80.020000	-63.111328
-151.866713	33.930750	80.020000	-63.155273
-151.842299	33.828211	80.020000	-63.187012
-151.726332	33.977137	80.020000	-63.326172
-151.738539	33.933191	80.020000	-63.226074
-151.512709	33.864832	80.020000	-63.245605
-151.463881	33.750086	80.020000	-63.243164
-151.225844	33.703699	80.020000	-63.282227
-151.115980	33.508387	80.020000	-63.353027
-150.975600	33.376551	80.020000	-63.172363
-150.768080	33.154383	80.020000	-63.277344
-150.816908	33.024988	80.020000	-63.216309
-150.749770	32.832117	80.020000	-63.426270
-150.292006	32.629480	80.020000	-63.284668
-150.133314	32.429285	80.020000	-63.289551
-149.870863	32.241297	80.020000	-63.245605
-149.889174	32.026453	80.020000	-63.233398
-149.535170	31.818934	80.020000	-63.367676
-149.175062	31.501551	80.020000	-63.143066
-148.869887	31.347742	80.020000	-63.089355
-148.418227	31.157312	80.020000	-63.213867
-147.929945	30.910730	80.020000	-63.375000
-147.386732	30.695887	80.020000	-63.379883
-146.935072	30.349207	80.020000	-63.272461
-146.159926	30.131922	80.020000	-63.245605
-145.635023	29.980555	80.020000	-63.218750
-144.981947	29.672937	80.020000	-63.460449
-143.932143	29.572840	80.020000	-63.116211
-142.931166	29.392176	80.020000	-63.389648
-141.966811	29.213953	80.020000	-63.252930
-140.709486	29.069910	80.020000	-63.370117
-139.378920	28.913660	80.020000	-63.487305
-138.091078	28.813562	80.020000	-63.267578
-136.473646	28.720789	80.020000	-63.516602
-134.764662	28.635340	80.020000	-63.184570
-132.628432	28.466883	80.020000	-63.541016
-130.376234	28.444910	80.020000	-63.145508
-127.678480	28.357020	80.020000	-63.350586
-124.400893	28.244715	80.020000	-63.257812
-120.445814	28.327723	80.020000	-63.265137
-115.666762	28.225184	80.020000	-63.250488
-110.075941	28.132410	80.020000	-63.350586
-103.832045	28.242273	80.020000	-63.069824
-95.982924	28.271570	80.020000	-63.157715
-87.010756	28.264246	80.020000	-63.265137
-77.062025	28.288660	80.020000	-63.252930
-66.411391	28.393641	80.020000	-63.079590
-55.034438	28.432703	80.020000	-63.133301
-43.968764	28.432703	80.020000	-63.187012
-35.069838	28.386316	80.020000	-63.304199
-28.276625	28.464441	80.020000	-63.157715
-24.767104	28.369227	80.020000	-63.301758
-25.145521	28.357020	80.020000	-63.475098
-29.393568	28.264246	80.020000	-63.211426
-35.918227	28.144617	80.020000	-63.091797
-43.938246	27.973719	80.020000	-63.284668
-54.088393	27.817469	80.020000	-63.309082
-64.061537	27.697840	80.020000	-63.357910
-73.235121	27.492762	80.020000	-63.135742
-82.066908	27.360926	80.020000	-63.152832
-91.118422	27.160730	80.020000	-63.309082
-99.260512	27.055750	80.020000	-63.404297
-106.096449	26.882410	80.020000	-63.179687
-111.449232	26.828699	80.020000	-63.135742
-115.477553	26.699305	80.020000	-63.150391
-119.048109	26.472254	80.020000	-63.086914
-122.185316	26.464930	80.020000	-63.084473
-125.414076	26.423426	80.020000	-63.204102
-128.471937	26.347742	80.020000	-62.928223
-131.273451	26.274500	80.020000	-63.321289
-133.702650	26.198816	80.020000	-63.367676
-135.820570	26.284266	80.020000	-63.311523
-137.401381	26.206141	80.020000	-63.230957
-139.171400	26.374598	80.020000	-63.182129
-140.373793	26.323328	80.020000	-63.143066
-141.307631	26.460047	80.020000	-63.282227
-142.308607	26.540613	80.020000	-63.260254
-143.279066	26.674891	80.020000	-63.165039
-144.310561	26.818934	80.020000	-63.348145
-145.042982	26.901941	80.020000	-63.250488
-145.976820	27.085047	80.020000	-63.299316
-146.574965	27.231531	80.020000	-63.409180
-147.154799	27.414637	80.020000	-63.438477
-147.655287	27.524500	80.020000	-63.223633
-148.180189	27.514734	80.020000	-63.047852
-148.509779	27.605066	80.020000	-62.989258
-148.918715	27.692957	80.020000	-63.069824
-149.297133	27.824793	80.020000	-63.248047
-149.480238	27.858973	80.020000	-63.157715
-149.938002	27.898035	80.020000	-63.055176
-150.053969	27.832117	80.020000	-63.067383
-150.462904	27.888270	80.020000	-63.392090
-150.621596	27.746668	80.020000	-63.177246
-150.810805	27.678309	80.020000	-63.338379
-151.018324	27.636805	80.020000	-63.238281
-151.433363	27.487879	80.020000	-63.245605
-151.366225	27.338953	80.020000	-63.340820
-151.708021	27.290125	80.020000	-63.169922
-151.640883	27.141199	80.020000	-63.125977
-151.915541	27.045984	80.020000	-63.194336
-152.080336	26.901941	80.020000	-63.362793
-152.171889	26.782312	80.020000	-63.011230
-152.336684	26.640711	80.020000	-63.226074
-152.440443	26.430750	80.020000	-63.028320
-152.562514	26.408777	80.020000	-63.152832
-152.538100	26.311121	80.020000	-63.396973
-152.611342	26.232996	80.020000	-63.460449
-152.824965	26.223230	80.020000	-63.116211
-152.947035	26.098719	80.020000	-63.208984
-152.959242	26.120691	80.020000	-63.206543
-153.087416	26.020594	80.020000	-63.167480
-153.069105	25.903406	80.020000	-63.074707
-153.063002	26.076746	80.020000	-63.174805
-153.038588	26.037684	80.020000	-63.289551
-153.020277	26.103602	80.020000	-63.284668
-153.130141	26.118250	80.020000	-63.245605
-153.398695	26.264734	80.020000	-63.406738
-153.282729	26.272059	80.020000	-63.396973
-153.453627	26.420984	80.020000	-63.313965
-153.459730	26.516199	80.020000	-63.169922
-153.514662	26.589441	80.020000	-63.279785
-153.465834	26.682215	80.020000	-63.377441
-153.606215	26.892176	80.020000	-63.377441
-153.771010	27.094812	80.020000	-63.008789
-153.655043	27.172937	80.020000	-63.191895
-153.575697	27.329187	80.020000	-63.230957
-153.502455	27.421961	80.020000	-63.323730
-153.600111	27.529383	80.020000	-63.257812
-153.624525	27.702723	80.020000	-63.045410
-153.569594	27.753992	80.020000	-63.250488
-153.514662	27.861414	80.020000	-63.406738
-153.435316	27.924891	80.020000	-63.206543
-153.545180	28.051844	80.020000	-63.279785
-153.471937	28.076258	80.020000	-63.128418
-153.423109	28.139734	80.020000	-63.416504
-153.398695	28.198328	80.020000	-63.123535
-153.154555	28.159266	80.020000	-63.096680
-152.989760	28.303309	80.020000	-63.313965
-152.635756	28.357020	80.020000	-63.238281
-152.483168	28.388758	80.020000	-63.167480
-152.239027	28.462000	80.020000	-63.067383
-151.970473	28.518152	80.020000	-63.262695
-151.616469	28.418055	80.020000	-63.223633
-151.073256	28.503504	80.020000	-63.409180
-150.786391	28.447352	80.020000	-63.340820
-150.169936	28.444910	80.020000	-63.445801
-149.626723	28.420496	80.020000	-63.038086
-149.223891	28.425379	80.020000	-63.226074
-148.583021	28.378992	80.020000	-63.223633
-148.094740	28.393641	80.020000	-63.375000
-147.582045	28.376551	80.020000	-63.077148
-147.447768	28.305750	80.020000	-63.165039
-147.459975	28.254480	80.020000	-63.377441
-147.838393	28.232508	80.020000	-63.287109
-148.033705	28.164148	80.020000	-63.316406
-148.528090	28.051844	80.020000	-63.121094
-148.900404	28.024988	80.020000	-63.436035
-149.413100	27.849207	80.020000	-63.340820
-149.925795	27.856531	80.020000	-63.309082
-150.523939	27.773523	80.020000	-63.243164
-150.865736	27.597742	80.020000	-62.986816
-151.085463	27.595301	80.020000	-63.377441
-151.799574	27.407312	80.020000	-62.940430
-151.988783	27.280359	80.020000	-63.130859
-152.391615	27.119227	80.020000	-63.284668
-152.367201	26.955652	80.020000	-63.331055
-152.531996	26.840906	80.020000	-63.206543
-152.593031	26.557703	80.020000	-63.067383
-152.788344	26.355066	80.020000	-63.003906
-152.995863	26.079187	80.020000	-63.445801
-153.124037	25.837488	80.020000	-63.228516
-153.063002	25.524988	80.020000	-63.064941
-153.221693	25.212488	80.020000	-62.955078
-153.386488	24.878016	80.020000	-63.309082
-153.282729	24.665613	80.020000	-63.328613
-153.063002	24.372645	80.020000	-63.233398
-153.264418	24.167566	80.020000	-63.243164
-153.301039	23.903895	80.020000	-63.199219
-152.928725	23.606043	80.020000	-63.157715
-152.916518	23.513270	80.020000	-63.577637
-152.940932	23.237391	80.020000	-63.335937
-152.892104	23.020105	80.020000	-62.942871
-152.678480	22.829676	80.020000	-63.299316
-152.727309	22.683191	80.020000	-63.306641
-152.232924	22.465906	80.020000	-63.296875
-152.354994	22.412195	80.020000	-63.313965
-152.086439	22.260828	80.020000	-63.296875
-151.848402	22.150965	80.020000	-63.270020
-151.756850	22.124109	80.020000	-63.082031
-151.292982	21.989832	80.020000	-62.967285
-151.061049	21.938562	80.020000	-63.189453
-150.591078	21.909266	80.020000	-63.514160
-150.096693	21.894617	80.020000	-63.382324
-149.645033	22.031336	80.020000	-63.321289
-148.985854	22.009363	80.020000	-63.252930
-148.204604	22.002039	80.020000	-63.379883
-147.276869	22.063074	80.020000	-63.370117
-146.385756	22.016687	80.020000	-63.350586
-145.305434	22.065516	80.020000	-63.208984
-144.072523	22.075281	80.020000	-63.396973
-142.491713	22.107020	80.020000	-63.301758
-140.611830	22.092371	80.020000	-63.560547
-138.670912	22.143641	80.020000	-63.428711
-135.997572	21.999598	80.020000	-63.433594
-133.849135	22.041102	80.020000	-63.455566
-131.432143	22.016687	80.020000	-63.365234
-129.680434	22.089930	80.020000	-63.230957
-127.855482	22.036219	80.020000	-63.152832
-126.683607	22.028895	80.020000	-63.240723
-126.067152	21.987391	80.020000	-63.326172
-126.506605	21.970301	80.020000	-63.392090
-127.922621	21.999598	80.020000	-63.362793
-129.491225	22.021570	80.020000	-63.255371
-131.657973	21.953211	80.020000	-63.218750
-133.757582	21.965418	80.020000	-63.313965
-135.570326	21.853113	80.020000	-63.235840
-137.590590	21.718836	80.020000	-63.042969
-139.580336	21.682215	80.020000	-63.291992
-141.478529	21.709070	80.020000	-63.191895
-142.906752	21.584559	80.020000	-63.238281
-144.426527	21.579676	80.020000	-63.235840
-145.555678	21.406336	80.020000	-63.348145
-146.550551	21.308680	80.020000	-63.313965
-147.453871	21.242762	80.020000	-63.255371
-148.186293	21.228113	80.020000	-63.130859
-148.949232	21.091395	80.020000	-63.072266
-149.522963	21.049891	80.020000	-63.323730
-150.151625	20.927820	80.020000	-63.377441
-150.456801	20.832605	80.020000	-62.928223
-150.572768	20.786219	80.020000	-63.333496
-150.865736	20.688562	80.020000	-62.884277
-151.085463	20.576258	80.020000	-63.326172
-151.500502	20.461512	80.020000	-63.147949
-151.665297	20.229578	80.020000	-63.208984
-152.037611	20.163660	80.020000	-63.313965
-152.147475	20.041590	80.020000	-63.384766
-152.354994	20.002527	80.020000	-63.311523
-152.287855	19.902430	80.020000	-63.230957
-152.281752	19.768152	80.020000	-63.023437
-152.574721	19.797449	80.020000	-63.331055
-152.654066	19.609461	80.020000	-63.355469
-152.684584	19.555750	80.020000	-63.172363
-152.654066	19.428797	80.020000	-63.047852
-152.654066	19.365320	80.020000	-63.291992
-152.788344	19.321375	80.020000	-63.270020
-152.831068	19.184656	80.020000	-63.255371
-152.934828	19.152918	80.020000	-63.162598
-152.629652	18.974695	80.020000	-63.157715
-152.745619	18.913660	80.020000	-63.045410
-152.721205	18.684168	80.020000	-63.145508
-152.715102	18.608484	80.020000	-63.399414
-152.660170	18.464441	80.020000	-63.257812
-152.641859	18.425379	80.020000	-63.313965
-152.818861	18.305750	80.020000	-63.421387
-152.586928	18.134852	80.020000	-63.294434
-152.568617	18.066492	80.020000	-63.377441
-152.623549	17.959070	80.020000	-63.074707
-152.593031	17.827234	80.020000	-63.245605
-152.318373	17.690516	80.020000	-63.470215
-152.287855	17.651453	80.020000	-63.228516
-152.269545	17.548914	80.020000	-63.226074
-152.098646	17.368250	80.020000	-63.116211
-151.946059	17.248621	80.020000	-63.455566
-151.958266	17.131434	80.020000	-63.238281
-151.585951	17.002039	80.020000	-63.218750
-151.677504	16.914148	80.020000	-63.382324
-151.488295	16.774988	80.020000	-63.345703
-151.292982	16.662684	80.020000	-63.199219
-151.244154	16.626062	80.020000	-63.299316
-150.877943	16.460047	80.020000	-63.211426
-151.134291	16.442957	80.020000	-63.411621
-150.603285	16.345301	80.020000	-63.418945
-150.395766	16.264734	80.020000	-63.252930
-150.151625	16.115809	80.020000	-63.348145
-149.791518	16.030359	80.020000	-62.955078
-149.449721	15.878992	80.020000	-63.506836
-149.132338	15.793543	80.020000	-63.211426
-149.120131	15.625086	80.020000	-63.262695
-148.650160	15.583582	80.020000	-63.211426
-147.978773	15.468836	80.020000	-63.331055
-147.514906	15.295496	80.020000	-63.345703
-146.825209	15.161219	80.020000	-63.238281
-146.214857	15.129480	80.020000	-63.357910
-145.738783	14.965906	80.020000	-63.272461
-144.920912	14.841395	80.020000	-63.453125
-144.127455	14.768152	80.020000	-63.160156
-143.437758	14.599695	80.020000	-63.155273
-142.326918	14.460535	80.020000	-63.121094
-141.228285	14.394617	80.020000	-63.294434
-140.117445	14.218836	80.020000	-63.138184
-138.725844	14.133387	80.020000	-63.001465
-137.047377	14.038172	80.020000	-63.238281
-135.082045	13.889246	80.020000	-63.311523
-132.927504	13.791590	80.020000	-63.216309
-130.669203	13.542566	80.020000	-63.194336
-127.782240	13.496180	80.020000	-63.208984
-124.657240	13.418055	80.020000	-63.289551
-120.958510	13.349695	80.020000	-63.047852
-116.783705	13.242273	80.020000	-63.135742
-111.607924	13.208094	80.020000	-63.138184
-105.553236	13.029871	80.020000	-63.130859
-98.583021	12.983484	80.020000	-63.428711
-90.733900	12.753992	80.020000	-63.409180
-81.078139	12.653895	80.020000	-63.096680
-70.061293	12.502527	80.020000	-63.150391
-58.910170	12.402430	80.020000	-63.362793
-47.173109	12.387781	80.020000	-63.289551
-36.382094	12.258387	80.020000	-63.470215
-26.573744	12.160730	80.020000	-63.069824
-19.542494	12.024012	80.020000	-63.106445
-16.325941	11.928797	80.020000	-63.453125
-16.264906	11.760340	80.020000	-63.245605
-19.170180	11.616297	80.020000	-63.128418
-25.096693	11.552820	80.020000	-63.130859
-32.152357	11.511316	80.020000	-63.260254
-40.959730	11.340418	80.020000	-63.328613
-50.731459	11.203699	80.020000	-63.201660
-60.600844	11.191492	80.020000	-63.289551
-70.134535	11.057215	80.020000	-63.448242
-79.442396	10.915613	80.020000	-63.152832
-88.243666	10.788660	80.020000	-63.118652
-96.031752	10.693445	80.020000	-63.365234
-102.629652	10.595789	80.020000	-63.165039
-108.482924	10.463953	80.020000	-63.084473
-113.677016	10.324793	80.020000	-63.345703
-118.218031	10.197840	80.020000	-63.272461
-122.234145	10.158777	80.020000	-62.918457
-124.974623	9.948816	80.020000	-63.267578
-128.014174	9.848719	80.020000	-63.338379
-130.437270	9.712000	80.020000	-63.372559
-132.518568	9.592371	80.020000	-63.299316
-134.050551	9.533777	80.020000	-63.282227
-135.930434	9.274988	80.020000	-63.125977
-137.511244	9.140711	80.020000	-63.121094
-139.262953	9.145594	80.020000	-63.338379
-140.343275	8.977137	80.020000	-63.113770
-141.631117	8.798914	80.020000	-63.213867
-142.442885	8.720789	80.020000	-63.353027
-143.480482	8.564539	80.020000	-63.299316
-144.396010	8.527918	80.020000	-63.152832
-145.268812	8.435145	80.020000	-63.160156
-145.744887	8.344812	80.020000	-63.316406
-146.312514	8.195887	80.020000	-63.411621
-146.910658	8.178797	80.020000	-63.045410
-147.447768	8.046961	80.020000	-63.138184
-147.929945	7.963953	80.020000	-63.238281
-148.442641	7.944422	80.020000	-63.504395
-148.637953	7.920008	80.020000	-62.911133
-148.894301	7.780848	80.020000	-63.196777
-149.498549	7.819910	80.020000	-63.265137
-149.706068	7.670984	80.020000	-63.355469
-150.011244	7.746668	80.020000	-63.238281
-150.157729	7.729578	80.020000	-63.277344
-150.499525	7.531824	80.020000	-63.128418
-150.658217	7.631922	80.020000	-63.484863
-151.189223	7.529383	80.020000	-63.128418
-151.061049	7.478113	80.020000	-63.267578
-151.170912	7.507410	80.020000	-63.353027
-151.476088	7.370691	80.020000	-63.108887
-151.860609	7.380457	80.020000	-63.196777
-151.860609	7.185145	80.020000	-63.453125
-152.190199	7.038660	80.020000	-63.353027
-152.104750	7.058191	80.020000	-63.274902
-152.330580	7.002039	80.020000	-63.189453
-152.269545	6.865320	80.020000	-63.379883
-152.446547	6.784754	80.020000	-63.150391
-152.660170	6.694422	80.020000	-63.104004
-152.617445	6.623621	80.020000	-63.260254
-152.611342	6.525965	80.020000	-63.611816
-153.050795	6.496668	80.020000	-63.228516
-153.148451	6.420984	80.020000	-63.243164
-153.172865	6.259852	80.020000	-62.933105
-153.294936	6.281824	80.020000	-63.521484
-153.331557	6.193934	80.020000	-63.450684
-153.429213	6.054773	80.020000	-63.082031
-153.520766	5.930262	80.020000	-63.160156
-153.569594	5.964441	80.020000	-63.182129
-153.716078	5.832605	80.020000	-63.357910
-153.661146	5.830164	80.020000	-63.277344
-153.691664	5.671473	80.020000	-63.326172
-153.929701	5.620203	80.020000	-63.233398
-153.819838	5.539637	80.020000	-63.260254
-153.697768	5.441980	80.020000	-63.206543
-153.862562	5.378504	80.020000	-63.294434
-153.880873	5.395594	80.020000	-63.274902
-153.819838	5.161219	80.020000	-63.106445
-153.984633	5.075770	80.020000	-63.365234
-153.874770	4.963465	80.020000	-63.106445
-153.941908	4.917078	80.020000	-63.467773
-154.039564	4.856043	80.020000	-63.187012
-154.027357	4.736414	80.020000	-63.199219
-153.948012	4.658289	80.020000	-63.401855
-154.179945	4.570398	80.020000	-62.852539
-153.948012	4.538660	80.020000	-63.196777
-154.070082	4.436121	80.020000	-63.252930
-154.039564	4.270105	80.020000	-63.418945
-154.027357	4.204187	80.020000	-63.265137
-154.002943	4.099207	80.020000	-63.489746
-153.905287	4.113855	80.020000	-63.035645
-153.734389	4.074793	80.020000	-63.458008
-154.009047	3.928309	80.020000	-63.567871
-153.709975	3.859949	80.020000	-63.333496
-153.850355	3.801355	80.020000	-63.448242
-153.691664	3.664637	80.020000	-63.343262
-153.557387	3.637781	80.020000	-63.423828
-153.386488	3.637781	80.020000	-63.123535
-153.380385	3.579188	80.020000	-63.194336
-153.148451	3.369227	80.020000	-63.130859
-153.063002	3.349695	80.020000	-63.367676
-152.739516	3.335047	80.020000	-63.392090
-152.464857	3.195887	80.020000	-63.277344
-152.263441	3.093348	80.020000	-63.196777
-152.086439	3.086023	80.020000	-63.467773
-151.976576	2.978602	80.020000	-63.621582
-151.897230	2.876063	80.020000	-63.387207
-151.885023	2.778406	80.020000	-63.167480
-151.860609	2.739344	80.020000	-63.177246
-152.080336	2.680750	80.020000	-63.289551
-152.055922	2.482996	80.020000	-63.299316
-152.373305	2.424402	80.020000	-63.201660
-152.605238	2.360926	80.020000	-63.184570
-152.843275	2.373133	80.020000	-63.248047
-153.014174	2.233973	80.020000	-63.301758
-153.288832	2.160730	80.020000	-63.252930
-153.423109	2.053309	80.020000	-63.252930
-153.612318	1.955652	80.020000	-63.313965
-153.728285	1.865320	80.020000	-63.418945
-153.880873	1.862879	80.020000	-63.238281
-153.880873	1.728602	80.020000	-63.296875
-154.179945	1.635828	80.020000	-63.416504
-154.131117	1.494227	80.020000	-62.859863
-154.338637	1.479578	80.020000	-63.318848
-154.161635	1.276941	80.020000	-63.450684
-154.387465	1.259852	80.020000	-63.250488
-154.552260	1.179285	80.020000	-63.365234
-154.564467	1.005945	80.020000	-63.157715
-154.344740	0.930262	80.020000	-63.477539
-154.546156	0.737391	80.020000	-63.489746
-154.320326	0.561609	80.020000	-63.348145
-154.735365	0.551844	80.020000	-63.140625
-154.808607	0.263758	80.020000	-63.404297
-154.570570	0.212488	80.020000	-63.458008
-154.692641	-0.026770	80.020000	-63.392090
-154.631605	-0.178137	80.020000	-63.282227
-154.527846	-0.456457	80.020000	-63.321289
-154.540053	-0.554113	80.020000	-63.375000
-154.417982	-0.827551	80.020000	-63.440918
-154.552260	-1.035070	80.020000	-63.409180
-154.387465	-1.247473	80.020000	-63.228516
-154.283705	-1.484289	80.020000	-63.550781
-154.002943	-1.806555	80.020000	-63.392090
-153.795424	-2.036047	80.020000	-63.177246
-153.703871	-2.248449	80.020000	-63.475098
