-146.483412	73.988379	71.937500	-63.230957
-146.751967	74.151953	71.937500	-63.357910
-146.690932	74.193457	71.937500	-63.487305
-146.550551	74.095801	71.937500	-63.331055
-146.037855	74.076270	71.937500	-63.384766
-145.305434	74.134863	71.937500	-63.343262
-144.518080	74.034766	71.937500	-63.357910
-143.987074	73.902930	71.937500	-63.409180
-143.718520	73.824805	71.937500	-63.384766
-143.297377	73.641699	71.937500	-63.370117
-143.163100	73.556250	71.937500	-63.367676
-142.979994	73.485449	71.937500	-63.204102
-143.150893	73.343848	71.937500	-63.335937
-143.517104	73.314551	71.937500	-63.226074
-143.626967	73.214453	71.937500	-63.279785
-144.499770	73.348730	71.937500	-63.309082
-144.878187	73.382910	71.937500	-63.470215
-145.555678	73.570898	71.937500	-63.445801
-145.744887	73.619727	71.937500	-63.226074
-146.056166	73.839453	71.937500	-63.191895
-146.343031	73.944434	71.937500	-63.030762
-146.574965	74.198340	71.937500	-63.167480
-146.684828	74.293555	71.937500	-63.196777
-147.051039	74.396094	71.937500	-62.989258
-147.386732	74.457129	71.937500	-63.196777
-147.630873	74.344824	71.937500	-63.211426
-147.716322	74.479102	71.937500	-63.138184
-147.875014	74.405859	71.937500	-63.067383
-148.186293	74.271582	71.937500	-63.245605
-148.314467	74.195898	71.937500	-63.194336
-148.265639	74.230078	71.937500	-63.150391
-148.576918	74.110449	71.937500	-62.937988
-148.723402	74.193457	71.937500	-63.267578
-148.937025	74.159277	71.937500	-63.165039
-148.943129	74.295996	71.937500	-63.111328
-149.254408	74.188574	71.937500	-63.096680
-149.406996	74.193457	71.937500	-63.226074
-149.565687	74.095801	71.937500	-63.023437
-149.687758	74.122656	71.937500	-62.974609
-149.815932	73.983496	71.937500	-63.162598
-149.608412	73.951758	71.937500	-62.959961
-149.663344	73.981055	71.937500	-63.003906
-149.858656	73.937109	71.937500	-62.984375
-149.822035	73.793066	71.937500	-62.898926
-149.675551	73.834570	71.937500	-63.060059
-149.803725	73.876074	71.937500	-63.042969
-149.950209	73.849219	71.937500	-63.130859
-149.999037	73.895605	71.937500	-62.806152
-149.773207	73.932227	71.937500	-63.079590
-149.931898	73.995703	71.937500	-63.125977
-149.974623	73.937109	71.937500	-63.184570
-150.194350	73.990820	71.937500	-62.979492
-150.121107	73.956641	71.937500	-62.950195
-150.163832	74.015234	71.937500	-62.889160
-150.340834	73.905371	71.937500	-62.867187
-150.359145	73.917578	71.937500	-63.091797
-150.200453	73.766211	71.937500	-63.060059
-149.895277	73.802832	71.937500	-63.050293
-150.023451	73.663672	71.937500	-62.918457
-149.791518	73.587988	71.937500	-63.008789
-149.620619	73.507422	71.937500	-62.940430
-149.925795	73.526953	71.937500	-62.850098
-149.675551	73.421973	71.937500	-63.099121
-149.571791	73.385352	71.937500	-63.223633
-149.443617	73.441504	71.937500	-62.920898
-149.120131	73.526953	71.937500	-62.847656
-148.644057	73.636816	71.937500	-62.925781
-148.491469	73.690527	71.937500	-62.984375
-147.826186	73.815039	71.937500	-63.074707
-147.374525	73.944434	71.937500	-62.920898
-146.684828	73.927344	71.937500	-62.974609
-146.135512	74.100684	71.937500	-63.155273
-145.793715	74.105566	71.937500	-63.035645
-145.049086	74.181250	71.937500	-63.111328
-144.713393	74.315527	71.937500	-62.742676
-144.096937	74.359473	71.937500	-62.916016
-143.706312	74.366797	71.937500	-63.047852
-143.279066	74.383887	71.937500	-62.984375
-142.705336	74.459570	71.937500	-63.089355
-141.972914	74.454688	71.937500	-62.801270
-141.502943	74.459570	71.937500	-62.964844
-140.935316	74.471777	71.937500	-62.967285
-139.732924	74.493750	71.937500	-62.974609
-138.780775	74.452246	71.937500	-62.950195
-136.888686	74.418066	71.937500	-62.852539
-134.776869	74.430273	71.937500	-62.903809
-132.182875	74.376563	71.937500	-62.920898
-129.668227	74.247168	71.937500	-62.928223
-126.939955	74.195898	71.937500	-63.101562
-124.315443	74.200781	71.937500	-62.874512
-121.507826	74.125098	71.937500	-63.045410
-118.803969	74.173926	71.937500	-62.845215
-116.289320	74.064063	71.937500	-62.793945
-113.261977	74.081152	71.937500	-63.167480
-110.289564	74.159277	71.937500	-63.028320
-107.634535	74.081152	71.937500	-62.923340
-106.200209	74.173926	71.937500	-63.084473
-106.175795	74.266699	71.937500	-63.213867
-107.262221	74.261816	71.937500	-62.942871
-109.349623	74.352148	71.937500	-62.945312
-111.784926	74.352148	71.937500	-62.828125
-114.085951	74.344824	71.937500	-62.969727
-116.594496	74.471777	71.937500	-63.055176
-119.365492	74.501074	71.937500	-62.989258
-122.002211	74.581641	71.937500	-62.950195
-124.162855	74.469336	71.937500	-62.925781
-126.311293	74.545020	71.937500	-62.957520
-128.624525	74.523047	71.937500	-63.125977
-130.608168	74.422949	71.937500	-63.128418
-132.390395	74.354590	71.937500	-63.016113
-133.904066	74.349707	71.937500	-62.840332
-135.436049	74.234961	71.937500	-63.045410
-137.047377	74.164160	71.937500	-63.082031
-138.158217	74.076270	71.937500	-62.818359
-139.537611	73.966406	71.937500	-63.023437
-141.069594	73.868750	71.937500	-63.023437
-142.168227	73.841895	71.937500	-62.959961
-143.352309	73.639258	71.937500	-62.850098
-144.072523	73.563574	71.937500	-63.040527
-144.811049	73.439063	71.937500	-63.096680
-145.366469	73.319434	71.937500	-62.779297
-145.726576	73.270605	71.937500	-63.047852
-146.129408	73.136328	71.937500	-62.928223
-146.538344	73.082617	71.937500	-62.979492
-146.971693	73.055762	71.937500	-63.116211
-147.179213	73.107031	71.937500	-62.928223
-147.398939	73.080176	71.937500	-62.811035
-147.502699	73.116797	71.937500	-62.994141
-147.704115	73.053320	71.937500	-63.138184
-147.917738	73.102148	71.937500	-63.018555
-147.978773	73.146094	71.937500	-63.104004
-148.106947	73.063086	71.937500	-62.879395
-147.856703	72.943457	71.937500	-63.104004
-147.997084	72.911719	71.937500	-63.042969
-147.923842	72.804297	71.937500	-62.969727
-148.100844	72.630957	71.937500	-63.033203
-148.271742	72.530859	71.937500	-63.064941
-148.430434	72.442969	71.937500	-62.989258
-148.216811	72.335547	71.937500	-62.845215
-148.332777	72.198828	71.937500	-62.894043
-148.460951	72.047461	71.937500	-63.035645
-148.485365	71.981543	71.937500	-62.969727
-148.436537	71.771582	71.937500	-63.260254
-148.863783	71.766699	71.937500	-63.042969
-148.808852	71.764258	71.937500	-63.287109
-148.845473	71.705664	71.937500	-63.099121
-149.034682	71.717871	71.937500	-63.062500
-148.918715	71.620215	71.937500	-63.211426
-148.900404	71.551855	71.937500	-63.304199
-149.034682	71.427344	71.937500	-62.972168
-148.924818	71.493262	71.937500	-63.238281
-149.315443	71.456641	71.937500	-63.411621
-149.138441	71.437109	71.937500	-63.199219
-148.973646	71.490820	71.937500	-63.091797
-148.973646	71.544531	71.937500	-63.072266
-148.991957	71.571387	71.937500	-63.150391
-148.906508	71.647070	71.937500	-63.128418
-148.717299	71.593359	71.937500	-63.147949
-148.875990	71.603125	71.937500	-63.023437
-148.839369	71.573828	71.937500	-63.086914
-148.644057	71.539648	71.937500	-63.174805
-148.497572	71.490820	71.937500	-63.079590
-148.485365	71.376074	71.937500	-62.969727
-148.424330	71.349219	71.937500	-63.150391
-148.406020	71.200293	71.937500	-63.082031
-148.100844	71.139258	71.937500	-63.150391
-148.113051	70.934180	71.937500	-63.040527
-147.875014	70.892676	71.937500	-63.143066
-147.606459	70.670508	71.937500	-63.094238
-147.319594	70.609473	71.937500	-63.116211
-146.959486	70.526465	71.937500	-63.331055
-146.684828	70.392188	71.937500	-63.077148
-146.251479	70.348242	71.937500	-63.265137
-145.647230	70.289648	71.937500	-63.233398
-145.232191	70.172461	71.937500	-63.099121
-144.493666	70.104102	71.937500	-63.252930
-143.718520	70.216406	71.937500	-63.333496
-143.047133	70.150488	71.937500	-63.318848
-142.253676	70.108984	71.937500	-63.145508
-141.295424	70.099219	71.937500	-63.135742
-140.166273	70.174902	71.937500	-63.443359
-139.226332	70.152930	71.937500	-63.392090
-138.146010	70.260352	71.937500	-63.140625
-136.803236	70.191992	71.937500	-63.243164
-135.393324	70.111426	71.937500	-63.345703
-133.806410	70.172461	71.937500	-63.167480
-132.121840	70.155371	71.937500	-63.204102
-130.455580	70.047949	71.937500	-63.294434
-128.478041	70.035742	71.937500	-63.353027
-125.737562	69.940527	71.937500	-63.313965
-122.893324	69.808691	71.937500	-63.367676
-119.530287	69.686621	71.937500	-63.177246
-116.191664	69.569434	71.937500	-63.279785
-112.450209	69.520605	71.937500	-63.316406
-107.439223	69.320410	71.937500	-63.313965
-101.677504	69.156836	71.937500	-63.355469
-94.530287	69.049414	71.937500	-63.414062
-85.643568	68.934668	71.937500	-63.289551
-75.957289	68.785742	71.937500	-63.392090
-66.185561	68.712500	71.937500	-63.245605
-57.237807	68.724707	71.937500	-63.174805
-50.188246	68.524512	71.937500	-63.318848
-44.621840	68.556250	71.937500	-63.323730
-41.692152	68.463477	71.937500	-63.250488
-40.910902	68.409766	71.937500	-63.230957
-41.771498	68.265723	71.937500	-63.277344
-45.433607	68.212012	71.937500	-63.228516
-51.360121	68.136328	71.937500	-63.277344
-59.599867	68.099707	71.937500	-63.172363
-67.381850	68.060645	71.937500	-63.252930
-75.041762	68.036230	71.937500	-63.121094
-81.975355	67.919043	71.937500	-63.211426
-87.584486	67.784766	71.937500	-63.299316
-92.754164	67.782324	71.937500	-63.074707
-97.240248	67.633398	71.937500	-63.074707
-101.372328	67.611426	71.937500	-63.189453
-105.809584	67.528418	71.937500	-62.969727
-110.198012	67.335547	71.937500	-63.184570
-114.946547	67.311133	71.937500	-63.228516
-118.712416	67.042578	71.937500	-62.898926
-122.136488	66.991309	71.937500	-63.042969
-125.499525	66.847266	71.937500	-63.538574
-128.093520	66.756934	71.937500	-63.365234
-130.376234	66.656836	71.937500	-63.353027
-132.365980	66.546973	71.937500	-63.216309
-134.184828	66.439551	71.937500	-63.128418
-136.015883	66.376074	71.937500	-63.191895
-137.615004	66.339453	71.937500	-63.213867
-139.037123	66.268652	71.937500	-63.140625
-140.300551	66.285742	71.937500	-63.155273
-141.197768	66.092871	71.937500	-63.138184
-142.333021	66.131934	71.937500	-63.213867
-143.169203	66.163672	71.937500	-63.096680
-143.681898	66.131934	71.937500	-62.962402
-144.267836	66.107520	71.937500	-63.106445
-144.878187	66.117285	71.937500	-63.194336
-145.232191	66.112402	71.937500	-63.128418
-145.628920	66.114844	71.937500	-63.262695
-146.214857	66.039160	71.937500	-63.138184
-146.428480	66.000098	71.937500	-63.216309
-146.947279	65.978125	71.937500	-63.270020
-147.240248	65.829199	71.937500	-63.128418
-147.472182	65.741309	71.937500	-63.116211
-147.655287	65.631445	71.937500	-62.991699
-147.899428	65.658301	71.937500	-63.035645
-148.222914	65.401953	71.937500	-63.038086
-148.515883	65.299414	71.937500	-63.201660
-148.363295	65.206641	71.937500	-63.216309
-148.882094	65.104102	71.937500	-63.033203
-149.022475	64.979590	71.937500	-63.128418
-149.162855	64.942969	71.937500	-63.035645
-149.358168	64.835547	71.937500	-63.265137
-149.596205	64.759863	71.937500	-63.272461
-149.602309	64.691504	71.937500	-62.991699
-149.748793	64.620703	71.937500	-63.008789
-149.840346	64.601172	71.937500	-63.228516
-149.919691	64.610938	71.937500	-63.140625
-150.224867	64.606055	71.937500	-63.084473
-149.931898	64.657324	71.937500	-62.867187
-150.066176	64.620703	71.937500	-63.025879
-150.145521	64.613379	71.937500	-63.062500
-150.084486	64.635352	71.937500	-62.906250
-150.340834	64.684180	71.937500	-63.028320
-149.980727	64.747656	71.937500	-63.025879
-150.420180	64.808691	71.937500	-63.020996
-150.096693	64.825781	71.937500	-63.006348
-150.261488	64.837988	71.937500	-63.050293
-150.139418	64.857520	71.937500	-63.160156
-150.163832	64.769629	71.937500	-63.089355
-149.986830	64.720801	71.937500	-62.981934
-150.035658	64.579199	71.937500	-63.196777
-150.237074	64.552344	71.937500	-62.967285
-150.176039	64.449805	71.937500	-63.020996
-150.249281	64.300879	71.937500	-62.947754
-150.481215	64.186133	71.937500	-63.055176
-150.615492	64.112891	71.937500	-63.252930
-150.841322	63.966406	71.937500	-63.104004
-150.713148	63.815039	71.937500	-63.123535
-150.859633	63.741797	71.937500	-63.189453
-151.061049	63.570898	71.937500	-62.891602
-150.896254	63.402441	71.937500	-63.104004
-150.993910	63.295020	71.937500	-62.950195
-151.012221	63.092383	71.937500	-62.972168
-151.164809	63.038672	71.937500	-63.213867
-151.000014	62.975195	71.937500	-63.055176
-151.103773	62.931250	71.937500	-63.047852
-151.134291	62.877539	71.937500	-63.118652
-150.951186	62.794531	71.937500	-63.028320
-150.755873	62.772559	71.937500	-63.121094
-151.012221	62.740820	71.937500	-62.994141
-150.731459	62.579687	71.937500	-62.942871
-150.560561	62.623633	71.937500	-63.108887
-150.493422	62.550391	71.937500	-62.967285
-150.224867	62.447852	71.937500	-63.172363
-150.102797	62.386816	71.937500	-63.033203
-149.931898	62.323340	71.937500	-62.820801
-149.687758	62.167090	71.937500	-62.884277
-149.626723	62.179297	71.937500	-62.884277
-149.114027	62.023047	71.937500	-63.174805
-148.656264	61.822852	71.937500	-63.304199
-148.052016	61.837500	71.937500	-63.084473
-147.484389	61.752051	71.937500	-62.928223
-146.697035	61.749609	71.937500	-63.245605
-146.086684	61.573828	71.937500	-63.016113
-145.281020	61.625098	71.937500	-62.935547
-144.396010	61.556738	71.937500	-62.923340
-143.730727	61.583594	71.937500	-63.084473
-143.071547	61.488379	71.937500	-63.121094
-142.400160	61.527441	71.937500	-62.977051
-142.290297	61.561621	71.937500	-63.187012
-142.186537	61.608008	71.937500	-63.157715
-142.455092	61.598242	71.937500	-63.304199
-142.760268	61.691016	71.937500	-63.069824
-143.517104	61.725195	71.937500	-63.050293
-144.096937	61.839941	71.937500	-63.108887
-144.853773	61.810645	71.937500	-63.091797
-145.427504	61.761816	71.937500	-62.942871
-146.098891	61.830176	71.937500	-62.952637
-146.605482	61.778906	71.937500	-62.928223
-147.154799	61.795996	71.937500	-63.077148
-147.771254	61.698340	71.937500	-63.218750
-148.204604	61.590918	71.937500	-63.094238
-148.668471	61.654395	71.937500	-63.287109
-149.083510	61.473730	71.937500	-62.916016
-149.248305	61.383398	71.937500	-63.020996
-149.626723	61.317480	71.937500	-63.084473
-149.864760	61.168555	71.937500	-63.113770
-150.084486	61.149023	71.937500	-63.206543
-150.200453	60.978125	71.937500	-62.918457
-150.475111	60.890234	71.937500	-63.194336
-150.578871	60.797461	71.937500	-62.906250
-150.755873	60.692480	71.937500	-62.999023
-150.847426	60.690039	71.937500	-63.147949
-151.036635	60.504492	71.937500	-63.104004
-150.707045	60.480078	71.937500	-63.194336
-150.798598	60.428809	71.937500	-63.052734
-150.652113	60.367773	71.937500	-63.008789
-150.816908	60.377539	71.937500	-63.052734
-150.932875	60.436133	71.937500	-63.267578
-150.646010	60.421484	71.937500	-63.187012
-150.646010	60.499609	71.937500	-62.989258
-150.987807	60.472754	71.937500	-62.989258
-150.548354	60.467871	71.937500	-63.389648
-150.517836	60.450781	71.937500	-63.123535
-150.517836	60.467871	71.937500	-63.116211
-150.353041	60.406836	71.937500	-63.094238
-150.237074	60.296973	71.937500	-63.147949
-149.986830	60.221289	71.937500	-63.023437
-149.547377	60.336035	71.937500	-63.013672
-149.638930	60.182227	71.937500	-62.901367
-149.291029	60.113867	71.937500	-63.062500
-149.071303	59.945410	71.937500	-63.367676
-148.552504	59.903906	71.937500	-63.025879
-148.253432	59.820898	71.937500	-63.047852
-147.936049	59.730566	71.937500	-63.033203
-147.405043	59.613379	71.937500	-62.925781
-147.167006	59.628027	71.937500	-63.189453
-146.263686	59.652441	71.937500	-63.265137
-145.561781	59.510840	71.937500	-63.020996
-144.414320	59.510840	71.937500	-63.101562
-143.230238	59.457129	71.937500	-63.218750
-141.710463	59.425391	71.937500	-63.255371
-140.056410	59.286230	71.937500	-62.947754
-138.146010	59.230078	71.937500	-63.113770
-135.857191	59.203223	71.937500	-63.189453
-133.556166	59.103125	71.937500	-63.030762
-130.827895	59.191016	71.937500	-63.020996
-127.629652	59.088477	71.937500	-63.423828
-124.431410	59.051855	71.937500	-63.201660
-120.897475	59.051855	71.937500	-63.365234
-117.210951	59.078711	71.937500	-63.011230
-114.122572	58.937109	71.937500	-63.025879
-111.394301	58.885840	71.937500	-63.343262
-109.697523	58.807715	71.937500	-63.245605
-108.586684	58.634375	71.937500	-63.411621
-108.415785	58.546484	71.937500	-63.406738
-109.270277	58.526953	71.937500	-63.204102
-110.942641	58.500098	71.937500	-63.304199
-113.500014	58.387793	71.937500	-63.328613
-116.417494	58.246191	71.937500	-63.584961
-119.786635	58.021582	71.937500	-63.399414
-123.076430	57.948340	71.937500	-63.270020
-126.109877	57.916602	71.937500	-63.121094
-129.118910	57.740820	71.937500	-62.979492
-131.944838	57.648047	71.937500	-63.306641
-134.172621	57.530859	71.937500	-63.260254
-136.113539	57.381934	71.937500	-63.289551
-138.036146	57.394141	71.937500	-63.294434
-139.989271	57.193945	71.937500	-63.270020
-141.747084	57.128027	71.937500	-63.465332
-142.967787	56.991309	71.937500	-63.570312
-144.005385	56.888770	71.937500	-63.716797
-144.823256	56.874121	71.937500	-63.526367
-145.677748	56.754492	71.937500	-63.611816
-146.416273	56.649512	71.937500	-63.548340
-146.880141	56.461523	71.937500	-63.636230
-147.545424	56.307715	71.937500	-63.680176
-147.905531	56.105078	71.937500	-63.633789
-148.485365	55.900000	71.937500	-63.689941
-148.558607	55.782812	71.937500	-63.462891
-148.967543	55.541113	71.937500	-63.472656
-149.175062	55.238379	71.937500	-63.704590
-149.443617	54.935645	71.937500	-63.799805
-149.602309	54.701270	71.937500	-63.826660
-149.687758	54.491309	71.937500	-63.577637
-150.029555	54.173926	71.937500	-64.080566
-150.163832	53.888281	71.937500	-63.982910
-150.505629	53.641699	71.937500	-63.912109
-150.346937	53.463477	71.937500	-63.907227
-150.456801	53.072852	71.937500	-63.860840
-150.664320	52.845801	71.937500	-64.041504
-150.859633	52.594336	71.937500	-63.963379
-150.639906	52.362402	71.937500	-63.921875
-150.847426	52.030371	71.937500	-63.887695
-150.603285	51.864355	71.937500	-63.787598
-150.847426	51.566504	71.937500	-63.914551
-150.682631	51.332129	71.937500	-63.880371
-150.835219	51.119727	71.937500	-64.034180
-150.969496	51.085547	71.937500	-63.741211
-151.012221	50.856055	71.937500	-63.941406
-150.963393	50.704687	71.937500	-63.790039
-151.030531	50.677832	71.937500	-63.804687
-150.963393	50.504492	71.937500	-63.772949
-150.700941	50.438574	71.937500	-63.743652
-151.073256	50.406836	71.937500	-63.750977
-150.755873	50.360449	71.937500	-63.846191
-150.835219	50.323828	71.937500	-63.689941
-150.780287	50.282324	71.937500	-63.655762
-150.749770	50.253027	71.937500	-63.653320
-150.816908	50.194434	71.937500	-63.587402
-150.584975	50.101660	71.937500	-63.680176
-150.639906	50.116309	71.937500	-63.702148
-150.475111	49.960059	71.937500	-63.550781
-150.304213	49.933203	71.937500	-63.545898
-150.041762	49.899023	71.937500	-63.555664
-150.047865	49.820898	71.937500	-63.509277
-149.846449	49.769629	71.937500	-63.477539
-149.614516	49.718359	71.937500	-63.467773
-149.345961	49.701270	71.937500	-63.543457
-149.052992	49.566992	71.937500	-63.545898
-148.937025	49.515723	71.937500	-63.396973
-148.460951	49.347266	71.937500	-63.538574
-148.137465	49.264258	71.937500	-63.467773
-147.813979	48.990820	71.937500	-63.606934
-147.270766	48.812598	71.937500	-63.357910
-147.063246	48.473242	71.937500	-63.584961
-146.312514	48.082617	71.937500	-63.389648
-145.995131	47.584570	71.937500	-63.316406
-145.207777	47.084082	71.937500	-63.304199
-144.499770	46.527441	71.937500	-63.226074
-143.742934	45.941504	71.937500	-63.238281
-142.998305	45.379980	71.937500	-63.272461
-141.960707	44.671973	71.937500	-63.328613
-140.947523	44.137305	71.937500	-63.338379
-139.861098	43.600195	71.937500	-63.248047
-138.500014	43.216895	71.937500	-63.309082
-137.273207	42.713965	71.937500	-63.306641
-135.930434	42.235449	71.937500	-62.994141
-134.251967	41.866797	71.937500	-63.184570
-132.359877	41.564062	71.937500	-62.984375
-130.223646	41.244238	71.937500	-63.504395
-127.214613	40.912207	71.937500	-63.294434
-123.949232	40.638770	71.937500	-63.182129
-120.061293	40.401953	71.937500	-63.177246
-115.093031	40.213965	71.937500	-63.438477
-109.105482	40.177344	71.937500	-63.216309
-102.428236	40.089453	71.937500	-63.108887
-94.438734	40.126074	71.937500	-63.233398
-85.362807	40.248145	71.937500	-63.304199
-75.053969	40.404395	71.937500	-63.279785
-64.122572	40.609473	71.937500	-62.920898
-53.008070	40.951270	71.937500	-63.008789
-43.022719	41.368750	71.937500	-63.377441
-36.449232	41.683691	71.937500	-63.191895
-32.066908	41.918066	71.937500	-63.184570
-30.589857	42.281836	71.937500	-63.291992
-31.450453	42.547949	71.937500	-62.989258
-34.520521	42.831152	71.937500	-63.167480
-39.604750	43.075293	71.937500	-63.111328
-46.544447	43.175391	71.937500	-63.196777
-55.577650	43.319434	71.937500	-62.903809
-64.012709	43.307227	71.937500	-63.250488
-72.612562	43.331641	71.937500	-63.143066
-80.693617	43.292578	71.937500	-63.060059
-88.280287	43.243750	71.937500	-63.199219
-95.110121	43.160742	71.937500	-63.213867
-100.670424	43.063086	71.937500	-63.416504
-106.139174	42.804297	71.937500	-63.287109
-111.430922	42.587012	71.937500	-63.235840
-116.289320	42.259863	71.937500	-63.355469
-121.153822	41.930273	71.937500	-63.216309
-124.669447	41.627539	71.937500	-63.362793
-128.026381	41.249121	71.937500	-63.016113
-130.626479	40.834082	71.937500	-62.986816
-132.805434	40.406836	71.937500	-63.250488
-134.605971	39.996680	71.937500	-63.162598
-136.443129	39.593848	71.937500	-63.155273
-137.883559	39.147070	71.937500	-63.221191
-139.275160	38.771094	71.937500	-63.106445
-140.428725	38.509863	71.937500	-63.130859
-141.850844	38.219336	71.937500	-63.536133
-142.644301	37.821387	71.937500	-63.255371
-143.511000	37.589453	71.937500	-63.003906
-144.164076	37.245215	71.937500	-63.147949
-144.579115	37.098730	71.937500	-62.930664
-145.268812	36.883887	71.937500	-62.996582
-145.750990	36.744727	71.937500	-63.084473
-146.385756	36.481055	71.937500	-63.238281
-146.526137	36.483496	71.937500	-63.291992
-147.008314	36.427344	71.937500	-63.299316
-147.459975	36.566504	71.937500	-63.191895
-147.521010	36.661719	71.937500	-63.187012
-147.990980	36.886328	71.937500	-63.020996
-148.204604	36.952246	71.937500	-63.448242
-148.320570	37.316016	71.937500	-63.096680
-148.888197	37.689551	71.937500	-62.867187
-149.004164	38.033789	71.937500	-62.906250
-149.449721	38.492773	71.937500	-63.086914
-149.583998	38.937109	71.937500	-63.001465
-149.718275	39.447363	71.937500	-63.008789
-150.127211	39.916113	71.937500	-63.182129
-150.243178	40.531348	71.937500	-63.172363
-150.346937	41.012305	71.937500	-63.392090
-150.328627	41.410254	71.937500	-62.957520
-150.584975	41.866797	71.937500	-63.086914
-150.542250	42.316016	71.937500	-63.289551
-150.755873	42.694434	71.937500	-63.331055
-150.877943	43.060645	71.937500	-63.201660
-150.859633	43.421973	71.937500	-63.116211
-150.780287	43.724707	71.937500	-63.240723
-151.146498	44.078711	71.937500	-63.140625
-150.969496	44.366797	71.937500	-63.260254
-150.981703	44.711035	71.937500	-63.218750
-151.225844	44.928320	71.937500	-63.062500
-151.115980	45.201758	71.937500	-63.162598
-151.299086	45.411719	71.937500	-63.316406
-151.311293	45.597266	71.937500	-63.128418
-151.488295	45.792578	71.937500	-63.201660
-151.439467	45.929297	71.937500	-63.294434
-151.451674	46.122168	71.937500	-63.331055
-151.781264	46.317480	71.937500	-63.311523
-151.494398	46.266211	71.937500	-63.172363
-151.762953	46.525000	71.937500	-63.289551
-151.805678	46.512793	71.937500	-63.179687
-151.836195	46.634863	71.937500	-63.345703
-151.665297	46.683691	71.937500	-63.123535
-151.952162	46.854590	71.937500	-63.086914
-152.031508	46.852148	71.937500	-62.923340
-151.927748	46.935156	71.937500	-63.406738
-151.878920	47.132910	71.937500	-63.172363
-152.110854	47.115820	71.937500	-63.067383
-151.982680	47.142676	71.937500	-63.372559
-151.750746	47.316016	71.937500	-63.357910
-151.915541	47.337988	71.937500	-63.389648
-151.909437	47.372168	71.937500	-63.111328
-151.769057	47.386816	71.937500	-63.272461
-151.793471	47.438086	71.937500	-63.489746
-151.445570	47.430762	71.937500	-63.443359
-151.573744	47.352637	71.937500	-63.421387
-151.543227	47.286719	71.937500	-63.462891
-151.317396	47.259863	71.937500	-63.384766
-151.183119	47.164648	71.937500	-63.460449
-150.951186	47.023047	71.937500	-63.409180
-150.713148	46.927832	71.937500	-63.448242
-150.383559	46.771582	71.937500	-63.282227
-150.151625	46.593359	71.937500	-63.541016
-149.919691	46.395605	71.937500	-63.313965
-149.242201	46.305273	71.937500	-63.221191
-148.692885	46.100195	71.937500	-63.409180
-148.033705	45.958594	71.937500	-63.357910
-147.795668	45.768164	71.937500	-63.338379
-146.629896	45.533789	71.937500	-63.472656
-146.068373	45.406836	71.937500	-63.365234
-145.470229	45.196875	71.937500	-63.440918
-144.823256	45.008887	71.937500	-63.414062
-144.481459	44.769629	71.937500	-63.323730
-144.469252	44.603613	71.937500	-63.555664
-144.573012	44.374121	71.937500	-63.492187
-145.073500	44.169043	71.937500	-63.450684
-145.445814	43.944434	71.937500	-63.372559
-146.098891	43.775977	71.937500	-63.472656
-146.574965	43.641699	71.937500	-63.482422
-147.136488	43.353613	71.937500	-63.645996
-147.600355	43.395117	71.937500	-63.633789
-148.076430	43.180273	71.937500	-63.416504
-148.698988	43.041113	71.937500	-63.252930
-149.272719	42.970312	71.937500	-63.235840
-149.840346	42.789648	71.937500	-63.416504
-150.096693	42.660254	71.937500	-63.589844
-150.176039	42.579687	71.937500	-63.316406
-150.493422	42.496680	71.937500	-63.357910
-150.688734	42.357520	71.937500	-63.157715
-150.835219	42.225684	71.937500	-63.204102
-150.969496	42.206152	71.937500	-63.572754
-151.195326	42.081641	71.937500	-63.052734
-151.054945	42.032812	71.937500	-63.421387
-151.286879	41.957129	71.937500	-63.431152
-151.097670	42.052344	71.937500	-63.340820
-151.354018	42.118262	71.937500	-63.370117
-151.323500	42.076758	71.937500	-63.111328
-151.347914	42.032812	71.937500	-63.133301
-151.408949	42.071875	71.937500	-63.409180
-151.366225	42.054785	71.937500	-63.436035
-151.195326	42.030371	71.937500	-63.301758
-151.079359	42.052344	71.937500	-63.404297
-150.963393	42.152441	71.937500	-63.367676
-150.786391	42.057227	71.937500	-63.348145
-150.841322	42.027930	71.937500	-63.338379
-150.639906	41.839941	71.937500	-63.433594
-150.505629	41.644629	71.937500	-63.404297
-150.346937	41.603125	71.937500	-63.526367
-149.870863	41.349219	71.937500	-63.287109
-149.565687	41.266211	71.937500	-63.064941
-149.175062	41.017187	71.937500	-63.423828
-148.827162	40.885352	71.937500	-63.108887
-148.521986	40.768164	71.937500	-63.343262
-148.180189	40.670508	71.937500	-63.477539
-147.679701	40.470312	71.937500	-63.318848
-147.203627	40.384863	71.937500	-63.536133
-146.587172	40.331152	71.937500	-63.267578
-145.610609	40.228613	71.937500	-63.267578
-144.481459	40.145605	71.937500	-63.201660
-143.059340	40.101660	71.937500	-63.345703
-141.625014	40.050391	71.937500	-63.311523
-140.013686	40.011328	71.937500	-63.189453
-138.249770	39.938086	71.937500	-63.272461
-136.076918	40.016211	71.937500	-63.255371
-134.160414	40.030859	71.937500	-63.299316
-131.365004	39.877051	71.937500	-63.343262
-128.166762	40.038184	71.937500	-63.267578
-124.724379	40.108984	71.937500	-63.531250
-121.739760	40.155371	71.937500	-63.462891
-119.212904	40.328711	71.937500	-63.284668
-117.973891	40.431250	71.937500	-63.150391
-117.668715	40.653418	71.937500	-63.357910
-118.297377	40.704687	71.937500	-63.318848
-119.725600	40.902441	71.937500	-63.494629
-121.507826	41.063574	71.937500	-63.255371
-123.894301	41.053809	71.937500	-63.028320
-126.280775	41.102637	71.937500	-63.174805
-128.941908	41.139258	71.937500	-63.284668
-131.792250	41.161230	71.937500	-63.289551
-134.087172	41.175879	71.937500	-63.350586
-136.333266	41.278418	71.937500	-63.475098
-138.298598	41.202734	71.937500	-63.445801
-139.989271	41.095312	71.937500	-63.423828
-141.350355	41.144141	71.937500	-63.157715
-142.699232	41.044043	71.937500	-63.174805
-144.023695	40.863379	71.937500	-63.624023
-144.927016	40.865820	71.937500	-63.304199
-145.952406	40.904883	71.937500	-63.321289
-146.727553	40.655859	71.937500	-63.069824
-147.203627	40.558203	71.937500	-63.165039
-147.990980	40.472754	71.937500	-63.318848
-148.314467	40.382422	71.937500	-63.287109
-148.686781	40.182227	71.937500	-62.991699
-148.955336	40.165137	71.937500	-63.401855
-149.400893	39.996680	71.937500	-63.580078
-149.571791	39.957617	71.937500	-63.113770
-150.090590	39.801367	71.937500	-63.187012
-150.273695	39.786719	71.937500	-63.250488
-150.255385	39.669531	71.937500	-63.362793
-150.542250	39.610937	71.937500	-63.291992
-150.841322	39.657324	71.937500	-63.204102
-150.560561	39.569434	71.937500	-63.101562
-150.884047	39.503516	71.937500	-63.167480
-150.798598	39.444922	71.937500	-63.365234
-150.938979	39.425391	71.937500	-63.138184
-150.938979	39.493750	71.937500	-62.999023
-150.920668	39.523047	71.937500	-63.357910
-151.189223	39.523047	71.937500	-63.455566
-150.969496	39.630469	71.937500	-63.306641
-151.238051	39.708594	71.937500	-63.250488
-151.170912	39.715918	71.937500	-63.169922
-151.152602	39.752539	71.937500	-63.155273
-151.018324	39.957617	71.937500	-63.477539
-151.231947	40.023535	71.937500	-63.362793
-151.109877	40.052832	71.937500	-63.252930
-151.018324	40.275000	71.937500	-63.169922
-151.024428	40.340918	71.937500	-63.157715
-151.170912	40.453223	71.937500	-63.401855
-151.024428	40.521582	71.937500	-62.967285
-150.914564	40.702246	71.937500	-63.028320
-150.841322	40.731543	71.937500	-63.365234
-151.030531	40.751074	71.937500	-63.353027
-150.798598	40.931738	71.937500	-63.167480
-150.871840	40.987891	71.937500	-63.277344
-150.774184	41.087988	71.937500	-63.372559
-150.621596	41.236914	71.937500	-63.582520
-150.383559	41.229590	71.937500	-63.343262
-150.285902	41.297949	71.937500	-63.118652
-150.426283	41.322363	71.937500	-63.443359
-149.999037	41.380957	71.937500	-63.409180
-149.938002	41.407812	71.937500	-63.248047
-149.754896	41.451758	71.937500	-63.165039
-149.522963	41.493262	71.937500	-63.409180
-149.406996	41.432227	71.937500	-63.243164
-149.095717	41.503027	71.937500	-63.350586
-148.937025	41.537207	71.937500	-63.536133
-148.863783	41.481055	71.937500	-63.147949
-148.613539	41.456641	71.937500	-63.560547
-147.942152	41.410254	71.937500	-63.406738
-147.466078	41.444434	71.937500	-63.501953
-147.234145	41.373633	71.937500	-63.150391
-146.581068	41.437109	71.937500	-63.282227
-146.080580	41.346777	71.937500	-63.384766
-145.555678	41.327246	71.937500	-63.440918
-145.146742	41.344336	71.937500	-63.123535
-144.365492	41.337012	71.937500	-63.396973
-143.620863	41.295508	71.937500	-63.145508
-142.711439	41.168555	71.937500	-63.462891
-141.887465	41.232031	71.937500	-63.221191
-140.782729	41.149023	71.937500	-63.226074
-139.653578	41.046484	71.937500	-63.162598
-138.188734	41.029395	71.937500	-63.299316
-136.620131	40.963477	71.937500	-63.257812
-135.082045	40.936621	71.937500	-63.235840
-133.318129	40.775488	71.937500	-63.443359
-131.126967	40.650977	71.937500	-63.196777
-128.435316	40.563086	71.937500	-63.357910
-125.273695	40.458105	71.937500	-63.260254
-121.806898	40.289648	71.937500	-63.091797
-118.108168	40.111426	71.937500	-63.274902
-113.066664	39.872168	71.937500	-63.436035
-107.225600	39.581641	71.937500	-63.262695
-101.451674	39.408301	71.937500	-63.465332
-94.231215	39.178809	71.937500	-63.406738
-85.954848	38.941992	71.937500	-63.348145
-76.061049	38.627051	71.937500	-63.462891
-65.337172	38.446387	71.937500	-63.289551
-54.100600	38.302344	71.937500	-63.184570
-42.778578	38.065527	71.937500	-63.333496
-33.110609	37.872656	71.937500	-63.326172
-25.670424	37.691992	71.937500	-63.211426
-21.874037	37.523535	71.937500	-63.177246
-21.904555	37.425879	71.937500	-63.294434
-25.536146	37.228125	71.937500	-63.311523
-31.493178	37.074316	71.937500	-63.362793
-38.762465	36.930273	71.937500	-63.389648
-47.417250	36.744727	71.937500	-63.289551
-56.590834	36.678809	71.937500	-63.416504
-66.490736	36.625098	71.937500	-63.289551
-75.969496	36.490820	71.937500	-63.145508
-84.569350	36.351660	71.937500	-63.365234
-92.998305	36.322363	71.937500	-63.294434
-100.078383	36.329687	71.937500	-63.348145
-105.907240	36.358984	71.937500	-63.235840
-111.467543	36.341895	71.937500	-63.206543
-115.978041	36.388281	71.937500	-63.245605
-119.975844	36.297949	71.937500	-63.648437
-123.412123	36.380957	71.937500	-63.436035
-126.531020	36.378516	71.937500	-63.377441
-129.326430	36.322363	71.937500	-63.267578
-131.609145	36.310156	71.937500	-63.360352
-133.672133	36.266211	71.937500	-63.448242
-135.442152	36.366309	71.937500	-63.257812
-136.797133	36.358984	71.937500	-63.155273
-137.889662	36.402930	71.937500	-63.350586
-139.214125	36.358984	71.937500	-63.396973
-140.477553	36.363867	71.937500	-63.094238
-141.350355	36.446875	71.937500	-63.113770
-142.455092	36.476172	71.937500	-63.082031
-143.364516	36.398047	71.937500	-63.528809
-144.267836	36.471289	71.937500	-63.353027
-144.994154	36.376074	71.937500	-63.279785
-145.586195	36.407812	71.937500	-63.328613
-145.989027	36.317480	71.937500	-63.428711
-146.343031	36.385840	71.937500	-63.313965
-146.684828	36.312598	71.937500	-63.050293
-147.209730	36.232031	71.937500	-63.230957
-147.606459	36.212500	71.937500	-63.392090
-147.984877	36.183203	71.937500	-63.318848
-148.430434	36.056250	71.937500	-63.345703
-148.784437	36.131934	71.937500	-63.323730
-148.760023	36.039160	71.937500	-63.208984
-149.352064	35.931738	71.937500	-63.294434
-149.144545	35.917090	71.937500	-63.306641
-149.510756	35.860937	71.937500	-63.331055
-149.657240	35.804785	71.937500	-63.062500
-149.980727	35.724219	71.937500	-63.492187
-150.212660	35.687598	71.937500	-63.287109
-150.371352	35.602148	71.937500	-63.199219
-150.487318	35.521582	71.937500	-63.265137
-150.670424	35.345801	71.937500	-63.443359
-150.957289	35.231055	71.937500	-63.526367
-151.018324	35.204199	71.937500	-63.384766
-150.993910	35.111426	71.937500	-63.184570
-151.207533	35.011328	71.937500	-63.162598
-151.164809	34.894141	71.937500	-63.287109
-151.360121	34.874609	71.937500	-63.414062
-151.482191	34.789160	71.937500	-63.289551
-151.579848	34.735449	71.937500	-63.118652
-151.695814	34.679297	71.937500	-63.409180
-151.689711	34.537695	71.937500	-63.343262
-151.854506	34.459570	71.937500	-63.382324
-151.927748	34.359473	71.937500	-63.067383
-151.970473	34.205664	71.937500	-63.404297
-152.165785	34.237402	71.937500	-63.523926
-152.232924	34.081152	71.937500	-63.482422
-152.116957	33.993262	71.937500	-63.323730
-152.458754	33.861426	71.937500	-63.426270
-152.434340	33.780859	71.937500	-63.455566
-152.287855	33.732031	71.937500	-63.331055
-152.141371	33.583105	71.937500	-63.343262
-152.690687	33.539160	71.937500	-63.355469
-152.403822	33.336523	71.937500	-63.455566
-152.623549	33.204687	71.937500	-63.460449
-152.464857	33.082617	71.937500	-63.323730
-152.562514	32.999609	71.937500	-63.304199
-152.611342	32.879980	71.937500	-63.047852
-152.757826	32.770117	71.937500	-63.372559
-152.849379	32.623633	71.937500	-63.531250
-152.495375	32.565039	71.937500	-63.226074
-152.550307	32.460059	71.937500	-63.226074
-152.599135	32.213477	71.937500	-63.475098
-152.525893	32.118262	71.937500	-63.606934
-152.348891	32.064551	71.937500	-63.338379
-152.788344	31.952246	71.937500	-63.414062
-152.464857	31.861914	71.937500	-63.409180
-152.513686	31.732520	71.937500	-63.453125
-152.342787	31.620215	71.937500	-63.470215
-152.428236	31.525000	71.937500	-63.230957
-152.428236	31.407812	71.937500	-63.416504
-152.263441	31.263770	71.937500	-63.328613
-152.092543	31.095312	71.937500	-63.423828
-151.939955	31.046484	71.937500	-63.067383
-151.708021	30.887793	71.937500	-63.379883
-151.494398	30.765723	71.937500	-63.306641
-151.244154	30.668066	71.937500	-63.409180
-150.853529	30.499609	71.937500	-63.335937
-150.414076	30.360449	71.937500	-63.445801
-149.925795	30.257910	71.937500	-63.289551
-149.541273	30.077246	71.937500	-63.384766
-149.089613	29.984473	71.937500	-63.526367
-148.711195	29.850195	71.937500	-63.252930
-148.564711	29.776953	71.937500	-63.248047
-148.259535	29.610937	71.937500	-63.331055
-148.363295	29.444922	71.937500	-63.460449
-148.283949	29.374121	71.937500	-63.343262
-148.583021	29.198340	71.937500	-63.296875
-148.491469	29.098242	71.937500	-63.179687
-149.028578	29.012793	71.937500	-63.284668
-149.083510	28.773535	71.937500	-63.631348
-149.583998	28.575781	71.937500	-63.335937
-150.169936	28.678320	71.937500	-63.133301
-150.432387	28.404883	71.937500	-63.411621
-150.639906	28.307227	71.937500	-63.511719
-151.000014	28.204687	71.937500	-63.360352
-151.195326	28.099707	71.937500	-63.287109
-151.585951	28.021582	71.937500	-63.340820
-151.793471	27.787207	71.937500	-63.494629
-151.854506	27.735937	71.937500	-63.462891
-152.055922	27.557715	71.937500	-63.316406
-152.171889	27.504004	71.937500	-63.226074
-152.226820	27.369727	71.937500	-63.421387
-152.135268	27.245215	71.937500	-63.580078
-152.037611	26.998633	71.937500	-63.362793
-152.269545	26.925391	71.937500	-63.599609
-152.281752	26.839941	71.937500	-63.318848
-152.031508	26.608008	71.937500	-63.453125
-152.257338	26.620215	71.937500	-63.360352
-152.318373	26.520117	71.937500	-63.223633
-152.007094	26.363867	71.937500	-63.577637
-152.092543	26.200293	71.937500	-63.345703
-151.891127	26.041602	71.937500	-63.282227
-151.982680	25.921973	71.937500	-63.321289
-151.988783	25.875586	71.937500	-63.409180
-152.074232	25.768164	71.937500	-63.519043
-151.720229	25.614355	71.937500	-63.379883
-151.665297	25.592383	71.937500	-63.169922
-151.354018	25.338477	71.937500	-63.360352
-151.280775	25.284766	71.937500	-63.196777
-151.091566	25.165137	71.937500	-63.318848
-150.688734	25.116309	71.937500	-63.553223
-150.664320	24.950293	71.937500	-63.194336
-150.371352	24.850195	71.937500	-63.521484
-149.870863	24.747656	71.937500	-63.497070
-149.400893	24.623145	71.937500	-63.274902
-148.955336	24.515723	71.937500	-63.160156
-148.454848	24.359473	71.937500	-63.143066
-147.820082	24.195898	71.937500	-63.240723
-147.118178	24.129980	71.937500	-63.414062
-146.831312	23.927344	71.937500	-63.340820
-145.427504	23.824805	71.937500	-63.362793
-144.267836	23.712500	71.937500	-63.365234
-142.833510	23.619727	71.937500	-63.357910
-141.014662	23.404883	71.937500	-63.250488
-139.488783	23.375586	71.937500	-63.594727
-138.048354	23.133887	71.937500	-63.360352
-136.266127	23.014258	71.937500	-63.235840
-134.898939	22.977637	71.937500	-63.514160
-134.105482	22.826270	71.937500	-63.560547
-133.812514	22.811621	71.937500	-63.228516
-134.093275	22.694434	71.937500	-63.194336
-134.776869	22.506445	71.937500	-63.592285
-135.692396	22.394141	71.937500	-63.455566
-136.943617	22.289160	71.937500	-63.401855
-138.414564	22.276953	71.937500	-62.979492
-139.781752	22.125586	71.937500	-63.335937
-140.752211	22.145117	71.937500	-63.392090
-142.210951	22.040137	71.937500	-63.152832
-143.694105	21.962012	71.937500	-63.311523
-144.963637	21.966895	71.937500	-63.189453
-145.982924	21.908301	71.937500	-63.206543
-146.855727	21.900977	71.937500	-63.406738
-147.618666	21.832617	71.937500	-63.306641
-148.125258	21.681250	71.937500	-63.272461
-148.760023	21.771582	71.937500	-63.357910
-149.187270	21.625098	71.937500	-63.392090
-149.406996	21.566504	71.937500	-63.394531
-149.822035	21.532324	71.937500	-63.052734
-150.304213	21.363867	71.937500	-63.289551
-150.530043	21.327246	71.937500	-63.575195
-150.688734	21.271094	71.937500	-63.604492
-151.085463	21.146582	71.937500	-63.404297
-151.256361	21.190527	71.937500	-63.370117
-151.024428	21.036719	71.937500	-63.367676
-151.299086	21.024512	71.937500	-63.299316
-151.469984	20.958594	71.937500	-63.255371
-151.561537	20.804785	71.937500	-63.384766
-151.927748	20.858496	71.937500	-63.504395
-151.866713	20.746191	71.937500	-63.333496
-151.915541	20.731543	71.937500	-63.511719
-152.019301	20.587500	71.937500	-63.333496
-151.946059	20.577734	71.937500	-63.394531
-151.817885	20.492285	71.937500	-63.423828
-152.098646	20.382422	71.937500	-63.458008
-152.086439	20.333594	71.937500	-63.084473
-152.092543	20.316504	71.937500	-63.296875
-152.074232	20.304297	71.937500	-63.304199
-152.068129	20.121191	71.937500	-63.458008
-152.080336	19.986914	71.937500	-63.323730
-152.202406	20.030859	71.937500	-63.501953
-151.854506	19.923437	71.937500	-63.106445
-152.037611	19.918555	71.937500	-63.443359
-151.866713	19.847754	71.937500	-63.445801
-151.994887	19.764746	71.937500	-63.235840
-152.123061	19.654883	71.937500	-63.335937
-151.854506	19.620703	71.937500	-63.387207
-151.848402	19.596289	71.937500	-63.279785
-151.952162	19.501074	71.937500	-63.252930
-151.646986	19.444922	71.937500	-63.409180
-151.665297	19.344824	71.937500	-63.333496
-151.714125	19.230078	71.937500	-63.506836
-151.354018	19.149512	71.937500	-63.536133
-151.250258	19.103125	71.937500	-63.584961
-151.323500	19.039648	71.937500	-63.296875
-151.122084	19.078711	71.937500	-63.196777
-151.097670	18.956641	71.937500	-63.328613
-150.932875	18.890723	71.937500	-63.396973
-150.731459	18.878516	71.937500	-63.492187
-150.627699	18.800391	71.937500	-63.353027
-150.432387	18.722266	71.937500	-63.165039
-150.444594	18.697852	71.937500	-63.394531
-150.182143	18.658789	71.937500	-63.423828
-149.852553	18.551367	71.937500	-63.321289
-149.620619	18.443945	71.937500	-63.309082
-149.510756	18.517187	71.937500	-63.592285
-149.065199	18.407324	71.937500	-63.414062
-148.918715	18.421973	71.937500	-63.414062
-148.729506	18.375586	71.937500	-63.409180
-148.454848	18.253516	71.937500	-63.326172
-148.180189	18.243750	71.937500	-63.433594
-147.972670	18.170508	71.937500	-63.399414
-147.417250	18.129004	71.937500	-63.533691
-146.928969	18.055762	71.937500	-63.340820
-146.440687	17.923926	71.937500	-63.624023
-146.166029	17.909277	71.937500	-63.602051
-145.482436	17.779883	71.937500	-63.545898
-144.951430	17.728613	71.937500	-63.208984
-144.261732	17.738379	71.937500	-63.204102
-143.309584	17.655371	71.937500	-63.702148
-142.387953	17.616309	71.937500	-63.338379
-141.563979	17.540625	71.937500	-63.233398
-140.447035	17.486914	71.937500	-63.233398
-139.336195	17.450293	71.937500	-63.382324
-138.054457	17.450293	71.937500	-63.448242
-136.803236	17.408789	71.937500	-63.384766
-135.442152	17.298926	71.937500	-63.384766
-133.629408	17.179297	71.937500	-63.267578
-131.743422	17.181738	71.937500	-63.450684
-129.021254	17.066992	71.937500	-63.445801
-126.054945	17.008398	71.937500	-63.262695
-122.777357	16.962012	71.937500	-63.204102
-118.675795	16.879004	71.937500	-63.492187
-114.128676	16.827734	71.937500	-63.619141
-108.965102	16.695898	71.937500	-63.357910
-103.392592	16.661719	71.937500	-63.118652
-97.112074	16.561621	71.937500	-63.194336
-89.470473	16.490820	71.937500	-63.272461
-80.809584	16.378516	71.937500	-63.372559
-70.952406	16.356543	71.937500	-63.238281
-59.435072	16.268652	71.937500	-63.370117
-47.307387	16.014746	71.937500	-63.348145
-35.667982	15.921973	71.937500	-63.443359
-25.273695	15.836523	71.937500	-63.296875
-16.472426	15.619238	71.937500	-63.260254
-10.405531	15.592383	71.937500	-63.431152
-7.561293	15.431250	71.937500	-63.392090
-8.037367	15.311621	71.937500	-63.653320
