-147.423354	79.699793	80.020000	-61.934570
-146.751967	79.694910	80.020000	-61.878418
-146.104994	79.694910	80.020000	-61.824707
-145.476332	79.692469	80.020000	-62.117676
-144.975844	79.692469	80.020000	-61.727051
-144.347182	79.694910	80.020000	-61.971191
-143.675795	79.680262	80.020000	-61.783203
-142.992201	79.663172	80.020000	-61.905273
-142.204848	79.660730	80.020000	-61.868652
-141.051283	79.685145	80.020000	-61.766113
-139.531508	79.675379	80.020000	-61.656250
-138.017836	79.668055	80.020000	-61.819824
-136.455336	79.682703	80.020000	-61.673340
-134.380141	79.699793	80.020000	-61.695312
-132.774916	79.692469	80.020000	-61.629395
-131.151381	79.692469	80.020000	-61.717285
-129.521742	79.697352	80.020000	-61.883301
-127.934828	79.712000	80.020000	-61.788086
-125.877943	79.712000	80.020000	-61.810059
-123.143568	79.712000	80.020000	-61.751465
-119.627943	79.712000	80.020000	-61.687988
-115.459242	79.712000	80.020000	-61.524414
-110.472670	79.712000	80.020000	-61.941895
-105.400648	79.712000	80.020000	-61.658691
-100.761977	79.702234	80.020000	-61.607422
-96.697035	79.712000	80.020000	-61.646484
-93.114271	79.712000	80.020000	-61.443848
-89.610854	79.712000	80.020000	-61.644043
-85.375014	79.697352	80.020000	-61.624512
-80.235854	79.712000	80.020000	-61.536621
-73.271742	79.712000	80.020000	-61.666016
-65.544691	79.712000	80.020000	-61.802734
-57.719984	79.712000	80.020000	-61.395020
-51.323500	79.712000	80.020000	-61.373047
-47.673598	79.704676	80.020000	-61.634277
-47.441664	79.687586	80.020000	-61.573242
-50.566664	79.692469	80.020000	-61.690430
-55.791273	79.707117	80.020000	-61.673340
-62.132826	79.704676	80.020000	-61.451172
-69.200697	79.690027	80.020000	-61.492676
-76.268568	79.690027	80.020000	-61.646484
-82.774916	79.685145	80.020000	-61.563477
-88.078871	79.699793	80.020000	-61.561035
-92.192641	79.697352	80.020000	-61.612305
-96.532240	79.699793	80.020000	-61.546387
-100.206557	79.702234	80.020000	-61.517090
-104.173842	79.694910	80.020000	-61.485352
-107.372084	79.694910	80.020000	-61.602539
-110.112562	79.690027	80.020000	-61.382812
-113.152113	79.699793	80.020000	-61.419434
-116.600600	79.687586	80.020000	-61.446289
-118.193617	79.680262	80.020000	-61.480469
-124.217787	79.668055	80.020000	-61.531738
-127.257338	79.668055	80.020000	-61.634277
-129.680434	79.636316	80.020000	-61.539062
-131.560316	79.643641	80.020000	-61.683105
-133.080092	79.631434	80.020000	-61.519531
-134.361830	79.604578	80.020000	-61.624512
-135.448256	79.614344	80.020000	-61.717285
-136.760512	79.619227	80.020000	-61.448730
-137.962904	79.570398	80.020000	-61.558594
-139.427748	79.611902	80.020000	-61.312012
-140.740004	79.611902	80.020000	-61.404785
-141.985121	79.577723	80.020000	-61.602539
-143.041029	79.597254	80.020000	-61.448730
-143.834486	79.609461	80.020000	-61.304687
-144.750014	79.589930	80.020000	-61.348633
-145.213881	79.607020	80.020000	-61.631836
-145.622816	79.594813	80.020000	-61.578125
-146.098891	79.589930	80.020000	-61.407227
-146.605482	79.597254	80.020000	-61.788086
-147.105971	79.599695	80.020000	-61.617187
-147.276869	79.592371	80.020000	-61.329102
-147.405043	79.577723	80.020000	-61.346191
-147.820082	79.599695	80.020000	-61.478027
-148.045912	79.558191	80.020000	-61.275391
-148.125258	79.585047	80.020000	-61.436523
-148.277846	79.582605	80.020000	-61.573242
-148.656264	79.585047	80.020000	-61.421875
-148.625746	79.550867	80.020000	-61.441406
-149.022475	79.550867	80.020000	-61.470703
-149.333754	79.536219	80.020000	-61.336426
-149.303236	79.514246	80.020000	-61.541504
-149.541273	79.550867	80.020000	-61.407227
-149.681654	79.519129	80.020000	-61.438965
-149.590102	79.521570	80.020000	-61.302246
-149.858656	79.521570	80.020000	-61.482910
-149.706068	79.487391	80.020000	-61.331543
-149.785414	79.499598	80.020000	-61.514648
-150.090590	79.538660	80.020000	-61.519531
-150.151625	79.524012	80.020000	-61.500000
-149.962416	79.528895	80.020000	-61.424316
-149.858656	79.497156	80.020000	-61.663574
-149.510756	79.484949	80.020000	-61.475586
-149.522963	79.506922	80.020000	-61.604980
-149.162855	79.524012	80.020000	-61.443848
-149.089613	79.492273	80.020000	-61.448730
-148.949232	79.509363	80.020000	-61.343750
-148.906508	79.509363	80.020000	-61.419434
-149.040785	79.514246	80.020000	-61.661133
-148.991957	79.514246	80.020000	-61.326660
-149.101820	79.509363	80.020000	-61.648926
-149.242201	79.521570	80.020000	-61.536621
-149.474135	79.519129	80.020000	-61.578125
-149.754896	79.511805	80.020000	-61.661133
-149.657240	79.492273	80.020000	-61.634277
-150.005141	79.448328	80.020000	-61.492676
-149.901381	79.462977	80.020000	-61.685547
-150.243178	79.455652	80.020000	-61.578125
-150.560561	79.441004	80.020000	-61.316895
-150.609389	79.394617	80.020000	-61.529297
-150.877943	79.372645	80.020000	-61.485352
-150.957289	79.353113	80.020000	-61.539062
-151.140395	79.365320	80.020000	-61.485352
-151.170912	79.353113	80.020000	-61.351074
-151.329604	79.340906	80.020000	-61.380371
-151.433363	79.311609	80.020000	-61.578125
-151.555434	79.331141	80.020000	-61.521973
-151.793471	79.274988	80.020000	-61.473145
-151.695814	79.284754	80.020000	-61.448730
-151.689711	79.277430	80.020000	-61.585449
-151.732436	79.255457	80.020000	-61.436523
-151.793471	79.238367	80.020000	-61.507324
-151.744643	79.304285	80.020000	-61.663574
-151.793471	79.292078	80.020000	-61.294922
-151.567641	79.248133	80.020000	-61.805176
-151.592055	79.213953	80.020000	-61.526855
-151.408949	79.250574	80.020000	-61.519531
-151.408949	79.238367	80.020000	-61.634277
-151.292982	79.187098	80.020000	-61.604980
-151.067152	79.174891	80.020000	-61.592773
-150.810805	79.155359	80.020000	-61.636719
-150.823012	79.082117	80.020000	-61.495117
-150.578871	79.047938	80.020000	-61.521973
-150.206557	79.028406	80.020000	-61.368164
-149.974623	78.982020	80.020000	-61.426758
-149.626723	78.906336	80.020000	-61.500000
-149.187270	78.877039	80.020000	-61.512207
-148.503676	78.830652	80.020000	-61.575684
-147.734633	78.813563	80.020000	-61.631836
-147.044936	78.728113	80.020000	-61.553711
-146.196547	78.681727	80.020000	-61.663574
-145.470229	78.679285	80.020000	-61.429199
-144.823256	78.647547	80.020000	-61.497559
-144.322768	78.654871	80.020000	-61.614746
-143.736830	78.566980	80.020000	-61.734375
-143.559828	78.586512	80.020000	-61.766113
-143.742934	78.628016	80.020000	-61.448730
-143.797865	78.588953	80.020000	-61.670898
-144.225111	78.620691	80.020000	-61.629395
-144.420424	78.588953	80.020000	-61.534180
-145.042982	78.625574	80.020000	-61.541504
-145.476332	78.620691	80.020000	-61.546387
-146.227064	78.574305	80.020000	-61.604980
-146.825209	78.613367	80.020000	-61.629395
-147.038832	78.588953	80.020000	-61.485352
-147.740736	78.606043	80.020000	-61.814941
-148.149672	78.598719	80.020000	-61.734375
-148.515883	78.557215	80.020000	-61.683105
-149.162855	78.469324	80.020000	-61.656250
-149.297133	78.391199	80.020000	-61.702637
-149.779311	78.261805	80.020000	-61.666016
-150.267592	78.159266	80.020000	-61.644043
-150.475111	78.154383	80.020000	-61.814941
-150.713148	78.042078	80.020000	-61.819824
-151.000014	77.949305	80.020000	-61.700195
-151.280775	77.873621	80.020000	-61.399902
-151.518812	77.910242	80.020000	-61.746582
-151.701918	77.800379	80.020000	-61.687988
-152.086439	77.790613	80.020000	-61.819824
-152.098646	77.778406	80.020000	-61.963867
-152.428236	77.758875	80.020000	-61.656250
-152.397719	77.727137	80.020000	-61.744141
-152.605238	77.741785	80.020000	-61.797852
-152.708998	77.697840	80.020000	-61.839355
-152.849379	77.631922	80.020000	-61.783203
-152.873793	77.712488	80.020000	-61.924805
-152.800551	77.707605	80.020000	-61.834473
-152.654066	77.685633	80.020000	-61.749023
-152.702895	77.753992	80.020000	-61.856445
-152.776137	77.744227	80.020000	-61.814941
-152.629652	77.673426	80.020000	-61.724609
-152.574721	77.732020	80.020000	-61.973633
-152.391615	77.727137	80.020000	-61.797852
-152.513686	77.673426	80.020000	-61.822266
-152.281752	77.673426	80.020000	-61.626953
-152.281752	77.583094	80.020000	-61.739258
-152.269545	77.534266	80.020000	-61.724609
-152.153578	77.446375	80.020000	-61.807617
-151.854506	77.326746	80.020000	-61.558594
-151.769057	77.290125	80.020000	-61.604980
-151.592055	77.219324	80.020000	-61.983398
-151.592055	77.060633	80.020000	-61.692871
-151.213637	76.999598	80.020000	-61.849121
-150.823012	76.845789	80.020000	-61.565918
-150.646010	76.755457	80.020000	-61.705078
-150.224867	76.782313	80.020000	-61.885742
-149.815932	76.667566	80.020000	-61.661133
-149.608412	76.701746	80.020000	-61.734375
-149.040785	76.608973	80.020000	-61.875977
-148.692885	76.491785	80.020000	-61.648926
-147.856703	76.408777	80.020000	-61.885742
-147.234145	76.386805	80.020000	-61.763672
-146.422377	76.325770	80.020000	-61.536621
-145.299330	76.316004	80.020000	-61.814941
-144.371596	76.223230	80.020000	-61.463379
-142.870131	76.120691	80.020000	-61.492676
-141.533461	76.049891	80.020000	-61.705078
-140.373793	76.040125	80.020000	-61.670898
-138.762465	75.903406	80.020000	-61.656250
-137.248793	75.849695	80.020000	-61.729492
-135.246840	75.710535	80.020000	-61.700195
-133.275404	75.610438	80.020000	-61.558594
-130.626479	75.427332	80.020000	-61.712402
-127.654066	75.407801	80.020000	-61.751465
-124.126234	75.253992	80.020000	-61.580566
-120.049086	75.066004	80.020000	-61.565918
-116.112318	74.902430	80.020000	-61.543945
-112.553969	74.719324	80.020000	-61.553711
-109.667006	74.531336	80.020000	-61.578125
-107.237807	74.421473	80.020000	-61.644043
-105.840102	74.399500	80.020000	-61.431641
-105.882826	74.260340	80.020000	-61.485352
-107.079115	74.128504	80.020000	-61.546387
-109.074965	74.069910	80.020000	-61.636719
-111.906996	73.999109	80.020000	-61.480469
-115.086928	73.984461	80.020000	-61.670898
-118.535414	74.069910	80.020000	-61.563477
-121.776381	73.940516	80.020000	-61.634277
-124.785414	73.877039	80.020000	-61.548828
-127.788344	73.889246	80.020000	-61.802734
-130.486098	73.828211	80.020000	-61.519531
-133.012953	73.806238	80.020000	-61.507324
-135.252943	73.752527	80.020000	-61.546387
-137.248793	73.669520	80.020000	-61.485352
-138.878432	73.689051	80.020000	-61.463379
-140.453139	73.686609	80.020000	-61.456055
-141.783705	73.620691	80.020000	-61.612305
-142.857924	73.454676	80.020000	-61.775879
-143.968764	73.405848	80.020000	-61.741699
-145.067396	73.164148	80.020000	-61.612305
-145.506850	73.186121	80.020000	-61.551270
-146.330824	73.027430	80.020000	-61.893066
-146.880141	72.880945	80.020000	-61.587891
-147.435561	72.749109	80.020000	-61.390137
-148.076430	72.692957	80.020000	-61.678223
-148.460951	72.668543	80.020000	-61.404785
-148.943129	72.482996	80.020000	-61.609863
-149.400893	72.392664	80.020000	-61.529297
-149.590102	72.365809	80.020000	-61.307129
-150.145521	72.321863	80.020000	-61.294922
-150.298109	72.248621	80.020000	-61.290039
-150.432387	72.229090	80.020000	-61.788086
-150.633803	72.229090	80.020000	-61.558594
-150.627699	72.273035	80.020000	-61.492676
-150.786391	72.295008	80.020000	-61.587891
-150.798598	72.287684	80.020000	-61.675781
-151.073256	72.304773	80.020000	-61.722168
-150.902357	72.341395	80.020000	-61.543945
-151.000014	72.353602	80.020000	-61.512207
-150.993910	72.380457	80.020000	-61.521973
-151.244154	72.326746	80.020000	-61.639160
-151.268568	72.290125	80.020000	-61.524414
-151.305189	72.212000	80.020000	-61.368164
-151.323500	72.255945	80.020000	-61.241211
-151.463881	72.075281	80.020000	-61.453613
-151.457777	71.992273	80.020000	-61.592773
-151.500502	71.899500	80.020000	-61.517090
-151.677504	71.621180	80.020000	-61.416992
-151.726332	71.477137	80.020000	-61.497559
-151.653090	71.316004	80.020000	-61.397461
-151.518812	71.128016	80.020000	-61.636719
-151.976576	70.957117	80.020000	-61.465820
-151.640883	70.739832	80.020000	-61.592773
-151.689711	70.546961	80.020000	-61.565918
-151.659193	70.402918	80.020000	-61.517090
-151.451674	70.151453	80.020000	-61.495117
-151.482191	69.895105	80.020000	-61.687988
-151.299086	69.819422	80.020000	-61.810059
-151.366225	69.721766	80.020000	-61.775879
-151.128187	69.567957	80.020000	-61.492676
-151.109877	69.484949	80.020000	-61.570801
-150.884047	69.382410	80.020000	-61.473145
-150.688734	69.284754	80.020000	-61.553711
-150.359145	69.235926	80.020000	-61.595215
-150.365248	69.187098	80.020000	-61.634277
-149.980727	69.001551	80.020000	-61.648926
-149.956312	68.979578	80.020000	-61.558594
-149.919691	68.872156	80.020000	-61.446289
-149.547377	68.811121	80.020000	-61.438965
-149.278822	68.713465	80.020000	-61.453613
-148.875990	68.640223	80.020000	-61.385254
-148.656264	68.574305	80.020000	-61.580566
-148.216811	68.459559	80.020000	-61.705078
-147.771254	68.427820	80.020000	-61.968750
-147.240248	68.339930	80.020000	-61.729492
-146.831312	68.276453	80.020000	-61.475586
-146.190443	68.193445	80.020000	-61.583008
-145.561781	68.049402	80.020000	-61.702637
-144.945326	67.961512	80.020000	-61.651367
-144.072523	67.910242	80.020000	-61.609863
-143.370619	67.815027	80.020000	-61.819824
-142.253676	67.768641	80.020000	-61.614746
-141.094008	67.680750	80.020000	-61.482910
-139.629164	67.575770	80.020000	-61.375488
-137.645521	67.624598	80.020000	-61.409668
-135.948744	67.673426	80.020000	-61.578125
-133.775893	67.692957	80.020000	-61.556152
-131.407729	67.734461	80.020000	-61.578125
-128.691664	67.702723	80.020000	-61.587891
-125.530043	67.697840	80.020000	-61.563477
-122.148695	67.558680	80.020000	-61.600098
-118.199721	67.566004	80.020000	-61.702637
-113.750258	67.568445	80.020000	-61.583008
-109.001723	67.404871	80.020000	-61.607422
-103.282729	67.273035	80.020000	-61.524414
-97.063246	67.292566	80.020000	-61.680664
-89.696303	67.107020	80.020000	-61.631836
-81.194105	66.987391	80.020000	-61.639160
-72.527113	66.828699	80.020000	-61.685547
-63.713637	66.677332	80.020000	-61.500000
-54.814711	66.565027	80.020000	-61.521973
-46.605482	66.501551	80.020000	-61.873535
-40.447035	66.330652	80.020000	-61.695312
-36.748305	66.211023	80.020000	-61.551270
-35.552016	66.149988	80.020000	-61.490234
-37.938490	66.037684	80.020000	-61.712402
-43.474379	65.886316	80.020000	-61.373047
-50.646010	65.710535	80.020000	-61.570801
-58.623305	65.644617	80.020000	-61.802734
-65.764418	65.590906	80.020000	-61.741699
-73.229018	65.632410	80.020000	-61.824707
-80.724135	65.461512	80.020000	-61.543945
-89.128676	65.478602	80.020000	-61.692871
-97.423354	65.466395	80.020000	-61.797852
-104.735365	65.539637	80.020000	-61.526855
-110.991469	65.581141	80.020000	-61.714844
-116.661635	65.524988	80.020000	-61.646484
-120.781508	65.568934	80.020000	-61.590332
-124.522963	65.520105	80.020000	-61.529297
-127.318373	65.590906	80.020000	-61.609863
-129.570570	65.529871	80.020000	-61.661133
-131.480971	65.542078	80.020000	-61.719727
-133.550062	65.385828	80.020000	-61.858887
-135.100355	65.380945	80.020000	-61.836914
-137.065687	65.300379	80.020000	-61.724609
-138.603773	65.188074	80.020000	-61.810059
-139.946547	65.095301	80.020000	-61.714844
-141.386977	64.982996	80.020000	-61.590332
-142.143812	64.990320	80.020000	-61.756348
-143.053236	64.865809	80.020000	-61.814941
-143.968764	64.782801	80.020000	-61.814941
-144.951430	64.670496	80.020000	-61.575684
-145.543471	64.550867	80.020000	-61.629395
-146.092787	64.487391	80.020000	-61.944336
-146.745863	64.406824	80.020000	-61.541504
-147.167006	64.226160	80.020000	-61.873535
-147.978773	64.248133	80.020000	-61.868652
-148.381605	64.111414	80.020000	-61.807617
-148.924818	63.923426	80.020000	-61.736816
-149.083510	63.886805	80.020000	-61.717285
-149.577895	63.862391	80.020000	-61.709961
-149.858656	63.718348	80.020000	-61.954102
-150.084486	63.664637	80.020000	-62.063965
-150.517836	63.593836	80.020000	-61.797852
-150.554457	63.559656	80.020000	-61.749023
-150.725355	63.476648	80.020000	-61.998047
-150.963393	63.366785	80.020000	-61.907715
-151.054945	63.208094	80.020000	-61.880859
-151.305189	63.144617	80.020000	-61.824707
-151.372328	63.005457	80.020000	-61.998047
-151.500502	62.951746	80.020000	-61.990723
-151.683607	62.807703	80.020000	-62.100586
-151.854506	62.597742	80.020000	-62.188477
-152.116957	62.429285	80.020000	-62.139648
-151.964369	62.326746	80.020000	-61.995605
-152.141371	62.102137	80.020000	-62.215332
-152.208510	61.916590	80.020000	-62.161621
-152.110854	61.809168	80.020000	-62.085937
-152.208510	61.599207	80.020000	-62.068848
-152.281752	61.503992	80.020000	-62.286133
-152.190199	61.254969	80.020000	-62.249512
-152.550307	61.098719	80.020000	-62.225098
-152.367201	60.974207	80.020000	-62.303223
-152.586928	60.844813	80.020000	-62.315430
-152.513686	60.678797	80.020000	-62.259277
-152.385512	60.556727	80.020000	-62.200684
-152.440443	60.217371	80.020000	-62.168945
-152.556410	60.061121	80.020000	-62.498535
-152.837172	59.809656	80.020000	-62.342285
-152.696791	59.599695	80.020000	-62.481445
-152.605238	59.299402	80.020000	-62.664551
-152.959242	59.077234	80.020000	-62.471680
-152.971449	58.818445	80.020000	-62.461914
-152.873793	58.581629	80.020000	-62.288574
-153.191176	58.300867	80.020000	-62.654785
-152.983656	57.939539	80.020000	-62.562012
-153.160658	57.771082	80.020000	-62.386230
-153.325453	57.431727	80.020000	-62.566895
-153.337660	57.075281	80.020000	-62.410645
-153.313246	56.821375	80.020000	-62.571777
-153.386488	56.574793	80.020000	-62.613281
-153.441420	56.237879	80.020000	-62.666992
-153.258314	55.959559	80.020000	-62.591309
-153.227797	55.644617	80.020000	-62.789062
-153.160658	55.402918	80.020000	-62.518066
-153.014174	55.158777	80.020000	-62.522949
-152.910414	54.814539	80.020000	-62.615723
-152.892104	54.580164	80.020000	-62.374023
-152.702895	54.401941	80.020000	-62.430176
-152.458754	54.296961	80.020000	-62.515625
-152.330580	54.135828	80.020000	-62.295898
-152.153578	54.072352	80.020000	-62.383789
-151.915541	53.938074	80.020000	-62.354492
-151.476088	53.911219	80.020000	-62.225098
-151.140395	53.837977	80.020000	-62.439941
-150.652113	53.852625	80.020000	-62.481445
-150.029555	53.869715	80.020000	-62.286133
-149.272719	53.894129	80.020000	-62.371582
-148.479262	53.908777	80.020000	-62.420410
-147.893324	53.982020	80.020000	-62.210449
-146.959486	54.021082	80.020000	-62.256836
-146.355238	53.938074	80.020000	-62.137207
-145.805922	54.030848	80.020000	-62.220215
-145.360365	54.057703	80.020000	-62.198242
-144.908705	54.028406	80.020000	-62.093262
-144.774428	54.108973	80.020000	-62.076172
-144.945326	53.960047	80.020000	-62.134766
-144.890395	54.069910	80.020000	-62.176270
-145.201674	53.855066	80.020000	-62.208008
-145.958510	53.754969	80.020000	-61.966309
-146.642104	53.711023	80.020000	-62.366699
-147.319594	53.413172	80.020000	-62.088379
-148.229018	53.134852	80.020000	-62.254395
-148.949232	52.917566	80.020000	-62.002930
-149.632826	52.468348	80.020000	-62.120117
-150.157729	51.919031	80.020000	-61.951660
-150.499525	51.372156	80.020000	-62.027344
-151.067152	50.647059	80.020000	-62.012695
-151.384535	49.870691	80.020000	-62.017578
-151.738539	49.191980	80.020000	-62.098145
-151.909437	48.440027	80.020000	-61.817383
-152.293959	47.702723	80.020000	-61.822266
-152.501479	47.028895	80.020000	-61.773437
-152.660170	46.381922	80.020000	-61.736816
-152.647963	45.817957	80.020000	-61.753906
-152.904311	45.363855	80.020000	-61.934570
-152.837172	44.982996	80.020000	-62.005371
-152.757826	44.480066	80.020000	-61.705078
-152.916518	44.089441	80.020000	-61.614746
-152.843275	43.784266	80.020000	-61.744141
-153.001967	43.466883	80.020000	-61.868652
-152.928725	43.212977	80.020000	-61.980957
-152.806654	42.946863	80.020000	-61.639160
-152.812758	42.783289	80.020000	-61.861328
-152.837172	42.680750	80.020000	-61.966309
-152.739516	42.539148	80.020000	-61.778320
-152.678480	42.634363	80.020000	-61.810059
-152.507582	42.619715	80.020000	-61.863770
-152.269545	42.834559	80.020000	-61.700195
-152.385512	43.042078	80.020000	-61.873535
-151.958266	43.342371	80.020000	-61.973633
-151.903334	43.713465	80.020000	-61.680664
-151.457777	44.050379	80.020000	-61.602539
-151.201430	44.499598	80.020000	-61.622070
-150.896254	44.868250	80.020000	-61.651367
-150.639906	45.090418	80.020000	-61.780762
-150.292006	45.344324	80.020000	-61.727051
-149.638930	45.644617	80.020000	-61.851562
-149.065199	45.734949	80.020000	-61.480469
-148.357191	45.815516	80.020000	-61.583008
-147.643080	45.847254	80.020000	-61.583008
-147.020521	45.942469	80.020000	-61.758789
-146.001234	45.949793	80.020000	-61.702637
-145.042982	45.898523	80.020000	-61.661133
-143.608656	45.915613	80.020000	-61.644043
-142.339125	45.712977	80.020000	-61.705078
-140.520277	45.432215	80.020000	-61.841797
-138.420668	45.222254	80.020000	-61.656250
-135.936537	44.917078	80.020000	-61.702637
-133.812514	44.443445	80.020000	-61.590332
-131.212416	44.001551	80.020000	-61.739258
-128.398695	43.537684	80.020000	-61.558594
-125.224867	43.005457	80.020000	-61.597656
-121.648207	42.473230	80.020000	-61.687988
-118.193617	41.953211	80.020000	-61.617187
-115.331068	41.333094	80.020000	-61.714844
-113.640395	40.832605	80.020000	-61.785645
-113.109389	40.351648	80.020000	-61.521973
-113.677016	39.870691	80.020000	-61.675781
-115.532484	39.528895	80.020000	-61.895508
-118.034926	39.209070	80.020000	-61.775879
-120.995131	38.772059	80.020000	-61.675781
-124.352064	38.610926	80.020000	-61.666016
-127.660170	38.244715	80.020000	-61.687988
-130.736342	38.093348	80.020000	-61.519531
-133.623305	37.937098	80.020000	-61.832031
-136.485854	37.829676	80.020000	-61.685547
-138.585463	37.934656	80.020000	-61.480469
-140.666762	38.044520	80.020000	-61.773437
-142.021742	38.227625	80.020000	-61.541504
-143.449965	38.518152	80.020000	-61.651367
-144.402113	38.776941	80.020000	-61.319336
-145.830336	39.179773	80.020000	-61.587891
-146.495619	39.585047	80.020000	-61.597656
-147.270766	40.192957	80.020000	-61.790527
-148.131361	40.686121	80.020000	-61.866211
-148.631850	41.281824	80.020000	-61.575684
-149.590102	41.836023	80.020000	-61.739258
-149.925795	42.424402	80.020000	-61.770996
-150.279799	42.983484	80.020000	-61.646484
-150.890150	43.559656	80.020000	-61.739258
-150.914564	44.057703	80.020000	-61.919922
-151.268568	44.528895	80.020000	-61.753906
-151.317396	44.941492	80.020000	-61.934570
-151.738539	45.478602	80.020000	-61.758789
-151.708021	45.918055	80.020000	-61.988281
-151.976576	46.276941	80.020000	-61.673340
-152.171889	46.816492	80.020000	-61.800293
-152.116957	47.150965	80.020000	-61.663574
-152.434340	47.544031	80.020000	-61.741699
-152.330580	47.819910	80.020000	-61.856445
-152.281752	48.281336	80.020000	-61.858887
-152.501479	48.606043	80.020000	-61.685547
-152.647963	48.796473	80.020000	-61.968750
-152.385512	49.128504	80.020000	-61.829590
-152.739516	49.316492	80.020000	-61.727051
-152.531996	49.660730	80.020000	-61.768555
-152.794447	49.790125	80.020000	-61.961426
-152.574721	49.953699	80.020000	-61.700195
-152.702895	50.102625	80.020000	-61.915039
-152.770033	50.288172	80.020000	-61.844238
-152.739516	50.385828	80.020000	-61.971191
-152.611342	50.593348	80.020000	-61.788086
-152.562514	50.695887	80.020000	-61.905273
-152.684584	50.839930	80.020000	-61.685547
-152.525893	50.910730	80.020000	-61.868652
-152.269545	50.849695	80.020000	-61.707520
-152.440443	50.944910	80.020000	-61.868652
-152.348891	51.076746	80.020000	-61.927246
-152.092543	51.120691	80.020000	-61.705078
-152.110854	51.101160	80.020000	-61.819824
-152.049818	51.218348	80.020000	-61.585449
-151.958266	51.193934	80.020000	-62.000488
-151.695814	51.235438	80.020000	-61.954102
-151.494398	51.242762	80.020000	-61.873535
-151.439467	51.208582	80.020000	-61.785645
-150.975600	51.274500	80.020000	-61.961426
-151.128187	51.193934	80.020000	-61.834473
-150.926771	51.206141	80.020000	-62.034668
-150.505629	51.057215	80.020000	-61.900391
-150.139418	51.027918	80.020000	-62.261719
-149.938002	50.854578	80.020000	-61.854004
-149.754896	50.717859	80.020000	-62.034668
-149.431410	50.532313	80.020000	-61.976074
-149.199477	50.410242	80.020000	-62.156738
-148.961439	50.290613	80.020000	-61.788086
-148.479262	50.090418	80.020000	-62.120117
-147.911635	49.951258	80.020000	-61.954102
-147.197523	49.834070	80.020000	-61.980957
-146.587172	49.448328	80.020000	-61.919922
-146.135512	49.321375	80.020000	-62.073730
-145.372572	49.069910	80.020000	-62.020020
-144.658461	48.879480	80.020000	-62.166504
-143.639174	48.671961	80.020000	-62.002930
-142.815199	48.342371	80.020000	-61.905273
-141.655531	48.015223	80.020000	-61.998047
-140.202895	47.829676	80.020000	-62.090820
-138.591566	47.536707	80.020000	-61.932129
-136.778822	47.365809	80.020000	-61.783203
-134.795180	47.077723	80.020000	-61.841797
-132.530775	46.862879	80.020000	-62.046875
-129.771986	46.679773	80.020000	-61.944336
-126.567641	46.633387	80.020000	-61.888184
-122.710219	46.491785	80.020000	-61.937012
-118.083754	46.355066	80.020000	-61.758789
-112.706557	46.201258	80.020000	-62.005371
-106.511488	46.135340	80.020000	-61.944336
-99.785414	46.057215	80.020000	-62.112793
-91.826430	45.986414	80.020000	-62.110352
-82.500258	45.949793	80.020000	-61.885742
-72.807875	45.920496	80.020000	-61.819824
-62.584486	45.852137	80.020000	-61.961426
-52.287855	45.869227	80.020000	-62.037109
-42.351332	45.913172	80.020000	-61.900391
-34.532729	45.866785	80.020000	-61.773437
-29.417982	45.935145	80.020000	-61.897949
-27.525893	45.925379	80.020000	-61.744141
-28.758803	45.981531	80.020000	-61.951660
-33.141127	46.120691	80.020000	-61.829590
-39.775648	46.084070	80.020000	-61.973633
-47.685805	46.123133	80.020000	-61.951660
-56.798354	46.145105	80.020000	-61.844238
-66.411391	46.093836	80.020000	-61.717285
-75.871840	46.159754	80.020000	-61.780762
-84.435072	46.086512	80.020000	-61.927246
-92.796889	45.988855	80.020000	-61.905273
-100.444594	45.857020	80.020000	-61.883301
-107.121840	45.700770	80.020000	-61.656250
-113.268080	45.481043	80.020000	-61.717285
-118.181410	45.395594	80.020000	-61.958984
-122.575941	45.122156	80.020000	-61.917480
-126.244154	44.970789	80.020000	-61.753906
-129.210463	44.831629	80.020000	-61.878418
-131.688490	44.687586	80.020000	-61.829590
-133.812514	44.543543	80.020000	-61.971191
-135.722914	44.399500	80.020000	-61.917480
-137.651625	44.323816	80.020000	-61.749023
-139.397230	44.189539	80.020000	-61.792969
-140.703383	44.135828	80.020000	-61.880859
-141.893568	43.994227	80.020000	-61.780762
-142.693129	43.899012	80.020000	-61.761230
-143.376723	43.801355	80.020000	-61.543945
-144.103041	43.762293	80.020000	-61.895508
-144.914809	43.723230	80.020000	-61.961426
-145.573988	43.630457	80.020000	-61.910156
-146.214857	43.667078	80.020000	-61.583008
-146.867934	43.820887	80.020000	-61.836914
-147.527113	43.901453	80.020000	-61.783203
-147.942152	43.962488	80.020000	-61.731934
-148.357191	44.150477	80.020000	-61.514648
-148.747816	44.253016	80.020000	-61.519531
-149.065199	44.370203	80.020000	-61.746582
-149.406996	44.599695	80.020000	-61.768555
-149.815932	44.675379	80.020000	-61.753906
-150.072279	44.821863	80.020000	-61.709961
-150.212660	44.868250	80.020000	-61.712402
-150.444594	45.048914	80.020000	-61.805176
-150.621596	45.188074	80.020000	-61.614746
-150.981703	45.273523	80.020000	-61.690430
-151.000014	45.361414	80.020000	-61.749023
-151.384535	45.412684	80.020000	-61.980957
-151.585951	45.576258	80.020000	-61.673340
-151.738539	45.581141	80.020000	-61.609863
-151.787367	45.564051	80.020000	-61.612305
-151.805678	45.642176	80.020000	-61.617187
-151.933852	45.615320	80.020000	-61.724609
-152.080336	45.490809	80.020000	-61.563477
-152.269545	45.454188	80.020000	-61.580566
-152.544203	45.388270	80.020000	-61.687988
-152.635756	45.222254	80.020000	-61.758789
-152.666273	45.092859	80.020000	-61.763672
-152.733412	44.968348	80.020000	-61.622070
-152.867689	44.838953	80.020000	-61.792969
-152.849379	44.697352	80.020000	-61.749023
-152.867689	44.421473	80.020000	-61.827148
-152.855482	44.453211	80.020000	-61.768555
-153.020277	44.304285	80.020000	-61.756348
-153.050795	44.152918	80.020000	-61.456055
-153.282729	44.067469	80.020000	-61.763672
-153.368178	43.942957	80.020000	-61.827148
-153.343764	43.896570	80.020000	-61.868652
-153.325453	43.811121	80.020000	-61.653809
-153.301039	43.752527	80.020000	-61.861328
-153.575697	43.598719	80.020000	-61.658691
-153.465834	43.725672	80.020000	-61.873535
-153.594008	43.613367	80.020000	-61.893066
-153.636732	43.674402	80.020000	-61.812500
-153.618422	43.740320	80.020000	-61.832031
-153.850355	43.693934	80.020000	-61.768555
-153.606215	43.874598	80.020000	-61.600098
-153.532973	43.994227	80.020000	-61.854004
-153.740492	44.172449	80.020000	-61.543945
-153.661146	44.328699	80.020000	-61.712402
-153.899184	44.497156	80.020000	-61.905273
-153.764906	44.670496	80.020000	-61.775879
-153.642836	44.785242	80.020000	-61.756348
-153.722182	45.000086	80.020000	-61.783203
-153.600111	45.041590	80.020000	-61.890625
-153.514662	45.278406	80.020000	-61.685547
-153.319350	45.388270	80.020000	-61.644043
-153.087416	45.529871	80.020000	-61.849121
-153.276625	45.586023	80.020000	-61.590332
-153.020277	45.673914	80.020000	-61.368164
-152.745619	45.835047	80.020000	-61.907715
-152.525893	45.920496	80.020000	-61.800293
-152.226820	45.937586	80.020000	-61.766113
-151.744643	46.103602	80.020000	-61.634277
-151.415053	46.052332	80.020000	-61.670898
-150.694838	46.159754	80.020000	-61.753906
-150.426283	46.120691	80.020000	-61.871094
-149.815932	46.213465	80.020000	-61.980957
-149.217787	46.193934	80.020000	-61.563477
-148.576918	46.318445	80.020000	-61.600098
-148.143568	46.323328	80.020000	-61.770996
-147.569838	46.377039	80.020000	-61.651367
-147.466078	46.355066	80.020000	-61.751465
-147.124281	46.433191	80.020000	-61.675781
-147.350111	46.389246	80.020000	-61.783203
-147.588148	46.403895	80.020000	-61.556152
-148.052016	46.379480	80.020000	-61.880859
-148.540297	46.323328	80.020000	-61.604980
-148.888197	46.298914	80.020000	-61.727051
-149.352064	46.254969	80.020000	-62.049316
-150.035658	46.203699	80.020000	-61.524414
-150.273695	46.174402	80.020000	-61.839355
-151.012221	46.106043	80.020000	-61.819824
-151.415053	46.013270	80.020000	-61.805176
-151.653090	45.954676	80.020000	-61.744141
-151.958266	45.966883	80.020000	-61.958984
-152.293959	45.830164	80.020000	-61.770996
-152.373305	45.693445	80.020000	-61.761230
-152.831068	45.730066	80.020000	-61.844238
-152.623549	45.571375	80.020000	-61.529297
-152.947035	45.512781	80.020000	-61.814941
-153.270521	45.363855	80.020000	-61.856445
-153.221693	45.273523	80.020000	-61.666016
-153.148451	45.061121	80.020000	-61.673340
-153.386488	44.990320	80.020000	-61.709961
-153.380385	44.702234	80.020000	-61.844238
-153.203383	44.553309	80.020000	-61.778320
-153.288832	44.333582	80.020000	-62.017578
-153.191176	44.099207	80.020000	-61.841797
-153.178969	43.850184	80.020000	-61.778320
-153.221693	43.576746	80.020000	-61.668457
-153.294936	43.383875	80.020000	-61.717285
-152.977553	43.107996	80.020000	-61.639160
-153.001967	42.729578	80.020000	-61.966309
-152.922621	42.473230	80.020000	-61.829590
-152.672377	42.172938	80.020000	-61.729492
-152.556410	41.972742	80.020000	-61.695312
-152.422133	41.779871	80.020000	-61.675781
-152.019301	41.460047	80.020000	-61.783203
-151.695814	41.232996	80.020000	-61.956543
-151.427260	40.881434	80.020000	-61.653809
-151.183119	40.788660	80.020000	-61.756348
-150.908461	40.578699	80.020000	-61.749023
-150.505629	40.415125	80.020000	-61.912598
-149.809828	40.261316	80.020000	-61.773437
-149.205580	40.046473	80.020000	-61.685547
-148.650160	39.885340	80.020000	-61.724609
-147.502699	39.802332	80.020000	-61.607422
-146.330824	39.663172	80.020000	-61.788086
-145.213881	39.607020	80.020000	-61.707520
-143.718520	39.502039	80.020000	-61.900391
-142.320814	39.533777	80.020000	-61.612305
-140.349379	39.577723	80.020000	-61.873535
-138.054457	39.458094	80.020000	-61.741699
-135.991469	39.536219	80.020000	-61.714844
-133.080092	39.550867	80.020000	-61.626953
-130.479994	39.580164	80.020000	-61.780762
-127.593031	39.650965	80.020000	-61.851562
-125.353041	39.607020	80.020000	-61.707520
-123.845473	39.704676	80.020000	-61.739258
-123.161879	39.704676	80.020000	-61.712402
-123.406020	39.758387	80.020000	-61.834473
-124.455824	39.763270	80.020000	-61.827148
-125.902357	39.716883	80.020000	-61.502441
-127.983656	39.795008	80.020000	-61.778320
-130.479994	39.729090	80.020000	-61.888184
-133.043471	39.724207	80.020000	-61.890625
-135.179701	39.690027	80.020000	-61.722168
-137.035170	39.721766	80.020000	-61.893066
-138.976088	39.550867	80.020000	-61.819824
-141.118422	39.572840	80.020000	-61.753906
-142.632094	39.499598	80.020000	-61.590332
-144.188490	39.499598	80.020000	-61.946777
-145.537367	39.577723	80.020000	-61.705078
-146.611586	39.443445	80.020000	-61.888184
-147.539320	39.389734	80.020000	-61.888184
-148.546400	39.387293	80.020000	-61.568359
-149.065199	39.331141	80.020000	-61.675781
-149.706068	39.174891	80.020000	-61.973633
-150.261488	39.155359	80.020000	-62.032227
-150.487318	39.082117	80.020000	-61.792969
-150.786391	39.057703	80.020000	-61.768555
-151.012221	38.869715	80.020000	-61.937012
-151.665297	38.750086	80.020000	-61.944336
-151.799574	38.667078	80.020000	-61.607422
-151.915541	38.659754	80.020000	-61.500000
-152.116957	38.508387	80.020000	-61.775879
-152.599135	38.501063	80.020000	-61.976074
-152.434340	38.320398	80.020000	-61.751465
-152.623549	38.242273	80.020000	-61.561035
-152.776137	38.161707	80.020000	-61.795410
-152.684584	37.998133	80.020000	-61.783203
-153.056898	37.968836	80.020000	-61.836914
-153.075209	37.854090	80.020000	-61.749023
-153.056898	37.736902	80.020000	-61.697754
-153.319350	37.573328	80.020000	-61.868652
-153.246107	37.556238	80.020000	-61.861328
-153.142348	37.463465	80.020000	-61.651367
-153.337660	37.343836	80.020000	-61.609863
-153.099623	37.197352	80.020000	-61.932129
-153.294936	37.155848	80.020000	-61.895508
-153.136244	36.994715	80.020000	-62.037109
-153.191176	36.943445	80.020000	-61.829590
-153.093520	36.894617	80.020000	-61.780762
-153.038588	36.735926	80.020000	-61.626953
-153.148451	36.608973	80.020000	-62.041992
-153.191176	36.552820	80.020000	-61.785645
-152.953139	36.511316	80.020000	-61.915039
-152.934828	36.425867	80.020000	-61.719727
-152.837172	36.311121	80.020000	-61.829590
-152.910414	36.237879	80.020000	-61.619629
-152.922621	36.123133	80.020000	-61.749023
-152.788344	36.037684	80.020000	-61.819824
-152.739516	35.964441	80.020000	-61.707520
-152.361098	35.893641	80.020000	-61.819824
-152.220717	35.700770	80.020000	-61.631836
-152.165785	35.534754	80.020000	-62.022461
-152.190199	35.463953	80.020000	-61.727051
-152.019301	35.395594	80.020000	-61.919922
-151.793471	35.283289	80.020000	-61.753906
-151.329604	35.178309	80.020000	-61.812500
-151.561537	35.100184	80.020000	-61.910156
-151.366225	34.990320	80.020000	-61.919922
-150.902357	34.838953	80.020000	-62.007812
-150.761977	34.692469	80.020000	-61.529297
-150.450697	34.602137	80.020000	-61.885742
-150.029555	34.528895	80.020000	-61.866211
-149.815932	34.375086	80.020000	-61.731934
-149.645033	34.323816	80.020000	-61.653809
-149.211684	34.128504	80.020000	-61.741699
-148.985854	34.094324	80.020000	-61.861328
-148.326674	34.074793	80.020000	-62.071289
-147.948256	33.918543	80.020000	-61.724609
-147.325697	33.859949	80.020000	-61.646484
-146.605482	33.701258	80.020000	-61.902832
-146.043959	33.630457	80.020000	-62.081055
-145.207777	33.608484	80.020000	-61.768555
-144.225111	33.459559	80.020000	-61.912598
-143.517104	33.440027	80.020000	-61.714844
-142.339125	33.144617	80.020000	-61.792969
-141.454115	33.132410	80.020000	-61.937012
-140.117445	33.022547	80.020000	-61.912598
-138.591566	32.876063	80.020000	-61.690430
-136.894789	32.876063	80.020000	-61.827148
-134.990492	32.653895	80.020000	-61.893066
-132.713881	32.573328	80.020000	-61.910156
-130.229750	32.453699	80.020000	-61.739258
-127.281752	32.458582	80.020000	-61.807617
-124.120131	32.307215	80.020000	-61.827148
-120.366469	32.060633	80.020000	-61.795410
-115.953627	31.872645	80.020000	-61.749023
-110.375014	31.840906	80.020000	-61.863770
-103.832045	31.650477	80.020000	-61.841797
-96.147719	31.572352	80.020000	-61.900391
-86.772719	31.440516	80.020000	-61.949219
-75.755873	31.284266	80.020000	-61.893066
-64.165297	31.191492	80.020000	-61.932129
-52.513686	31.057215	80.020000	-61.824707
-41.570082	30.927820	80.020000	-61.744141
-31.926527	30.844812	80.020000	-61.727051
-24.956312	30.788660	80.020000	-61.895508
-20.744887	30.688562	80.020000	-61.893066
-19.908705	30.517664	80.020000	-61.944336
-22.221937	30.373621	80.020000	-61.705078
-27.629652	30.256434	80.020000	-61.583008
-34.801283	30.263758	80.020000	-61.783203
-43.016615	30.105066	80.020000	-62.061523
-52.129164	30.004969	80.020000	-62.029785
-62.077895	29.807215	80.020000	-61.792969
-70.805922	29.672937	80.020000	-62.007812
-79.692641	29.607020	80.020000	-61.885742
-88.164320	29.465418	80.020000	-61.927246
-95.793715	29.431238	80.020000	-61.910156
-102.293959	29.248133	80.020000	-61.563477
-107.927504	29.194422	80.020000	-61.976074
-113.072768	29.033289	80.020000	-61.868652
-117.754164	28.874598	80.020000	-61.854004
-121.568861	28.750086	80.020000	-61.646484
-124.968520	28.647547	80.020000	-62.005371
-127.922621	28.493738	80.020000	-61.807617
-130.620375	28.415613	80.020000	-61.941895
-132.860365	28.259363	80.020000	-61.622070
-134.599867	28.269129	80.020000	-61.656250
-136.577406	28.076258	80.020000	-61.790527
-138.078871	28.020105	80.020000	-61.880859
-139.507094	27.902918	80.020000	-62.010254
-140.929213	27.695398	80.020000	-61.744141
-142.015639	27.514734	80.020000	-62.059082
-142.827406	27.399988	80.020000	-62.149414
-143.688002	27.417078	80.020000	-62.171387
-144.499770	27.241297	80.020000	-61.800293
-145.262709	27.116785	80.020000	-61.958984
-145.769301	26.936121	80.020000	-62.085937
-146.397963	26.796961	80.020000	-62.027344
-146.861830	26.677332	80.020000	-61.817383
-147.478285	26.562586	80.020000	-61.836914
-147.899428	26.511316	80.020000	-61.731934
-148.662367	26.367273	80.020000	-61.932129
-148.808852	26.215906	80.020000	-61.775879
-149.498549	26.184168	80.020000	-61.536621
-149.480238	26.147547	80.020000	-61.744141
-149.980727	26.005945	80.020000	-61.724609
-150.279799	25.835047	80.020000	-61.844238
-150.298109	25.844812	80.020000	-61.829590
-150.511732	25.815516	80.020000	-61.783203
-150.957289	25.737391	80.020000	-61.919922
-151.128187	25.627527	80.020000	-62.034668
-151.256361	25.522547	80.020000	-61.922363
-151.579848	25.524988	80.020000	-61.646484
-151.665297	25.373621	80.020000	-61.678223
-152.019301	25.305262	80.020000	-62.046875
-151.946059	25.334559	80.020000	-62.090820
-152.031508	25.244227	80.020000	-61.773437
-152.300062	25.236902	80.020000	-61.634277
-152.452650	25.271082	80.020000	-61.800293
-152.513686	25.271082	80.020000	-61.839355
-152.928725	25.136805	80.020000	-61.792969
-152.733412	25.144129	80.020000	-61.822266
-152.910414	25.056238	80.020000	-61.863770
-152.879896	24.934168	80.020000	-61.919922
-153.111830	24.929285	80.020000	-62.132324
-153.349867	24.892664	80.020000	-61.846680
-153.264418	24.760828	80.020000	-61.587891
-153.453627	24.697352	80.020000	-61.814941
-153.398695	24.565516	80.020000	-61.741699
-153.526869	24.421473	80.020000	-61.719727
-153.630629	24.331141	80.020000	-61.753906
-153.630629	24.240809	80.020000	-61.790527
-153.606215	24.196863	80.020000	-61.834473
-153.862562	24.047937	80.020000	-61.690430
-153.734389	24.030848	80.020000	-61.900391
-153.844252	23.955164	80.020000	-62.134766
-154.033461	23.735437	80.020000	-61.961426
-154.051771	23.652430	80.020000	-61.639160
-153.825941	23.574305	80.020000	-61.841797
-154.234877	23.549891	80.020000	-61.846680
-153.984633	23.466883	80.020000	-61.958984
-154.143324	23.335047	80.020000	-61.944336
-154.137221	23.220301	80.020000	-62.063965
-154.228773	23.129969	80.020000	-61.844238
-153.990736	23.071375	80.020000	-61.941895
-154.094496	22.822352	80.020000	-61.805176
-154.198256	22.832117	80.020000	-61.893066
-154.033461	22.680750	80.020000	-61.966309
-153.966322	22.651453	80.020000	-61.834473
-154.137221	22.563562	80.020000	-61.993164
-154.027357	22.431727	80.020000	-61.990723
-154.131117	22.321863	80.020000	-61.851562
-154.021254	22.292566	80.020000	-61.797852
-153.978529	22.109461	80.020000	-61.751465
-153.948012	21.984949	80.020000	-61.980957
-153.966322	21.875086	80.020000	-62.000488
-153.795424	21.892176	80.020000	-61.961426
-153.709975	21.745691	80.020000	-61.902832
-153.746596	21.706629	80.020000	-62.034668
-153.630629	21.584559	80.020000	-61.836914
-153.490248	21.452723	80.020000	-62.093262
-153.319350	21.379480	80.020000	-61.790527
-153.166762	21.281824	80.020000	-61.873535
-152.995863	21.213465	80.020000	-61.905273
-152.580824	21.074305	80.020000	-61.893066
-152.226820	20.998621	80.020000	-61.841797
-152.129164	20.898523	80.020000	-61.993164
-151.683607	20.876551	80.020000	-61.700195
-151.537123	20.832605	80.020000	-62.103027
-151.390639	20.761805	80.020000	-61.878418
-151.146498	20.681238	80.020000	-61.722168
-151.500502	20.554285	80.020000	-61.758789
-151.488295	20.549402	80.020000	-62.083496
-151.634779	20.449305	80.020000	-62.100586
-151.830092	20.310145	80.020000	-61.761230
-152.037611	20.329676	80.020000	-61.724609
-152.373305	20.168543	80.020000	-61.753906
-152.672377	20.173426	80.020000	-62.007812
-153.014174	19.973230	80.020000	-62.168945
-153.221693	19.978113	80.020000	-61.829590
-153.545180	19.951258	80.020000	-61.851562
-153.557387	19.899988	80.020000	-61.885742
-153.856459	19.648523	80.020000	-61.805176
-153.844252	19.690027	80.020000	-62.166504
-154.076186	19.521570	80.020000	-61.829590
-154.137221	19.460535	80.020000	-61.753906
-154.210463	19.419031	80.020000	-61.785645
-154.356947	19.279871	80.020000	-61.917480
-154.503432	19.253016	80.020000	-61.834473
-154.601088	19.138270	80.020000	-61.951660
-154.771986	19.089441	80.020000	-61.946777
-154.649916	18.977137	80.020000	-62.149414
-154.735365	18.889246	80.020000	-62.039551
-154.723158	18.798914	80.020000	-61.976074
-154.485121	18.776941	80.020000	-61.817383
-154.692641	18.518152	80.020000	-62.315430
-154.710951	18.476648	80.020000	-62.039551
-154.771986	18.459559	80.020000	-61.988281
-154.656020	18.342371	80.020000	-62.051758
-154.771986	18.151941	80.020000	-61.978516
-154.735365	18.042078	80.020000	-62.183594
-154.588881	17.961512	80.020000	-61.951660
-154.576674	17.846766	80.020000	-61.749023
-154.472914	17.551355	80.020000	-61.929687
-154.283705	17.492762	80.020000	-61.810059
-154.198256	17.414637	80.020000	-62.049316
-154.118910	17.133875	80.020000	-62.024902
-154.015150	17.024012	80.020000	-61.753906
-153.905287	16.794520	80.020000	-61.883301
-153.813734	16.596766	80.020000	-61.956543
-153.691664	16.399012	80.020000	-62.015137
-153.355971	16.115809	80.020000	-62.012695
-153.203383	15.847254	80.020000	-61.944336
-152.739516	15.566492	80.020000	-61.788086
-152.470961	15.210047	80.020000	-62.027344
-152.202406	14.997645	80.020000	-62.002930
-151.396742	14.655848	80.020000	-61.958984
-150.536146	14.431238	80.020000	-61.717285
-149.693861	14.099207	80.020000	-61.927246
-149.364271	13.857508	80.020000	-62.107910
