-142.473402	61.887293	80.020000	-63.040527
-141.289320	61.814051	80.020000	-62.808594
-139.775648	61.682215	80.020000	-63.350586
-138.384047	61.543055	80.020000	-62.937988
-136.662855	61.489344	80.020000	-62.964844
-135.228529	61.213465	80.020000	-63.096680
-133.482924	61.162195	80.020000	-62.918457
-131.401625	61.001063	80.020000	-62.969727
-129.332533	60.976648	80.020000	-62.771973
-125.957289	61.057215	80.020000	-62.898926
-122.228041	61.054773	80.020000	-62.947754
-116.881361	61.140223	80.020000	-62.991699
-110.899916	61.257410	80.020000	-63.060059
-105.083266	61.401453	80.020000	-63.069824
-99.010268	61.618738	80.020000	-62.781738
-93.865004	61.735926	80.020000	-63.064941
-89.385023	61.870203	80.020000	-62.867187
-84.667006	62.143641	80.020000	-62.771973
-78.984633	62.255945	80.020000	-62.798828
-72.679701	62.290125	80.020000	-63.096680
-66.545668	62.316980	80.020000	-62.845215
-59.306898	62.295008	80.020000	-62.962402
-54.649916	62.277918	80.020000	-62.989258
-51.665297	62.128992	80.020000	-62.833008
-48.088637	62.077723	80.020000	-62.872070
-47.630873	62.009363	80.020000	-62.823242
-46.306410	61.909266	80.020000	-62.947754
-45.921889	61.792078	80.020000	-62.759766
-46.306410	61.687098	80.020000	-62.867187
-47.478285	61.613855	80.020000	-62.786621
-50.792494	61.591883	80.020000	-62.476562
-56.297865	61.511316	80.020000	-62.913574
-64.085951	61.472254	80.020000	-62.923340
-72.966566	61.318445	80.020000	-62.984375
-82.323256	61.357508	80.020000	-62.903809
-91.332045	61.225672	80.020000	-62.996582
-99.968520	61.152430	80.020000	-62.666992
-107.024184	61.137781	80.020000	-62.869629
-113.170424	61.084070	80.020000	-62.835449
-118.205824	60.983973	80.020000	-62.791504
-122.215834	61.081629	80.020000	-62.691406
-125.139418	61.042566	80.020000	-62.845215
-127.495375	61.025477	80.020000	-62.891602
-129.271498	61.001063	80.020000	-62.779297
-130.730238	61.027918	80.020000	-62.879395
-132.372084	61.018152	80.020000	-62.593750
-133.666029	60.971766	80.020000	-62.688965
-134.471693	60.927820	80.020000	-62.522949
-135.710707	60.852137	80.020000	-62.828125
-136.491957	60.825281	80.020000	-62.884277
-137.505141	60.722742	80.020000	-62.764648
-138.445082	60.678797	80.020000	-62.713379
-140.459242	60.449305	80.020000	-62.642578
-141.307631	60.351648	80.020000	-62.879395
-142.253676	60.239344	80.020000	-62.713379
-143.095961	60.087977	80.020000	-62.657227
-143.712416	59.939051	80.020000	-62.691406
-144.518080	59.795008	80.020000	-62.723145
-144.975844	59.677820	80.020000	-62.747559
-145.451918	59.685145	80.020000	-62.886719
-145.781508	59.690027	80.020000	-62.723145
-146.458998	59.597254	80.020000	-62.742676
-147.093764	59.638758	80.020000	-62.757324
-147.636977	59.653406	80.020000	-62.728027
-148.100844	59.746180	80.020000	-62.771973
-148.174086	59.824305	80.020000	-62.859863
-148.521986	59.851160	80.020000	-62.662109
-148.888197	59.931727	80.020000	-62.757324
-148.985854	59.921961	80.020000	-62.642578
-149.168959	60.014734	80.020000	-62.500977
-149.370375	60.034266	80.020000	-62.493652
-149.748793	60.031824	80.020000	-62.530273
-149.712172	59.973230	80.020000	-62.583984
-149.706068	60.109949	80.020000	-62.684082
-149.968520	59.946375	80.020000	-62.691406
-150.176039	60.034266	80.020000	-62.645020
-150.243178	59.939051	80.020000	-62.811035
-150.279799	59.909754	80.020000	-62.874512
-150.389662	59.787684	80.020000	-62.623047
-150.426283	59.751063	80.020000	-62.479004
-150.511732	59.646082	80.020000	-62.732910
-150.383559	59.553309	80.020000	-62.913574
-150.377455	59.404383	80.020000	-62.759766
-150.279799	59.338465	80.020000	-62.566895
-150.224867	59.270105	80.020000	-62.540039
-150.108900	59.138270	80.020000	-62.681641
-150.023451	59.082117	80.020000	-62.698730
-150.176039	58.947840	80.020000	-62.688965
-150.017348	58.847742	80.020000	-62.444824
-150.029555	58.908777	80.020000	-62.730469
-149.889174	58.889246	80.020000	-62.784180
-149.992934	58.879480	80.020000	-62.649902
-149.889174	58.811121	80.020000	-62.640137
-149.919691	58.864832	80.020000	-62.684082
-149.980727	58.920984	80.020000	-62.684082
-150.230971	58.977137	80.020000	-62.757324
-150.316420	58.920984	80.020000	-62.769531
-150.426283	58.935633	80.020000	-62.652344
-150.566664	58.994227	80.020000	-62.693848
-150.737562	58.947840	80.020000	-62.876953
-151.079359	58.930750	80.020000	-62.635254
-151.195326	58.945398	80.020000	-62.779297
-151.427260	58.928309	80.020000	-62.808594
-151.646986	58.872156	80.020000	-62.688965
-151.860609	58.730555	80.020000	-62.813477
-151.683607	58.667078	80.020000	-62.684082
-152.086439	58.476648	80.020000	-62.674316
-152.171889	58.422938	80.020000	-62.488770
-152.202406	58.295984	80.020000	-62.691406
-152.129164	58.173914	80.020000	-62.757324
-152.275648	58.066492	80.020000	-62.591309
-152.464857	57.985926	80.020000	-62.786621
-152.525893	57.868738	80.020000	-62.747559
-152.464857	57.649012	80.020000	-62.696289
-152.574721	57.561121	80.020000	-62.762207
-152.287855	57.397547	80.020000	-62.520508
-152.239027	57.302332	80.020000	-62.730469
-152.098646	57.280359	80.020000	-62.544922
-152.171889	57.075281	80.020000	-62.654785
-152.123061	56.994715	80.020000	-62.640137
-152.043715	57.004480	80.020000	-62.935547
-151.793471	56.965418	80.020000	-62.586426
-151.500502	57.009363	80.020000	-62.681641
-151.048842	56.909266	80.020000	-62.432617
-150.688734	56.980066	80.020000	-62.757324
-150.096693	56.828699	80.020000	-62.815918
-149.748793	56.799402	80.020000	-62.813477
-149.419203	56.779871	80.020000	-62.728027
-148.863783	56.643152	80.020000	-62.559570
-148.546400	56.550379	80.020000	-62.745117
-148.259535	56.572352	80.020000	-62.610840
-147.643080	56.384363	80.020000	-62.811035
-146.922865	56.254969	80.020000	-62.776855
-146.520033	56.015711	80.020000	-62.608398
-146.037855	55.900965	80.020000	-62.767090
-145.580092	55.774012	80.020000	-62.676758
-144.804945	55.520105	80.020000	-62.767090
-144.463148	55.439539	80.020000	-62.625488
-144.151869	55.383387	80.020000	-62.542480
-143.999281	55.258875	80.020000	-62.786621
-144.035902	55.183191	80.020000	-62.613281
-144.469252	55.144129	80.020000	-62.725586
-145.146742	55.139246	80.020000	-62.681641
-145.671645	55.051355	80.020000	-62.771973
-146.410170	55.039148	80.020000	-62.740234
-147.075453	55.014734	80.020000	-62.581543
-147.704115	55.034266	80.020000	-62.752441
-148.607436	54.941492	80.020000	-62.884277
-148.863783	54.921961	80.020000	-62.632812
-149.339857	55.051355	80.020000	-63.077148
-149.925795	55.053797	80.020000	-62.859863
-150.249281	55.039148	80.020000	-62.776855
-150.444594	55.031824	80.020000	-63.001465
-150.713148	55.205164	80.020000	-62.886719
-150.871840	55.200281	80.020000	-62.886719
-151.506605	55.224695	80.020000	-62.928223
-151.646986	55.190516	80.020000	-62.815918
-151.915541	55.134363	80.020000	-62.867187
-151.933852	55.024500	80.020000	-62.894043
-152.159682	54.958582	80.020000	-62.857422
-152.489271	54.856043	80.020000	-62.747559
-152.507582	54.758387	80.020000	-62.903809
-152.672377	54.675379	80.020000	-62.691406
-152.824965	54.458094	80.020000	-63.099121
-153.081312	54.345789	80.020000	-62.710937
-153.276625	54.306727	80.020000	-62.959961
-153.362074	54.206629	80.020000	-62.891602
-153.386488	54.155359	80.020000	-62.923340
-153.197279	54.025965	80.020000	-62.857422
-153.233900	54.011316	80.020000	-62.833008
-153.386488	54.001551	80.020000	-62.945312
-153.349867	53.967371	80.020000	-62.884277
-153.386488	54.050379	80.020000	-62.884277
-153.301039	53.996668	80.020000	-62.986816
-153.020277	53.991785	80.020000	-62.818359
-153.026381	54.018641	80.020000	-63.082031
-152.947035	54.101648	80.020000	-62.898926
-152.867689	54.157801	80.020000	-62.908691
-152.806654	54.182215	80.020000	-62.657227
-152.629652	54.255457	80.020000	-62.967285
-152.776137	54.209070	80.020000	-62.901367
-152.434340	54.226160	80.020000	-62.728027
-152.385512	54.211512	80.020000	-63.011230
-152.159682	54.167566	80.020000	-62.881836
-152.049818	54.113855	80.020000	-62.833008
-151.744643	54.025965	80.020000	-62.933105
-151.585951	53.955164	80.020000	-62.796387
-151.311293	53.801355	80.020000	-63.028320
-150.932875	53.659754	80.020000	-62.903809
-150.499525	53.503504	80.020000	-62.767090
-150.469008	53.405848	80.020000	-62.813477
-149.876967	53.176355	80.020000	-62.720703
-149.309340	53.051844	80.020000	-62.730469
-148.698988	52.949305	80.020000	-63.162598
-147.728529	52.863855	80.020000	-62.818359
-147.032729	52.780848	80.020000	-62.950195
-146.184340	52.719813	80.020000	-63.038086
-145.024672	52.639246	80.020000	-62.937988
-144.011488	52.573328	80.020000	-63.003906
-142.564955	52.470789	80.020000	-62.984375
-141.026869	52.534266	80.020000	-62.911133
-139.208021	52.424402	80.020000	-62.791504
-137.108412	52.358484	80.020000	-62.872070
-134.428969	52.273035	80.020000	-63.042969
-131.169691	52.258387	80.020000	-62.933105
-127.739516	52.094813	80.020000	-62.828125
-124.266615	52.089930	80.020000	-63.033203
-120.854750	51.960535	80.020000	-62.830566
-117.436781	51.899500	80.020000	-62.967285
-114.507094	51.794520	80.020000	-62.952637
-111.693373	51.691980	80.020000	-62.835449
-109.453383	51.650477	80.020000	-62.867187
-107.713881	51.572352	80.020000	-62.764648
-106.712904	51.372156	80.020000	-62.999023
-106.291762	51.262293	80.020000	-62.889160
-106.993666	51.049891	80.020000	-62.820801
-108.788100	51.020594	80.020000	-62.820801
-111.064711	50.776453	80.020000	-62.911133
-113.927260	50.722742	80.020000	-63.008789
-117.033949	50.559168	80.020000	-62.806152
-120.732680	50.424891	80.020000	-62.872070
-123.924818	50.305262	80.020000	-62.732910
-127.654066	50.207605	80.020000	-62.813477
-130.772963	50.214930	80.020000	-62.813477
-133.727064	50.134363	80.020000	-62.903809
-136.003676	50.139246	80.020000	-62.708496
-138.048354	50.107508	80.020000	-62.876953
-139.934340	50.151453	80.020000	-62.713379
-141.423598	50.119715	80.020000	-62.703613
-142.802992	50.122156	80.020000	-62.745117
-144.042006	50.166102	80.020000	-62.669434
-145.061293	50.178309	80.020000	-62.837891
-146.220961	50.119715	80.020000	-62.820801
-146.758070	50.102625	80.020000	-62.818359
-147.496596	50.078211	80.020000	-62.764648
-148.265639	50.031824	80.020000	-62.803711
-148.546400	49.963465	80.020000	-62.850098
-148.979750	50.039148	80.020000	-62.715820
-149.480238	49.875574	80.020000	-62.710937
-149.687758	49.712000	80.020000	-62.898926
-150.084486	49.682703	80.020000	-62.769531
-150.163832	49.638758	80.020000	-62.884277
-150.627699	49.516688	80.020000	-63.025879
-150.823012	49.353113	80.020000	-62.696289
-150.914564	49.272547	80.020000	-62.920898
-151.152602	49.191980	80.020000	-62.837891
-151.268568	49.050379	80.020000	-62.818359
-151.506605	49.067469	80.020000	-62.801270
-151.408949	49.050379	80.020000	-62.830566
-151.457777	48.960047	80.020000	-62.847656
-151.701918	48.940516	80.020000	-63.003906
-151.665297	48.913660	80.020000	-62.886719
-151.677504	48.933191	80.020000	-62.752441
-151.726332	48.947840	80.020000	-62.876953
-151.775160	49.038172	80.020000	-62.918457
-151.781264	49.030848	80.020000	-62.835449
-151.872816	49.067469	80.020000	-62.754883
-151.921645	49.089441	80.020000	-62.823242
-152.037611	49.035730	80.020000	-62.903809
-151.897230	49.087000	80.020000	-62.789062
-151.952162	49.057703	80.020000	-62.698730
-152.135268	49.028406	80.020000	-62.452148
-152.110854	49.057703	80.020000	-62.728027
-152.007094	48.979578	80.020000	-62.642578
-152.141371	48.950281	80.020000	-62.720703
-151.988783	48.757410	80.020000	-62.764648
-151.952162	48.676844	80.020000	-62.718262
-152.025404	48.527918	80.020000	-62.640137
-151.921645	48.383875	80.020000	-62.825684
-151.885023	48.217859	80.020000	-62.916016
-151.891127	47.963953	80.020000	-62.732910
-151.817885	47.817469	80.020000	-62.732910
-151.701918	47.558680	80.020000	-62.527832
-151.524916	47.370691	80.020000	-62.657227
-151.280775	47.136316	80.020000	-62.767090
-151.097670	47.043543	80.020000	-62.789062
-150.804701	46.879969	80.020000	-62.874512
-150.902357	46.767664	80.020000	-62.916016
-150.627699	46.511316	80.020000	-62.813477
-150.243178	46.455164	80.020000	-62.923340
-149.950209	46.355066	80.020000	-62.884277
-149.797621	46.274500	80.020000	-62.886719
-149.297133	46.272059	80.020000	-62.994141
-149.101820	46.123133	80.020000	-62.762207
-148.558607	46.086512	80.020000	-62.657227
-148.296156	46.066980	80.020000	-62.769531
-147.551527	45.910730	80.020000	-62.806152
-147.160902	45.849695	80.020000	-62.662109
-146.751967	45.830164	80.020000	-63.030762
-146.288100	45.642176	80.020000	-62.713379
-145.769301	45.610438	80.020000	-62.750000
-145.091811	45.483484	80.020000	-62.825684
-144.298354	45.466395	80.020000	-62.762207
-143.517104	45.427332	80.020000	-62.720703
-142.333021	45.327234	80.020000	-62.566895
-141.350355	45.266199	80.020000	-62.610840
-140.416518	45.114832	80.020000	-62.825684
-138.969984	45.029383	80.020000	-62.850098
-137.468520	45.002527	80.020000	-62.811035
-135.582533	44.956141	80.020000	-62.852539
-133.580580	44.738855	80.020000	-62.823242
-131.072035	44.714441	80.020000	-62.461914
-128.191176	44.721766	80.020000	-62.654785
-124.834242	44.687586	80.020000	-62.693848
-120.232191	44.702234	80.020000	-62.803711
-114.769545	44.733973	80.020000	-62.762207
-108.348646	44.682703	80.020000	-62.767090
-100.877943	44.707117	80.020000	-62.610840
-92.766371	44.692469	80.020000	-62.588867
-83.934584	44.643641	80.020000	-62.674316
-74.687758	44.675379	80.020000	-62.874512
-65.837660	44.655848	80.020000	-62.737793
-57.524672	44.670496	80.020000	-62.916016
-50.182143	44.572840	80.020000	-62.886719
-44.157973	44.480066	80.020000	-62.835449
-39.201918	44.411707	80.020000	-62.925781
-36.681166	44.409266	80.020000	-62.796387
-35.747328	44.274988	80.020000	-63.030762
-37.090102	44.145594	80.020000	-62.837891
-40.074721	44.055262	80.020000	-63.067383
-45.000258	43.891688	80.020000	-63.060059
-51.225844	43.798914	80.020000	-62.942871
-58.672133	43.671961	80.020000	-62.962402
-67.058363	43.591395	80.020000	-63.018555
-75.670424	43.405848	80.020000	-62.881836
-84.856215	43.256922	80.020000	-62.920898
-93.987074	43.200770	80.020000	-62.928223
-102.708998	43.154383	80.020000	-62.798828
-109.569350	43.022547	80.020000	-62.945312
-114.946547	42.949305	80.020000	-62.918457
-118.926039	42.834559	80.020000	-62.964844
-122.392836	42.805262	80.020000	-62.762207
-125.578871	42.763758	80.020000	-62.935547
-128.838148	42.844324	80.020000	-63.028320
-131.834975	42.834559	80.020000	-63.047852
-134.410658	42.963953	80.020000	-62.840332
-136.455336	42.951746	80.020000	-63.099121
-138.170424	43.073816	80.020000	-63.011230
-139.708510	43.039637	80.020000	-62.923340
-141.136732	43.110438	80.020000	-63.104004
-141.777602	42.993250	80.020000	-63.143066
-142.662611	43.051844	80.020000	-63.155273
-143.443861	42.895594	80.020000	-63.113770
-144.194594	42.915125	80.020000	-63.001465
-145.244398	42.822352	80.020000	-62.840332
-145.848646	42.778406	80.020000	-63.086914
-146.532240	42.719813	80.020000	-63.099121
-147.124281	42.553797	80.020000	-63.226074
-147.606459	42.492762	80.020000	-62.962402
-148.198500	42.465906	80.020000	-63.028320
-148.406020	42.321863	80.020000	-63.221191
-149.089613	42.238855	80.020000	-62.979492
-149.345961	42.077723	80.020000	-63.284668
-149.706068	42.055750	80.020000	-63.106445
-150.169936	41.926355	80.020000	-63.099121
-150.414076	41.811609	80.020000	-63.519043
-150.816908	41.745691	80.020000	-63.328613
-151.103773	41.640711	80.020000	-63.338379
-151.341811	41.540613	80.020000	-63.396973
-151.506605	41.423426	80.020000	-63.431152
-151.622572	41.352625	80.020000	-63.348145
-151.976576	41.284266	80.020000	-63.135742
-152.043715	41.213465	80.020000	-63.487305
-152.275648	41.110926	80.020000	-63.301758
-152.501479	41.164637	80.020000	-63.460449
-152.477064	40.971766	80.020000	-63.541016
-152.702895	40.947352	80.020000	-63.375000
-152.770033	40.937586	80.020000	-63.345703
-152.867689	40.852137	80.020000	-63.558105
-152.861586	40.742273	80.020000	-63.409180
-152.934828	40.607996	80.020000	-63.477539
-152.977553	40.459070	80.020000	-63.550781
-153.105727	40.344324	80.020000	-63.443359
-152.904311	40.161219	80.020000	-63.416504
-153.069105	40.048914	80.020000	-63.533691
-152.910414	39.807215	80.020000	-63.616699
-153.044691	39.658289	80.020000	-63.648437
-153.026381	39.458094	80.020000	-63.494629
-153.154555	39.372645	80.020000	-63.538574
-153.197279	39.145594	80.020000	-63.641113
-153.227797	39.045496	80.020000	-63.675293
-153.392592	38.889246	80.020000	-63.797363
-153.325453	38.708582	80.020000	-63.582520
-153.447523	38.564539	80.020000	-63.787598
-153.471937	38.437586	80.020000	-63.680176
-153.624525	38.274012	80.020000	-63.453125
-153.777113	38.066492	80.020000	-63.685059
-153.697768	37.937098	80.020000	-63.772949
-153.746596	37.727137	80.020000	-63.638672
-153.758803	37.463465	80.020000	-63.707031
-153.795424	37.158289	80.020000	-63.685059
-153.819838	36.984949	80.020000	-63.848633
-153.978529	36.726160	80.020000	-63.758301
-153.832045	36.447840	80.020000	-63.672852
-153.978529	36.223230	80.020000	-63.746094
-154.057875	35.947352	80.020000	-63.550781
-153.862562	35.627527	80.020000	-63.855957
-153.600111	35.363855	80.020000	-63.570312
-153.581801	35.146570	80.020000	-63.667969
-153.520766	34.838953	80.020000	-63.450684
-153.484145	34.641199	80.020000	-63.714355
-153.307143	34.223719	80.020000	-63.714355
-153.221693	34.047938	80.020000	-63.631348
-153.154555	33.713465	80.020000	-63.511719
-153.075209	33.496180	80.020000	-63.760742
-152.654066	33.234949	80.020000	-63.650879
-152.422133	32.959070	80.020000	-63.685059
-151.921645	32.712488	80.020000	-63.589844
-151.122084	32.558680	80.020000	-63.863281
-150.987807	32.434168	80.020000	-63.758301
-150.292006	32.321863	80.020000	-63.670410
-149.638930	32.170496	80.020000	-63.689941
-148.973646	32.192469	80.020000	-63.460449
-148.290053	32.109461	80.020000	-63.592285
-147.575941	32.065516	80.020000	-63.638672
-146.458998	32.053309	80.020000	-63.704590
-145.793715	32.048426	80.020000	-63.567871
-145.427504	32.085047	80.020000	-63.560547
-145.189467	32.150965	80.020000	-63.421387
-145.342055	32.160730	80.020000	-63.528809
-145.628920	32.194910	80.020000	-63.494629
-145.885268	32.231531	80.020000	-63.462891
-146.404066	32.187586	80.020000	-63.519043
-147.130385	32.214441	80.020000	-63.626465
-147.746840	32.248621	80.020000	-63.541016
-148.454848	32.275477	80.020000	-63.643555
-149.114027	32.192469	80.020000	-63.357910
-149.681654	32.102137	80.020000	-63.211426
-150.176039	32.104578	80.020000	-63.550781
-150.963393	31.970301	80.020000	-63.663086
-151.390639	31.882410	80.020000	-63.460449
-151.604262	31.679773	80.020000	-63.399414
-151.750746	31.406336	80.020000	-63.497070
-152.391615	31.088953	80.020000	-63.272461
-152.715102	30.747156	80.020000	-63.460449
-153.001967	30.263758	80.020000	-63.099121
-152.965346	29.780359	80.020000	-63.399414
-153.246107	29.143152	80.020000	-63.367676
-153.374281	28.505945	80.020000	-63.316406
-153.569594	27.793055	80.020000	-63.133301
-153.496352	27.150965	80.020000	-63.318848
-153.441420	26.374598	80.020000	-63.353027
-153.319350	25.756922	80.020000	-63.064941
-153.581801	25.119715	80.020000	-63.379883
-153.532973	24.614344	80.020000	-63.450684
-153.331557	24.133387	80.020000	-63.194336
-153.288832	23.676844	80.020000	-63.291992
-153.270521	23.293543	80.020000	-63.387207
-153.081312	22.910242	80.020000	-63.284668
-153.099623	22.680750	80.020000	-63.267578
-153.050795	22.307215	80.020000	-63.433594
-152.977553	22.124109	80.020000	-62.789062
-152.806654	21.833582	80.020000	-63.028320
-152.654066	21.704187	80.020000	-63.270020
-152.666273	21.567469	80.020000	-63.108887
-152.342787	21.482020	80.020000	-62.903809
-152.434340	21.355066	80.020000	-63.355469
-151.903334	21.425867	80.020000	-63.228516
-151.451674	21.672449	80.020000	-63.221191
-151.091566	21.816492	80.020000	-63.121094
-150.853529	22.085047	80.020000	-63.016113
-150.267592	22.412195	80.020000	-63.077148
-149.614516	22.605066	80.020000	-63.211426
-148.973646	23.039637	80.020000	-62.933105
-148.174086	23.383875	80.020000	-62.898926
-147.319594	23.649988	80.020000	-63.020996
-146.202650	23.903895	80.020000	-63.094238
-144.701186	24.148035	80.020000	-63.106445
-142.986098	24.240809	80.020000	-62.937988
-141.209975	24.399500	80.020000	-62.720703
-139.336195	24.450770	80.020000	-63.189453
-137.322035	24.470301	80.020000	-63.064941
-135.240736	24.582605	80.020000	-62.740234
-132.420912	24.480066	80.020000	-63.042969
-129.485121	24.499598	80.020000	-63.157715
-126.079359	24.338465	80.020000	-63.191895
-122.490492	24.091883	80.020000	-63.057617
-119.505873	23.920984	80.020000	-62.952637
-116.863051	23.574305	80.020000	-63.108887
-114.873305	23.230066	80.020000	-62.952637
-113.847914	22.780848	80.020000	-62.937988
-113.915053	22.241297	80.020000	-63.089355
-114.793959	21.843348	80.020000	-62.933105
-116.466322	21.311121	80.020000	-62.967285
-118.675795	20.759363	80.020000	-62.947754
-121.703139	20.222254	80.020000	-63.013672
-125.176039	19.724207	80.020000	-63.050293
-128.612318	19.228602	80.020000	-62.886719
-131.664076	18.825770	80.020000	-62.864746
-134.349623	18.420496	80.020000	-62.815918
-136.729994	18.024988	80.020000	-63.226074
-139.244643	17.705164	80.020000	-62.989258
-141.222182	17.482996	80.020000	-62.911133
-142.827406	17.265711	80.020000	-62.918457
-144.341078	17.004480	80.020000	-62.898926
-146.019545	16.884852	80.020000	-62.940430
-146.904555	16.755457	80.020000	-62.876953
-147.679701	16.831141	80.020000	-62.823242
-148.509779	16.879969	80.020000	-62.994141
-149.443617	17.038660	80.020000	-62.713379
-149.797621	17.297449	80.020000	-62.918457
-150.212660	17.573328	80.020000	-63.013672
-150.804701	18.022547	80.020000	-62.925781
-151.170912	18.369227	80.020000	-62.913574
-151.311293	18.823328	80.020000	-62.913574
-151.695814	19.375086	80.020000	-62.693848
-151.964369	19.802332	80.020000	-63.008789
-152.324477	20.334559	80.020000	-62.923340
-152.110854	20.832605	80.020000	-63.064941
-152.562514	21.333094	80.020000	-62.920898
-152.477064	21.884852	80.020000	-63.020996
-152.678480	22.314539	80.020000	-63.050293
-152.715102	22.839441	80.020000	-62.840332
-153.056898	23.169031	80.020000	-62.835449
-153.111830	23.547449	80.020000	-62.850098
-152.782240	23.960047	80.020000	-62.867187
-153.166762	24.336023	80.020000	-62.901367
-152.904311	24.765711	80.020000	-63.079590
-153.026381	25.061121	80.020000	-63.106445
-153.001967	25.371180	80.020000	-63.064941
-153.276625	25.835047	80.020000	-63.001465
-153.020277	26.088953	80.020000	-62.854980
-152.995863	26.318445	80.020000	-63.013672
-153.197279	26.616297	80.020000	-62.867187
-152.959242	26.911707	80.020000	-62.979492
-152.940932	27.116785	80.020000	-62.891602
-153.093520	27.212000	80.020000	-62.967285
-153.337660	27.490320	80.020000	-62.842773
-153.020277	27.668543	80.020000	-63.006348
-153.136244	27.822352	80.020000	-63.091797
-152.928725	27.961512	80.020000	-62.806152
-152.684584	28.068934	80.020000	-62.901367
-152.831068	28.193445	80.020000	-62.959961
-152.940932	28.286219	80.020000	-62.913574
-152.782240	28.383875	80.020000	-62.889160
-152.354994	28.391199	80.020000	-62.913574
-152.092543	28.403406	80.020000	-62.967285
-152.135268	28.474207	80.020000	-62.994141
-151.872816	28.488855	80.020000	-63.060059
-151.848402	28.525477	80.020000	-63.179687
-151.616469	28.505945	80.020000	-62.901367
-151.451674	28.691492	80.020000	-63.033203
-151.268568	28.708582	80.020000	-63.172363
-150.908461	28.649988	80.020000	-63.042969
-150.707045	28.713465	80.020000	-62.894043
-150.493422	28.637781	80.020000	-63.074707
-150.163832	28.764734	80.020000	-63.113770
-149.638930	28.679285	80.020000	-63.113770
-149.400893	28.625574	80.020000	-63.140625
-148.784437	28.601160	80.020000	-62.942871
-148.509779	28.486414	80.020000	-62.959961
-147.722426	28.405848	80.020000	-63.221191
-147.563734	28.269129	80.020000	-63.255371
-146.648207	28.176355	80.020000	-63.150391
-146.141615	28.029871	80.020000	-62.825684
-145.226088	27.893152	80.020000	-63.113770
-144.261732	27.710047	80.020000	-63.023437
-143.425551	27.451258	80.020000	-62.933105
-142.308607	27.353602	80.020000	-62.925781
-141.051283	27.216883	80.020000	-63.121094
-139.983168	26.901941	80.020000	-63.057617
-138.261977	26.774988	80.020000	-63.096680
-136.668959	26.460047	80.020000	-62.994141
-134.685316	26.342859	80.020000	-62.947754
-132.628432	25.986414	80.020000	-63.111328
-129.771986	25.737391	80.020000	-63.038086
-126.823988	25.590906	80.020000	-62.974609
-122.942152	25.327234	80.020000	-63.211426
-118.108168	24.990320	80.020000	-63.084473
-112.279311	24.846277	80.020000	-63.101562
-105.620375	24.543543	80.020000	-62.928223
-98.100844	24.450770	80.020000	-62.928223
-88.762465	24.304285	80.020000	-63.084473
-77.904311	24.167566	80.020000	-63.162598
-66.716566	24.162684	80.020000	-62.845215
-55.449477	23.960047	80.020000	-62.928223
-44.811049	23.925867	80.020000	-62.869629
-36.406508	23.823328	80.020000	-62.952637
-30.852309	23.779383	80.020000	-62.901367
-28.301039	23.649988	80.020000	-63.055176
-28.203383	23.652430	80.020000	-63.072266
-31.218520	23.642664	80.020000	-63.121094
-36.455336	23.620691	80.020000	-63.147949
-43.425551	23.569422	80.020000	-62.994141
-51.415053	23.564539	80.020000	-62.984375
-60.210219	23.554773	80.020000	-63.155273
-69.951430	23.547449	80.020000	-63.150391
-79.204359	23.642664	80.020000	-62.986816
-87.523451	23.662195	80.020000	-62.901367
-95.488539	23.671961	80.020000	-62.928223
-102.538100	23.730555	80.020000	-62.994141
-108.800307	23.772059	80.020000	-62.779297
-114.165297	23.740320	80.020000	-62.925781
-118.803969	23.642664	80.020000	-62.884277
-122.850600	23.723230	80.020000	-62.847656
-126.598158	23.608484	80.020000	-63.042969
-129.424086	23.447352	80.020000	-62.989258
-132.164564	23.361902	80.020000	-62.862305
-134.392348	23.230066	80.020000	-62.999023
-136.473646	23.142176	80.020000	-62.920898
-138.255873	22.927332	80.020000	-62.830566
-139.958754	22.690516	80.020000	-62.857422
-141.020766	22.492762	80.020000	-63.038086
-142.485609	22.480555	80.020000	-63.074707
-143.425551	22.295008	80.020000	-62.811035
-144.219008	22.109461	80.020000	-63.096680
-145.171156	21.984949	80.020000	-62.835449
-145.781508	21.811609	80.020000	-62.928223
-146.562758	21.826258	80.020000	-62.957520
-147.362318	21.706629	80.020000	-62.945312
-147.807875	21.608973	80.020000	-62.820801
-148.113051	21.499109	80.020000	-63.099121
-148.497572	21.445398	80.020000	-63.072266
-148.888197	21.355066	80.020000	-62.857422
-149.358168	21.359949	80.020000	-62.784180
-149.675551	21.364832	80.020000	-62.840332
-149.956312	21.452723	80.020000	-63.177246
-150.334730	21.557703	80.020000	-62.867187
-150.450697	21.572352	80.020000	-63.082031
-150.609389	21.635828	80.020000	-62.918457
-151.085463	21.804285	80.020000	-62.945312
-151.329604	21.904383	80.020000	-62.720703
-151.512709	22.050867	80.020000	-62.901367
-151.665297	22.182703	80.020000	-62.964844
-151.903334	22.312098	80.020000	-62.786621
-152.068129	22.487879	80.020000	-62.947754
-152.409926	22.546473	80.020000	-62.869629
-152.647963	22.670984	80.020000	-62.686523
-152.434340	22.739344	80.020000	-62.720703
-152.684584	22.880945	80.020000	-62.967285
-152.800551	22.871180	80.020000	-62.740234
-152.739516	22.998133	80.020000	-62.979492
-153.160658	23.039637	80.020000	-62.669434
-152.989760	23.239832	80.020000	-62.742676
-152.959242	23.188562	80.020000	-63.011230
-153.032484	23.232508	80.020000	-62.796387
-153.081312	23.046961	80.020000	-62.857422
-153.307143	23.061609	80.020000	-62.906250
-153.337660	23.029871	80.020000	-62.894043
-153.410902	22.827234	80.020000	-62.757324
-153.478041	22.717371	80.020000	-62.786621
-153.648939	22.590418	80.020000	-62.796387
-153.728285	22.485437	80.020000	-62.913574
-153.520766	22.248621	80.020000	-62.925781
-153.862562	22.214441	80.020000	-62.913574
-153.868666	22.155848	80.020000	-62.879395
-154.009047	22.002039	80.020000	-62.640137
-153.996840	21.857996	80.020000	-62.803711
-153.783217	21.787195	80.020000	-62.842773
-153.929701	21.587000	80.020000	-62.774414
-153.978529	21.543055	80.020000	-62.671875
-153.972426	21.545496	80.020000	-62.981934
-154.204359	21.450281	80.020000	-62.820801
-154.137221	21.359949	80.020000	-62.750000
-154.057875	21.250086	80.020000	-62.823242
-154.240980	21.250086	80.020000	-62.806152
-154.247084	21.340418	80.020000	-62.771973
-153.966322	21.350184	80.020000	-62.776855
-153.984633	21.347742	80.020000	-62.923340
-153.972426	21.450281	80.020000	-62.908691
-154.063979	21.482020	80.020000	-62.977051
-153.679457	21.655359	80.020000	-62.969727
-153.783217	21.755457	80.020000	-62.781738
-153.612318	21.989832	80.020000	-62.730469
-153.496352	22.072840	80.020000	-62.815918
-153.423109	22.258387	80.020000	-62.791504
-153.185072	22.399988	80.020000	-62.723145
-152.898207	22.580652	80.020000	-62.974609
-152.739516	22.602625	80.020000	-62.864746
-152.385512	22.685633	80.020000	-62.898926
-151.921645	22.876062	80.020000	-62.674316
-151.622572	22.990809	80.020000	-62.808594
-151.146498	23.034754	80.020000	-62.735352
-150.469008	23.064051	80.020000	-62.891602
-149.999037	23.166590	80.020000	-62.806152
-149.217787	23.178797	80.020000	-62.884277
-148.821059	23.232508	80.020000	-62.801270
-148.186293	23.256922	80.020000	-62.779297
-147.795668	23.281336	80.020000	-62.789062
-147.893324	23.466883	80.020000	-62.505859
-147.801771	23.388758	80.020000	-62.825684
-148.058119	23.513270	80.020000	-62.764648
-148.338881	23.471766	80.020000	-62.779297
-148.845473	23.571863	80.020000	-62.671875
-149.492445	23.496180	80.020000	-62.840332
-149.773207	23.552332	80.020000	-62.710937
-150.285902	23.562098	80.020000	-62.674316
-151.000014	23.537684	80.020000	-63.006348
-151.469984	23.523035	80.020000	-62.723145
-151.891127	23.554773	80.020000	-62.723145
-152.330580	23.481531	80.020000	-62.652344
-152.678480	23.503504	80.020000	-62.708496
-152.861586	23.403406	80.020000	-62.806152
-153.124037	23.335047	80.020000	-62.752441
-153.429213	23.383875	80.020000	-62.823242
-153.233900	23.217859	80.020000	-63.086914
-153.441420	23.252039	80.020000	-62.913574
-153.648939	23.151941	80.020000	-62.735352
-153.697768	22.944422	80.020000	-62.759766
-153.868666	22.944422	80.020000	-62.837891
-153.886977	22.878504	80.020000	-62.940430
-154.094496	22.763758	80.020000	-62.950195
-154.045668	22.673426	80.020000	-62.471680
-154.131117	22.526941	80.020000	-62.789062
-153.984633	22.487879	80.020000	-62.930664
-153.795424	22.329187	80.020000	-62.735352
-153.789320	22.226648	80.020000	-62.818359
-153.777113	22.077723	80.020000	-62.806152
-153.740492	21.904383	80.020000	-62.784180
-153.502455	21.816492	80.020000	-62.791504
-153.435316	21.525965	80.020000	-62.835449
-153.545180	21.340418	80.020000	-62.740234
-153.447523	21.137781	80.020000	-62.730469
-153.130141	20.810633	80.020000	-62.745117
-153.026381	20.490809	80.020000	-62.806152
-152.586928	20.197840	80.020000	-62.811035
-152.293959	20.026941	80.020000	-62.735352
-152.190199	19.795008	80.020000	-62.747559
-151.646986	19.433680	80.020000	-62.864746
-151.097670	19.250574	80.020000	-62.952637
-150.694838	19.084559	80.020000	-62.679199
-150.401869	18.774500	80.020000	-62.837891
-149.693861	18.601160	80.020000	-62.889160
-149.150648	18.237391	80.020000	-62.889160
-148.265639	18.129969	80.020000	-62.710937
-147.582045	17.939539	80.020000	-62.693848
-146.288100	17.712488	80.020000	-62.806152
-144.560805	17.578211	80.020000	-62.762207
-143.004408	17.321863	80.020000	-62.676758
-140.862074	17.258387	80.020000	-62.769531
-138.603773	17.109461	80.020000	-62.769531
-136.003676	16.999598	80.020000	-62.637695
-133.348646	16.911707	80.020000	-62.747559
-130.614271	16.818934	80.020000	-62.869629
-128.166762	16.804285	80.020000	-62.825684
-126.213637	16.796961	80.020000	-62.823242
-124.547377	16.872645	80.020000	-62.769531
-124.095717	16.738367	80.020000	-62.784180
-124.529066	16.740809	80.020000	-62.959961
-125.316420	16.767664	80.020000	-62.806152
-127.171889	16.801844	80.020000	-62.852539
-129.448500	16.765223	80.020000	-62.608398
-131.834975	16.867762	80.020000	-62.767090
-134.123793	16.897059	80.020000	-63.189453
-136.595717	16.879969	80.020000	-62.940430
-138.615980	16.872645	80.020000	-62.967285
-140.654555	16.757898	80.020000	-62.928223
-142.369643	16.806727	80.020000	-63.089355
-143.810072	16.875086	80.020000	-62.918457
-145.372572	16.740809	80.020000	-62.659668
-146.654311	16.718836	80.020000	-62.867187
-147.551527	16.670008	80.020000	-62.967285
-148.344984	16.601648	80.020000	-62.913574
-149.150648	16.657801	80.020000	-62.542480
-149.840346	16.594324	80.020000	-62.735352
-150.627699	16.467371	80.020000	-62.740234
-150.920668	16.406336	80.020000	-62.986816
-151.384535	16.384363	80.020000	-62.691406
-151.628676	16.306238	80.020000	-62.916016
-152.116957	16.208582	80.020000	-62.688965
-152.489271	16.167078	80.020000	-63.028320
-152.599135	16.103602	80.020000	-62.771973
-152.892104	16.010828	80.020000	-62.896484
-152.989760	15.886316	80.020000	-62.828125
-153.136244	15.864344	80.020000	-62.750000
-153.313246	15.803309	80.020000	-62.935547
-153.435316	15.737391	80.020000	-62.430176
-153.661146	15.551844	80.020000	-62.850098
-153.557387	15.534754	80.020000	-62.784180
-153.795424	15.424891	80.020000	-62.852539
-153.771010	15.341883	80.020000	-62.796387
-153.758803	15.266199	80.020000	-62.930664
-153.960219	15.175867	80.020000	-62.918457
-154.021254	15.085535	80.020000	-62.901367
-153.911391	14.968348	80.020000	-62.818359
-154.045668	14.875574	80.020000	-62.825684
-153.917494	14.768152	80.020000	-62.701172
-153.972426	14.602137	80.020000	-62.786621
-153.886977	14.526453	80.020000	-62.869629
-153.978529	14.409266	80.020000	-62.818359
-153.777113	14.255457	80.020000	-62.798828
-153.783217	14.250574	80.020000	-62.698730
-153.691664	14.030848	80.020000	-62.754883
-153.655043	14.025965	80.020000	-62.752441
-153.587904	13.825770	80.020000	-62.862305
-153.618422	13.835535	80.020000	-63.042969
-153.551283	13.723230	80.020000	-62.857422
-153.288832	13.632898	80.020000	-62.896484
-153.423109	13.540125	80.020000	-62.833008
-153.386488	13.454676	80.020000	-62.901367
-153.221693	13.462000	80.020000	-62.947754
-153.056898	13.281336	80.020000	-62.886719
-153.087416	13.252039	80.020000	-62.701172
-152.861586	13.166590	80.020000	-62.576660
-152.776137	13.049402	80.020000	-62.498535
-152.641859	12.983484	80.020000	-62.828125
-152.312270	12.863855	80.020000	-62.884277
-152.165785	12.775965	80.020000	-62.691406
-152.287855	12.658777	80.020000	-62.679199
-151.689711	12.585535	80.020000	-62.789062
-151.598158	12.412195	80.020000	-62.720703
-151.231947	12.270594	80.020000	-62.823242
-150.859633	12.243738	80.020000	-62.728027
-150.768080	12.102137	80.020000	-63.040527
-150.176039	11.980066	80.020000	-62.706055
-150.023451	11.862879	80.020000	-62.845215
-149.718275	11.721277	80.020000	-62.735352
-149.168959	11.701746	80.020000	-62.574219
-148.784437	11.486902	80.020000	-62.879395
-148.125258	11.374598	80.020000	-62.969727
-147.551527	11.286707	80.020000	-62.945312
-146.867934	11.140223	80.020000	-62.884277
-146.202650	11.042566	80.020000	-62.786621
-145.085707	10.957117	80.020000	-63.064941
-144.444838	10.883875	80.020000	-62.867187
-143.401137	10.754480	80.020000	-62.898926
-142.186537	10.666590	80.020000	-62.757324
-141.124525	10.607996	80.020000	-62.969727
-139.732924	10.483484	80.020000	-63.040527
-137.999525	10.473719	80.020000	-62.896484
-135.942641	10.337000	80.020000	-62.708496
-134.306898	10.234461	80.020000	-63.057617
-132.030287	10.129480	80.020000	-62.911133
-129.424086	10.036707	80.020000	-62.608398
-126.463881	9.885340	80.020000	-62.728027
-122.936049	9.768152	80.020000	-62.920898
-118.547621	9.685145	80.020000	-62.947754
-113.341322	9.526453	80.020000	-62.798828
-107.201186	9.357996	80.020000	-62.964844
-100.096693	9.218836	80.020000	-62.837891
-91.618910	9.089441	80.020000	-62.940430
-82.109633	8.935633	80.020000	-62.886719
-72.026625	8.877039	80.020000	-62.767090
-61.150160	8.645105	80.020000	-62.830566
-50.108900	8.496180	80.020000	-62.754883
-39.214125	8.403406	80.020000	-63.006348
-29.918471	8.298426	80.020000	-63.003906
-23.015395	8.105555	80.020000	-63.038086
-19.981947	7.934656	80.020000	-62.601074
-20.799818	7.788172	80.020000	-62.837891
-25.053969	7.771082	80.020000	-62.771973
-31.999770	7.517176	80.020000	-63.001465
-39.806166	7.563562	80.020000	-62.703613
-48.821059	7.412195	80.020000	-62.886719
-57.951918	7.321863	80.020000	-62.857422
-67.339125	7.182703	80.020000	-62.696289
-76.219740	7.041102	80.020000	-62.930664
-84.947768	6.931238	80.020000	-62.654785
-92.625990	6.867762	80.020000	-62.823242
-99.724379	6.733484	80.020000	-62.903809
-105.791273	6.665125	80.020000	-62.935547
-111.272230	6.535730	80.020000	-62.598633
-116.191664	6.337977	80.020000	-62.979492
-120.097914	6.276941	80.020000	-62.779297
-123.955336	6.106043	80.020000	-62.662109
-127.232924	5.976648	80.020000	-62.886719
-129.973402	5.925379	80.020000	-62.901367
-132.207289	5.820398	80.020000	-63.016113
-134.367934	5.671473	80.020000	-62.908691
-136.089125	5.581141	80.020000	-62.901367
-137.810316	5.420008	80.020000	-62.732910
-139.153090	5.344324	80.020000	-63.062500
-140.489760	5.158777	80.020000	-62.874512
-141.673842	5.080652	80.020000	-62.725586
-142.778578	4.914637	80.020000	-62.872070
-143.724623	4.878016	80.020000	-62.703613
-144.627943	4.753504	80.020000	-62.974609
-145.329848	4.672937	80.020000	-62.869629
-145.879164	4.506922	80.020000	-62.688965
-146.703139	4.428797	80.020000	-62.713379
-147.344008	4.223719	80.020000	-63.094238
-147.893324	4.148035	80.020000	-62.957520
-148.277846	3.982020	80.020000	-62.666992
-148.839369	3.877039	80.020000	-62.637695
-149.382582	3.767176	80.020000	-62.791504
-149.699965	3.667078	80.020000	-62.955078
-149.815932	3.520594	80.020000	-62.725586
-150.285902	3.422938	80.020000	-63.030762
-150.542250	3.308191	80.020000	-62.845215
-150.652113	3.054285	80.020000	-62.935547
-151.030531	3.046961	80.020000	-62.991699
-151.097670	2.898035	80.020000	-62.884277
-151.506605	2.766199	80.020000	-62.974609
-151.616469	2.695398	80.020000	-62.857422
-152.080336	2.646570	80.020000	-62.894043
-151.921645	2.570887	80.020000	-62.828125
-152.263441	2.375574	80.020000	-62.850098
-152.489271	2.307215	80.020000	-62.950195
-152.568617	2.295008	80.020000	-63.062500
-152.843275	2.277918	80.020000	-62.867187
-152.751723	2.119227	80.020000	-62.688965
-152.892104	2.080164	80.020000	-62.649902
-153.020277	1.962977	80.020000	-63.079590
-153.355971	2.019129	80.020000	-62.979492
-153.203383	1.997156	80.020000	-62.796387
-153.447523	1.950770	80.020000	-62.637695
-153.252211	1.826258	80.020000	-62.801270
-153.508559	1.782312	80.020000	-62.901367
-153.612318	1.753016	80.020000	-62.884277
-153.636732	1.789637	80.020000	-62.776855
-153.764906	1.628504	80.020000	-62.676758
-153.764906	1.594324	80.020000	-62.989258
-153.935805	1.535730	80.020000	-62.784180
-154.021254	1.525965	80.020000	-62.884277
-153.960219	1.445398	80.020000	-62.833008
-154.125014	1.281824	80.020000	-62.874512
-154.088393	1.247645	80.020000	-62.981934
-154.247084	1.152430	80.020000	-62.542480
-154.387465	1.101160	80.020000	-62.828125
-154.369154	0.864344	80.020000	-62.742676
-154.179945	0.759363	80.020000	-63.086914
-154.363051	0.703211	80.020000	-63.162598
-154.350844	0.590906	80.020000	-62.950195
-154.637709	0.444422	80.020000	-62.835449
-154.747572	0.466395	80.020000	-62.776855
-154.552260	0.253992	80.020000	-62.884277
-154.771986	0.158777	80.020000	-62.747559
-154.753676	0.100184	80.020000	-62.757324
-154.601088	-0.014562	80.020000	-62.767090
-154.656020	-0.092687	80.020000	-63.128418
-154.625502	-0.239172	80.020000	-62.986816
-154.863539	-0.336828	80.020000	-62.972168
-154.735365	-0.402746	80.020000	-62.881836
-154.515639	-0.558996	80.020000	-63.182129
-154.680434	-0.642004	80.020000	-62.767090
-154.692641	-0.749426	80.020000	-62.635254
-154.747572	-0.764074	80.020000	-62.942871
-154.649916	-0.815344	80.020000	-62.845215
-154.411879	-0.900793	80.020000	-63.077148
-154.485121	-1.013098	80.020000	-62.933105
-154.240980	-1.171789	80.020000	-62.813477
-154.204359	-1.237707	80.020000	-62.715820
-154.106703	-1.284094	80.020000	-63.011230
-153.746596	-1.423254	80.020000	-63.272461
-153.667250	-1.496496	80.020000	-62.781738
-153.441420	-1.674719	80.020000	-62.813477
-153.197279	-1.740637	80.020000	-62.647461
-153.087416	-1.865148	80.020000	-63.130859
-152.696791	-1.909094	80.020000	-63.008789
-152.434340	-1.994543	80.020000	-62.986816
-152.239027	-2.160559	80.020000	-63.045410
-151.903334	-2.238684	80.020000	-63.047852
-151.921645	-2.294836	80.020000	-63.223633
-152.190199	-2.316809	80.020000	-62.750000
-152.098646	-2.504797	80.020000	-62.918457
-152.177992	-2.560949	80.020000	-62.759766
-152.409926	-2.626867	80.020000	-63.060059
-152.745619	-2.683020	80.020000	-63.216309
-153.111830	-2.788000	80.020000	-62.859863
-153.117934	-2.873449	80.020000	-63.067383
-153.392592	-2.912512	80.020000	-63.086914
-153.630629	-2.997961	80.020000	-63.140625
-153.905287	-3.122473	80.020000	-62.830566
-154.173842	-3.229895	80.020000	-62.996582
-154.570570	-3.264074	80.020000	-62.820801
-154.643812	-3.281164	80.020000	-63.250488
-154.540053	-3.329992	80.020000	-62.952637
-154.881850	-3.452062	80.020000	-62.815918
-154.717055	-3.530187	80.020000	-62.845215
-154.753676	-3.701086	80.020000	-62.835449
-154.942885	-3.723059	80.020000	-63.155273
-155.077162	-3.803625	80.020000	-62.857422
-155.119887	-3.867102	80.020000	-63.040527
-155.132094	-3.967199	80.020000	-63.023437
-155.260268	-4.103918	80.020000	-62.896484
-155.168715	-4.260168	80.020000	-62.991699
-155.156508	-4.230871	80.020000	-62.688965
-155.241957	-4.279699	80.020000	-62.762207
-154.991713	-4.372473	80.020000	-62.942871
-155.046645	-4.531164	80.020000	-62.862305
-155.083266	-4.636145	80.020000	-63.001465
-154.881850	-4.697180	80.020000	-62.959961
-155.089369	-4.831457	80.020000	-62.854980
-155.119887	-4.977941	80.020000	-62.957520
-154.845229	-5.121984	80.020000	-63.208984
-154.948988	-5.112219	80.020000	-62.835449
-154.948988	-5.219641	80.020000	-62.994141
-154.881850	-5.302648	80.020000	-62.588867
-154.784193	-5.383215	80.020000	-63.086914
-154.479018	-5.563879	80.020000	-63.033203
-154.424086	-5.634680	80.020000	-62.703613
-154.393568	-5.844641	80.020000	-62.869629
-154.240980	-5.942297	80.020000	-62.906250
-153.880873	-6.174230	80.020000	-63.074707
-153.691664	-6.298742	80.020000	-62.891602
-153.502455	-6.393957	80.020000	-62.850098
-153.307143	-6.630773	80.020000	-62.947754
-152.904311	-6.821203	80.020000	-62.857422
-152.507582	-6.972570	80.020000	-63.008789
-151.988783	-7.246008	80.020000	-63.072266
-151.555434	-7.490148	80.020000	-63.096680
-150.902357	-7.744055	80.020000	-62.984375
-150.224867	-8.073645	80.020000	-63.143066
-149.315443	-8.315344	80.020000	-63.008789
-148.668471	-8.632727	80.020000	-63.091797
-147.698012	-8.918371	80.020000	-62.974609
-146.129408	-9.116125	80.020000	-63.038086
-144.554701	-9.499426	80.020000	-63.118652
-143.004408	-9.880285	80.020000	-63.028320
-142.693129	-10.087805	80.020000	-62.837891
