/* F3 - Waermeleitung in Kristallen - HZB - Hanjo Ryll, Bastian Klemke
/* Spannung am Agilent 6.667000E+0 V
/* Pulszeit am Agilent 5.000000E-2 s
/* t [s]   R1 [Ohm]  R2 [Ohm] 
-3.000000E+0     1.203874E+2     1.084363E+2
-2.968947E+0     1.203960E+2     1.084388E+2
-2.939319E+0     1.203960E+2     1.084394E+2
-2.910162E+0     1.203964E+2     1.084394E+2
-2.887683E+0     1.203824E+2     1.084363E+2
-2.853258E+0     1.203823E+2     1.084466E+2
-2.824642E+0     1.204035E+2     1.084445E+2
-2.795075E+0     1.203935E+2     1.084445E+2
-2.769897E+0     1.203706E+2     1.084231E+2
-2.744702E+0     1.203834E+2     1.084231E+2
-2.723257E+0     1.203834E+2     1.084379E+2
-2.699448E+0     1.203908E+2     1.084429E+2
-2.668978E+0     1.203916E+2     1.084317E+2
-2.637703E+0     1.203785E+2     1.084255E+2
-2.613262E+0     1.203836E+2     1.084367E+2
-2.588457E+0     1.203816E+2     1.084268E+2
-2.547119E+0     1.203842E+2     1.084271E+2
-2.524214E+0     1.203804E+2     1.084383E+2
-2.501011E+0     1.203804E+2     1.084432E+2
-2.473250E+0     1.203932E+2     1.084366E+2
-2.448335E+0     1.203869E+2     1.084366E+2
-2.424520E+0     1.203694E+2     1.084366E+2
-2.395422E+0     1.203780E+2     1.084243E+2
-2.372576E+0     1.203934E+2     1.084404E+2
-2.346483E+0     1.203839E+2     1.084205E+2
-2.315292E+0     1.203729E+2     1.084228E+2
-2.285613E+0     1.203763E+2     1.084355E+2
-2.257097E+0     1.203893E+2     1.084226E+2
-2.219473E+0     1.203802E+2     1.084339E+2
-2.194323E+0     1.203883E+2     1.084311E+2
-2.168571E+0     1.203898E+2     1.084294E+2
-2.138601E+0     1.203832E+2     1.084306E+2
-2.106557E+0     1.203794E+2     1.084306E+2
-2.075589E+0     1.203796E+2     1.084282E+2
-2.044553E+0     1.203796E+2     1.084249E+2
-2.020295E+0     1.203756E+2     1.084154E+2
-1.989644E+0     1.203700E+2     1.084199E+2
-1.959414E+0     1.203765E+2     1.084265E+2
-1.935953E+0     1.203805E+2     1.084265E+2
-1.909771E+0     1.203837E+2     1.084324E+2
-1.877498E+0     1.203860E+2     1.084340E+2
-1.849401E+0     1.203919E+2     1.084352E+2
-1.818968E+0     1.203883E+2     1.084356E+2
-1.787443E+0     1.203885E+2     1.084356E+2
-1.759618E+0     1.203958E+2     1.084309E+2
-1.735338E+0     1.203885E+2     1.084219E+2
-1.707125E+0     1.203676E+2     1.084247E+2
-1.666581E+0     1.203709E+2     1.084173E+2
-1.640091E+0     1.203775E+2     1.084262E+2
-1.616584E+0     1.203917E+2     1.084262E+2
-1.591943E+0     1.203917E+2     1.084351E+2
-1.568161E+0     1.203822E+2     1.084205E+2
-1.537204E+0     1.203754E+2     1.084275E+2
-1.503682E+0     1.203732E+2     1.084314E+2
-1.473234E+0     1.203841E+2     1.084314E+2
-1.448224E+0     1.203855E+2     1.084347E+2
-1.415616E+0     1.203860E+2     1.084420E+2
-1.392248E+0     1.203957E+2     1.084379E+2
-1.362288E+0     1.203957E+2     1.084205E+2
-1.331998E+0     1.203851E+2     1.084299E+2
-1.303226E+0     1.203888E+2     1.084299E+2
-1.273227E+0     1.203833E+2     1.084293E+2
-1.241861E+0     1.203979E+2     1.084414E+2
-1.209254E+0     1.203893E+2     1.084351E+2
-1.187196E+0     1.203745E+2     1.084232E+2
-1.163575E+0     1.203821E+2     1.084325E+2
-1.128866E+0     1.203854E+2     1.084356E+2
-1.090267E+0     1.203819E+2     1.084331E+2
-1.058645E+0     1.203788E+2     1.084253E+2
-1.035685E+0     1.203764E+2     1.084193E+2
-1.012172E+0     1.203734E+2     1.084283E+2
-9.856701E-1     1.203792E+2     1.084283E+2
-9.622703E-1     1.203880E+2     1.084344E+2
-9.302273E-1     1.203928E+2     1.084344E+2
-9.042301E-1     1.203928E+2     1.084396E+2
-8.720179E-1     1.203879E+2     1.084416E+2
-8.415976E-1     1.203922E+2     1.084414E+2
-8.143268E-1     1.203914E+2     1.084402E+2
-7.842798E-1     1.203822E+2     1.084402E+2
-7.579160E-1     1.203819E+2     1.084330E+2
-7.342997E-1     1.203797E+2     1.084285E+2
-7.102103E-1     1.203874E+2     1.084239E+2
-6.748223E-1     1.203874E+2     1.084267E+2
-6.432276E-1     1.203868E+2     1.084267E+2
-6.179771E-1     1.203810E+2     1.084340E+2
-5.855441E-1     1.203785E+2     1.084315E+2
-5.622063E-1     1.203853E+2     1.084293E+2
-5.393481E-1     1.203767E+2     1.084255E+2
-5.099130E-1     1.203858E+2     1.084435E+2
-4.864955E-1     1.203972E+2     1.084435E+2
-4.641180E-1     1.203972E+2     1.084385E+2
-4.331946E-1     1.203878E+2     1.084370E+2
-3.972158E-1     1.203714E+2     1.084253E+2
-3.702121E-1     1.203788E+2     1.084232E+2
-3.455849E-1     1.203818E+2     1.084337E+2
-3.211889E-1     1.203697E+2     1.084337E+2
-2.978654E-1     1.203830E+2     1.084229E+2
-2.715712E-1     1.203983E+2     1.084371E+2
-2.411971E-1     1.203983E+2     1.084256E+2
-2.154579E-1     1.203783E+2     1.084418E+2
-1.907945E-1     1.203849E+2     1.084389E+2
-1.590309E-1     1.203992E+2     1.084396E+2
-1.267257E-1     1.203799E+2     1.084336E+2
-9.472609E-2     1.203778E+2     1.084258E+2
-7.198954E-2     1.203827E+2     1.084300E+2
-4.557896E-2     1.203822E+2     1.084308E+2
-2.191210E-2     1.203822E+2     1.084308E+2
1.902103E-3     1.203746E+2     1.084207E+2
0.000000E+0     1.203840E+2     1.084303E+2
2.446747E-2     1.203852E+2     1.084347E+2
4.828262E-2     1.203764E+2     1.084302E+2
7.240152E-2     1.203448E+2     1.084047E+2
9.720421E-2     1.202951E+2     1.084047E+2
1.203532E-1     1.202695E+2     1.083878E+2
1.462655E-1     1.202657E+2     1.083625E+2
1.762657E-1     1.202657E+2     1.083557E+2
2.063684E-1     1.202532E+2     1.083618E+2
2.339473E-1     1.202705E+2     1.083480E+2
2.629189E-1     1.202653E+2     1.083476E+2
3.047872E-1     1.202647E+2     1.083564E+2
3.421354E-1     1.202798E+2     1.083573E+2
3.702259E-1     1.202787E+2     1.083494E+2
3.952665E-1     1.202787E+2     1.083462E+2
4.196887E-1     1.202727E+2     1.083462E+2
4.428840E-1     1.202868E+2     1.083479E+2
4.659123E-1     1.202834E+2     1.083511E+2
4.978933E-1     1.202726E+2     1.083464E+2
5.274954E-1     1.202828E+2     1.083532E+2
5.563145E-1     1.203026E+2     1.083705E+2
5.851116E-1     1.202902E+2     1.083523E+2
6.228423E-1     1.202902E+2     1.083610E+2
6.520448E-1     1.202989E+2     1.083724E+2
6.795812E-1     1.203066E+2     1.083637E+2
7.105594E-1     1.202859E+2     1.083489E+2
7.421527E-1     1.202869E+2     1.083575E+2
7.729249E-1     1.202900E+2     1.083546E+2
7.982893E-1     1.202854E+2     1.083600E+2
8.239012E-1     1.202873E+2     1.083495E+2
8.499956E-1     1.202873E+2     1.083629E+2
8.807364E-1     1.202795E+2     1.083629E+2
9.085183E-1     1.202955E+2     1.083579E+2
9.349208E-1     1.202966E+2     1.083591E+2
9.639411E-1     1.202941E+2     1.083576E+2
9.903994E-1     1.202937E+2     1.083614E+2
1.019464E+0     1.202946E+2     1.083611E+2
1.048740E+0     1.202980E+2     1.083611E+2
1.075379E+0     1.202980E+2     1.083649E+2
1.107577E+0     1.202920E+2     1.083816E+2
1.137523E+0     1.203147E+2     1.083789E+2
1.165935E+0     1.203040E+2     1.083730E+2
1.196286E+0     1.203093E+2     1.083730E+2
1.219635E+0     1.203129E+2     1.083757E+2
1.249304E+0     1.203209E+2     1.083809E+2
1.272798E+0     1.203174E+2     1.083797E+2
1.299306E+0     1.203174E+2     1.083739E+2
1.325291E+0     1.203132E+2     1.083793E+2
1.347234E+0     1.203164E+2     1.083793E+2
1.370376E+0     1.203156E+2     1.083807E+2
1.397981E+0     1.203122E+2     1.083758E+2
1.421894E+0     1.203157E+2     1.083801E+2
1.455284E+0     1.203192E+2     1.083784E+2
1.485086E+0     1.203105E+2     1.083710E+2
1.510059E+0     1.203105E+2     1.083710E+2
1.532954E+0     1.203204E+2     1.083773E+2
1.567559E+0     1.203133E+2     1.083705E+2
1.593058E+0     1.203164E+2     1.083804E+2
1.618974E+0     1.203109E+2     1.083723E+2
1.643961E+0     1.203140E+2     1.083843E+2
1.667236E+0     1.203185E+2     1.083843E+2
1.690983E+0     1.203220E+2     1.083856E+2
1.715024E+0     1.203212E+2     1.083781E+2
1.743426E+0     1.203212E+2     1.083823E+2
1.767493E+0     1.203257E+2     1.083891E+2
1.791713E+0     1.203264E+2     1.083863E+2
1.818323E+0     1.203234E+2     1.083863E+2
1.842496E+0     1.203151E+2     1.083762E+2
1.865223E+0     1.203159E+2     1.083812E+2
1.895694E+0     1.203230E+2     1.083827E+2
1.923759E+0     1.203249E+2     1.083845E+2
1.951884E+0     1.203269E+2     1.083889E+2
1.982823E+0     1.203269E+2     1.083809E+2
2.021417E+0     1.203300E+2     1.083774E+2
2.045156E+0     1.203148E+2     1.083789E+2
2.070473E+0     1.203227E+2     1.083880E+2
2.102720E+0     1.203307E+2     1.083948E+2
2.135300E+0     1.203381E+2     1.083948E+2
2.164751E+0     1.203348E+2     1.083862E+2
2.200870E+0     1.203348E+2     1.083908E+2
2.223942E+0     1.203366E+2     1.083808E+2
2.246945E+0     1.203238E+2     1.083785E+2
2.274402E+0     1.203178E+2     1.083914E+2
2.303931E+0     1.203333E+2     1.083914E+2
2.332073E+0     1.203314E+2     1.083931E+2
2.360482E+0     1.203297E+2     1.083904E+2
2.392299E+0     1.203348E+2     1.083896E+2
2.423946E+0     1.203276E+2     1.083895E+2
2.451561E+0     1.203354E+2     1.083931E+2
2.485048E+0     1.203315E+2     1.083931E+2
2.511132E+0     1.203285E+2     1.083905E+2
2.534499E+0     1.203296E+2     1.083907E+2
2.559009E+0     1.203347E+2     1.083955E+2
2.582480E+0     1.203440E+2     1.083977E+2
2.606316E+0     1.203296E+2     1.083919E+2
2.632543E+0     1.203225E+2     1.083919E+2
2.655278E+0     1.203225E+2     1.083892E+2
2.679340E+0     1.203399E+2     1.083898E+2
2.709682E+0     1.203344E+2     1.084019E+2
2.740497E+0     1.203490E+2     1.083989E+2
2.769732E+0     1.203354E+2     1.083864E+2
2.798950E+0     1.203547E+2     1.083864E+2
2.834000E+0     1.203512E+2     1.084030E+2
2.860871E+0     1.203509E+2     1.084055E+2
2.885314E+0     1.203509E+2     1.083943E+2
2.918777E+0     1.203448E+2     1.083825E+2
2.947528E+0     1.203395E+2     1.083942E+2
2.975052E+0     1.203450E+2     1.083942E+2
3.005136E+0     1.203369E+2     1.083953E+2
3.037298E+0     1.203349E+2     1.083957E+2
3.063987E+0     1.203426E+2     1.083894E+2
3.093362E+0     1.203299E+2     1.083953E+2
3.124653E+0     1.203365E+2     1.083962E+2
3.166301E+0     1.203387E+2     1.084021E+2
3.205956E+0     1.203511E+2     1.084020E+2
3.232425E+0     1.203520E+2     1.084050E+2
3.255971E+0     1.203567E+2     1.084081E+2
3.282591E+0     1.203485E+2     1.084081E+2
3.305222E+0     1.203502E+2     1.084004E+2
3.328332E+0     1.203502E+2     1.084134E+2
3.359581E+0     1.203548E+2     1.084082E+2
3.391497E+0     1.203572E+2     1.084041E+2
3.421756E+0     1.203408E+2     1.084012E+2
3.450129E+0     1.203568E+2     1.084083E+2
3.484896E+0     1.203549E+2     1.084083E+2
3.510401E+0     1.203574E+2     1.084056E+2
3.542273E+0     1.203482E+2     1.083971E+2
3.568739E+0     1.203482E+2     1.084126E+2
3.600278E+0     1.203419E+2     1.084126E+2
3.629000E+0     1.203513E+2     1.084039E+2
3.666335E+0     1.203546E+2     1.084043E+2
3.688562E+0     1.203550E+2     1.084085E+2
3.714866E+0     1.203592E+2     1.084097E+2
3.745196E+0     1.203589E+2     1.084152E+2
3.772932E+0     1.203634E+2     1.084152E+2
3.798323E+0     1.203634E+2     1.083964E+2
3.830797E+0     1.203392E+2     1.084107E+2
3.859403E+0     1.203546E+2     1.084160E+2
3.890245E+0     1.203632E+2     1.084072E+2
3.921527E+0     1.203580E+2     1.084072E+2
3.952507E+0     1.203542E+2     1.084121E+2
3.986010E+0     1.203557E+2     1.084121E+2
4.012393E+0     1.203557E+2     1.084065E+2
4.042208E+0     1.203613E+2     1.084152E+2
4.074015E+0     1.203595E+2     1.084152E+2
4.105283E+0     1.203545E+2     1.084152E+2
4.134973E+0     1.203563E+2     1.084063E+2
4.161658E+0     1.203577E+2     1.084139E+2
4.186641E+0     1.203591E+2     1.084150E+2
4.212147E+0     1.203449E+2     1.083949E+2
4.234968E+0     1.203449E+2     1.084114E+2
4.261185E+0     1.203477E+2     1.084114E+2
4.284407E+0     1.203608E+2     1.084151E+2
4.318945E+0     1.203461E+2     1.084065E+2
4.352338E+0     1.203595E+2     1.084207E+2
4.377594E+0     1.203690E+2     1.084207E+2
4.409520E+0     1.203487E+2     1.084087E+2
4.432560E+0     1.203540E+2     1.084087E+2
4.464018E+0     1.203601E+2     1.084127E+2
4.499475E+0     1.203632E+2     1.084141E+2
4.523039E+0     1.203561E+2     1.084081E+2
4.550771E+0     1.203595E+2     1.084134E+2
4.581398E+0     1.203563E+2     1.084134E+2
4.610497E+0     1.203513E+2     1.084073E+2
4.645294E+0     1.203784E+2     1.084178E+2
4.679255E+0     1.203784E+2     1.084229E+2
4.704546E+0     1.203591E+2     1.084229E+2
4.736000E+0     1.203507E+2     1.084075E+2
4.773047E+0     1.203522E+2     1.084192E+2
4.800675E+0     1.203717E+2     1.084248E+2
4.830955E+0     1.203724E+2     1.084264E+2
4.852949E+0     1.203745E+2     1.084292E+2
4.883973E+0     1.203672E+2     1.084195E+2
4.915109E+0     1.203672E+2     1.084225E+2
4.955250E+0     1.203697E+2     1.084129E+2
4.978667E+0     1.203603E+2     1.084185E+2
5.003992E+0     1.203677E+2     1.084245E+2
5.036017E+0     1.203644E+2     1.084100E+2
5.067388E+0     1.203584E+2     1.084100E+2
5.094640E+0     1.203691E+2     1.084158E+2
5.122442E+0     1.203746E+2     1.084094E+2
5.152981E+0     1.203580E+2     1.084151E+2
5.188335E+0     1.203634E+2     1.084243E+2
5.216059E+0     1.203679E+2     1.084243E+2
5.238537E+0     1.203814E+2     1.084243E+2
5.272885E+0     1.203765E+2     1.084296E+2
5.302976E+0     1.203641E+2     1.084191E+2
5.335321E+0     1.203693E+2     1.084233E+2
5.365343E+0     1.203693E+2     1.084221E+2
5.389613E+0     1.203708E+2     1.084221E+2
5.415137E+0     1.203658E+2     1.084206E+2
5.447617E+0     1.203738E+2     1.084294E+2
5.479700E+0     1.203714E+2     1.084273E+2
5.514414E+0     1.203821E+2     1.084351E+2
5.540387E+0     1.203751E+2     1.084253E+2
5.564538E+0     1.203812E+2     1.084253E+2
5.597577E+0     1.203812E+2     1.084256E+2
5.629801E+0     1.203663E+2     1.084098E+2
5.655320E+0     1.203528E+2     1.084170E+2
5.681422E+0     1.203673E+2     1.084283E+2
5.713560E+0     1.203767E+2     1.084283E+2
5.742067E+0     1.203537E+2     1.084111E+2
5.769594E+0     1.203756E+2     1.084283E+2
5.796378E+0     1.203756E+2     1.084321E+2
5.821201E+0     1.203756E+2     1.084179E+2
5.853446E+0     1.203825E+2     1.084166E+2
5.885339E+0     1.203734E+2     1.084166E+2
5.914607E+0     1.203804E+2     1.084332E+2
5.942998E+0     1.203816E+2     1.084332E+2
5.969049E+0     1.203816E+2     1.084241E+2
5.994218E+0     1.203666E+2     1.084193E+2
6.017544E+0     1.203678E+2     1.084266E+2
