14554.985403	-138.460979	1.396875	-12.687086	-62.888916
14554.986620	-138.583049	1.396875	-12.770094	-62.778442
14554.987836	-138.515910	1.396875	-12.745680	-63.122681
14554.989053	-138.503703	1.396875	-12.718824	-62.770508
14554.990269	-138.497600	1.396875	-12.770094	-62.974976
14554.991486	-138.149699	1.396875	-12.760328	-62.736328
14554.992702	-138.308391	1.396875	-12.811598	-62.699707
14554.993919	-138.271770	1.396875	-12.733473	-62.762573
14554.995135	-138.381633	1.396875	-12.687086	-63.027466
14554.996352	-138.454875	1.396875	-12.774977	-63.066528
14554.997568	-138.326701	1.396875	-12.748121	-63.046997
14554.998785	-138.247355	1.396875	-12.718824	-63.068359
14555.000001	-138.296184	1.396875	-12.691969	-62.766235
14555.001218	-138.222941	1.396875	-12.740797	-62.972534
14555.002434	-138.161906	1.396875	-12.787184	-62.841919
14555.003651	-138.174113	1.396875	-12.704176	-63.143433
14555.004867	-138.277873	1.396875	-12.726148	-62.891357
14555.006084	-137.960490	1.396875	-12.816480	-62.860229
14555.007300	-137.960490	1.396875	-12.774977	-62.918823
14555.008517	-138.119182	1.396875	-12.726148	-62.860840
14555.009733	-138.094768	1.396875	-12.723707	-62.916992
14555.010950	-137.844523	1.396875	-12.789625	-62.876099
14555.012166	-137.746867	1.396875	-12.792066	-63.184937
14555.013383	-137.997111	1.396875	-12.787184	-62.843140
14555.014599	-137.765178	1.396875	-12.767652	-62.967651
14555.015815	-137.826213	1.396875	-12.770094	-63.122070
14555.017032	-137.844523	1.396875	-12.831129	-63.028076
14555.018248	-137.740764	1.396875	-12.762770	-62.925537
14555.019465	-137.630900	1.396875	-12.809156	-63.028687
14555.020681	-137.551555	1.396875	-12.782301	-63.048218
14555.021898	-137.551555	1.396875	-12.740797	-63.070801
14555.023114	-137.484416	1.396875	-12.709059	-62.956665
14555.024331	-137.466105	1.396875	-12.721266	-62.909668
14555.025547	-137.411174	1.396875	-12.699293	-62.963989
14555.026764	-137.191447	1.396875	-12.757887	-62.877930
14555.027980	-136.959514	1.396875	-12.709059	-63.006714
14555.029197	-137.026652	1.396875	-12.706617	-62.793091
14555.030413	-136.617717	1.396875	-12.723707	-62.986572
14555.031630	-136.660441	1.396875	-12.713941	-62.942627
14555.032846	-136.483439	1.396875	-12.718824	-63.136719
14555.034063	-136.202678	1.396875	-12.757887	-62.756470
14555.035279	-136.037883	1.396875	-12.660230	-62.822998
14555.036496	-135.635051	1.396875	-12.777418	-63.112305
14555.037712	-135.317668	1.396875	-12.689527	-63.091553
14555.038929	-134.872111	1.396875	-12.750562	-62.728394
14555.040145	-134.615764	1.396875	-12.762770	-62.934692
14555.041362	-134.371623	1.396875	-12.755445	-62.984131
14555.042578	-133.901652	1.396875	-12.711500	-62.822388
14555.043795	-133.578166	1.396875	-12.811598	-63.004272
14555.045011	-133.407268	1.396875	-12.765211	-62.890747
14555.046228	-132.906779	1.396875	-12.818922	-62.790649
14555.047444	-132.455119	1.396863	-12.787184	-62.943237
14555.048661	-131.606730	1.396875	-12.818922	-62.778442
14555.049877	-130.776652	1.396826	-12.774977	-62.824829
14555.051094	-129.751262	1.396851	-12.809156	-62.808350
14555.052310	-128.731975	1.396814	-12.843336	-63.101318
14555.053527	-127.364787	1.396875	-12.806715	-62.966431
14555.054743	-126.095256	1.396875	-12.926344	-62.848633
14555.055959	-124.862346	1.396875	-12.894605	-62.799805
14555.057176	-123.775920	1.396875	-12.853102	-62.943237
14555.058392	-122.744426	1.396875	-12.887281	-62.617310
14555.059609	-121.554240	1.396875	-12.972730	-62.924316
14555.060825	-120.693645	1.396875	-12.994703	-62.961548
14555.062042	-120.028361	1.396875	-12.897047	-62.852295
14555.063258	-119.564494	1.396814	-12.877516	-62.600830
14555.063258	-119.637736	1.396875	-12.962965	-62.810791
14555.064471	-119.826945	1.396790	-12.997145	-62.808960
14555.065683	-120.718059	1.396814	-13.067945	-63.017090
14555.066895	-121.859416	1.396826	-13.045973	-62.598999
14555.068107	-122.823771	1.396838	-13.033766	-63.137939
14555.069319	-124.172648	1.396790	-13.111891	-62.944458
14555.070531	-125.387248	1.396680	-13.014234	-62.985352
14555.071743	-126.754436	1.396582	-13.153395	-63.045166
14555.072955	-128.011760	1.396436	-13.190016	-62.953003
14555.074168	-129.354533	1.396252	-13.107008	-62.887695
14555.075380	-130.331096	1.396191	-13.119215	-62.602661
14555.076592	-131.057414	1.396143	-13.163160	-62.721069
14555.077804	-131.521281	1.396155	-13.199781	-63.145874
14555.079016	-132.082805	1.396191	-13.209547	-63.006104
14555.080228	-132.607707	1.396045	-13.211988	-63.106201
14555.081440	-132.986125	1.395972	-13.236402	-63.162964
14555.082653	-133.382854	1.395874	-13.282789	-63.306396
14555.083865	-133.871135	1.395984	-13.341383	-62.989014
14555.085077	-134.280070	1.395898	-13.294996	-62.690552
14555.086289	-134.896525	1.396082	-13.336500	-62.883423
14555.087501	-135.207805	1.396094	-13.285230	-62.891968
14555.088713	-135.543498	1.395972	-13.375562	-63.032349
14555.089925	-135.781535	1.396130	-13.324293	-63.010376
14555.091138	-136.275920	1.396216	-13.395094	-62.954834
14555.092350	-136.025676	1.396228	-13.426832	-62.916992
14555.093562	-136.282023	1.396228	-13.419508	-62.969482
14555.094774	-136.526164	1.395984	-13.453687	-63.173950
14555.095986	-136.629924	1.395935	-13.461012	-62.869385
14555.097198	-136.825236	1.396118	-13.490309	-63.356445
14555.098410	-136.941203	1.395825	-13.563551	-63.073242
14555.099623	-137.057170	1.395837	-13.487867	-62.697266
14555.100835	-137.093791	1.395801	-13.539137	-62.854736
14555.102047	-137.319621	1.395581	-13.673414	-62.801636
14555.103259	-137.508830	1.395020	-13.563551	-62.937744
14555.104471	-137.618693	1.394958	-13.561109	-62.966431
14555.105683	-137.557658	1.394617	-13.658766	-63.130615
14555.106895	-137.728557	1.394727	-13.653883	-63.083618
14555.108107	-137.655314	1.394495	-13.651441	-63.142822
14555.109320	-137.600383	1.394275	-13.622145	-62.841309
14555.110532	-137.911662	1.394189	-13.741773	-62.934082
14555.111744	-137.911662	1.393604	-13.793043	-62.912109
14555.112956	-138.045939	1.393884	-13.807691	-62.868164
14555.114168	-137.923869	1.393420	-13.788160	-62.974976
14555.115380	-137.783488	1.393494	-13.758863	-62.986572
14555.116592	-137.997111	1.393506	-13.815016	-62.833374
14555.117805	-137.814006	1.393420	-13.822340	-63.127563
14555.119017	-138.015422	1.393481	-13.849195	-62.942627
14555.120229	-137.923869	1.393750	-13.934645	-62.833374
14555.121441	-138.003215	1.393787	-13.912672	-63.041504
14555.122653	-137.942180	1.393542	-13.988355	-63.081177
14555.123865	-138.253459	1.393896	-13.912672	-62.601440
14555.125077	-138.192424	1.394055	-13.922437	-62.912109
14555.126290	-138.149699	1.394080	-13.963941	-62.714355
14555.127502	-138.277873	1.393860	-13.963941	-62.799805
14555.128714	-138.180217	1.393787	-14.015211	-62.893799
14555.129926	-138.198527	1.393665	-13.939527	-62.854736
14555.131138	-138.100871	1.393884	-14.034742	-63.044556
14555.132350	-138.143596	1.393945	-14.078687	-62.903564
14555.133562	-138.015422	1.393628	-14.039625	-62.872437
14555.134775	-138.369426	1.393567	-14.110426	-62.645386
14555.135987	-138.119182	1.393457	-14.090895	-62.898071
14555.137199	-138.161906	1.392908	-14.117750	-62.819336
14555.138411	-138.235148	1.392590	-14.142164	-62.794312
14555.139623	-138.161906	1.392346	-14.208082	-63.114136
14555.140835	-138.222941	1.392371	-14.217848	-62.949341
14555.142047	-138.552531	1.392456	-14.190992	-62.959106
14555.143259	-138.369426	1.391956	-14.181227	-62.955444
14555.144472	-138.314494	1.392090	-14.283766	-62.880371
14555.145684	-138.399943	1.392358	-14.244703	-62.904175
14555.146896	-138.485393	1.392151	-14.215406	-62.774170
14555.148108	-138.479289	1.391772	-14.239820	-62.884644
14555.149320	-138.674602	1.392200	-14.264234	-63.091553
14555.150532	-138.460979	1.392297	-14.308180	-63.112915
14555.151744	-138.552531	1.392224	-14.332594	-62.715576
14555.152957	-138.644084	1.392346	-14.381422	-62.905396
14555.154169	-138.473186	1.392664	-14.337477	-63.056152
14555.155381	-138.711223	1.392346	-14.349684	-62.788208
14555.156593	-138.570842	1.392773	-14.425367	-63.179443
14555.157805	-138.357219	1.392590	-14.393629	-63.101318
14555.159017	-138.473186	1.392383	-14.498609	-62.779663
14555.160229	-138.528117	1.392615	-14.471754	-63.179443
14555.161442	-138.393840	1.392419	-14.422926	-63.112915
14555.162654	-138.564738	1.392480	-14.435133	-62.935303
14555.163866	-138.631877	1.392175	-14.596266	-63.122681
14555.165078	-138.583049	1.391663	-14.547437	-63.186157
14555.166290	-138.650187	1.391614	-14.632887	-63.021973
14555.167502	-138.686809	1.391504	-14.532789	-62.918823
14555.168714	-138.741740	1.391541	-14.647535	-62.921265
14555.169927	-138.735637	1.391028	-14.559645	-63.051270
14555.171139	-138.644084	1.390918	-14.601148	-62.697876
14555.172351	-138.540324	1.390332	-14.637770	-62.984131
14555.173563	-138.760051	1.389722	-14.747633	-62.951172
14555.174775	-138.625773	1.389893	-14.657301	-62.877319
14555.175987	-138.735637	1.389978	-14.701246	-63.476074
14555.177199	-138.595256	1.389856	-14.767164	-63.067139
14555.178411	-138.644084	1.389319	-14.681715	-63.155029
14555.179624	-138.723430	1.389441	-14.774488	-63.131226
14555.180836	-138.784465	1.389539	-14.764723	-63.084839
14555.182048	-138.747844	1.389368	-14.815992	-63.056152
14555.183260	-139.004191	1.389880	-14.703687	-62.940186
14555.184472	-138.784465	1.389551	-14.813551	-62.976196
14555.185684	-138.729533	1.389673	-14.842848	-62.961548
14555.186896	-138.808879	1.389844	-14.711012	-63.001221
14555.188109	-138.802775	1.390039	-14.842848	-63.025635
14555.189321	-138.778361	1.390063	-14.764723	-62.915771
14555.190533	-138.735637	1.389783	-14.789137	-62.951172
14555.191745	-138.900432	1.389941	-14.776930	-63.112305
14555.192957	-138.912639	1.390149	-14.784254	-62.895020
14555.194169	-138.943156	1.389270	-14.857496	-62.852905
14555.195381	-138.827189	1.389368	-14.857496	-62.890747
14555.196594	-138.827189	1.389441	-14.820875	-62.849854
14555.197806	-138.796672	1.388831	-14.823316	-63.026245
14555.199018	-138.796672	1.388452	-14.881910	-63.070801
14555.200230	-139.101848	1.388428	-14.903883	-62.921875
14555.201442	-139.034709	1.388025	-14.889234	-63.051880
14555.202654	-139.040812	1.387573	-14.955152	-62.974365
14555.203866	-139.016398	1.387378	-14.930738	-63.180054
14555.205079	-138.869914	1.387244	-14.974684	-62.945068
14555.206291	-138.863811	1.387146	-14.964918	-62.818726
14555.207503	-138.918742	1.386621	-15.006422	-63.109863
14555.208715	-138.955363	1.386328	-15.025953	-63.058594
14555.209927	-138.961467	1.386230	-14.940504	-62.775391
14555.211139	-138.772258	1.385986	-15.023512	-62.945068
14555.212351	-138.985881	1.386304	-14.982008	-62.851074
14555.213563	-138.973674	1.385864	-14.991773	-62.713135
14555.214776	-138.674602	1.386121	-15.094312	-63.145264
14555.215988	-138.924846	1.386328	-15.057691	-63.028076
14555.217200	-138.918742	1.386426	-15.006422	-62.954224
14555.218412	-138.937053	1.386096	-14.974684	-62.998779
14555.219624	-138.967570	1.385950	-15.069898	-62.942017
14555.220836	-138.955363	1.386353	-15.018629	-63.041504
14555.222048	-138.961467	1.386597	-15.116285	-63.026855
14555.223261	-138.955363	1.386267	-15.179762	-62.862671
14555.224473	-138.955363	1.386621	-15.138258	-62.906616
14555.225685	-139.107951	1.386047	-15.128492	-62.978638
14555.226897	-138.851604	1.386182	-15.086988	-63.061035
14555.228109	-139.205607	1.385938	-15.135816	-62.769897
14555.229321	-139.077434	1.385950	-15.184645	-63.076294
14555.230533	-138.912639	1.385413	-15.199293	-63.109863
14555.231746	-138.851604	1.385413	-15.209059	-62.632568
14555.232958	-139.028605	1.384961	-15.238355	-62.978027
14555.234170	-138.973674	1.384790	-15.160230	-62.865112
14555.235382	-138.943156	1.384656	-15.216383	-63.194092
14555.236594	-138.900432	1.384485	-15.240797	-62.971924
14555.237806	-139.065227	1.383862	-15.299391	-62.853516
14555.239018	-138.949260	1.383948	-15.316480	-63.324097
14555.240231	-138.943156	1.383862	-15.377516	-63.027466
14555.241443	-139.059123	1.383972	-15.379957	-63.192871
14555.242655	-138.973674	1.383752	-15.443434	-63.019531
14555.243867	-138.906535	1.383508	-15.360426	-62.939575
14555.245079	-138.882121	1.383447	-15.450758	-63.267944
14555.246291	-139.040812	1.383447	-15.577711	-63.170898
14555.247503	-139.071330	1.383459	-15.619215	-62.985352
14555.248716	-138.967570	1.383386	-15.655836	-63.018311
14555.249928	-138.955363	1.383777	-15.704664	-63.185547
14555.251140	-139.187297	1.383398	-15.685133	-63.255127
14555.252352	-139.077434	1.383374	-15.724195	-63.109863
14555.253564	-139.339885	1.383557	-15.868238	-62.970703
14555.254776	-139.095744	1.383704	-15.824293	-63.189209
14555.255988	-139.181193	1.383386	-15.834059	-63.120850
14555.257200	-139.089641	1.383313	-16.002516	-63.219116
14555.258413	-138.918742	1.383350	-15.939039	-63.079346
14555.259625	-139.248332	1.383252	-16.029371	-63.090332
14555.260837	-139.101848	1.382690	-16.109938	-63.228271
14555.262049	-139.248332	1.382910	-16.080641	-63.202637
14555.263261	-139.120158	1.382483	-16.114820	-63.180054
14555.264473	-139.211711	1.381824	-16.214918	-63.007324
14555.265685	-139.156779	1.381677	-16.207594	-63.061646
14555.266898	-139.211711	1.381421	-16.163648	-63.048828
14555.268110	-139.187297	1.380701	-16.190504	-62.963379
14555.269322	-139.022502	1.380640	-16.302809	-63.185547
14555.270534	-139.016398	1.380334	-16.261305	-63.098267
14555.271746	-139.168986	1.380212	-16.290602	-63.314941
14555.272958	-139.071330	1.379797	-16.268629	-63.134888
14555.274170	-139.223918	1.379541	-16.236891	-63.269775
14555.275383	-139.004191	1.379773	-16.354078	-63.054321
14555.276595	-139.339885	1.379431	-16.207594	-63.426025
14555.277807	-139.120158	1.379822	-16.263746	-63.237427
14555.279019	-139.059123	1.379407	-16.180738	-63.340576
14555.280231	-139.144572	1.379456	-16.200270	-63.459595
14555.281443	-139.089641	1.379504	-16.185621	-63.276489
14555.282655	-139.126262	1.379395	-16.151441	-63.427856
14555.283868	-139.089641	1.379468	-16.168531	-63.148926
14555.285080	-139.034709	1.379358	-16.119703	-63.428467
14555.286292	-139.199504	1.379602	-16.166090	-63.233154
14555.287504	-138.967570	1.379199	-16.058668	-63.516357
14555.288716	-139.010295	1.379065	-16.034254	-63.114746
14555.289928	-139.230021	1.379187	-16.046461	-63.092773
14555.291140	-138.973674	1.379138	-16.053785	-63.106812
14555.292352	-138.961467	1.379089	-16.056227	-63.200806
14555.293565	-138.991984	1.378723	-15.968336	-63.307007
14555.294777	-139.162883	1.378772	-16.012281	-63.180054
14555.295989	-138.845500	1.378381	-16.012281	-63.480957
14555.297201	-138.882121	1.378223	-15.956129	-63.401001
14555.298413	-138.961467	1.377917	-15.958570	-62.982300
14555.299625	-138.906535	1.377039	-15.958570	-63.255737
14555.300837	-139.040812	1.376990	-15.946363	-63.140381
14555.302050	-139.034709	1.376599	-15.936598	-63.286255
14555.303262	-138.979777	1.376428	-16.007398	-63.239258
14555.304474	-138.882121	1.375977	-15.953687	-63.283203
14555.305686	-138.900432	1.375879	-15.956129	-63.009155
14555.306898	-138.802775	1.375391	-15.934156	-63.136108
14555.308110	-138.949260	1.375647	-15.897535	-63.015259
14555.309322	-139.016398	1.375684	-15.907301	-63.095825
14555.310535	-139.053020	1.375647	-15.885328	-63.012207
14555.311747	-138.900432	1.375708	-15.946363	-63.238647
14555.312959	-138.790568	1.375793	-15.914625	-63.213013
14555.314171	-138.680705	1.375720	-15.848707	-63.022583
14555.315383	-138.741740	1.375818	-15.870680	-63.178223
14555.316595	-138.784465	1.376306	-15.907301	-63.145264
14555.317807	-138.699016	1.376038	-15.856031	-63.444336
14555.319020	-138.814982	1.376099	-15.890211	-63.133057
14555.320232	-138.595256	1.375977	-15.878004	-63.236206
14555.321444	-138.650187	1.376013	-15.804762	-63.324707
14555.322656	-138.766154	1.376025	-15.926832	-63.344238
14555.323868	-138.778361	1.375989	-15.953687	-63.028687
14555.325080	-138.607463	1.375574	-15.926832	-63.070801
14555.326292	-138.753947	1.375745	-15.970777	-63.276489
14555.327504	-138.888225	1.375696	-15.885328	-62.978638
14555.328717	-138.430461	1.375623	-15.909742	-62.851074
14555.329929	-138.583049	1.375024	-15.868238	-63.063477
14555.331141	-138.644084	1.374963	-15.941480	-63.164795
14555.332353	-138.534221	1.374792	-15.978102	-62.867554
14555.333565	-138.595256	1.374756	-15.973219	-63.343628
14555.334777	-138.686809	1.374731	-15.934156	-63.012817
14555.335989	-138.631877	1.374438	-15.929273	-63.039062
14555.337202	-138.467082	1.374133	-15.975660	-63.177002
14555.338414	-138.729533	1.374255	-15.929273	-63.260010
14555.339626	-138.552531	1.374548	-15.973219	-63.087280
14555.340838	-138.418254	1.374243	-16.024488	-63.101929
14555.342050	-138.522014	1.374207	-15.941480	-63.056152
14555.343262	-138.637980	1.374548	-15.997633	-63.358887
14555.344474	-138.558635	1.374292	-15.946363	-63.222168
14555.345687	-138.564738	1.374292	-16.012281	-63.311279
14555.346899	-138.363322	1.374561	-16.002516	-63.201416
14555.348111	-138.564738	1.374377	-15.992750	-63.534668
14555.349323	-138.320598	1.374524	-15.970777	-63.304565
14555.350535	-138.357219	1.374951	-15.961012	-63.255127
14555.351747	-138.625773	1.374707	-16.000074	-63.145874
14555.352959	-138.448771	1.374670	-16.022047	-63.050049
14555.354172	-138.375529	1.375085	-16.034254	-63.267944
14555.355384	-138.473186	1.375000	-16.046461	-63.287476
14555.356596	-138.363322	1.374695	-16.153883	-63.421753
14555.357808	-138.351115	1.374927	-16.063551	-63.150757
14555.359020	-138.314494	1.374817	-16.109938	-62.996338
14555.360232	-138.369426	1.374512	-16.114820	-63.042114
14555.361444	-138.180217	1.374121	-16.105055	-63.445557
14555.362656	-138.204631	1.374316	-16.129469	-63.250854
14555.363869	-138.180217	1.374023	-16.117262	-63.402832
14555.365081	-138.052043	1.373792	-16.161207	-63.099487
14555.366293	-138.265666	1.373364	-16.102613	-62.924316
14555.367505	-137.966594	1.373450	-16.151441	-63.288086
14555.368717	-138.076457	1.372900	-16.183180	-63.249023
14555.369929	-138.027629	1.372913	-16.224684	-62.981079
14555.371141	-137.832316	1.373523	-16.202711	-63.123291
14555.372354	-138.155803	1.373083	-16.232008	-63.209351
14555.373566	-137.844523	1.373438	-16.251539	-63.049438
14555.374778	-137.948283	1.373083	-16.207594	-63.336914
14555.375990	-137.887248	1.373193	-16.295484	-63.021362
14555.377202	-137.783488	1.373438	-16.368727	-63.128784
14555.378414	-137.795695	1.372986	-16.315016	-63.347290
14555.379626	-137.698039	1.373828	-16.283277	-62.840698
14555.380839	-137.453898	1.373608	-16.398023	-63.242310
14555.382051	-137.649211	1.373352	-16.327223	-63.195312
14555.383263	-137.502727	1.373669	-16.349195	-63.098877
14555.384475	-137.398967	1.374011	-16.339430	-63.229492
14555.385687	-137.447795	1.373853	-16.432203	-63.435181
14555.386899	-137.417277	1.373914	-16.378492	-62.909668
14555.388111	-137.026652	1.374231	-16.358961	-63.099487
14555.389324	-136.898479	1.373779	-16.466383	-63.028076
14555.390536	-136.813029	1.373718	-16.434645	-63.123901
14555.391748	-136.611613	1.373755	-16.517652	-62.860840
14555.392960	-136.434611	1.373645	-16.424879	-63.123291
14555.394172	-136.147746	1.373596	-16.481031	-63.039673
14555.395384	-135.970744	1.373425	-16.559156	-62.906006
14555.396596	-135.842570	1.373389	-16.532301	-62.923706
14555.397808	-135.525187	1.372949	-16.493238	-63.283203
14555.399021	-135.152873	1.373010	-16.661695	-63.364380
14555.400233	-134.853801	1.372815	-16.627516	-63.312500
14555.401445	-134.463176	1.372803	-16.639723	-63.263672
14555.402657	-134.042033	1.372852	-16.600660	-63.406494
14555.403869	-133.681926	1.372681	-16.637281	-63.322876
14555.405081	-133.150920	1.372986	-16.637281	-63.089722
14555.406293	-132.351359	1.373059	-16.659254	-63.147705
14555.407506	-131.905803	1.372937	-16.700758	-62.959106
14555.408718	-131.313762	1.373010	-16.764234	-63.184937
14555.409930	-130.410441	1.373315	-16.815504	-63.419922
14555.411142	-129.433879	1.373242	-16.813063	-62.764404
14555.412354	-128.402385	1.373511	-16.791090	-63.147705
14555.413566	-126.888713	1.373633	-16.871656	-63.440674
14555.414778	-125.680217	1.374011	-16.817945	-63.127563
14555.415991	-124.117717	1.373914	-16.910719	-63.134888
14555.417203	-122.964152	1.374243	-16.947340	-63.183716
14555.418415	-121.841105	1.374304	-16.915602	-63.136719
14555.419627	-121.340617	1.374170	-16.927809	-63.151978
14555.420839	-120.870646	1.374365	-16.930250	-63.313721
14555.420839	-121.102580	1.374280	-16.983961	-63.053101
14555.422107	-121.773967	1.374023	-16.935133	-63.054932
14555.423375	-122.359904	1.374243	-17.010816	-63.155029
14555.424643	-123.598918	1.374329	-17.020582	-63.301514
14555.425911	-125.008830	1.374365	-17.040113	-63.112305
14555.427179	-126.137980	1.374158	-17.057203	-62.976196
14555.428447	-127.376994	1.374011	-17.076734	-63.188599
14555.429715	-128.609904	1.374304	-17.135328	-63.021973
14555.430983	-129.659709	1.374060	-17.169508	-62.932251
14555.432251	-130.416545	1.374097	-17.110914	-63.280762
14555.433519	-131.570109	1.374097	-17.164625	-63.234375
14555.434787	-132.302531	1.374072	-17.128004	-63.314331
14555.436055	-133.010539	1.373865	-17.181715	-63.416260
14555.437323	-133.694133	1.374280	-17.137770	-63.347900
14555.438591	-134.389934	1.373999	-17.184156	-63.347900
14555.439859	-134.505900	1.374243	-17.213453	-63.293579
14555.441127	-134.847697	1.374255	-17.269605	-63.084229
14555.442395	-135.256633	1.374548	-17.196363	-63.160522
14555.443663	-135.622844	1.374634	-17.242750	-63.131836
14555.444931	-135.793742	1.374854	-17.208570	-62.997559
14555.446199	-136.129436	1.375122	-17.242750	-62.949951
14555.447467	-136.355266	1.375134	-17.308668	-63.495605
14555.448735	-136.532268	1.375244	-17.313551	-63.434570
14555.450003	-136.666545	1.375525	-17.315992	-63.070190
14555.451271	-136.861857	1.375415	-17.306227	-63.062256
14555.452540	-137.032756	1.375305	-17.345289	-63.017700
14555.453808	-137.264689	1.375476	-17.403883	-63.089111
14555.455076	-137.173137	1.375073	-17.455152	-63.233765
14555.456344	-137.344035	1.375330	-17.396559	-63.317383
14555.457612	-137.374553	1.374927	-17.496656	-63.509033
14555.458880	-137.594279	1.374988	-17.435621	-63.032959
14555.460148	-137.789592	1.374805	-17.479566	-63.233154
14555.461416	-137.563762	1.374890	-17.535719	-63.443726
14555.462684	-137.826213	1.374915	-17.567457	-63.136108
14555.463952	-137.838420	1.374646	-17.621168	-63.079346
14555.465220	-137.832316	1.374561	-17.613844	-63.370483
14555.466488	-138.021525	1.374500	-17.530836	-63.357666
14555.467756	-138.076457	1.374377	-17.591871	-63.373535
14555.469024	-138.216838	1.374585	-17.684645	-63.018921
14555.470292	-137.960490	1.374524	-17.626051	-63.180664
14555.471560	-138.125285	1.374451	-17.650465	-63.306396
14555.472828	-138.210734	1.374719	-17.789625	-63.296021
14555.474096	-138.058146	1.374670	-17.728590	-63.298462
14555.475364	-138.253459	1.374463	-17.787184	-63.214233
14555.476632	-138.381633	1.374829	-17.809156	-63.196533
14555.477900	-138.351115	1.374487	-17.828688	-63.224609
14555.479168	-138.406047	1.374646	-17.735914	-63.468140
14555.480436	-138.497600	1.374585	-17.836012	-63.210571
14555.481704	-138.546428	1.374805	-17.875074	-63.043335
14555.482972	-138.570842	1.374634	-17.848219	-63.239868
14555.484240	-138.473186	1.374988	-17.911695	-63.276489
14555.485508	-138.564738	1.374695	-17.887281	-63.274658
14555.486776	-138.692912	1.374597	-17.919020	-63.242920
14555.488044	-138.576945	1.374768	-17.950758	-63.157471
14555.489312	-138.637980	1.374390	-18.009352	-63.119629
14555.490580	-138.644084	1.374365	-17.940992	-63.260010
14555.491848	-138.705119	1.374292	-17.982496	-63.217285
14555.493116	-138.839396	1.374023	-18.038648	-63.130005
14555.494384	-138.558635	1.373828	-18.058180	-62.918823
14555.495652	-138.833293	1.373828	-18.016676	-63.076904
14555.496920	-138.607463	1.373279	-18.075270	-63.227661
14555.498188	-138.705119	1.373181	-18.133863	-63.164795
14555.499456	-138.662395	1.373328	-18.116773	-63.260620
14555.500724	-138.808879	1.373083	-18.160719	-63.323486
14555.501992	-138.985881	1.372888	-18.204664	-63.009766
14555.503260	-138.753947	1.372729	-18.158277	-63.252686
14555.504528	-138.930949	1.372595	-18.209547	-63.236206
14555.505796	-138.918742	1.372876	-18.155836	-62.937134
14555.507064	-138.894328	1.372632	-18.219313	-63.347900
14555.508332	-139.004191	1.372656	-18.190016	-63.083008
14555.509600	-138.808879	1.372620	-18.251051	-63.347290
14555.510868	-138.827189	1.372766	-18.287672	-63.321045
14555.512136	-138.851604	1.372754	-18.319410	-63.390015
14555.513404	-138.845500	1.372961	-18.382887	-63.158081
14555.514672	-138.808879	1.372864	-18.363355	-63.240479
14555.515940	-138.863811	1.372693	-18.375563	-63.062866
14555.517208	-139.004191	1.372546	-18.309645	-63.143433
14555.518476	-139.059123	1.372656	-18.363355	-63.134888
14555.519744	-138.882121	1.373083	-18.448805	-63.200195
14555.521012	-138.863811	1.372559	-18.385328	-63.216675
14555.522280	-139.028605	1.372510	-18.475660	-63.338135
14555.523548	-139.046916	1.372754	-18.497633	-63.121460
14555.524816	-138.998088	1.372461	-18.461012	-63.313721
14555.526084	-139.065227	1.372327	-18.514723	-63.173340
14555.527352	-139.095744	1.371997	-18.539137	-63.179443
14555.528621	-139.138469	1.371436	-18.441480	-63.303345
14555.529889	-139.089641	1.371509	-18.539137	-62.907227
14555.531157	-139.193400	1.371460	-18.619703	-63.265503
14555.532425	-138.802775	1.371448	-18.619703	-63.462646
14555.533693	-139.217814	1.371411	-18.663648	-62.977417
14555.534961	-138.930949	1.370715	-18.651441	-63.256348
14555.536229	-139.199504	1.370703	-18.592848	-63.124512
14555.537497	-139.120158	1.370813	-18.639234	-63.126953
14555.538765	-139.284953	1.370337	-18.644117	-63.176392
14555.540033	-139.211711	1.370227	-18.675855	-63.097046
14555.541301	-139.059123	1.370483	-18.675855	-63.043945
14555.542569	-139.004191	1.370471	-18.695387	-63.185547
14555.543837	-139.272746	1.370251	-18.741773	-63.223389
14555.545105	-139.236125	1.370227	-18.707594	-63.147705
14555.546373	-139.181193	1.370056	-18.683180	-63.066528
14555.547641	-139.150676	1.370435	-18.775953	-63.343628
14555.548909	-139.272746	1.370605	-18.758863	-63.396118
14555.550177	-139.211711	1.370227	-18.751539	-63.336304
14555.551445	-139.425334	1.369666	-18.800367	-63.449219
14555.552713	-139.156779	1.369702	-18.895582	-63.101318
14555.553981	-139.150676	1.369763	-18.858961	-63.010986
14555.555249	-139.144572	1.369385	-18.861402	-63.100708
14555.556517	-139.059123	1.369250	-18.829664	-63.340576
14555.557785	-139.144572	1.368872	-18.851637	-63.222168
14555.559053	-138.876018	1.368799	-18.846754	-63.238647
14555.560321	-139.053020	1.368713	-18.905348	-63.025635
14555.561589	-139.236125	1.368628	-18.805250	-63.460205
14555.562857	-139.034709	1.368005	-18.866285	-63.167236
14555.564125	-139.107951	1.367920	-18.949293	-63.220947
14555.565393	-139.016398	1.367273	-18.917555	-63.190430
14555.566661	-139.071330	1.367346	-18.898023	-63.413208
14555.567929	-139.333781	1.367102	-18.934645	-63.407715
14555.569197	-138.888225	1.367029	-18.929762	-63.312500
14555.570465	-138.991984	1.366809	-18.927320	-63.136719
14555.571733	-139.101848	1.366357	-19.098219	-63.425415
14555.573001	-139.181193	1.366333	-19.012770	-63.349731
14555.574269	-138.912639	1.365906	-18.990797	-63.184326
14555.575537	-139.095744	1.365759	-18.985914	-63.358887
14555.576805	-138.937053	1.365979	-19.032301	-63.212402
14555.578073	-138.949260	1.365564	-19.049391	-63.209351
14555.579341	-139.077434	1.365442	-19.068922	-63.159302
14555.580609	-138.973674	1.365637	-19.117750	-63.410767
14555.581877	-139.107951	1.365430	-19.029859	-63.424194
14555.583145	-138.955363	1.365088	-19.098219	-63.040283
14555.584413	-139.040812	1.364990	-18.993238	-63.219116
14555.585681	-139.010295	1.364917	-19.005445	-63.229492
14555.586949	-138.802775	1.364502	-19.110426	-62.962158
14555.588217	-138.924846	1.364575	-19.173902	-63.485229
14555.589485	-139.168986	1.364514	-19.112867	-63.300903
14555.590753	-138.998088	1.363818	-19.098219	-63.337524
14555.592021	-138.930949	1.363770	-19.137281	-63.282593
14555.593289	-139.181193	1.363672	-19.159254	-63.419922
14555.594557	-139.059123	1.363391	-19.125074	-63.220337
14555.595825	-139.053020	1.363025	-19.227613	-62.987183
14555.597093	-138.930949	1.362183	-19.098219	-63.163574
14555.598361	-138.863811	1.362610	-19.210523	-63.416870
14555.599629	-139.211711	1.362427	-19.120191	-63.440674
14555.600897	-138.937053	1.361938	-19.193434	-63.474243
14555.602165	-138.961467	1.361926	-19.212965	-63.086670
14555.603434	-138.924846	1.361426	-19.134840	-63.108032
14555.604702	-139.071330	1.361133	-19.200758	-63.366211
14555.605970	-138.784465	1.361255	-19.239820	-63.585937
14555.607238	-138.906535	1.361206	-19.183668	-63.543823
14555.608506	-139.028605	1.360937	-19.234938	-63.267334
14555.609774	-138.784465	1.360889	-19.205641	-63.284424
14555.611042	-138.888225	1.360498	-19.278883	-63.274658
14555.612310	-139.065227	1.360181	-19.295973	-63.349121
14555.613578	-138.912639	1.360425	-19.161695	-63.142822
14555.614846	-138.882121	1.360095	-19.310621	-63.366821
14555.616114	-138.741740	1.360059	-19.283766	-63.379028
14555.617382	-138.949260	1.360095	-19.322828	-63.339966
14555.618650	-138.784465	1.359741	-19.244703	-63.480347
14555.619918	-138.937053	1.359302	-19.357008	-63.228882
14555.621186	-138.900432	1.359741	-19.295973	-63.125732
14555.622454	-138.882121	1.359351	-19.269117	-63.476074
14555.623722	-138.760051	1.359216	-19.330152	-63.316772
14555.624990	-138.814982	1.359399	-19.317945	-63.167847
14555.626258	-138.863811	1.358960	-19.278883	-63.293579
14555.627526	-138.961467	1.358923	-19.252027	-63.317383
14555.628794	-138.827189	1.358667	-19.335035	-63.236816
14555.630062	-138.930949	1.358435	-19.315504	-63.064697
14555.631330	-138.760051	1.358411	-19.295973	-63.240479
14555.632598	-138.814982	1.357690	-19.300855	-63.419312
14555.633866	-138.741740	1.357959	-19.374098	-63.294189
14555.635134	-138.973674	1.357666	-19.317945	-63.407104
14555.636402	-138.686809	1.357324	-19.327711	-63.432129
14555.637670	-138.857707	1.357288	-19.337477	-63.332642
14555.638938	-138.790568	1.357092	-19.391188	-63.230713
14555.640206	-138.821086	1.356763	-19.313063	-63.280151
14555.641474	-138.668498	1.356470	-19.386305	-63.249023
14555.642742	-138.625773	1.356055	-19.393629	-63.165405
14555.644010	-138.473186	1.356189	-19.330152	-63.327759
14555.645278	-138.717326	1.356165	-19.317945	-63.186157
14555.646546	-138.827189	1.355688	-19.405836	-63.256958
14555.647814	-138.766154	1.355701	-19.332594	-63.212402
14555.649082	-138.699016	1.355627	-19.440016	-63.512695
14555.650350	-138.760051	1.355518	-19.383863	-63.328979
14555.651618	-138.528117	1.355505	-19.427809	-63.532837
14555.652886	-138.637980	1.355530	-19.508375	-63.401001
14555.654154	-138.637980	1.355115	-19.422926	-63.360718
14555.655422	-138.937053	1.355151	-19.564527	-63.466919
14555.656690	-138.735637	1.354590	-19.486402	-63.279541
14555.657958	-138.686809	1.354724	-19.593824	-63.040894
14555.659226	-138.729533	1.354639	-19.603590	-63.359497
14555.660494	-138.735637	1.354297	-19.608473	-63.079346
14555.661762	-138.741740	1.353723	-19.630445	-63.300903
14555.663030	-138.552531	1.353589	-19.601148	-63.217896
14555.664298	-138.534221	1.353699	-19.698805	-63.354614
14555.665566	-138.522014	1.353125	-19.718336	-63.300903
14555.666834	-138.558635	1.352893	-19.837965	-63.245361
14555.668102	-138.393840	1.352649	-19.762281	-63.253296
14555.669370	-138.589152	1.352771	-19.786695	-63.317993
14555.670638	-138.393840	1.352502	-19.933180	-63.358887
14555.671906	-138.393840	1.352319	-19.925855	-63.345459
14555.673174	-138.454875	1.351721	-19.964918	-63.267334
14555.674442	-138.436564	1.351343	-20.035719	-63.622559
14555.675710	-138.399943	1.351428	-20.050367	-63.392456
14555.676978	-138.393840	1.351208	-20.099195	-63.373535
14555.678246	-138.503703	1.351135	-20.148023	-63.250244
14555.679515	-138.467082	1.350842	-20.162672	-63.258789
14555.680783	-138.528117	1.350598	-20.118727	-63.243530
14555.682051	-138.570842	1.350708	-20.189527	-63.498657
14555.683319	-138.363322	1.350867	-20.209059	-63.346680
14555.684587	-138.491496	1.350366	-20.228590	-63.145874
14555.685855	-138.515910	1.350256	-20.218824	-63.637817
14555.687123	-138.515910	1.350195	-20.253004	-63.556641
14555.688391	-138.473186	1.350024	-20.216383	-63.285034
14555.689659	-138.509807	1.349792	-20.250563	-63.387573
14555.690927	-138.485393	1.349512	-20.284742	-63.140991
14555.692195	-138.583049	1.349316	-20.262770	-63.535278
14555.693463	-138.424357	1.348901	-20.336012	-63.381470
14555.694731	-138.149699	1.349329	-20.294508	-63.197144
14555.695999	-138.485393	1.348535	-20.309156	-63.289307
14555.697267	-138.522014	1.348315	-20.221266	-63.389404
14555.698535	-138.436564	1.348572	-20.174879	-63.456543
14555.699803	-138.644084	1.347839	-20.140699	-63.454712
14555.701071	-138.564738	1.347595	-20.226148	-63.411377
14555.702339	-138.546428	1.347449	-20.143141	-63.405273
14555.703607	-138.271770	1.347156	-20.067457	-63.408936
14555.704875	-138.308391	1.347083	-20.116285	-63.407715
14555.706143	-138.406047	1.346741	-20.025953	-63.247803
14555.707411	-138.381633	1.346912	-20.016188	-63.358887
14555.708679	-138.235148	1.346924	-19.999098	-63.592651
14555.709947	-138.290080	1.346179	-19.884352	-63.402832
14555.711215	-138.375529	1.346167	-19.991773	-63.469971
14555.712483	-138.290080	1.345740	-19.859938	-63.184937
14555.713751	-138.467082	1.345544	-19.933180	-63.242310
14555.715019	-138.351115	1.345520	-19.842848	-63.272827
14555.716287	-138.283977	1.345435	-19.847730	-63.416870
14555.717555	-138.399943	1.345190	-19.762281	-63.349731
14555.718823	-138.131389	1.344910	-19.794020	-63.452271
14555.720091	-138.308391	1.344934	-19.742750	-63.285645
14555.721359	-138.345012	1.344727	-19.642652	-63.521851
14555.722627	-138.277873	1.344897	-19.689039	-63.533447
14555.723895	-138.253459	1.344824	-19.674391	-63.540771
14555.725163	-138.222941	1.344421	-19.708570	-63.355225
14555.726431	-138.192424	1.344373	-19.618238	-63.584106
14555.727699	-138.241252	1.344202	-19.708570	-63.639648
14555.728967	-138.314494	1.344055	-19.586500	-63.286865
14555.730235	-138.326701	1.343884	-19.686598	-63.532227
14555.731503	-138.100871	1.343945	-19.603590	-63.365601
14555.732771	-138.119182	1.343445	-19.659742	-63.739136
14555.734039	-138.070354	1.342786	-19.649977	-63.676880
14555.735307	-137.978801	1.342664	-19.606031	-63.505981
14555.736575	-137.868937	1.342175	-19.662184	-63.516357
14555.737843	-137.868937	1.342212	-19.623121	-63.587158
14555.739111	-137.789592	1.342297	-19.620680	-63.747681
14555.740379	-137.606486	1.341565	-19.674391	-63.760498
14555.741647	-137.575969	1.341504	-19.579176	-63.598755
14555.742915	-137.429484	1.341260	-19.642652	-63.507202
14555.744183	-137.337932	1.341089	-19.593824	-63.634766
14555.745451	-137.484416	1.340906	-19.671949	-63.787354
14555.746719	-137.398967	1.340735	-19.684156	-63.926514
14555.747987	-137.173137	1.340295	-19.681715	-63.582886
14555.749255	-136.941203	1.340320	-19.569410	-63.535889
14555.750523	-136.800822	1.340283	-19.667066	-63.844727
14555.751791	-136.660441	1.339905	-19.632887	-64.112671
14555.753059	-136.446818	1.339722	-19.696363	-63.797729
14555.754327	-136.202678	1.339612	-19.686598	-63.731201
14555.755596	-136.135539	1.339380	-19.649977	-63.797729
14555.756864	-135.928020	1.339270	-19.740309	-63.780029
14555.758132	-135.299357	1.338757	-19.671949	-63.974121
14555.759400	-135.067424	1.338330	-19.801344	-63.917358
14555.760668	-134.487590	1.338281	-19.754957	-63.980225
14555.761936	-134.029826	1.337744	-19.786695	-63.944824
14555.763204	-133.279094	1.337805	-19.747633	-63.737305
14555.764472	-132.601604	1.337292	-19.740309	-63.914917
14555.765740	-131.741008	1.337170	-19.706129	-63.900269
14555.767008	-130.965861	1.336719	-19.842848	-63.914307
14555.768276	-129.812297	1.336316	-19.859938	-63.852051
14555.769544	-128.695354	1.336292	-19.852613	-63.795898
14555.770812	-127.303752	1.335937	-19.852613	-63.999146
14555.772080	-126.083049	1.335278	-19.823316	-63.861206
14555.773348	-124.703654	1.335071	-19.952711	-63.733643
14555.774616	-123.623332	1.334888	-19.791578	-63.689087
14555.775884	-122.457561	1.334656	-19.899000	-63.772705
14555.777152	-122.079143	1.334033	-19.886793	-63.878296
14555.778420	-121.676311	1.333704	-19.969801	-63.825195
14555.778420	-121.896037	1.333496	-19.977125	-63.764160
14555.779648	-122.311076	1.333118	-19.967359	-63.692139
14555.780877	-123.104533	1.333020	-20.038160	-63.812988
14555.782106	-124.142131	1.332764	-20.033277	-63.648804
14555.783334	-125.179729	1.332629	-20.018629	-63.592651
14555.784563	-126.137980	1.332397	-20.065016	-63.595093
14555.785792	-127.401408	1.331787	-20.062574	-63.561523
14555.787020	-128.683146	1.331665	-20.079664	-63.698242
14555.788249	-129.861125	1.331628	-20.021070	-63.628052
14555.789478	-130.819377	1.331433	-20.094313	-63.647583
14555.790706	-131.802043	1.331250	-20.035719	-63.656738
14555.791935	-132.925090	1.330872	-20.101637	-63.669556
14555.793164	-133.401164	1.330383	-20.196852	-63.590820
14555.794392	-133.962687	1.330017	-20.108961	-63.543823
14555.795621	-134.463176	1.329687	-20.179762	-63.632324
14555.796850	-134.957561	1.329285	-20.231031	-63.800171
14555.798078	-135.482463	1.329175	-20.250563	-63.443726
14555.799307	-135.354289	1.329053	-20.231031	-63.418701
14555.800536	-135.921916	1.328162	-20.179762	-63.435791
14555.801764	-136.336955	1.327844	-20.174879	-63.509644
14555.802993	-136.562785	1.327576	-20.304273	-63.701904
14555.804222	-136.550578	1.327417	-20.284742	-63.715332
14555.805450	-136.867961	1.326599	-20.306715	-63.620117
14555.806679	-137.057170	1.326147	-20.301832	-63.540161
14555.807908	-137.197551	1.326245	-20.284742	-63.482178
14555.809136	-137.423381	1.325916	-20.345777	-63.468750
14555.810365	-137.380656	1.325452	-20.309156	-63.421143
14555.811594	-137.661418	1.325073	-20.433668	-63.609741
14555.812822	-137.710246	1.324841	-20.377516	-63.360107
14555.814051	-137.752971	1.324475	-20.370191	-63.559692
14555.815280	-137.881145	1.324036	-20.416578	-63.387573
14555.816508	-137.765178	1.324207	-20.462965	-63.473633
14555.817737	-137.838420	1.324072	-20.443434	-63.600586
14555.818966	-138.149699	1.323535	-20.489820	-63.411377
14555.820194	-138.125285	1.323132	-20.492262	-63.559692
14555.821423	-137.905559	1.322888	-20.458082	-63.502930
14555.822652	-137.899455	1.322766	-20.480055	-63.639648
14555.823880	-138.100871	1.322131	-20.550855	-63.462036
14555.825109	-138.229045	1.321826	-20.526441	-63.554810
14555.826338	-138.125285	1.321802	-20.487379	-63.388184
14555.827566	-138.119182	1.321411	-20.502027	-63.420532
14555.828795	-138.143596	1.320715	-20.641188	-63.718994
14555.830024	-138.229045	1.320300	-20.653395	-63.529175
14555.831252	-138.283977	1.320203	-20.597242	-63.387573
14555.832481	-138.369426	1.319836	-20.614332	-63.597534
14555.833710	-138.345012	1.319373	-20.592359	-63.614624
14555.834938	-138.345012	1.318726	-20.668043	-63.502319
14555.836167	-138.479289	1.318713	-20.677809	-63.467529
14555.837396	-138.320598	1.318396	-20.653395	-63.585937
14555.838624	-138.296184	1.317944	-20.660719	-63.576782
14555.839853	-138.479289	1.317212	-20.704664	-63.614014
14555.841082	-138.509807	1.317078	-20.694898	-63.563354
14555.842310	-138.546428	1.316748	-20.716871	-63.552368
14555.843539	-138.430461	1.316345	-20.748609	-63.588989
14555.844768	-138.467082	1.316174	-20.714430	-63.338135
14555.845996	-138.522014	1.315613	-20.873121	-63.739746
14555.847225	-138.552531	1.314990	-20.802320	-63.612793
14555.848454	-138.503703	1.315283	-20.814527	-63.693359
14555.849682	-138.686809	1.314758	-20.829176	-63.716553
14555.850911	-138.448771	1.314539	-20.885328	-63.437012
14555.852140	-138.540324	1.313953	-20.909742	-63.645142
14555.853369	-138.534221	1.313611	-20.943922	-63.720825
14555.854597	-138.540324	1.313428	-20.895094	-63.617065
14555.855826	-138.534221	1.312671	-20.887770	-63.733032
14555.857055	-138.741740	1.312463	-21.004957	-63.858765
14555.858283	-138.631877	1.311914	-20.982984	-63.759888
14555.859512	-138.637980	1.311902	-21.026930	-63.814209
14555.860741	-138.570842	1.311279	-21.026930	-63.765381
14555.861969	-138.827189	1.310730	-21.031813	-63.694580
14555.863198	-138.485393	1.310693	-21.056227	-63.598145
14555.864427	-138.570842	1.310388	-21.031813	-63.705566
14555.865655	-138.576945	1.309644	-21.109938	-64.022949
14555.866884	-138.753947	1.309656	-21.117262	-64.030884
14555.868113	-138.656291	1.308899	-21.153883	-63.667725
14555.869341	-138.601359	1.308252	-21.232008	-63.691528
14555.870570	-138.631877	1.308337	-21.219801	-63.786743
14555.871799	-138.650187	1.307605	-21.244215	-63.661011
14555.873027	-138.613566	1.307495	-21.236891	-63.938721
14555.874256	-138.576945	1.306885	-21.300367	-63.662842
14555.875485	-138.375529	1.306604	-21.358961	-63.845947
14555.876713	-138.430461	1.306360	-21.336988	-64.003418
14555.877942	-138.680705	1.305908	-21.288160	-63.687256
14555.879171	-138.564738	1.305676	-21.398023	-63.809326
14555.880399	-138.656291	1.305042	-21.329664	-63.801392
14555.881628	-138.509807	1.304810	-21.388258	-63.781250
14555.882857	-138.540324	1.304858	-21.444410	-63.523071
14555.884085	-138.772258	1.304456	-21.395582	-63.684814
14555.885314	-138.778361	1.303882	-21.454176	-63.895386
14555.886543	-138.814982	1.303699	-21.451734	-63.644531
14555.887771	-138.711223	1.303687	-21.510328	-63.812378
14555.889000	-138.570842	1.302991	-21.524977	-63.783691
14555.890229	-138.705119	1.302783	-21.586012	-63.742187
14555.891457	-138.735637	1.302063	-21.500563	-63.731812
14555.892686	-138.796672	1.301831	-21.605543	-63.794067
14555.893915	-138.699016	1.301514	-21.647047	-63.764771
14555.895143	-138.589152	1.301013	-21.566480	-63.991821
14555.896372	-138.723430	1.300696	-21.749586	-63.910034
14555.897601	-138.827189	1.300269	-21.637281	-63.848389
14555.898829	-138.711223	1.299792	-21.734938	-63.588379
14555.900058	-138.930949	1.299402	-21.664137	-63.597534
14555.901287	-138.979777	1.299426	-21.732496	-63.653687
14555.902515	-138.662395	1.298914	-21.715406	-63.579834
14555.903744	-138.784465	1.298669	-21.744703	-63.523071
14555.904973	-138.906535	1.298267	-21.705641	-63.506592
14555.906201	-138.729533	1.297961	-21.827711	-63.698853
14555.907430	-138.808879	1.297314	-21.852125	-63.736694
14555.908659	-138.656291	1.297046	-21.849684	-63.596313
14555.909887	-138.839396	1.297021	-21.874098	-63.260010
14555.911116	-138.741740	1.297034	-21.961988	-63.706177
14555.912345	-138.699016	1.296460	-21.893629	-63.778198
14555.913573	-138.692912	1.296008	-21.874098	-63.594482
14555.914802	-138.833293	1.295679	-21.974195	-63.714722
14555.916031	-138.918742	1.295508	-21.949781	-63.474854
14555.917259	-138.772258	1.295190	-21.957105	-63.571899
14555.918488	-138.729533	1.295020	-22.015699	-63.582886
14555.919717	-138.723430	1.294531	-22.032789	-63.438843
14555.920945	-138.839396	1.294604	-22.088941	-63.649414
14555.922174	-138.937053	1.294214	-22.106031	-63.850830
14555.923403	-138.924846	1.294214	-22.074293	-63.504761
14555.924631	-138.979777	1.293689	-22.225660	-63.164185
14555.925860	-139.083537	1.293420	-22.228102	-63.723267
14555.927089	-138.930949	1.293250	-22.340406	-63.327148
14555.928317	-138.863811	1.292712	-22.352613	-63.372314
14555.929546	-139.065227	1.292273	-22.460035	-63.656738
14555.930775	-139.059123	1.291943	-22.477125	-63.700073
14555.932003	-139.028605	1.291663	-22.606520	-63.691528
14555.933232	-138.894328	1.291516	-22.648023	-63.509033
14555.934461	-138.937053	1.291064	-22.745680	-63.718994
14555.935689	-139.046916	1.290771	-22.840895	-63.689697
14555.936918	-139.028605	1.290271	-23.055738	-63.166016
14555.938147	-138.985881	1.289978	-23.116773	-63.757446
14555.939375	-139.022502	1.289661	-23.270582	-63.603027
14555.940604	-139.156779	1.289685	-23.424391	-63.463867
14555.941833	-139.162883	1.289294	-23.458570	-63.501709
14555.943061	-139.083537	1.289197	-23.627027	-63.709839
14555.944290	-139.034709	1.288770	-23.680738	-63.394287
14555.945519	-138.888225	1.288196	-23.895582	-63.599365
14555.946747	-139.010295	1.288147	-23.951734	-63.586548
14555.947976	-139.242229	1.287708	-24.190992	-63.573730
14555.949205	-138.949260	1.287927	-24.366773	-63.472412
14555.950433	-138.967570	1.287378	-24.515699	-63.383301
14555.951662	-139.223918	1.287268	-24.613355	-63.657959
14555.952891	-139.187297	1.287085	-24.847730	-63.455322
14555.954119	-138.973674	1.286536	-25.038160	-63.728149
14555.955348	-138.985881	1.286060	-25.216383	-63.428467
14555.956577	-139.071330	1.285974	-25.389723	-63.734863
14555.957805	-139.089641	1.286047	-25.587477	-63.632324
14555.959034	-138.991984	1.285803	-25.599684	-63.706787
14555.960263	-139.065227	1.285132	-25.838941	-63.628662
14555.961491	-139.022502	1.285095	-25.956129	-63.492554
14555.962720	-139.132365	1.284741	-26.117262	-63.532837
14555.963949	-138.991984	1.284473	-26.063551	-63.496826
14555.965177	-139.211711	1.284192	-26.400465	-63.473633
14555.966406	-138.979777	1.283350	-26.485914	-63.630493
14555.967635	-139.150676	1.283496	-26.539625	-63.527344
14555.968863	-138.979777	1.283276	-26.556715	-63.715942
14555.970092	-139.089641	1.283008	-26.725172	-63.656128
14555.971321	-139.040812	1.282593	-26.698316	-63.736084
14555.972549	-139.089641	1.281995	-26.822828	-63.634766
14555.973778	-139.053020	1.281665	-26.842359	-63.592651
14555.975007	-139.071330	1.281494	-26.822828	-63.446167
14555.976235	-139.107951	1.281360	-26.869215	-63.592651
14555.977464	-139.199504	1.281042	-26.822828	-63.708618
14555.978693	-139.126262	1.281079	-26.803297	-63.705566
14555.979921	-139.053020	1.280566	-26.673902	-63.613403
14555.981150	-138.924846	1.280652	-26.625074	-63.597534
14555.982379	-138.961467	1.280676	-26.586012	-63.516968
14555.983607	-139.022502	1.279834	-26.439527	-63.559692
14555.984836	-138.985881	1.280151	-26.317457	-63.606079
14555.986065	-139.162883	1.279346	-26.285719	-63.878296
14555.987293	-138.998088	1.279248	-26.166090	-63.347290
14555.988522	-138.967570	1.278967	-25.995191	-63.599365
14555.989751	-139.071330	1.278821	-25.865797	-63.808716
14555.990979	-138.961467	1.278491	-25.755934	-63.526733
14555.992208	-138.888225	1.278088	-25.758375	-63.471802
14555.993437	-138.876018	1.278113	-25.548414	-63.467529
14555.994665	-138.961467	1.277759	-25.585035	-63.622559
14555.995894	-138.967570	1.277039	-25.497145	-63.614014
14555.997123	-138.711223	1.276721	-25.392164	-63.631714
14555.998351	-138.973674	1.276575	-25.406813	-63.630493
14555.999580	-138.961467	1.276367	-25.360426	-63.596313
14556.000809	-138.863811	1.276172	-25.409254	-63.617065
14556.002037	-138.692912	1.276025	-25.453199	-63.603027
14556.003266	-138.863811	1.275403	-25.443434	-63.756226
14556.004495	-138.833293	1.275232	-25.448316	-63.673828
14556.005723	-138.662395	1.274951	-25.516676	-63.591431
14556.006952	-138.699016	1.274695	-25.550855	-63.465698
14556.008181	-139.168986	1.274719	-25.631422	-63.574341
14556.009409	-138.760051	1.274487	-25.714430	-63.767212
14556.010638	-138.918742	1.274268	-25.856031	-63.565796
14556.011867	-138.857707	1.273804	-25.914625	-63.482788
14556.013095	-138.906535	1.273657	-26.000074	-63.431519
14556.014324	-138.955363	1.273535	-26.136793	-63.502319
14556.015553	-138.998088	1.273352	-26.161207	-63.548706
14556.016781	-138.766154	1.273157	-26.192945	-63.711060
14556.018010	-139.022502	1.272986	-26.256422	-63.462036
14556.019239	-138.735637	1.272864	-26.395582	-63.560303
14556.020467	-138.821086	1.272595	-26.317457	-63.861206
14556.021696	-138.717326	1.272290	-26.454176	-63.598145
14556.022925	-138.851604	1.272253	-26.483473	-63.543213
14556.024153	-138.711223	1.271631	-26.493238	-63.860596
14556.025382	-138.766154	1.271680	-26.571363	-63.924683
14556.026611	-138.479289	1.271167	-26.529859	-63.620728
14556.027839	-138.808879	1.270874	-26.598219	-63.523071
14556.029068	-138.448771	1.270605	-26.517652	-63.310059
14556.030297	-138.686809	1.270557	-26.576246	-63.414429
14556.031525	-138.723430	1.270349	-26.576246	-63.547485
14556.032754	-138.753947	1.269946	-26.490797	-63.438843
14556.033983	-138.674602	1.269702	-26.517652	-63.751343
14556.035211	-138.662395	1.269409	-26.503004	-63.701904
14556.036440	-138.741740	1.269080	-26.373609	-63.538330
14556.037669	-138.906535	1.268848	-26.324781	-63.678711
14556.038897	-138.631877	1.268896	-26.315016	-63.495605
14556.040126	-138.924846	1.268555	-26.129469	-63.652466
14556.041355	-138.790568	1.268201	-26.061109	-63.556030
14556.042583	-138.699016	1.268066	-25.990309	-63.625610
14556.043812	-138.723430	1.267676	-25.824293	-63.572510
14556.045041	-138.772258	1.267395	-25.775465	-63.835571
14556.046269	-138.576945	1.267236	-25.738844	-63.480957
14556.047498	-138.699016	1.266907	-25.604566	-63.656128
14556.048727	-138.741740	1.266687	-25.511793	-63.640869
14556.049955	-138.692912	1.266626	-25.448316	-63.663452
14556.051184	-138.851604	1.266003	-25.301832	-63.734863
14556.052413	-138.656291	1.266077	-25.231031	-63.641479
14556.053641	-138.729533	1.265747	-25.172438	-63.505371
14556.054870	-138.430461	1.265491	-25.187086	-63.499878
14556.056099	-138.650187	1.264929	-25.067457	-63.557861
14556.057327	-138.497600	1.264746	-24.996656	-63.678101
14556.058556	-138.552531	1.264417	-24.923414	-63.831299
14556.059785	-138.552531	1.264221	-24.786695	-63.670776
14556.061013	-138.564738	1.263940	-24.830641	-63.599976
14556.062242	-138.412150	1.263428	-24.769605	-63.679321
14556.063471	-138.393840	1.263330	-24.732984	-63.980835
14556.064699	-138.430461	1.262769	-24.737867	-63.302734
14556.065928	-138.522014	1.262390	-24.669508	-63.952148
14556.067157	-138.528117	1.262085	-24.581617	-63.908203
14556.068385	-138.827189	1.261731	-24.596266	-63.745850
14556.069614	-138.387736	1.261365	-24.581617	-63.614014
14556.070843	-138.662395	1.261304	-24.603590	-63.530396
14556.072071	-138.625773	1.260583	-24.483961	-63.627441
14556.073300	-138.540324	1.260327	-24.466871	-63.857544
14556.074529	-138.686809	1.260034	-24.364332	-63.592651
14556.075757	-138.442668	1.260254	-24.347242	-63.811157
14556.076986	-138.406047	1.259631	-24.396070	-63.845337
14556.078215	-138.503703	1.259290	-24.366773	-63.750732
14556.079443	-138.485393	1.259082	-24.447340	-63.630493
14556.080672	-138.491496	1.258618	-24.369215	-63.453491
14556.081901	-138.485393	1.258533	-24.330152	-63.731201
14556.083129	-138.583049	1.258533	-24.361891	-63.747070
14556.084358	-138.302287	1.257910	-24.398512	-63.528564
14556.085587	-138.168010	1.257727	-24.413160	-63.471191
14556.086815	-138.235148	1.257617	-24.298414	-63.639648
14556.088044	-138.314494	1.257544	-24.410719	-63.432739
14556.089273	-138.106975	1.256519	-24.305738	-63.836792
14556.090501	-138.174113	1.256360	-24.288648	-63.638428
14556.091730	-138.106975	1.256067	-24.254469	-63.840454
14556.092959	-138.143596	1.256091	-24.252027	-63.391846
14556.094187	-138.143596	1.255261	-24.291090	-63.708618
14556.095416	-137.991008	1.255151	-24.217848	-63.717163
14556.096645	-137.972697	1.254919	-24.283766	-63.784912
14556.097873	-137.899455	1.254321	-24.335035	-63.494995
14556.099102	-137.814006	1.254150	-24.232496	-63.728760
14556.100331	-137.752971	1.254102	-24.269117	-64.011963
14556.101559	-137.612590	1.253589	-24.227613	-63.668945
14556.102788	-137.490520	1.253430	-24.283766	-63.530396
14556.104017	-137.423381	1.252930	-24.230055	-63.551147
14556.105245	-137.270793	1.252783	-24.281324	-63.673218
14556.106474	-137.203654	1.252783	-24.254469	-63.899658
14556.107703	-136.947307	1.252197	-24.266676	-63.765381
14556.108931	-136.672648	1.251880	-24.247145	-63.583496
14556.110160	-136.513957	1.251611	-24.278883	-63.796509
14556.111389	-136.312541	1.251025	-24.203199	-63.467529
14556.112617	-136.050090	1.250867	-24.237379	-63.856323
14556.113846	-135.897502	1.250452	-24.156813	-63.568848
14556.115075	-135.384807	1.250391	-24.171461	-63.862427
14556.116303	-134.988078	1.250354	-24.183668	-63.666504
14556.117532	-134.786662	1.250122	-24.188551	-63.723877
14556.118761	-134.219035	1.250098	-24.188551	-63.821533
14556.119989	-133.608684	1.249316	-24.208082	-63.727539
14556.121218	-133.199748	1.249060	-24.137281	-63.785522
14556.122447	-132.375773	1.248657	-24.125074	-63.644531
14556.123675	-131.698283	1.248303	-24.142164	-63.790405
14556.124904	-130.697307	1.247803	-24.208082	-63.940552
14556.126133	-129.757365	1.247571	-24.176344	-63.781250
14556.127361	-128.628215	1.247400	-24.147047	-63.598755
14556.128590	-127.315959	1.246863	-24.117750	-63.739746
14556.129819	-126.046428	1.246570	-24.151930	-63.921021
14556.131047	-124.557170	1.246326	-24.134840	-63.979614
14556.132276	-123.891887	1.245801	-24.122633	-63.867920
14556.133505	-123.135051	1.245618	-24.132398	-63.965576
14556.134733	-122.707805	1.245374	-24.210523	-63.923462
14556.135962	-122.512492	1.245093	-24.183668	-63.915527
14556.137191	-122.762736	1.245007	-24.173902	-63.955811
14556.138419	-123.440227	1.244763	-24.176344	-64.065674
14556.139648	-124.154338	1.244092	-24.259352	-63.958252
14556.140877	-124.898967	1.243958	-24.293531	-64.050415
14556.142105	-125.777873	1.243311	-24.183668	-64.007690
14556.143334	-126.797160	1.243018	-24.208082	-64.228027
14556.144563	-127.779826	1.242834	-24.181227	-64.192627
14556.145791	-129.043254	1.242639	-24.183668	-64.086426
14556.147020	-130.172404	1.242175	-24.208082	-64.079712
14556.148249	-131.045207	1.241699	-24.139723	-64.197510
14556.149477	-131.893596	1.241736	-24.230055	-64.312256
14556.150706	-132.595500	1.241248	-24.186109	-64.367187
14556.151935	-133.517131	1.241333	-24.210523	-64.358032
14556.153163	-133.993205	1.240771	-24.252027	-64.365967
14556.154392	-134.536418	1.240417	-24.210523	-64.286621
14556.155621	-134.841594	1.240320	-24.266676	-64.433716
14556.156849	-135.335979	1.239929	-24.264234	-64.252441
14556.158078	-135.586223	1.239429	-24.361891	-64.362915
14556.159307	-135.970744	1.239172	-24.256910	-64.392822
14556.160535	-136.098918	1.238647	-24.291090	-64.284180
14556.161764	-136.501750	1.238257	-24.278883	-64.193237
14556.162993	-136.587199	1.238269	-24.291090	-64.715088
14556.164221	-136.715373	1.237866	-24.310621	-64.632080
14556.165450	-137.057170	1.237305	-24.313063	-64.561279
14556.166679	-136.922893	1.237097	-24.254469	-64.658936
14556.167907	-137.411174	1.236743	-24.393629	-64.506348
14556.169136	-137.301311	1.236536	-24.217848	-64.808472
14556.170365	-137.527141	1.236182	-24.315504	-64.748657
14556.171593	-137.685832	1.235693	-24.315504	-64.427002
14556.172822	-137.728557	1.235522	-24.254469	-64.567383
14556.174051	-137.691936	1.234900	-24.349684	-64.734619
14556.175279	-137.862834	1.234924	-24.347242	-64.686401
14556.176508	-137.856730	1.234338	-24.305738	-64.804810
14556.177737	-137.838420	1.234351	-24.359449	-64.743164
14556.178965	-137.966594	1.233862	-24.342359	-64.782227
14556.180194	-138.100871	1.233826	-24.313063	-64.525269
14556.181423	-138.204631	1.233643	-24.371656	-64.503296
14556.182651	-138.082561	1.233167	-24.403395	-64.644897
14556.183880	-138.283977	1.232983	-24.381422	-64.666870
14556.185109	-138.241252	1.232678	-24.388746	-64.632080
14556.186337	-138.290080	1.232593	-24.320387	-64.693726
14556.187566	-138.326701	1.232239	-24.366773	-64.518555
14556.188795	-138.509807	1.231763	-24.393629	-64.685791
14556.190023	-138.564738	1.231348	-24.378980	-64.752930
14556.191252	-138.595256	1.231262	-24.369215	-64.563721
14556.192481	-138.399943	1.231299	-24.369215	-64.567993
14556.193709	-138.442668	1.230933	-24.335035	-64.403809
14556.194938	-138.314494	1.230823	-24.352125	-64.512451
14556.196167	-138.479289	1.230225	-24.437574	-64.641846
14556.197395	-138.448771	1.230457	-24.405836	-64.566162
14556.198624	-138.558635	1.229895	-24.449781	-64.403198
14556.199853	-138.631877	1.229688	-24.432691	-64.312866
14556.201081	-138.692912	1.229468	-24.452223	-64.326294
14556.202310	-138.631877	1.229382	-24.479078	-64.279907
14556.203539	-138.393840	1.228906	-24.542555	-64.483765
14556.204767	-138.625773	1.228467	-24.513258	-64.307983
14556.205996	-138.619670	1.228235	-24.444898	-64.373901
14556.207225	-138.412150	1.228162	-24.544996	-64.275024
14556.208453	-138.686809	1.228003	-24.530348	-64.235352
14556.209682	-138.601359	1.227954	-24.496168	-64.312866
14556.210911	-138.302287	1.227551	-24.493727	-64.359253
14556.212139	-138.497600	1.227417	-24.637770	-63.995483
14556.213368	-138.442668	1.227368	-24.598707	-64.248779
14556.214597	-138.473186	1.227307	-24.610914	-64.416626
