14555.747365	-138.729533	1.296570	-9.835523	-64.515503
14555.748333	-138.985881	1.296655	-9.881910	-64.483154
14555.749301	-138.930949	1.296790	-9.857496	-64.663818
14555.750269	-138.772258	1.296899	-9.818434	-64.625366
14555.751237	-138.692912	1.296643	-9.845289	-64.630249
14555.752205	-138.430461	1.296545	-9.828199	-64.727295
14555.753172	-138.277873	1.297034	-9.862379	-64.433716
14555.754140	-138.570842	1.297327	-9.776930	-64.538696
14555.755108	-138.345012	1.297705	-9.762281	-64.567993
14555.756076	-138.283977	1.298071	-9.703687	-64.580811
14555.757044	-138.338908	1.298132	-9.654859	-64.723022
14555.758012	-138.436564	1.297986	-9.737867	-64.778564
14555.758980	-138.314494	1.298157	-9.679273	-64.712646
14555.759948	-138.161906	1.297998	-9.764723	-64.746826
14555.760915	-138.247355	1.297913	-9.776930	-64.875610
14555.761883	-138.149699	1.298010	-9.735426	-64.719360
14555.762851	-138.131389	1.297327	-9.706129	-64.654663
14555.763819	-138.076457	1.296912	-9.696363	-64.706543
14555.764787	-138.113078	1.296509	-9.664625	-64.647339
14555.765755	-137.844523	1.296082	-9.776930	-64.718140
14555.766723	-137.679729	1.295911	-9.708570	-64.348877
14555.767691	-137.820109	1.295068	-9.715895	-64.723633
14555.768658	-137.765178	1.295166	-9.786695	-64.718750
14555.769626	-137.820109	1.294458	-9.769605	-64.906738
14555.770594	-137.661418	1.294849	-9.796461	-64.590576
14555.771562	-137.710246	1.294360	-9.823316	-64.869507
14555.772530	-137.716350	1.294531	-9.845289	-64.824341
14555.773498	-137.356242	1.294470	-9.791578	-64.669312
14555.774466	-137.582072	1.294409	-9.818434	-64.873169
14555.775434	-137.313518	1.294360	-9.735426	-64.941528
14555.776402	-137.319621	1.294995	-9.815992	-64.865234
14555.777369	-137.374553	1.294763	-9.767164	-65.058716
14555.778337	-137.118205	1.295093	-9.811109	-64.475220
14555.779305	-137.075480	1.294958	-9.796461	-64.885986
14555.780273	-136.965617	1.295288	-9.825758	-64.843872
14555.781241	-137.026652	1.294861	-9.747633	-64.942139
14555.782209	-136.605510	1.295105	-9.845289	-64.616821
14555.783177	-136.568889	1.295056	-9.815992	-65.072144
14555.784145	-136.037883	1.294849	-9.693922	-64.878052
14555.785112	-136.159953	1.294763	-9.823316	-64.688843
14555.786080	-135.744914	1.294641	-9.920973	-65.032471
14555.787048	-135.317668	1.294751	-9.837965	-64.926270
14555.788016	-135.091838	1.294568	-9.825758	-64.982422
14555.788984	-134.542521	1.294275	-9.899000	-64.779785
14555.789952	-134.273967	1.294348	-9.940504	-64.964722
14555.790920	-133.883342	1.293774	-9.889234	-65.150879
14555.791888	-133.224162	1.293311	-9.891676	-64.974487
14555.792855	-132.876262	1.293567	-10.011305	-64.966553
14555.793823	-132.534465	1.293298	-9.930738	-64.756592
14555.794791	-131.881389	1.292664	-9.942945	-65.129517
14555.795759	-131.405314	1.292590	-10.082105	-65.077026
14555.796727	-130.703410	1.292615	-10.069898	-64.855469
14555.797695	-130.080852	1.292358	-10.055250	-65.150269
14555.798663	-129.122600	1.292224	-10.091871	-64.931152
14555.799631	-127.828654	1.292139	-10.089430	-65.251587
14555.800599	-126.376018	1.292395	-10.138258	-64.822510
14555.801566	-124.905070	1.292468	-10.118727	-64.990967
14555.802534	-123.446330	1.292810	-10.104078	-64.872559
14555.803502	-122.079143	1.292664	-10.182203	-65.044067
14555.804470	-120.925578	1.292798	-10.126051	-64.837769
14555.805438	-119.790324	1.293103	-10.206617	-65.117310
14555.806406	-118.905314	1.292786	-10.174879	-65.124634
14555.807374	-118.270549	1.293042	-10.218824	-65.069702
14555.808342	-117.446574	1.292468	-10.165113	-65.068481
14555.809309	-117.361125	1.292932	-10.206617	-64.943359
14555.809309	-117.696818	1.292566	-10.177320	-64.983032
14555.810286	-118.417033	1.292212	-10.294508	-65.095947
14555.811262	-119.393596	1.292297	-10.223707	-65.017212
14555.812238	-120.480021	1.292029	-10.323805	-64.960449
14555.813214	-121.792277	1.291064	-10.265211	-64.754761
14555.814190	-123.171672	1.291199	-10.306715	-65.228394
14555.815166	-124.654826	1.291040	-10.316480	-65.101440
14555.816142	-125.954875	1.290479	-10.270094	-64.880493
14555.817118	-127.541789	1.289954	-10.304273	-64.851807
14555.818094	-128.652629	1.289868	-10.375074	-64.912842
14555.819070	-129.916057	1.289417	-10.370191	-64.853027
14555.820046	-130.691203	1.289221	-10.379957	-64.703491
14555.821022	-131.387004	1.288831	-10.409254	-64.953125
14555.821998	-131.698283	1.288916	-10.436109	-65.103271
14555.822974	-132.113322	1.288623	-10.443434	-64.906128
14555.823950	-132.571086	1.288367	-10.543531	-64.783447
14555.824927	-133.083781	1.288367	-10.492262	-64.867676
14555.825903	-133.578166	1.288074	-10.470289	-64.888428
14555.826879	-133.999309	1.287927	-10.472730	-64.724243
14555.827855	-134.377727	1.288232	-10.438551	-64.594849
14555.828831	-134.914836	1.288293	-10.484937	-64.771240
14555.829807	-135.476359	1.288220	-10.477613	-64.795044
14555.830783	-135.635051	1.288245	-10.550855	-65.093506
14555.831759	-135.744914	1.288489	-10.541090	-64.914673
14555.832735	-135.824260	1.288330	-10.499586	-64.840210
14555.833711	-136.178264	1.288318	-10.499586	-64.644287
14555.834687	-136.361369	1.288074	-10.524000	-64.843262
14555.835663	-136.434611	1.287878	-10.611891	-64.647339
14555.836639	-136.495646	1.287561	-10.514234	-64.650391
14555.837615	-136.672648	1.287317	-10.531324	-64.757812
14555.838591	-136.849650	1.287170	-10.663160	-64.657715
14555.839568	-136.867961	1.286523	-10.585035	-64.883545
14555.840544	-137.044963	1.286560	-10.604566	-64.645508
14555.841520	-137.136516	1.286169	-10.655836	-64.472778
14555.842496	-137.283000	1.285583	-10.685133	-64.530762
14555.843472	-137.417277	1.285498	-10.638746	-64.478882
14555.844448	-137.551555	1.285022	-10.714430	-64.837769
14555.845424	-137.435588	1.284607	-10.704664	-64.643677
14555.846400	-137.508830	1.284570	-10.685133	-64.697388
14555.847376	-137.478312	1.284387	-10.738844	-64.801147
14555.848352	-137.612590	1.283862	-10.765699	-64.500854
14555.849328	-137.661418	1.283838	-10.782789	-64.687622
14555.850304	-137.716350	1.283850	-10.782789	-64.611328
14555.851280	-137.789592	1.283716	-10.843824	-64.752930
14555.852256	-137.844523	1.283264	-10.821852	-64.762085
14555.853232	-137.777385	1.283459	-10.741285	-64.571045
14555.854209	-138.009318	1.283740	-10.841383	-64.624146
14555.855185	-137.972697	1.283459	-10.751051	-64.735840
14555.856161	-138.039836	1.283301	-10.834059	-64.873169
14555.857137	-138.021525	1.283264	-10.875562	-64.522827
14555.858113	-137.832316	1.283093	-10.836500	-64.689453
14555.859089	-138.302287	1.283130	-10.785230	-64.667480
14555.860065	-138.253459	1.282959	-10.873121	-64.706543
14555.861041	-138.100871	1.283154	-10.799879	-64.859131
14555.862017	-138.174113	1.283105	-10.858473	-64.701050
14555.862993	-138.491496	1.283057	-10.865797	-64.415405
14555.863969	-138.253459	1.282751	-10.792555	-64.776123
14555.864945	-138.259562	1.282739	-10.897535	-64.737061
14555.865921	-138.290080	1.282471	-10.885328	-64.746826
14555.866897	-138.326701	1.282300	-10.948805	-64.679077
14555.867873	-138.100871	1.281531	-10.921949	-64.705933
14555.868850	-138.412150	1.281470	-10.980543	-64.697388
14555.869826	-138.345012	1.281128	-10.982984	-64.705322
14555.870802	-138.546428	1.280896	-10.975660	-64.740112
14555.871778	-138.412150	1.280432	-11.070875	-64.555176
14555.872754	-138.485393	1.280054	-11.039137	-64.684570
14555.873730	-138.418254	1.280249	-11.034254	-64.715088
14555.874706	-138.290080	1.280054	-11.068434	-64.965942
14555.875682	-138.595256	1.279651	-11.090406	-64.802368
14555.876658	-138.564738	1.279785	-11.146559	-64.793823
14555.877634	-138.625773	1.279529	-11.095289	-64.652832
14555.878610	-138.564738	1.279834	-11.134352	-64.569214
14555.879586	-138.473186	1.279578	-11.170973	-64.853638
14555.880562	-138.576945	1.279626	-11.168531	-64.770630
14555.881538	-138.473186	1.279858	-11.139234	-64.651611
14555.882514	-138.595256	1.279590	-11.119703	-64.897583
14555.883491	-138.399943	1.279456	-11.241773	-64.636963
14555.884467	-138.509807	1.279236	-11.227125	-64.592407
14555.885443	-138.613566	1.279529	-11.253980	-65.030029
14555.886419	-138.650187	1.279248	-11.249098	-64.922607
14555.887395	-138.564738	1.279102	-11.334547	-64.774292
14555.888371	-138.808879	1.278650	-11.317457	-64.927490
14555.889347	-138.613566	1.278784	-11.249098	-64.755981
14555.890323	-138.662395	1.278503	-11.356520	-64.904297
14555.891299	-138.497600	1.278064	-11.410230	-64.797485
14555.892275	-138.741740	1.277356	-11.410230	-64.787109
14555.893251	-138.576945	1.277332	-11.410230	-64.798706
14555.894227	-138.821086	1.276819	-11.471266	-64.897583
14555.895203	-138.717326	1.277197	-11.498121	-64.942139
14555.896179	-138.699016	1.276660	-11.542066	-64.727295
14555.897155	-138.662395	1.275842	-11.625074	-64.915894
14555.898132	-138.882121	1.275757	-11.642164	-64.824951
14555.899108	-138.760051	1.275586	-11.622633	-64.865845
14555.900084	-138.876018	1.275500	-11.639723	-65.018433
14555.901060	-138.692912	1.275085	-11.651930	-64.871338
14555.902036	-138.753947	1.274670	-11.656812	-64.800537
14555.903012	-138.772258	1.274988	-11.693434	-64.837158
14555.903988	-138.863811	1.275024	-11.730055	-64.764526
14555.904964	-138.662395	1.274805	-11.664137	-64.892700
14555.905940	-138.723430	1.274695	-11.752027	-64.743164
14555.906916	-138.808879	1.274683	-11.761793	-64.546631
14555.907892	-138.833293	1.274695	-11.815504	-64.854248
14555.908868	-138.949260	1.274805	-11.786207	-65.006836
14555.909844	-138.650187	1.274438	-11.810621	-64.851807
14555.910820	-138.833293	1.274512	-11.805738	-64.686401
14555.911796	-138.790568	1.274158	-11.869215	-64.837158
14555.912773	-138.894328	1.274194	-11.852125	-64.740723
14555.913749	-138.674602	1.274072	-11.920484	-64.934814
14555.914725	-138.613566	1.273914	-11.988844	-64.894531
14555.915701	-138.741740	1.273584	-12.020582	-64.942749
14555.916677	-138.650187	1.273376	-12.020582	-64.886597
14555.917653	-138.534221	1.273254	-12.071852	-65.015381
14555.918629	-138.778361	1.273218	-12.005934	-64.956787
14555.919605	-138.821086	1.272827	-12.032789	-64.720581
14555.920581	-138.869914	1.272424	-12.132887	-64.858521
14555.921557	-138.686809	1.272144	-12.159742	-64.843262
14555.922533	-138.625773	1.271692	-12.176832	-65.020874
14555.923509	-138.680705	1.271533	-12.184156	-64.818237
14555.924485	-138.637980	1.271143	-12.230543	-64.810913
14555.925461	-138.601359	1.271204	-12.252516	-64.763916
14555.926437	-138.662395	1.270874	-12.301344	-64.760864
14555.927414	-138.729533	1.270642	-12.328199	-64.654053
14555.928390	-138.570842	1.270459	-12.323316	-64.805420
14555.929366	-138.497600	1.270447	-12.369703	-64.896973
14555.930342	-138.497600	1.270264	-12.333082	-64.739502
14555.931318	-138.522014	1.270667	-12.433180	-64.808472
14555.932294	-138.650187	1.270837	-12.455152	-64.721191
14555.933270	-138.735637	1.270349	-12.503980	-64.793823
14555.934246	-138.705119	1.270581	-12.538160	-64.888428
14555.935222	-138.674602	1.270288	-12.494215	-64.831055
14555.936198	-138.741740	1.270349	-12.562574	-64.734619
14555.937174	-138.943156	1.270471	-12.618727	-64.513062
14555.938150	-138.778361	1.270227	-12.660230	-64.748047
14555.939126	-138.833293	1.270215	-12.650465	-64.663208
14555.940102	-138.937053	1.270081	-12.757887	-64.744385
14555.941078	-138.753947	1.270398	-12.857984	-64.448975
14555.942055	-138.790568	1.270007	-12.877516	-64.791382
14555.943031	-138.821086	1.269751	-12.980055	-64.655884
14555.944007	-138.949260	1.269690	-13.043531	-64.799927
14555.944983	-138.808879	1.269092	-13.304762	-64.583252
14555.945959	-138.802775	1.269141	-13.353590	-64.809692
14555.946935	-138.863811	1.268811	-13.446363	-64.738281
14555.947911	-138.717326	1.268958	-13.636793	-64.981812
14555.948887	-138.827189	1.268164	-13.771070	-65.088013
14555.949863	-138.924846	1.268469	-13.922437	-64.604614
14555.950839	-139.120158	1.268201	-14.095777	-65.022705
14555.951815	-138.821086	1.268164	-14.100660	-64.741333
14555.952791	-138.985881	1.268018	-14.349684	-64.730347
14555.953767	-138.937053	1.268079	-14.593824	-64.595459
14555.954743	-138.967570	1.267786	-14.613355	-64.598511
14555.955719	-138.955363	1.267871	-14.823316	-64.726074
14555.956696	-138.967570	1.267493	-15.016187	-64.592407
14555.957672	-138.906535	1.267517	-15.189527	-64.675415
14555.958648	-138.961467	1.267725	-15.392164	-64.613159
14555.959624	-138.949260	1.267676	-15.555738	-64.552734
14555.960600	-139.010295	1.267322	-15.758375	-64.927490
14555.961576	-138.912639	1.267615	-15.958570	-64.915894
14555.962552	-139.089641	1.267615	-16.141676	-64.674194
14555.963528	-139.059123	1.267346	-16.363844	-64.657715
14555.964504	-138.796672	1.267297	-16.607984	-64.672974
14555.965480	-138.949260	1.267432	-16.769117	-64.670532
14555.966456	-138.961467	1.266895	-17.005934	-64.774292
14555.967432	-139.071330	1.266992	-17.101148	-64.818237
14555.968408	-138.961467	1.266992	-17.352613	-64.694946
14555.969384	-138.998088	1.265857	-17.486891	-64.817017
14555.970360	-139.107951	1.266040	-17.621168	-64.788940
14555.971337	-138.991984	1.265771	-17.838453	-64.769409
14555.972313	-139.016398	1.265552	-17.897047	-64.546631
14555.973289	-138.967570	1.265344	-18.111891	-64.737061
14555.974265	-139.114055	1.265112	-18.185133	-64.528320
14555.975241	-138.985881	1.264514	-18.334059	-64.687622
14555.976217	-138.845500	1.264624	-18.343824	-64.632080
14555.977193	-139.016398	1.264368	-18.514723	-64.591187
14555.978169	-138.827189	1.264050	-18.468336	-64.647949
14555.979145	-138.912639	1.263965	-18.602613	-64.480713
14555.980121	-138.668498	1.263367	-18.553785	-64.806030
14555.981097	-138.650187	1.263184	-18.585523	-64.627808
14555.982073	-138.973674	1.263550	-18.473219	-64.816406
14555.983049	-138.814982	1.263354	-18.485426	-64.905518
14555.984025	-138.827189	1.262939	-18.446363	-64.719360
14555.985001	-138.802775	1.263086	-18.285230	-64.727905
14555.985978	-138.753947	1.262878	-18.285230	-64.706543
14555.986954	-138.680705	1.263013	-18.204664	-64.867065
14555.987930	-138.796672	1.262769	-17.948316	-64.608276
14555.988906	-138.686809	1.262903	-17.848219	-64.687012
14555.989882	-138.839396	1.262402	-17.823805	-64.632080
14555.990858	-138.827189	1.262561	-17.684645	-64.592407
14555.991834	-138.644084	1.262756	-17.518629	-64.543579
14555.992810	-138.833293	1.262183	-17.367262	-64.677246
14555.993786	-138.888225	1.262048	-17.372145	-64.699829
14555.994762	-138.747844	1.262024	-17.294020	-64.731567
14555.995738	-138.985881	1.261877	-17.208570	-64.631470
14555.996714	-138.814982	1.261279	-17.147535	-64.705933
14555.997690	-139.040812	1.260864	-17.128004	-64.513672
14555.998666	-138.882121	1.260950	-17.140211	-64.668701
14555.999642	-138.814982	1.260498	-17.023023	-64.646729
14556.000619	-138.955363	1.259692	-17.115797	-64.757202
14556.001595	-138.863811	1.259546	-17.135328	-64.820068
14556.002571	-139.144572	1.259399	-17.208570	-64.629639
14556.003547	-138.937053	1.259045	-17.250074	-64.813354
14556.004523	-138.778361	1.258984	-17.313551	-64.984863
14556.005499	-139.010295	1.259021	-17.499098	-64.729126
14556.006475	-139.162883	1.258289	-17.513746	-64.621094
14556.007451	-138.918742	1.258289	-17.633375	-64.832886
14556.008427	-138.918742	1.258154	-17.669996	-64.775513
14556.009403	-138.851604	1.258081	-17.882398	-64.873779
14556.010379	-138.808879	1.258081	-17.967848	-64.688843
14556.011355	-138.888225	1.257812	-18.045973	-64.517334
14556.012331	-138.955363	1.258008	-18.214430	-64.663208
14556.013307	-139.004191	1.258252	-18.207105	-64.994629
14556.014283	-139.034709	1.258044	-18.233961	-64.668091
14556.015260	-138.827189	1.257935	-18.358473	-64.581421
14556.016236	-138.991984	1.257764	-18.399977	-64.681519
14556.017212	-138.882121	1.257385	-18.468336	-64.839600
14556.018188	-138.772258	1.257483	-18.619703	-64.980591
14556.019164	-138.943156	1.257361	-18.607496	-64.458740
14556.020140	-138.790568	1.257263	-18.639234	-64.558838
14556.021116	-138.699016	1.256689	-18.688063	-64.807251
14556.022092	-138.680705	1.256433	-18.663648	-64.768799
14556.023068	-138.692912	1.256396	-18.705152	-64.805420
14556.024044	-138.747844	1.256201	-18.732008	-64.537476
14556.025020	-138.845500	1.256067	-18.758863	-64.833496
14556.025996	-138.821086	1.255750	-18.634352	-64.705322
14556.026972	-138.784465	1.255566	-18.639234	-64.937256
14556.027948	-138.772258	1.255188	-18.597730	-64.731567
14556.028924	-138.595256	1.255017	-18.553785	-64.734009
14556.029901	-138.692912	1.254639	-18.380445	-64.839600
14556.030877	-138.607463	1.254834	-18.353590	-64.871338
14556.031853	-138.784465	1.254224	-18.204664	-64.611328
14556.032829	-138.619670	1.253931	-18.165602	-65.051392
14556.033805	-138.637980	1.253687	-17.980055	-64.851807
14556.034781	-138.735637	1.253760	-17.901930	-64.753540
14556.035757	-138.656291	1.253723	-17.904371	-65.023315
14556.036733	-138.699016	1.253345	-17.757887	-65.071533
14556.037709	-138.601359	1.253369	-17.530836	-64.658325
14556.038685	-138.747844	1.253381	-17.523512	-64.842651
14556.039661	-138.772258	1.253149	-17.435621	-64.723633
14556.040637	-138.662395	1.252844	-17.294020	-64.730957
14556.041613	-138.515910	1.252759	-17.208570	-64.781616
14556.042589	-138.711223	1.252991	-17.123121	-64.763306
14556.043565	-138.589152	1.252649	-17.071852	-64.562500
14556.044542	-138.656291	1.252429	-16.949781	-64.658936
14556.045518	-138.479289	1.252380	-16.986402	-64.931152
14556.046494	-138.454875	1.251648	-16.893629	-64.804810
14556.047470	-138.460979	1.251562	-16.778883	-64.875610
14556.048446	-138.558635	1.250891	-16.776441	-64.770020
14556.049422	-138.595256	1.250720	-16.778883	-64.818237
14556.050398	-138.454875	1.250781	-16.720289	-64.689453
14556.051374	-138.375529	1.250354	-16.656813	-64.832275
14556.052350	-138.332805	1.249976	-16.661695	-64.798706
14556.053326	-138.296184	1.249463	-16.605543	-64.649780
14556.054302	-138.253459	1.249377	-16.559156	-64.947632
14556.055278	-138.192424	1.249133	-16.559156	-64.715088
14556.056254	-138.155803	1.248865	-16.493238	-64.716309
14556.057230	-138.265666	1.248523	-16.461500	-64.927490
14556.058206	-138.210734	1.248462	-16.505445	-64.826782
14556.059183	-138.222941	1.248145	-16.493238	-64.604614
14556.060159	-137.960490	1.247839	-16.527418	-64.840210
14556.061135	-138.033732	1.247510	-16.524977	-64.742554
14556.062111	-137.868937	1.247583	-16.380934	-64.843872
14556.063087	-137.881145	1.247485	-16.439527	-64.781006
14556.064063	-137.752971	1.247449	-16.410230	-64.694336
14556.065039	-137.698039	1.247278	-16.402906	-65.055054
14556.066015	-137.539348	1.247009	-16.395582	-65.022705
14556.066991	-137.447795	1.247266	-16.434645	-64.819458
14556.067967	-137.551555	1.246643	-16.380934	-64.828003
14556.068943	-137.374553	1.246484	-16.393141	-64.714478
14556.069919	-137.374553	1.246033	-16.344313	-64.860962
14556.070895	-137.270793	1.246423	-16.424879	-64.887207
14556.071871	-137.142619	1.245972	-16.466383	-64.749268
14556.072847	-136.935100	1.245630	-16.410230	-64.774902
14556.073824	-136.971721	1.245435	-16.339430	-64.801147
14556.074800	-136.574992	1.245007	-16.295484	-64.973877
14556.075776	-136.312541	1.244873	-16.317457	-64.703491
14556.076752	-136.074504	1.244592	-16.390699	-64.812744
14556.077728	-136.062297	1.244238	-16.354078	-64.801758
14556.078704	-135.726604	1.243762	-16.385816	-64.834106
14556.079680	-135.488566	1.243518	-16.363844	-64.976318
14556.080656	-135.085734	1.243079	-16.332105	-64.826172
14556.081632	-134.823283	1.242554	-16.300367	-64.964111
14556.082608	-134.457072	1.242358	-16.378492	-64.758423
14556.083584	-134.035930	1.242078	-16.305250	-65.044678
14556.084560	-133.572062	1.242529	-16.334547	-65.080078
14556.085536	-133.028850	1.242322	-16.256422	-64.906738
14556.086512	-132.339152	1.241809	-16.219801	-64.732178
14556.087488	-131.649455	1.242053	-16.232008	-64.776733
14556.088465	-130.849895	1.241748	-16.305250	-64.849365
14556.089441	-129.891643	1.241504	-16.324781	-65.012939
14556.090417	-128.750285	1.241064	-16.283277	-65.023926
14556.091393	-127.401408	1.241455	-16.212477	-64.942749
14556.092369	-125.790080	1.241345	-16.239332	-65.069092
14556.093345	-124.258098	1.241187	-16.261305	-64.692505
14556.094321	-122.817668	1.241187	-16.222242	-65.075195
14556.095297	-121.084270	1.241040	-16.229566	-64.936646
14556.096273	-119.912395	1.240796	-16.244215	-64.816406
14556.097249	-118.929729	1.240564	-16.241773	-65.049561
14556.098225	-118.386516	1.240198	-16.232008	-65.025757
14556.099201	-118.410930	1.240259	-16.244215	-64.958008
14556.100177	-118.679484	1.239844	-16.195387	-65.170410
14556.100177	-119.686564	1.239453	-16.195387	-65.084351
14556.101205	-120.486125	1.239551	-16.249098	-65.044067
14556.102233	-121.914348	1.239233	-16.232008	-64.994019
14556.103261	-123.501262	1.238916	-16.258863	-65.166748
14556.104289	-124.557170	1.238916	-16.266188	-64.945190
14556.105316	-126.040324	1.238538	-16.246656	-65.152710
14556.106344	-127.236613	1.238232	-16.273512	-65.271118
14556.107372	-128.463420	1.238074	-16.241773	-65.196045
14556.108400	-129.482707	1.237549	-16.341871	-65.247314
14556.109428	-130.636271	1.237512	-16.266188	-65.189941
14556.110455	-131.777629	1.237341	-16.312574	-65.078247
14556.111483	-132.223186	1.237561	-16.327223	-65.112427
14556.112511	-132.986125	1.237231	-16.312574	-65.366943
14556.113539	-133.511027	1.237061	-16.358961	-65.123413
14556.114567	-134.115275	1.237219	-16.268629	-65.438965
14556.115594	-134.389934	1.236963	-16.283277	-65.056885
14556.116622	-134.896525	1.236914	-16.278395	-65.286377
14556.117650	-135.226115	1.236768	-16.334547	-65.248535
14556.118678	-135.628947	1.236646	-16.283277	-65.257080
14556.119706	-135.836467	1.236609	-16.317457	-65.334595
14556.120733	-136.153850	1.236292	-16.363844	-65.470093
14556.121761	-136.166057	1.236621	-16.341871	-65.469482
14556.122789	-136.373576	1.236169	-16.297926	-65.274170
14556.123817	-136.697062	1.235730	-16.285719	-65.434692
14556.124845	-136.672648	1.235657	-16.315016	-65.577515
14556.125872	-137.051066	1.235168	-16.356520	-65.548828
14556.126900	-136.959514	1.235071	-16.297926	-65.728882
14556.127928	-137.136516	1.234961	-16.290602	-65.454224
14556.128956	-137.331828	1.235010	-16.354078	-65.432861
14556.129984	-137.197551	1.234460	-16.319898	-65.579346
14556.131011	-137.221965	1.234253	-16.351637	-65.615967
14556.132039	-137.405070	1.233923	-16.412672	-65.795410
14556.133067	-137.392863	1.233826	-16.368727	-65.598267
14556.134095	-137.478312	1.233691	-16.273512	-65.777710
14556.135123	-137.624797	1.233289	-16.422438	-65.741699
14556.136150	-137.899455	1.233313	-16.471266	-65.673950
14556.137178	-137.991008	1.233057	-16.307691	-65.766113
14556.138206	-137.917766	1.233057	-16.429762	-65.414551
14556.139234	-137.923869	1.233069	-16.451734	-65.603760
14556.140262	-137.966594	1.232947	-16.319898	-65.649536
14556.141289	-138.003215	1.232690	-16.441969	-65.763062
14556.142317	-138.021525	1.232629	-16.402906	-65.604370
14556.143345	-138.033732	1.232617	-16.400465	-65.639771
14556.144373	-138.119182	1.232556	-16.407789	-65.703247
14556.145401	-138.125285	1.232629	-16.476148	-65.619629
14556.146428	-138.174113	1.232703	-16.390699	-65.825928
14556.147456	-138.241252	1.232349	-16.493238	-65.771606
14556.148484	-138.082561	1.232349	-16.476148	-65.817383
14556.149512	-138.241252	1.232043	-16.483473	-65.677612
14556.150540	-138.283977	1.232019	-16.495680	-65.583008
14556.151567	-138.186320	1.232031	-16.485914	-65.716675
14556.152595	-138.235148	1.231934	-16.512770	-65.554932
14556.153623	-138.430461	1.231799	-16.564039	-65.583008
14556.154651	-138.357219	1.231848	-16.534742	-65.667847
14556.155679	-138.375529	1.231555	-16.605543	-65.534180
14556.156706	-138.265666	1.231140	-16.549391	-65.494507
14556.157734	-138.253459	1.231030	-16.622633	-65.294312
14556.158762	-138.424357	1.230884	-16.581129	-65.586060
14556.159790	-138.491496	1.230640	-16.642164	-65.245483
14556.160818	-138.363322	1.230383	-16.647047	-65.482910
14556.161845	-138.442668	1.230347	-16.651930	-65.332764
14556.162873	-138.473186	1.230151	-16.695875	-65.382202
14556.163901	-138.308391	1.230347	-16.683668	-65.356567
14556.164929	-138.418254	1.230408	-16.720289	-65.163086
14556.165957	-138.454875	1.230347	-16.744703	-65.259521
14556.166984	-138.454875	1.230200	-16.744703	-65.308960
14556.168012	-138.308391	1.230371	-16.800855	-65.214966
14556.169040	-138.418254	1.230493	-16.815504	-65.177124
14556.170068	-138.619670	1.230554	-16.795973	-65.177124
14556.171096	-138.454875	1.230432	-16.820387	-65.214355
14556.172123	-138.558635	1.230042	-16.742262	-65.347412
14556.173151	-138.497600	1.230396	-16.808180	-65.205200
14556.174179	-138.283977	1.230273	-16.827711	-65.190552
14556.175207	-138.631877	1.230457	-16.944898	-65.008057
14556.176235	-138.534221	1.230298	-16.881422	-65.251587
14556.177262	-138.729533	1.230554	-16.925367	-65.435913
14556.178290	-138.705119	1.230432	-16.822828	-65.402954
14556.179318	-138.631877	1.230615	-16.859449	-65.123413
14556.180346	-138.552531	1.230273	-16.881422	-65.165527
14556.181374	-138.485393	1.230188	-16.827711	-65.185669
14556.182401	-138.705119	1.230005	-16.974195	-65.128296
14556.183429	-138.619670	1.230151	-16.871656	-65.191162
14556.184457	-138.784465	1.230127	-17.052320	-65.197266
14556.185485	-138.699016	1.230225	-16.903395	-64.946411
14556.186513	-138.406047	1.229712	-16.993727	-64.942139
14556.187540	-138.637980	1.229712	-17.027906	-64.740723
14556.188568	-138.729533	1.229480	-17.079176	-65.087402
14556.189596	-138.723430	1.229639	-17.042555	-65.054443
14556.190624	-138.949260	1.229480	-17.088941	-65.072754
14556.191652	-138.747844	1.229700	-17.044996	-65.065430
14556.192680	-138.741740	1.229468	-17.091383	-64.928101
14556.193707	-138.717326	1.229529	-17.123121	-65.032471
14556.194735	-138.796672	1.229688	-17.137770	-64.956787
14556.195763	-138.656291	1.229712	-17.103590	-64.983032
14556.196791	-138.467082	1.229675	-17.198805	-65.171021
14556.197819	-138.784465	1.229492	-17.245191	-65.040405
14556.198846	-138.790568	1.229688	-17.191480	-64.852417
14556.199874	-138.723430	1.229517	-17.235426	-64.983032
14556.200902	-138.845500	1.229443	-17.162184	-64.832275
14556.201930	-138.973674	1.229480	-17.211012	-64.933594
14556.202958	-138.802775	1.229529	-17.235426	-64.992187
14556.203985	-138.912639	1.229639	-17.242750	-65.190552
14556.205013	-138.857707	1.229614	-17.306227	-64.866455
14556.206041	-138.869914	1.229407	-17.472242	-65.164917
14556.207069	-138.686809	1.229041	-17.274488	-65.163696
14556.208097	-138.894328	1.229163	-17.369703	-64.972046
14556.209124	-138.888225	1.229077	-17.377027	-65.137451
14556.210152	-138.790568	1.228967	-17.374586	-64.868896
14556.211180	-138.753947	1.228760	-17.462477	-64.890869
14556.212208	-138.796672	1.228687	-17.445387	-64.972046
14556.213236	-138.888225	1.228577	-17.477125	-65.113037
14556.214263	-138.991984	1.228333	-17.525953	-65.021484
14556.215291	-138.979777	1.228333	-17.447828	-65.120972
14556.216319	-138.979777	1.228320	-17.501539	-65.069702
14556.217347	-139.010295	1.227966	-17.496656	-64.951294
14556.218375	-138.857707	1.228076	-17.565016	-64.943970
14556.219402	-138.619670	1.228125	-17.652906	-64.936035
14556.220430	-138.869914	1.227698	-17.667555	-64.930542
14556.221458	-138.937053	1.227625	-17.591871	-65.095337
14556.222486	-138.784465	1.227783	-17.635816	-64.848145
14556.223514	-138.906535	1.227588	-17.691969	-65.169189
14556.224541	-138.961467	1.227380	-17.694410	-64.990967
14556.225569	-138.833293	1.227539	-17.691969	-64.920166
14556.226597	-139.059123	1.227625	-17.726148	-65.092285
14556.227625	-138.930949	1.228015	-17.765211	-64.851807
14556.228653	-138.753947	1.227454	-17.767652	-65.268066
14556.229680	-138.778361	1.227515	-17.843336	-64.871338
14556.230708	-138.869914	1.227417	-17.787184	-64.931152
14556.231736	-138.735637	1.227454	-17.877516	-64.903076
14556.232764	-138.918742	1.227625	-17.904371	-64.746826
14556.233792	-138.888225	1.227063	-17.872633	-64.742554
14556.234819	-138.894328	1.227258	-17.911695	-64.828003
14556.235847	-138.790568	1.226672	-17.940992	-64.757812
14556.236875	-138.918742	1.226489	-17.989820	-65.103882
14556.237903	-138.839396	1.226367	-17.940992	-65.174683
14556.238931	-139.089641	1.226196	-18.021559	-64.973267
14556.239958	-138.949260	1.226306	-18.036207	-65.003174
14556.240986	-138.985881	1.226245	-18.067945	-65.243652
14556.242014	-138.967570	1.225867	-18.124098	-65.061768
14556.243042	-139.028605	1.225562	-18.124098	-65.117310
14556.244070	-138.882121	1.225940	-18.119215	-65.111816
14556.245097	-139.053020	1.225488	-18.180250	-64.923218
14556.246125	-138.937053	1.225842	-18.192457	-64.959839
14556.247153	-138.894328	1.225378	-18.233961	-64.734619
14556.248181	-138.888225	1.225403	-18.321852	-65.005615
14556.249209	-139.083537	1.225293	-18.326734	-64.649170
14556.250236	-138.991984	1.225647	-18.273023	-65.106934
14556.251264	-138.869914	1.225049	-18.334059	-64.978760
14556.252292	-139.089641	1.224976	-18.338941	-64.965942
14556.253320	-139.077434	1.225220	-18.390211	-65.115479
14556.254348	-139.010295	1.225269	-18.431715	-65.064819
14556.255375	-138.985881	1.224866	-18.497633	-64.622314
14556.256403	-139.230021	1.224963	-18.448805	-65.004395
14556.257431	-138.918742	1.224792	-18.546461	-65.077637
14556.258459	-139.077434	1.224817	-18.570875	-65.056885
14556.259487	-138.973674	1.224731	-18.478102	-65.043457
14556.260514	-138.967570	1.224915	-18.639234	-65.009277
14556.261542	-138.967570	1.224841	-18.661207	-65.002563
14556.262570	-138.918742	1.224402	-18.653883	-64.932373
14556.263598	-138.967570	1.224390	-18.790602	-64.837769
14556.264626	-138.869914	1.224329	-18.719801	-64.888428
14556.265653	-139.138469	1.224585	-18.793043	-64.978760
14556.266681	-138.961467	1.224097	-18.883375	-65.084351
14556.267709	-139.071330	1.223901	-18.851637	-65.117310
14556.268737	-138.985881	1.223755	-18.810133	-64.869507
14556.269765	-138.888225	1.223547	-18.873609	-64.865234
14556.270792	-139.016398	1.223657	-18.915113	-65.069092
14556.271820	-138.808879	1.223401	-18.927320	-65.028809
14556.272848	-138.784465	1.223193	-18.922438	-64.882324
14556.273876	-138.839396	1.223096	-18.983473	-64.913452
14556.274904	-138.747844	1.223071	-18.988355	-64.900024
14556.275931	-139.022502	1.222729	-19.051832	-65.051392
14556.276959	-138.802775	1.222546	-19.071363	-64.998901
14556.277987	-138.882121	1.222449	-19.090895	-64.950073
14556.279015	-138.900432	1.222131	-19.105543	-64.987915
14556.280043	-138.833293	1.222729	-19.139723	-64.723633
14556.281070	-139.059123	1.222375	-19.183668	-65.020874
14556.282098	-138.924846	1.222192	-19.139723	-64.766357
14556.283126	-138.821086	1.222314	-19.220289	-65.083740
14556.284154	-138.918742	1.222095	-19.195875	-64.937866
14556.285182	-138.827189	1.221765	-19.198316	-65.001343
14556.286209	-138.985881	1.222070	-19.313063	-64.978760
14556.287237	-138.631877	1.221594	-19.261793	-64.818237
14556.288265	-138.766154	1.221472	-19.303297	-64.863403
14556.289293	-138.839396	1.221399	-19.322828	-65.178955
14556.290321	-138.900432	1.220850	-19.317945	-64.912231
14556.291348	-138.845500	1.220850	-19.347242	-64.929932
14556.292376	-138.869914	1.220740	-19.386305	-65.238770
14556.293404	-138.876018	1.220776	-19.400953	-65.026367
14556.294432	-139.004191	1.220276	-19.437574	-65.324829
14556.295460	-138.827189	1.219995	-19.496168	-65.075195
14556.296487	-138.753947	1.219995	-19.459547	-64.756592
14556.297515	-139.004191	1.219604	-19.571852	-65.145386
14556.298543	-138.656291	1.219409	-19.571852	-64.934814
14556.299571	-138.918742	1.219507	-19.664625	-65.083130
14556.300599	-138.814982	1.219019	-19.576734	-65.018433
14556.301626	-138.808879	1.219092	-19.615797	-65.017212
14556.302654	-138.888225	1.218896	-19.708570	-65.002563
14556.303682	-138.863811	1.218884	-19.708570	-64.942139
14556.304710	-138.839396	1.218530	-19.715895	-65.042236
14556.305738	-138.735637	1.218359	-19.742750	-65.086182
14556.306765	-138.760051	1.217920	-19.691480	-65.104492
14556.307793	-138.699016	1.217871	-19.769605	-65.091675
14556.308821	-138.937053	1.217676	-19.769605	-64.979980
14556.309849	-138.869914	1.217603	-19.723219	-64.855469
14556.310877	-138.937053	1.218005	-19.884352	-64.837158
14556.311905	-138.479289	1.217395	-19.740309	-65.005005
14556.312932	-138.802775	1.217346	-19.886793	-64.913452
14556.313960	-138.656291	1.217261	-19.872145	-65.232666
14556.314988	-138.723430	1.216919	-19.906324	-64.862793
14556.316016	-138.583049	1.217212	-19.859938	-64.984253
14556.317044	-138.674602	1.216211	-19.947828	-64.984863
14556.318071	-138.814982	1.216687	-19.930738	-65.027588
14556.319099	-138.576945	1.216333	-19.994215	-64.904907
14556.320127	-138.741740	1.215979	-19.969801	-64.991577
14556.321155	-138.760051	1.216150	-20.047926	-65.083130
14556.322183	-138.863811	1.216162	-20.089430	-65.037964
14556.323210	-138.766154	1.215588	-20.069898	-64.944580
14556.324238	-138.863811	1.215466	-20.006422	-65.001953
14556.325266	-138.686809	1.215112	-20.165113	-65.051392
14556.326294	-138.607463	1.214648	-20.128492	-64.956787
14556.327322	-138.668498	1.214673	-20.172438	-65.078857
14556.328349	-138.741740	1.214502	-20.130934	-65.026367
14556.329377	-138.619670	1.214270	-20.189527	-65.152100
14556.330405	-138.845500	1.214307	-20.206617	-64.934814
14556.331433	-138.607463	1.213940	-20.167555	-65.133179
14556.332461	-138.613566	1.213953	-20.296949	-65.120361
14556.333488	-138.583049	1.213684	-20.216383	-64.777954
14556.334516	-138.589152	1.213684	-20.260328	-64.934814
14556.335544	-138.778361	1.213440	-20.296949	-65.160645
14556.336572	-138.668498	1.213501	-20.228590	-64.882935
14556.337600	-138.778361	1.213208	-20.248121	-64.956787
14556.338627	-138.570842	1.213184	-20.340895	-64.976929
14556.339655	-138.613566	1.213245	-20.304273	-65.042236
14556.340683	-138.528117	1.212708	-20.318922	-64.826782
14556.341711	-138.314494	1.212903	-20.321363	-65.077637
14556.342739	-138.674602	1.212756	-20.382398	-64.994629
14556.343766	-138.460979	1.212341	-20.426344	-65.109985
14556.344794	-138.522014	1.212402	-20.353102	-65.014771
14556.345822	-138.204631	1.212415	-20.406813	-64.893921
14556.346850	-138.308391	1.212207	-20.419020	-65.247925
14556.347878	-138.253459	1.211987	-20.477613	-65.073975
14556.348905	-138.027629	1.211792	-20.453199	-65.149658
14556.349933	-137.991008	1.211523	-20.382398	-65.088013
14556.350961	-138.088664	1.211243	-20.509352	-65.194214
14556.351989	-137.929973	1.211401	-20.497145	-65.001953
14556.353017	-137.844523	1.211218	-20.509352	-65.145386
14556.354044	-137.942180	1.210693	-20.492262	-64.934204
14556.355072	-137.765178	1.210779	-20.470289	-64.989746
14556.356100	-137.771281	1.210535	-20.614332	-64.979980
14556.357128	-137.649211	1.210486	-20.582594	-65.001953
14556.358156	-137.582072	1.210352	-20.514234	-65.128296
14556.359183	-137.643107	1.209851	-20.633863	-64.963501
14556.360211	-137.264689	1.209827	-20.587477	-64.989136
14556.361239	-137.344035	1.210071	-20.572828	-64.993408
14556.362267	-137.331828	1.209949	-20.597242	-65.021484
14556.363295	-137.008342	1.209558	-20.570387	-64.872559
14556.364322	-136.904582	1.209399	-20.658277	-64.886597
14556.365350	-136.800822	1.209082	-20.582594	-64.870117
14556.366378	-136.855754	1.208997	-20.660719	-65.083740
14556.367406	-136.294230	1.208691	-20.638746	-64.977539
14556.368434	-136.391887	1.208533	-20.668043	-65.162476
14556.369461	-135.860881	1.208826	-20.733961	-65.013550
14556.370489	-135.433635	1.208435	-20.694898	-65.140503
14556.371517	-135.335979	1.207739	-20.768141	-64.823120
14556.372545	-134.890422	1.207898	-20.736402	-64.851807
14556.373573	-134.377727	1.207568	-20.760816	-65.143555
14556.374600	-133.968791	1.207275	-20.704664	-65.097168
14556.375628	-133.486613	1.207385	-20.758375	-64.934814
14556.376656	-132.809123	1.207056	-20.746168	-65.088013
14556.377684	-132.131633	1.207202	-20.716871	-64.974487
14556.378712	-131.185588	1.206628	-20.816969	-64.971436
14556.379739	-130.135783	1.206250	-20.724195	-64.995239
14556.380767	-129.293498	1.206201	-20.785230	-64.910400
14556.381795	-127.816447	1.206055	-20.824293	-64.812744
14556.382823	-126.730021	1.205725	-20.853590	-65.003174
14556.383851	-125.387248	1.205579	-20.775465	-65.282715
14556.384878	-123.922404	1.205493	-20.809645	-64.920776
14556.385906	-122.518596	1.205151	-20.856031	-65.036743
14556.386934	-121.310100	1.205151	-20.836500	-65.058716
14556.387962	-120.425090	1.204712	-20.856031	-65.044678
14556.388990	-119.930705	1.204553	-20.943922	-65.132568
14556.390017	-119.540080	1.204358	-20.865797	-65.070312
14556.391045	-119.729289	1.204370	-20.843824	-65.006226
14556.391045	-120.498332	1.204346	-20.856031	-64.842651
14556.392075	-121.120891	1.203760	-20.963453	-65.093506
14556.393106	-121.877727	1.203613	-20.982984	-64.990967
14556.394136	-123.183879	1.203516	-20.951246	-64.911621
14556.395166	-124.441203	1.203210	-20.982984	-64.862793
14556.396196	-126.052531	1.203235	-20.914625	-64.866455
14556.397226	-127.248820	1.202954	-20.978102	-64.961060
14556.398256	-128.725871	1.202795	-21.068434	-64.933594
14556.399287	-130.117473	1.202441	-21.061109	-65.232056
14556.400317	-131.148967	1.202527	-21.063551	-64.828613
14556.401347	-131.942424	1.202197	-21.039137	-64.949463
14556.402377	-132.741984	1.201904	-21.046461	-65.077026
14556.403407	-133.425578	1.201990	-21.134352	-65.186890
14556.404437	-133.980998	1.201514	-21.085523	-65.070312
14556.405468	-134.585246	1.201343	-21.144117	-65.235718
14556.406498	-135.085734	1.201147	-21.139234	-64.826782
14556.407528	-135.281047	1.201208	-21.122145	-65.221069
14556.408558	-135.818156	1.200732	-21.161207	-65.077026
14556.409588	-136.178264	1.200598	-21.153883	-64.953125
14556.410618	-136.343059	1.200220	-21.268629	-65.084351
14556.411649	-136.318645	1.200134	-21.261305	-65.067261
14556.412679	-136.672648	1.200220	-21.136793	-65.122803
14556.413709	-136.751994	1.200183	-21.229566	-64.926270
14556.414739	-136.904582	1.199536	-21.266188	-64.990967
14556.415769	-137.075480	1.199585	-21.232008	-65.025146
14556.416799	-137.234172	1.199292	-21.266188	-65.170410
14556.417830	-137.344035	1.199463	-21.366285	-65.155151
14556.418860	-137.484416	1.199414	-21.322340	-65.180786
14556.419890	-137.496623	1.199121	-21.268629	-65.170410
14556.420920	-137.685832	1.199048	-21.341871	-64.967163
14556.421950	-137.673625	1.198657	-21.310133	-64.881104
14556.422981	-137.685832	1.198242	-21.315016	-64.766968
14556.424011	-137.722453	1.198120	-21.290602	-64.991577
14556.425041	-137.887248	1.197998	-21.305250	-64.865845
14556.426071	-138.045939	1.197986	-21.236891	-65.139282
14556.427101	-138.076457	1.197998	-21.295484	-64.889648
14556.428131	-137.801799	1.197021	-21.358961	-65.005615
14556.429162	-138.058146	1.197351	-21.322340	-64.875000
14556.430192	-138.106975	1.196606	-21.261305	-65.250366
14556.431222	-138.442668	1.196716	-21.297926	-65.219238
14556.432252	-138.070354	1.196497	-21.297926	-64.936646
14556.433282	-138.345012	1.196204	-21.285719	-65.061768
14556.434312	-138.204631	1.196240	-21.366285	-65.265015
14556.435343	-138.265666	1.195984	-21.217359	-65.085571
14556.436373	-138.406047	1.195374	-21.280836	-64.921387
14556.437403	-138.314494	1.195337	-21.275953	-64.813965
14556.438433	-138.332805	1.194983	-21.344313	-65.185059
14556.439463	-138.540324	1.194849	-21.288160	-64.937256
14556.440493	-138.570842	1.194861	-21.290602	-65.244263
14556.441524	-138.387736	1.194189	-21.278395	-65.078857
14556.442554	-138.479289	1.194080	-21.312574	-65.109375
14556.443584	-138.369426	1.193799	-21.293043	-65.089844
14556.444614	-138.314494	1.193774	-21.256422	-65.072144
14556.445644	-138.381633	1.193591	-21.327223	-65.079468
14556.446674	-138.534221	1.193237	-21.339430	-65.307129
14556.447705	-138.558635	1.193176	-21.258863	-65.105103
14556.448735	-138.418254	1.192932	-21.383375	-65.025757
14556.449765	-138.576945	1.192322	-21.336988	-65.224121
14556.450795	-138.363322	1.192285	-21.383375	-65.125854
14556.451825	-138.387736	1.192053	-21.383375	-64.810303
14556.452855	-138.570842	1.191785	-21.432203	-65.151489
14556.453886	-138.430461	1.191101	-21.378492	-64.879883
14556.454916	-138.430461	1.191187	-21.351637	-64.956787
14556.455946	-138.540324	1.190662	-21.544508	-65.045898
14556.456976	-138.473186	1.190771	-21.476148	-65.086792
14556.458006	-138.656291	1.190027	-21.561598	-65.106323
14556.459036	-138.534221	1.189746	-21.539625	-65.135620
14556.460067	-138.625773	1.189832	-21.642164	-64.909790
14556.461097	-138.607463	1.189148	-21.715406	-65.060547
14556.462127	-138.491496	1.188733	-21.715406	-65.096558
14556.463157	-138.583049	1.188940	-21.769117	-65.225342
14556.464187	-138.583049	1.188586	-21.827711	-64.904907
14556.465217	-138.552531	1.188159	-21.839918	-64.742554
14556.466248	-138.552531	1.187634	-21.861891	-65.124634
14556.467278	-138.467082	1.187317	-21.974195	-65.203369
14556.468308	-138.387736	1.186816	-22.018141	-65.127075
14556.469338	-138.717326	1.186768	-22.181715	-65.127075
14556.470368	-138.656291	1.186194	-22.215895	-65.272949
14556.471398	-138.607463	1.186121	-22.225660	-65.081909
14556.472429	-138.692912	1.185901	-22.345289	-64.824341
14556.473459	-138.692912	1.185364	-22.423414	-65.077026
14556.474489	-138.656291	1.185352	-22.469801	-64.939697
14556.475519	-138.607463	1.184924	-22.577223	-65.076416
14556.476549	-138.552531	1.184546	-22.648023	-64.901855
14556.477580	-138.613566	1.184058	-22.662672	-65.169189
14556.478610	-138.570842	1.183557	-22.772535	-65.191162
14556.479640	-138.467082	1.183521	-22.848219	-65.051392
14556.480670	-138.882121	1.183264	-22.977613	-64.889648
14556.481700	-138.558635	1.182605	-22.931227	-65.310181
14556.482730	-138.747844	1.182544	-23.002027	-65.206421
14556.483761	-138.625773	1.181873	-23.002027	-65.143555
14556.484791	-138.467082	1.181738	-23.089918	-65.126465
14556.485821	-138.625773	1.181555	-23.138746	-65.153931
14556.486851	-138.778361	1.180872	-23.126539	-65.107544
14556.487881	-138.534221	1.180408	-23.124098	-65.192383
14556.488911	-138.576945	1.180127	-23.092359	-64.893311
14556.489942	-138.467082	1.179932	-23.143629	-65.140503
14556.490972	-138.644084	1.179443	-23.121656	-64.888428
14556.492002	-138.607463	1.179187	-23.128980	-65.087402
14556.493032	-138.674602	1.178845	-23.194898	-64.850586
14556.494062	-138.570842	1.178235	-23.175367	-65.142334
14556.495092	-138.497600	1.177832	-23.048414	-65.189331
14556.496123	-138.674602	1.177795	-23.045973	-65.003174
14556.497153	-138.784465	1.177234	-23.019117	-65.208252
14556.498183	-138.686809	1.176904	-22.980055	-65.007446
14556.499213	-138.491496	1.176514	-22.916578	-64.934204
14556.500243	-138.558635	1.176355	-22.870191	-64.993408
14556.501273	-138.589152	1.175879	-22.814039	-65.103882
14556.502304	-138.619670	1.175623	-22.735914	-64.951294
14556.503334	-138.570842	1.175439	-22.753004	-65.192383
14556.504364	-138.485393	1.174817	-22.684645	-65.103271
14556.505394	-138.784465	1.174365	-22.618727	-65.340088
14556.506424	-138.729533	1.174048	-22.630934	-65.256470
14556.507454	-138.589152	1.173730	-22.577223	-65.104492
14556.508485	-138.522014	1.173071	-22.604078	-65.175903
14556.509515	-138.564738	1.173071	-22.574781	-65.151489
14556.510545	-138.369426	1.172192	-22.442945	-65.012939
14556.511575	-138.552531	1.172327	-22.506422	-65.321777
14556.512605	-138.515910	1.171729	-22.420973	-65.094727
14556.513635	-138.589152	1.171167	-22.469801	-65.102661
14556.514666	-138.314494	1.170776	-22.367262	-65.067261
14556.515696	-138.277873	1.170349	-22.333082	-65.152100
14556.516726	-138.418254	1.169800	-22.418531	-65.097168
14556.517756	-138.442668	1.169653	-22.367262	-65.257690
14556.518786	-138.528117	1.169470	-22.428297	-65.075806
14556.519816	-138.656291	1.168958	-22.308668	-64.994629
14556.520847	-138.583049	1.168481	-22.311109	-65.100220
14556.521877	-138.772258	1.167676	-22.318434	-65.104492
14556.522907	-138.656291	1.167297	-22.347730	-65.028809
14556.523937	-138.656291	1.166809	-22.347730	-64.929321
14556.524967	-138.674602	1.166797	-22.250074	-65.107544
14556.525997	-138.674602	1.166333	-22.301344	-64.964722
14556.527028	-138.778361	1.165515	-22.276930	-65.094116
14556.528058	-138.564738	1.165344	-22.294020	-64.990967
14556.529088	-138.662395	1.165076	-22.274488	-65.188721
14556.530118	-138.552531	1.164709	-22.176832	-65.161865
14556.531148	-138.723430	1.164331	-22.294020	-65.471313
14556.532179	-138.576945	1.164099	-22.250074	-65.240601
14556.533209	-138.528117	1.163379	-22.145094	-64.947632
14556.534239	-138.772258	1.162878	-22.342848	-65.446289
14556.535269	-138.570842	1.162097	-22.259840	-65.244263
14556.536299	-138.375529	1.161877	-22.196363	-65.112427
14556.537329	-138.637980	1.161365	-22.262281	-65.199707
14556.538360	-138.644084	1.160840	-22.257398	-65.092896
14556.539390	-138.546428	1.160535	-22.284254	-65.234497
14556.540420	-138.589152	1.159900	-22.286695	-65.168579
14556.541450	-138.522014	1.159631	-22.284254	-65.277832
14556.542480	-138.735637	1.159058	-22.328199	-65.096558
14556.543510	-138.595256	1.158398	-22.333082	-65.206421
14556.544541	-138.381633	1.158252	-22.274488	-65.075195
14556.545571	-138.760051	1.157361	-22.333082	-65.227173
14556.546601	-138.607463	1.157300	-22.347730	-65.166138
14556.547631	-138.589152	1.156714	-22.337965	-65.017822
14556.548661	-138.613566	1.156140	-22.369703	-65.177734
14556.549691	-138.509807	1.155676	-22.394117	-65.215576
14556.550722	-138.796672	1.155212	-22.440504	-65.147827
14556.551752	-138.509807	1.154553	-22.359938	-65.017212
14556.552782	-138.607463	1.154224	-22.462477	-65.196655
14556.553812	-138.631877	1.154016	-22.511305	-65.166138
14556.554842	-138.570842	1.153467	-22.438063	-65.124023
14556.555872	-138.497600	1.153186	-22.420973	-65.278442
14556.556903	-138.448771	1.152502	-22.452711	-65.170410
14556.557933	-138.650187	1.152039	-22.525953	-65.134399
14556.558963	-138.680705	1.151453	-22.523512	-65.296753
14556.559993	-138.290080	1.151343	-22.586988	-65.223511
14556.561023	-138.705119	1.150659	-22.508863	-65.252808
14556.562053	-138.723430	1.150000	-22.430738	-65.344360
14556.563084	-138.479289	1.149548	-22.565016	-65.233276
14556.564114	-138.460979	1.149512	-22.591871	-65.005615
14556.565144	-138.522014	1.148596	-22.599195	-65.329102
14556.566174	-138.637980	1.148267	-22.523512	-65.453613
14556.567204	-138.564738	1.147339	-22.652906	-65.416992
14556.568234	-138.631877	1.147375	-22.652906	-65.386475
14556.569265	-138.485393	1.147009	-22.635816	-65.229004
14556.570295	-138.796672	1.146521	-22.616285	-65.229004
14556.571325	-138.650187	1.145654	-22.679762	-65.088013
14556.572355	-138.473186	1.145703	-22.706617	-65.200928
14556.573385	-138.558635	1.144727	-22.765211	-65.331543
14556.574415	-138.613566	1.144727	-22.787184	-65.056885
14556.575446	-138.503703	1.143884	-22.745680	-65.211914
14556.576476	-138.705119	1.143335	-22.816480	-65.147217
14556.577506	-138.900432	1.142957	-22.843336	-65.287598
14556.578536	-138.882121	1.142358	-22.838453	-65.268677
14556.579566	-138.766154	1.142297	-22.848219	-65.356567
14556.580596	-138.686809	1.141968	-22.774977	-65.134399
14556.581627	-138.625773	1.141223	-22.914137	-65.346191
14556.582657	-138.741740	1.140967	-22.953199	-65.078857
14556.583687	-138.790568	1.140515	-22.899488	-65.260132
14556.584717	-138.735637	1.140051	-22.867750	-65.293701
14556.585747	-138.650187	1.139502	-22.909254	-65.161865
14556.586778	-138.741740	1.139209	-22.894605	-65.260742
14556.587808	-138.589152	1.138623	-22.943434	-65.197876
14556.588838	-138.741740	1.138306	-23.067945	-65.236328
14556.589868	-138.699016	1.138049	-23.080152	-65.296753
14556.590898	-138.662395	1.137402	-23.019117	-65.221680
14556.591928	-138.741740	1.137073	-23.031324	-65.294922
14556.592959	-138.692912	1.136560	-23.111891	-65.318115
14556.593989	-138.644084	1.135986	-23.087477	-65.431030
14556.595019	-138.546428	1.135474	-23.168043	-65.286987
14556.596049	-138.711223	1.134802	-23.177809	-65.265015
14556.597079	-138.821086	1.134448	-23.258375	-65.007446
14556.598109	-138.668498	1.133789	-23.233961	-65.269897
14556.599140	-138.515910	1.133606	-23.285230	-65.252197
14556.600170	-138.741740	1.133179	-23.229078	-65.199707
14556.601200	-138.637980	1.132312	-23.277906	-65.235718
14556.602230	-138.741740	1.132031	-23.319410	-65.196045
14556.603260	-138.619670	1.131946	-23.314527	-65.343140
14556.604290	-138.625773	1.131287	-23.382887	-65.284546
14556.605321	-138.802775	1.130786	-23.358473	-65.284546
14556.606351	-138.839396	1.130017	-23.395094	-65.384644
14556.607381	-138.796672	1.129578	-23.519605	-65.332764
14556.608411	-138.680705	1.129285	-23.470777	-65.416992
14556.609441	-138.595256	1.129089	-23.456129	-65.244873
14556.610471	-138.741740	1.128223	-23.497633	-65.475586
14556.611502	-138.808879	1.127966	-23.504957	-65.260132
14556.612532	-138.656291	1.127368	-23.561109	-65.487793
14556.613562	-138.772258	1.127112	-23.668531	-65.459106
14556.614592	-138.906535	1.126331	-23.595289	-65.294312
14556.615622	-138.705119	1.125977	-23.717359	-65.329102
14556.616652	-138.662395	1.125623	-23.705152	-65.350464
14556.617683	-138.656291	1.125513	-23.619703	-65.363892
14556.618713	-138.534221	1.124390	-23.795484	-65.455444
14556.619743	-138.583049	1.124414	-23.810133	-65.380981
14556.620773	-138.772258	1.123743	-23.758863	-65.512817
14556.621803	-138.821086	1.123267	-23.785719	-65.088013
14556.622833	-138.406047	1.122473	-23.895582	-65.136841
14556.623864	-138.564738	1.122046	-23.900465	-65.288818
14556.624894	-138.784465	1.121838	-23.922438	-65.462769
14556.625924	-138.442668	1.121191	-23.983473	-65.322388
14556.626954	-138.460979	1.120642	-24.061598	-65.287598
14556.627984	-138.729533	1.120154	-24.081129	-65.330933
14556.629014	-138.540324	1.119678	-24.098219	-65.197876
14556.630045	-138.253459	1.119250	-24.086012	-65.554932
14556.631075	-138.283977	1.118726	-24.046949	-65.338867
14556.632105	-138.387736	1.118579	-24.066480	-65.080688
14556.633135	-138.265666	1.117859	-24.166578	-65.203369
14556.634165	-138.271770	1.117578	-24.159254	-65.322388
14556.635195	-138.143596	1.116858	-24.220289	-65.443237
14556.636226	-138.326701	1.116309	-24.254469	-65.350464
14556.637256	-138.149699	1.116052	-24.269117	-65.321167
14556.638286	-138.283977	1.115698	-24.288648	-65.328491
14556.639316	-138.174113	1.115259	-24.347242	-65.140503
14556.640346	-138.180217	1.114502	-24.264234	-65.238159
14556.641377	-138.009318	1.114185	-24.374098	-65.175903
14556.642407	-138.070354	1.113623	-24.393629	-65.341309
14556.643437	-138.100871	1.113501	-24.442457	-65.238159
14556.644467	-138.100871	1.112610	-24.449781	-65.432251
14556.645497	-137.978801	1.112219	-24.440016	-65.205200
14556.646527	-137.954387	1.111853	-24.381422	-65.200317
14556.647558	-137.881145	1.111035	-24.466871	-65.359619
14556.648588	-137.740764	1.110889	-24.598707	-65.299194
14556.649618	-137.722453	1.110303	-24.508375	-65.194214
14556.650648	-137.582072	1.109705	-24.569410	-65.308960
14556.651678	-137.740764	1.109167	-24.632887	-65.275391
14556.652708	-137.441691	1.108887	-24.591383	-65.456055
14556.653739	-137.173137	1.108179	-24.686598	-65.554932
14556.654769	-137.063273	1.107898	-24.549879	-65.316895
14556.655799	-136.935100	1.107214	-24.649977	-65.403564
14556.656829	-136.910686	1.106775	-24.566969	-65.486572
14556.657859	-136.819133	1.106299	-24.618238	-65.398071
14556.658889	-136.422404	1.106006	-24.635328	-65.170410
14556.659920	-136.178264	1.105872	-24.754957	-65.238159
14556.660950	-136.159953	1.105273	-24.745191	-65.401123
14556.661980	-135.763225	1.104895	-24.703688	-65.299194
14556.663010	-135.421428	1.104358	-24.886793	-65.523193
14556.664040	-135.213908	1.103735	-24.750074	-65.334595
14556.665070	-134.792766	1.103076	-24.835523	-65.231445
14556.666101	-134.151896	1.102319	-24.859938	-65.172852
14556.667131	-133.669719	1.102258	-24.940504	-65.486572
14556.668161	-133.028850	1.101453	-24.869703	-65.265625
14556.669191	-132.357463	1.101135	-24.942945	-65.314453
14556.670221	-131.435832	1.100549	-24.862379	-65.381592
14556.671251	-130.587443	1.100378	-24.899000	-65.390747
14556.672282	-129.653605	1.099585	-24.925855	-65.406616
14556.673312	-128.481730	1.099390	-25.030836	-65.187500
14556.674342	-127.254924	1.098584	-24.881910	-65.579956
14556.675372	-126.095256	1.098242	-24.982008	-65.157593
14556.676402	-124.783000	1.097852	-24.984449	-65.272949
14556.677432	-123.617229	1.097571	-25.006422	-65.335815
14556.678463	-122.646770	1.096887	-25.089430	-65.463989
14556.679493	-122.042521	1.096313	-25.067457	-65.331543
14556.680523	-122.146281	1.095898	-25.111402	-65.413330
14556.681553	-121.975383	1.095007	-25.135816	-65.263794
14556.682583	-122.408732	1.094702	-25.145582	-65.382812
14556.683613	-122.933635	1.094116	-25.160230	-65.308960
14556.684644	-123.946818	1.093652	-25.272535	-65.288208
14556.685674	-125.246867	1.093237	-25.211500	-65.439575
14556.686704	-126.022014	1.092737	-25.235914	-65.463379
14556.687734	-127.303752	1.092346	-25.270094	-65.576294
14556.688764	-128.750285	1.091309	-25.292066	-65.429199
14556.689794	-129.879436	1.091296	-25.255445	-65.559814
14556.690825	-130.758342	1.090686	-25.314039	-65.510986
14556.691855	-131.655559	1.090527	-25.292066	-65.538452
14556.692885	-132.644328	1.089172	-25.370191	-65.451782
14556.693915	-133.260783	1.088831	-25.350660	-65.289429
14556.694945	-133.974895	1.088403	-25.392164	-65.497559
14556.695976	-134.341105	1.088135	-25.362867	-65.257690
14556.697006	-135.018596	1.087573	-25.509352	-65.332764
14556.698036	-135.390910	1.086926	-25.531324	-65.493286
14556.699066	-135.671672	1.086353	-25.404371	-65.505493
14556.700096	-136.263713	1.085547	-25.433668	-65.327881
14556.701126	-136.477336	1.085181	-25.460523	-65.236938
14556.702157	-136.477336	1.084485	-25.607008	-65.797241
14556.703187	-136.764201	1.084021	-25.589918	-65.352905
14556.704217	-136.953410	1.083301	-25.572828	-65.392578
14556.705247	-137.185344	1.083203	-25.643629	-65.403564
14556.706277	-137.148723	1.082629	-25.565504	-65.667236
14556.707307	-137.258586	1.081921	-25.650953	-65.485962
14556.708338	-137.331828	1.081409	-25.572828	-65.514648
14556.709368	-137.661418	1.080664	-25.621656	-65.547607
14556.710398	-137.893352	1.079980	-25.729078	-65.243652
14556.711428	-137.783488	1.079565	-25.694898	-65.592163
14556.712458	-137.740764	1.078931	-25.663160	-65.373657
14556.713488	-137.997111	1.078577	-25.755934	-65.396851
14556.714519	-137.832316	1.077783	-25.738844	-65.451782
14556.715549	-138.070354	1.077100	-25.755934	-65.316895
14556.716579	-138.192424	1.076514	-25.807203	-65.476196
14556.717609	-138.088664	1.076172	-25.743727	-65.430420
14556.718639	-138.064250	1.075684	-25.858473	-65.562866
14556.719669	-138.113078	1.074927	-25.824293	-65.238770
14556.720700	-138.204631	1.074609	-25.780348	-65.384033
14556.721730	-138.393840	1.074304	-25.851148	-65.780151
14556.722760	-138.357219	1.073657	-25.895094	-65.407227
14556.723790	-138.229045	1.072864	-25.931715	-65.479858
14556.724820	-138.259562	1.072449	-25.873121	-65.383423
14556.725850	-138.393840	1.071826	-25.961012	-65.318115
14556.726881	-138.442668	1.071570	-25.968336	-65.635498
14556.727911	-138.607463	1.070825	-25.946363	-65.559204
14556.728941	-138.564738	1.070679	-25.958570	-65.592163
14556.729971	-138.680705	1.070349	-26.044020	-65.577515
14556.731001	-138.705119	1.069653	-26.090406	-65.330322
14556.732031	-138.637980	1.068958	-26.031813	-65.592773
14556.733062	-138.741740	1.068555	-26.073316	-65.545166
14556.734092	-138.833293	1.068311	-26.117262	-65.421265
14556.735122	-138.723430	1.067834	-26.149000	-65.351685
14556.736152	-138.552531	1.067285	-26.105055	-65.415161
14556.737182	-138.644084	1.066760	-26.180738	-65.518311
14556.738212	-138.631877	1.066394	-26.102613	-65.154541
14556.739243	-138.766154	1.066064	-26.302809	-65.421875
14556.740273	-138.912639	1.065686	-26.217359	-65.352295
14556.741303	-138.699016	1.066003	-26.266188	-65.705078
14556.742333	-138.766154	1.065552	-26.239332	-65.476807
14556.743363	-138.699016	1.065393	-26.293043	-65.465820
14556.744394	-138.607463	1.065381	-26.358961	-65.392578
14556.745424	-138.705119	1.065186	-26.412672	-65.412720
14556.746454	-138.576945	1.065015	-26.456617	-65.554932
14556.747484	-138.430461	1.064893	-26.471266	-65.532349
14556.748514	-138.399943	1.064600	-26.529859	-65.545776
14556.749544	-138.589152	1.064636	-26.507887	-65.276611
14556.750575	-138.424357	1.064709	-26.461500	-65.567139
14556.751605	-138.241252	1.064270	-26.669020	-65.383423
14556.752635	-138.473186	1.064587	-26.586012	-65.385864
