14554.262577	-138.143596	15.178467	-68.399977	-62.852905
14554.263946	-137.948283	15.227295	-68.368238	-62.900513
14554.265316	-137.948283	15.349365	-68.382887	-62.905396
14554.266685	-138.027629	15.520264	-68.353590	-63.016479
14554.268054	-138.021525	15.630127	-68.375563	-62.940186
14554.269423	-137.942180	15.746094	-68.390211	-63.054932
14554.270793	-138.021525	15.916992	-68.414625	-62.956665
14554.272162	-137.838420	16.246582	-68.338941	-62.902954
14554.273531	-138.021525	16.362549	-68.402418	-62.915161
14554.274900	-138.003215	16.618896	-68.380445	-63.104370
14554.276269	-137.997111	16.710449	-68.356031	-63.045166
14554.277639	-138.003215	16.753174	-68.407301	-63.122070
14554.279008	-138.100871	16.954590	-68.446363	-63.024414
14554.280377	-137.997111	16.991211	-68.356031	-62.989014
14554.281746	-137.887248	17.064453	-68.375563	-63.249634
14554.283115	-137.948283	17.241455	-68.390211	-63.037842
14554.284485	-137.984904	17.265869	-68.380445	-63.090332
14554.285854	-137.936076	17.265869	-68.426832	-62.923096
14554.287223	-138.045939	17.320801	-68.348707	-63.095825
14554.288592	-138.064250	17.253662	-68.419508	-63.030518
14554.289961	-137.960490	17.168213	-68.365797	-62.897461
14554.291331	-138.149699	17.082764	-68.456129	-63.003662
14554.292700	-138.119182	16.997314	-68.456129	-63.033569
14554.294069	-138.003215	16.917969	-68.441480	-62.921875
14554.295438	-137.942180	16.704346	-68.399977	-62.877930
14554.296808	-138.027629	16.704346	-68.429273	-62.958496
14554.298177	-138.015422	16.539551	-68.351148	-63.021973
14554.299546	-137.820109	16.606689	-68.524488	-62.965820
14554.300915	-137.942180	16.515137	-68.402418	-62.931030
14554.302284	-137.997111	16.667725	-68.419508	-62.971313
14554.303654	-137.875041	16.698242	-68.458570	-62.990845
14554.305023	-138.119182	16.863037	-68.448805	-62.970703
14554.306392	-138.052043	17.180420	-68.412184	-63.049438
14554.307761	-137.936076	17.333008	-68.390211	-62.987793
14554.309130	-137.960490	17.644287	-68.431715	-63.147705
14554.310500	-137.936076	17.735840	-68.365797	-62.968872
14554.311869	-138.094768	17.876221	-68.453688	-62.901123
14554.313238	-138.033732	18.211914	-68.456129	-62.737549
14554.314607	-138.033732	18.236328	-68.434156	-62.989014
14554.315976	-138.180217	18.358398	-68.436598	-63.082397
14554.317346	-138.131389	18.425537	-68.380445	-62.871826
14554.318715	-138.174113	18.321777	-68.419508	-63.064697
14554.320084	-138.137492	18.315674	-68.417066	-63.064697
14554.321453	-137.905559	18.260742	-68.407301	-63.161133
14554.322823	-138.155803	18.126465	-68.404859	-63.077515
14554.324192	-138.033732	17.961670	-68.395094	-62.856567
14554.325561	-138.076457	17.821289	-68.446363	-63.242310
14554.326930	-137.978801	17.564941	-68.402418	-63.023804
14554.328299	-137.923869	17.412354	-68.441480	-63.015259
14554.329669	-138.039836	17.436768	-68.439039	-62.967651
14554.331038	-137.984904	17.271973	-68.458570	-62.962769
14554.332407	-138.070354	17.174316	-68.429273	-62.932861
14554.333776	-138.027629	16.924072	-68.443922	-63.028687
14554.335145	-137.972697	16.960693	-68.446363	-63.088501
14554.336515	-138.039836	16.881348	-68.448805	-63.104370
14554.337884	-138.021525	17.009521	-68.419508	-62.959106
14554.339253	-138.168010	16.783691	-68.407301	-63.166626
14554.340622	-138.009318	16.881348	-68.448805	-63.050659
14554.341991	-138.082561	16.887451	-68.407301	-63.297852
14554.343361	-138.222941	17.058350	-68.448805	-62.987793
14554.344730	-138.088664	17.119385	-68.473219	-63.036621
14554.346099	-138.100871	17.198730	-68.461012	-63.104980
14554.347468	-137.984904	17.339111	-68.446363	-62.999390
14554.348838	-137.984904	17.546631	-68.448805	-63.099487
14554.350207	-138.070354	17.809082	-68.490309	-63.123901
14554.351576	-138.082561	17.906738	-68.448805	-63.017700
14554.352945	-138.131389	18.016602	-68.373121	-63.236816
14554.354314	-137.984904	18.095947	-68.439039	-63.105591
14554.355684	-137.991008	18.010498	-68.453688	-63.203247
14554.357053	-138.015422	17.925049	-68.465895	-63.179443
14554.358422	-137.984904	17.839600	-68.463453	-63.238037
14554.359791	-137.972697	17.705322	-68.504957	-63.145874
14554.361160	-137.984904	17.491699	-68.431715	-62.981079
14554.362530	-138.027629	17.290283	-68.436598	-63.067139
14554.363899	-138.045939	17.064453	-68.390211	-63.185547
14554.365268	-137.942180	16.893555	-68.451246	-63.147095
14554.366637	-137.991008	16.789795	-68.453688	-63.142822
14554.368006	-137.875041	16.618896	-68.407301	-63.180054
14554.369376	-138.015422	16.380859	-68.419508	-63.079956
14554.370745	-137.881145	16.252686	-68.475660	-63.131226
14554.372114	-137.875041	16.222168	-68.443922	-63.263672
14554.373483	-138.039836	16.173340	-68.419508	-63.115967
14554.374853	-137.905559	16.039062	-68.402418	-63.125122
14554.376222	-137.875041	16.179443	-68.492750	-63.116577
14554.377591	-137.807902	16.167236	-68.448805	-63.115356
14554.378960	-137.771281	16.258789	-68.392652	-62.973145
14554.380329	-137.807902	16.234375	-68.446363	-63.225830
14554.381699	-137.936076	16.338135	-68.390211	-63.293579
14554.383068	-137.820109	16.344238	-68.461012	-63.111694
14554.384437	-137.722453	16.423584	-68.451246	-63.134888
14554.385806	-137.832316	16.563965	-68.451246	-63.121460
14554.387175	-137.716350	16.588379	-68.548902	-63.097046
14554.388545	-137.624797	16.673828	-68.429273	-63.252686
14554.389914	-137.667521	16.673828	-68.478102	-63.310059
14554.391283	-137.527141	16.795898	-68.485426	-63.190430
14554.392652	-137.423381	16.844727	-68.468336	-63.266113
14554.394021	-137.392863	16.753174	-68.461012	-63.361328
14554.395391	-137.295207	16.844727	-68.448805	-63.182495
14554.396760	-137.301311	16.759277	-68.434156	-63.353394
14554.398129	-137.234172	16.631104	-68.514723	-63.102539
14554.399498	-137.160930	16.515137	-68.492750	-63.426636
14554.400868	-137.160930	16.332031	-68.417066	-63.231934
14554.402237	-136.959514	16.020752	-68.519605	-63.471191
14554.403606	-136.758098	15.788818	-68.458570	-63.342407
14554.404975	-136.672648	15.678955	-68.463453	-63.409546
14554.406344	-136.446818	15.422607	-68.446363	-63.477905
14554.407714	-136.147746	15.294434	-68.451246	-63.472412
14554.409083	-136.172160	15.404297	-68.487867	-63.612183
14554.410452	-135.824260	15.282227	-68.529371	-63.523071
14554.411821	-135.494670	15.282227	-68.456129	-63.743408
14554.413190	-135.189494	15.257812	-68.529371	-63.623779
14554.414560	-134.878215	15.343262	-68.463453	-63.551758
14554.415929	-134.499797	15.440918	-68.495191	-63.740356
14554.417298	-134.017619	15.556885	-68.490309	-63.648804
14554.418667	-133.633098	15.556885	-68.517164	-63.610962
14554.420036	-133.102092	15.672852	-68.458570	-63.899658
14554.421406	-132.278117	15.758301	-68.522047	-63.873413
14554.422775	-131.600627	15.923096	-68.458570	-63.915527
14554.424144	-130.959758	16.081787	-68.424391	-63.913086
14554.425513	-130.306682	15.965820	-68.487867	-64.185303
14554.426883	-130.019816	15.831543	-68.514723	-64.126099
14554.428252	-129.940471	15.953613	-68.548902	-64.185303
14554.428252	-129.891643	15.752197	-68.439039	-64.007690
14554.429624	-130.318889	15.489746	-68.461012	-64.270142
14554.430996	-130.923137	15.538574	-68.487867	-64.140137
14554.432368	-131.576213	15.337158	-68.487867	-64.408691
14554.433740	-132.217082	15.428711	-68.509840	-64.172485
14554.435112	-132.864055	15.031982	-68.526930	-64.425781
14554.436484	-133.468303	14.934326	-68.480543	-64.251831
14554.437856	-133.974895	14.830566	-68.539137	-64.289062
14554.439228	-134.475383	14.537598	-68.563551	-64.528931
14554.440600	-134.969768	14.336182	-68.522047	-64.519775
14554.441972	-135.146770	14.128662	-68.502516	-64.527100
14554.443344	-135.610637	13.927246	-68.529371	-64.492920
14554.444717	-135.848674	13.933350	-68.522047	-64.494751
14554.446089	-136.086711	13.890625	-68.605055	-64.557007
14554.447461	-136.367473	13.744141	-68.514723	-64.496582
14554.448833	-136.428508	13.799072	-68.487867	-64.494751
14554.450205	-136.758098	13.866211	-68.517164	-64.484375
14554.451577	-136.721477	13.902832	-68.514723	-64.600342
14554.452949	-136.874064	13.902832	-68.553785	-64.434937
14554.454321	-136.770305	14.153076	-68.583082	-64.621704
14554.455693	-137.142619	14.171387	-68.629469	-64.359253
14554.457065	-137.252482	14.214111	-68.602613	-64.384277
14554.458437	-137.240275	14.232422	-68.544020	-64.527100
14554.459809	-137.301311	14.415527	-68.556227	-64.417847
14554.461181	-137.429484	14.513184	-68.587965	-64.233521
14554.462553	-137.362346	14.482666	-68.592848	-64.303711
14554.463926	-137.466105	14.446045	-68.524488	-64.299438
14554.465298	-137.551555	14.391113	-68.636793	-64.217041
14554.466670	-137.594279	14.244629	-68.524488	-64.080933
14554.468042	-137.740764	14.342285	-68.600172	-64.027832
14554.469414	-137.588176	14.073730	-68.609938	-64.112061
14554.470786	-137.734660	13.933350	-68.587965	-64.032104
14554.472158	-137.575969	13.683105	-68.583082	-63.963135
14554.473530	-137.594279	13.670898	-68.570875	-64.145020
14554.474902	-137.643107	13.451172	-68.597730	-63.894775
14554.476274	-137.557658	13.298584	-68.580641	-63.797729
14554.477646	-137.752971	13.292480	-68.575758	-63.840454
14554.479018	-137.612590	13.164307	-68.609938	-63.797729
14554.480390	-137.630900	13.072754	-68.546461	-63.738525
14554.481762	-137.752971	13.109375	-68.585523	-63.593262
14554.483134	-137.673625	13.011719	-68.600172	-63.698242
14554.484507	-137.722453	13.011719	-68.631910	-63.792847
14554.485879	-137.594279	13.121582	-68.631910	-63.730591
14554.487251	-137.893352	13.072754	-68.558668	-63.681152
14554.488623	-137.911662	13.261963	-68.575758	-63.529175
14554.489995	-137.856730	13.298584	-68.544020	-63.556030
14554.491367	-137.978801	13.524414	-68.631910	-63.775757
14554.492739	-137.966594	13.542725	-68.624586	-63.614624
14554.494111	-137.978801	13.677002	-68.575758	-63.601807
14554.495483	-137.868937	13.762451	-68.573316	-63.458374
14554.496855	-137.820109	13.994385	-68.685621	-63.647583
14554.498227	-137.765178	13.976074	-68.617262	-63.436401
14554.499599	-137.814006	14.006592	-68.658766	-63.422974
14554.500971	-137.789592	14.061523	-68.688063	-63.408936
14554.502343	-137.838420	14.256836	-68.639234	-63.471191
14554.503716	-137.911662	14.134766	-68.656324	-63.437012
14554.505088	-137.966594	14.000488	-68.702711	-63.325928
14554.506460	-137.905559	13.933350	-68.644117	-63.387573
14554.507832	-137.740764	13.890625	-68.656324	-63.537720
14554.509204	-137.893352	13.811279	-68.641676	-63.447388
14554.510576	-138.052043	13.805176	-68.741773	-63.553589
14554.511948	-137.923869	13.609863	-68.690504	-63.421753
14554.513320	-137.966594	13.695312	-68.732008	-63.493774
14554.514692	-137.838420	13.634277	-68.705152	-63.399780
14554.516064	-137.875041	13.634277	-68.705152	-63.205688
14554.517436	-137.777385	13.554932	-68.695387	-63.252075
14554.518808	-137.899455	13.670898	-68.683180	-63.300903
14554.520180	-137.942180	13.695312	-68.680738	-63.445557
14554.521552	-137.881145	13.719727	-68.690504	-63.441284
14554.522924	-137.948283	13.701416	-68.658766	-63.320435
14554.524297	-137.844523	13.774658	-68.736891	-63.386963
14554.525669	-137.862834	13.884521	-68.673414	-63.388184
14554.527041	-137.807902	13.835693	-68.705152	-63.296631
14554.528413	-137.991008	13.939453	-68.668531	-63.347290
14554.529785	-138.039836	14.256836	-68.690504	-63.250244
14554.531157	-137.899455	14.330078	-68.666090	-63.456543
14554.532529	-137.917766	14.476562	-68.683180	-63.288086
14554.533901	-137.862834	14.488770	-68.702711	-63.242920
14554.535273	-137.789592	14.494873	-68.697828	-63.208740
14554.536645	-137.899455	14.635254	-68.673414	-63.204468
14554.538017	-137.887248	14.720703	-68.629469	-63.173950
14554.539389	-137.893352	14.604736	-68.629469	-63.337524
14554.540761	-137.942180	14.513184	-68.634352	-63.285034
14554.542133	-137.752971	14.616943	-68.619703	-63.324097
14554.543506	-137.838420	14.348389	-68.641676	-63.296631
14554.544878	-137.899455	14.159180	-68.661207	-63.266724
14554.546250	-137.868937	14.232422	-68.653883	-63.104370
14554.547622	-137.832316	13.988281	-68.597730	-63.139160
14554.548994	-137.795695	13.866211	-68.690504	-63.264893
14554.550366	-137.759074	13.811279	-68.690504	-63.257568
14554.551738	-137.856730	13.646484	-68.646559	-63.158691
14554.553110	-137.899455	13.640381	-68.678297	-63.108032
14554.554482	-137.832316	13.573242	-68.675855	-63.266724
14554.555854	-137.862834	13.561035	-68.661207	-63.300903
14554.557226	-137.832316	13.579346	-68.690504	-63.187378
14554.558598	-137.868937	13.524414	-68.751539	-63.208130
14554.559970	-137.893352	13.677002	-68.646559	-63.147095
14554.561342	-137.929973	13.713623	-68.666090	-63.403442
14554.562715	-137.832316	13.933350	-68.695387	-63.177002
14554.564087	-137.771281	13.945557	-68.680738	-63.172119
14554.565459	-137.777385	14.098145	-68.675855	-63.342407
14554.566831	-138.082561	14.305664	-68.685621	-63.223389
14554.568203	-137.826213	14.336182	-68.744215	-63.335083
14554.569575	-137.899455	14.439941	-68.700270	-63.122681
14554.570947	-137.862834	14.446045	-68.724684	-63.076294
14554.572319	-137.917766	14.488770	-68.690504	-63.262451
14554.573691	-137.875041	14.415527	-68.695387	-63.340576
14554.575063	-138.033732	14.470459	-68.771070	-63.067139
14554.576435	-137.838420	14.470459	-68.690504	-63.359497
14554.577807	-137.966594	14.342285	-68.734449	-63.119019
14554.579179	-137.954387	14.171387	-68.719801	-63.094604
14554.580551	-137.923869	14.037109	-68.680738	-63.305786
14554.581923	-137.984904	13.896729	-68.724684	-63.119019
14554.583296	-137.807902	13.835693	-68.714918	-63.440063
14554.584668	-138.015422	13.634277	-68.666090	-63.279541
14554.586040	-137.942180	13.554932	-68.680738	-63.186768
14554.587412	-138.070354	13.506104	-68.663648	-63.134277
14554.588784	-137.966594	13.298584	-68.641676	-62.916992
14554.590156	-138.039836	13.341309	-68.607496	-63.297241
14554.591528	-138.113078	13.194824	-68.605055	-63.338135
14554.592900	-137.929973	13.261963	-68.612379	-63.149536
14554.594272	-138.058146	13.274170	-68.636793	-63.161743
14554.595644	-138.088664	13.182617	-68.624586	-63.120850
14554.597016	-138.216838	13.274170	-68.605055	-62.978638
14554.598388	-138.106975	13.329102	-68.609938	-63.260010
14554.599760	-138.076457	13.359619	-68.629469	-63.214233
14554.601132	-138.070354	13.414551	-68.590406	-63.140991
14554.602505	-138.039836	13.493896	-68.539137	-63.365601
14554.603877	-138.125285	13.469482	-68.526930	-63.233154
14554.605249	-138.039836	13.646484	-68.568434	-63.266113
14554.606621	-138.076457	13.731934	-68.519605	-63.220337
14554.607993	-137.991008	13.713623	-68.529371	-63.332642
14554.609365	-137.948283	13.750244	-68.561109	-63.153809
14554.610737	-138.070354	13.792969	-68.580641	-63.288086
14554.612109	-138.021525	13.670898	-68.458570	-62.995117
14554.613481	-137.966594	13.603760	-68.536695	-63.136719
14554.614853	-137.936076	13.573242	-68.504957	-63.146484
14554.616225	-138.058146	13.530518	-68.478102	-63.150757
14554.617597	-138.064250	13.451172	-68.512281	-63.167236
14554.618969	-137.978801	13.292480	-68.475660	-63.294189
14554.620341	-138.174113	13.078857	-68.529371	-63.272217
14554.621713	-138.106975	12.968994	-68.519605	-63.155640
14554.623086	-138.082561	12.932373	-68.482984	-63.153809
14554.624458	-138.149699	12.712646	-68.517164	-63.303345
14554.625830	-138.180217	12.608887	-68.487867	-63.209961
14554.627202	-138.082561	12.572266	-68.475660	-63.125122
14554.628574	-138.168010	12.560059	-68.448805	-63.217896
14554.629946	-138.119182	12.621094	-68.461012	-63.277710
14554.631318	-138.119182	12.541748	-68.495191	-63.361938
14554.632690	-138.015422	12.437988	-68.458570	-63.339966
14554.634062	-138.076457	12.431885	-68.531813	-63.241089
14554.635434	-138.070354	12.505127	-68.514723	-63.268555
14554.636806	-138.082561	12.535645	-68.470777	-63.228882
14554.638178	-138.119182	12.578369	-68.534254	-63.238037
14554.639550	-138.094768	12.541748	-68.490309	-63.085449
14554.640922	-138.021525	12.596680	-68.426832	-63.279541
14554.642295	-137.929973	12.572266	-68.465895	-63.200806
14554.643667	-138.088664	12.511230	-68.497633	-63.377808
14554.645039	-138.033732	12.523437	-68.465895	-63.003662
14554.646411	-138.100871	12.395264	-68.417066	-63.031128
14554.647783	-138.143596	12.212158	-68.529371	-62.993286
14554.649155	-137.991008	12.181641	-68.475660	-63.200195
14554.650527	-138.131389	12.077881	-68.480543	-63.175171
14554.651899	-138.045939	11.894775	-68.478102	-63.125732
14554.653271	-138.253459	11.766602	-68.509840	-63.113525
14554.654643	-138.106975	11.498047	-68.465895	-63.200195
14554.656015	-138.119182	11.382080	-68.470777	-63.093384
14554.657387	-138.253459	11.168457	-68.480543	-63.097046
14554.658759	-138.076457	11.034180	-68.495191	-63.074463
14554.660131	-138.137492	10.875488	-68.480543	-63.447388
14554.661503	-138.210734	10.802246	-68.443922	-63.172119
14554.662876	-138.125285	10.606934	-68.461012	-63.247803
14554.664248	-138.064250	10.429932	-68.439039	-63.145264
14554.665620	-138.027629	10.283447	-68.417066	-63.249023
14554.666992	-138.113078	10.118652	-68.507398	-63.088501
14554.668364	-138.155803	10.124756	-68.395094	-63.082397
14554.669736	-138.229045	10.075928	-68.453688	-63.151367
14554.671108	-138.149699	10.063721	-68.468336	-63.401611
14554.672480	-138.222941	9.959961	-68.424391	-63.050659
14554.673852	-137.929973	9.978271	-68.456129	-63.231323
14554.675224	-138.131389	10.002686	-68.424391	-63.087280
14554.676596	-138.027629	10.033203	-68.468336	-63.024414
14554.677968	-138.100871	9.959961	-68.436598	-63.285034
14554.679340	-138.216838	9.886719	-68.524488	-63.221558
14554.680712	-138.082561	9.905029	-68.470777	-63.183716
14554.682085	-138.088664	9.874512	-68.446363	-63.310059
14554.683457	-138.186320	9.605957	-68.529371	-63.090942
14554.684829	-138.186320	9.624268	-68.507398	-63.283813
14554.686201	-137.887248	9.349609	-68.480543	-63.296631
14554.687573	-137.997111	9.325195	-68.482984	-63.304565
14554.688945	-138.137492	9.197021	-68.495191	-63.265503
14554.690317	-137.984904	8.904053	-68.439039	-63.215454
14554.691689	-137.948283	8.739258	-68.461012	-63.384521
14554.693061	-138.100871	8.531738	-68.509840	-63.238037
14554.694433	-137.978801	8.208252	-68.558668	-63.154419
14554.695805	-138.009318	8.098389	-68.478102	-63.197754
14554.697177	-137.923869	8.006836	-68.485426	-63.113525
14554.698549	-138.265666	7.915283	-68.475660	-63.151367
14554.699921	-138.094768	7.817627	-68.431715	-63.114746
14554.701294	-138.015422	7.518555	-68.487867	-63.203857
14554.702666	-138.161906	7.433105	-68.517164	-63.294189
14554.704038	-138.003215	7.408691	-68.495191	-63.270386
14554.705410	-138.058146	7.372070	-68.500074	-63.354614
14554.706782	-138.003215	7.207275	-68.426832	-63.316772
14554.708154	-138.003215	7.213379	-68.497633	-63.108643
14554.709526	-138.076457	7.170654	-68.458570	-63.291138
14554.710898	-138.052043	7.097412	-68.419508	-63.019531
14554.712270	-137.887248	7.079102	-68.473219	-63.411377
14554.713642	-137.984904	7.018066	-68.380445	-63.218506
14554.715014	-138.003215	7.030273	-68.443922	-63.145264
14554.716386	-138.003215	7.085205	-68.424391	-63.208740
14554.717758	-137.911662	7.103516	-68.470777	-63.180054
14554.719130	-138.009318	6.987549	-68.448805	-63.348511
14554.720502	-137.960490	6.938721	-68.436598	-63.446777
14554.721875	-137.899455	6.914307	-68.446363	-63.374146
14554.723247	-137.887248	6.773926	-68.399977	-63.270996
14554.724619	-137.740764	6.798340	-68.453688	-63.397339
14554.725991	-137.765178	6.651855	-68.485426	-63.316162
14554.727363	-137.746867	6.407715	-68.419508	-63.308838
14554.728735	-137.820109	6.303955	-68.448805	-63.351562
14554.730107	-137.533244	6.120850	-68.436598	-63.416870
14554.731479	-137.618693	5.992676	-68.473219	-63.267334
14554.732851	-137.484416	5.681396	-68.465895	-63.348511
14554.734223	-137.466105	5.571533	-68.465895	-63.173340
14554.735595	-137.313518	5.486084	-68.419508	-63.275879
14554.736967	-137.295207	5.370117	-68.529371	-63.192871
14554.738339	-137.258586	5.302979	-68.424391	-63.278320
14554.739711	-137.063273	5.168701	-68.495191	-63.213013
14554.741084	-137.008342	5.205322	-68.412184	-63.097046
14554.742456	-136.953410	5.064941	-68.465895	-63.260010
14554.743828	-136.904582	5.138184	-68.451246	-63.198364
14554.745200	-136.629924	5.119873	-68.385328	-63.085449
14554.746572	-136.367473	5.052734	-68.399977	-63.419922
14554.747944	-136.312541	5.058838	-68.426832	-63.252075
14554.749316	-136.153850	4.979492	-68.373121	-63.194702
14554.750688	-135.787639	5.010010	-68.485426	-63.302124
14554.752060	-135.372600	4.973389	-68.431715	-63.241699
14554.753432	-135.152873	4.985596	-68.441480	-63.327759
14554.754804	-134.768352	4.771973	-68.429273	-63.313110
14554.756176	-134.286174	4.540039	-68.426832	-63.125732
14554.757548	-133.669719	4.546143	-68.414625	-63.037231
14554.758920	-132.918986	4.570557	-68.419508	-63.123901
14554.760292	-132.210979	4.430176	-68.451246	-63.429687
14554.761665	-131.435832	4.295898	-68.426832	-63.292358
14554.763037	-130.746135	4.247070	-68.414625	-63.352783
14554.764409	-130.312785	4.106689	-68.480543	-63.225220
14554.765781	-130.074748	4.076172	-68.431715	-63.335693
14554.767153	-130.166301	3.868652	-68.456129	-63.213013
14554.767153	-130.471477	3.783203	-68.407301	-63.249023
14554.768607	-130.935344	3.673340	-68.478102	-63.370483
14554.770062	-131.387004	3.563477	-68.458570	-63.267334
14554.771516	-132.003459	3.301025	-68.453688	-63.209961
14554.772971	-132.656535	3.185059	-68.485426	-63.106812
14554.774425	-133.010539	3.111816	-68.487867	-63.357666
14554.775880	-133.657512	3.087402	-68.507398	-63.317383
14554.777334	-134.249553	2.953125	-68.446363	-63.217285
14554.778789	-134.762248	3.032471	-68.485426	-63.057983
14554.780243	-135.097941	3.008057	-68.500074	-63.348511
14554.781698	-135.708293	2.953125	-68.487867	-63.277100
14554.783152	-135.781535	2.983643	-68.463453	-63.319824
14554.784607	-136.184367	3.075195	-68.434156	-63.321655
14554.786061	-136.489543	3.038574	-68.443922	-63.499268
14554.787516	-136.465129	3.081299	-68.485426	-63.284424
14554.788971	-136.574992	3.093506	-68.451246	-63.254517
14554.790425	-136.739787	3.050781	-68.475660	-63.310669
14554.791880	-136.990031	2.971436	-68.465895	-63.133057
14554.793334	-136.861857	2.910400	-68.429273	-63.197754
14554.794789	-137.112102	2.782227	-68.470777	-63.305176
14554.796243	-137.240275	2.763916	-68.424391	-63.235596
14554.797698	-137.221965	2.623535	-68.421949	-63.383301
14554.799152	-137.252482	2.507568	-68.502516	-63.179443
14554.800607	-137.313518	2.519775	-68.463453	-63.062866
14554.802061	-137.325725	2.416016	-68.478102	-63.330200
14554.803516	-137.466105	2.245117	-68.424391	-63.291748
14554.804970	-137.557658	2.275635	-68.536695	-63.300293
14554.806425	-137.392863	2.220703	-68.458570	-63.182495
14554.807879	-137.582072	2.086426	-68.468336	-63.227051
14554.809334	-137.624797	2.000977	-68.492750	-63.545654
14554.810788	-137.667521	1.927734	-68.500074	-63.207520
14554.812243	-137.655314	1.848389	-68.490309	-63.192871
14554.813697	-137.630900	1.769043	-68.478102	-63.285645
14554.815152	-137.704143	1.817871	-68.512281	-63.285645
14554.816606	-137.661418	1.775146	-68.573316	-63.365601
14554.818061	-137.820109	1.720215	-68.487867	-63.292969
14554.819515	-137.826213	1.756836	-68.512281	-63.388184
14554.820970	-137.795695	1.811768	-68.490309	-63.303955
14554.822424	-137.887248	1.793457	-68.465895	-63.134888
14554.823879	-137.765178	1.799561	-68.480543	-63.104980
14554.825333	-137.948283	1.842285	-68.509840	-63.303955
14554.826788	-137.862834	1.866699	-68.536695	-63.164795
14554.828242	-137.844523	1.964355	-68.504957	-63.281372
14554.829697	-137.929973	1.885010	-68.534254	-63.271606
14554.831151	-137.917766	1.909424	-68.490309	-63.292969
14554.832606	-137.887248	2.000977	-68.551344	-63.276489
14554.834060	-137.917766	2.116943	-68.539137	-63.172119
14554.835515	-137.807902	1.994873	-68.529371	-63.360718
14554.836969	-137.887248	1.891113	-68.600172	-63.234375
14554.838424	-138.009318	1.933838	-68.558668	-63.286255
14554.839878	-137.911662	1.927734	-68.563551	-63.278931
14554.841333	-137.893352	1.909424	-68.509840	-63.461426
14554.842787	-137.820109	1.762939	-68.529371	-63.270996
14554.844242	-137.838420	1.610352	-68.548902	-63.187988
14554.845696	-137.997111	1.482178	-68.556227	-63.238647
14554.847151	-137.991008	1.451660	-68.590406	-63.085449
14554.848605	-137.899455	1.476074	-68.563551	-63.360107
14554.850060	-137.917766	1.347900	-68.524488	-63.199585
14554.851514	-137.936076	1.360107	-68.495191	-63.344849
14554.852969	-137.929973	1.360107	-68.568434	-63.311279
14554.854424	-137.954387	1.311279	-68.627027	-63.450439
14554.855878	-137.984904	1.347900	-68.480543	-63.393066
14554.857333	-137.997111	1.286865	-68.558668	-63.330200
14554.858787	-138.027629	1.329590	-68.514723	-63.275269
14554.860242	-138.039836	1.329590	-68.578199	-63.260620
14554.861696	-138.113078	1.274658	-68.565992	-63.330200
14554.863151	-137.923869	1.384521	-68.631910	-63.382690
14554.864605	-138.015422	1.469971	-68.614820	-63.465088
14554.866060	-137.972697	1.177002	-68.646559	-63.335083
14554.867514	-138.082561	1.201416	-68.587965	-63.401001
14554.868969	-138.119182	1.231934	-68.585523	-63.246582
14554.870423	-138.143596	1.256348	-68.585523	-63.393677
14554.871878	-138.186320	1.195312	-68.614820	-63.218506
14554.873332	-138.253459	1.115967	-68.585523	-63.183105
14554.874787	-138.216838	1.146484	-68.661207	-63.255127
14554.876241	-138.125285	1.024414	-68.575758	-63.183716
14554.877696	-138.155803	0.945068	-68.605055	-63.377808
14554.879150	-138.259562	0.908447	-68.627027	-63.401611
14554.880605	-138.113078	0.780273	-68.612379	-63.347900
14554.882059	-138.216838	0.621582	-68.551344	-63.321655
14554.883514	-138.088664	0.578857	-68.595289	-63.342407
14554.884968	-138.137492	0.401855	-68.622145	-63.183716
14554.886423	-138.045939	0.334717	-68.631910	-63.319824
14554.887877	-138.229045	0.212646	-68.641676	-63.277100
14554.889332	-138.155803	0.023437	-68.646559	-63.242920
14554.890786	-138.186320	-0.055908	-68.602613	-63.213623
14554.892241	-138.094768	-0.043701	-68.666090	-63.466309
14554.893695	-138.192424	-0.214600	-68.629469	-63.322876
14554.895150	-138.168010	-0.214600	-68.636793	-63.223999
14554.896604	-138.039836	-0.300049	-68.609938	-63.218506
14554.898059	-138.265666	-0.251221	-68.609938	-63.394897
14554.899513	-138.265666	-0.141357	-68.600172	-63.303345
14554.900968	-138.265666	-0.226807	-68.612379	-63.260010
14554.902422	-138.131389	-0.251221	-68.590406	-63.476074
14554.903877	-138.357219	-0.257324	-68.597730	-63.333252
14554.905331	-138.155803	-0.251221	-68.627027	-63.352173
14554.906786	-138.253459	-0.293945	-68.619703	-63.320435
14554.908240	-138.174113	-0.269531	-68.661207	-63.300293
14554.909695	-138.161906	-0.550293	-68.644117	-63.376587
14554.911149	-138.168010	-0.574707	-68.631910	-63.311279
14554.912604	-138.174113	-0.611328	-68.631910	-63.144653
14554.914058	-138.229045	-0.678467	-68.561109	-63.188599
14554.915513	-138.283977	-0.867676	-68.565992	-63.540161
14554.916967	-138.094768	-1.081299	-68.673414	-63.357666
14554.918422	-138.381633	-1.124023	-68.666090	-63.391846
14554.919877	-138.308391	-1.221680	-68.585523	-63.322876
14554.921331	-138.210734	-1.264404	-68.609938	-63.277710
14554.922786	-138.204631	-1.331543	-68.631910	-63.394287
14554.924240	-138.168010	-1.392578	-68.636793	-63.284424
14554.925695	-138.277873	-1.380371	-68.649000	-63.429687
14554.927149	-138.186320	-1.520752	-68.663648	-63.418701
14554.928604	-138.155803	-1.557373	-68.624586	-63.260010
14554.930058	-138.180217	-1.661133	-68.666090	-63.332031
14554.931513	-138.186320	-1.838135	-68.587965	-63.496826
14554.932967	-138.192424	-2.021240	-68.636793	-63.480957
14554.934422	-138.100871	-2.112793	-68.629469	-63.308838
14554.935876	-138.113078	-2.100586	-68.592848	-63.330200
14554.937331	-138.192424	-2.192139	-68.634352	-63.286255
14554.938785	-138.180217	-2.234863	-68.680738	-63.225830
14554.940240	-138.155803	-2.198242	-68.607496	-63.206909
14554.941694	-138.204631	-2.198242	-68.675855	-63.388794
14554.943149	-138.155803	-2.234863	-68.734449	-63.493164
14554.944603	-138.045939	-2.234863	-68.612379	-63.371094
14554.946058	-138.100871	-2.167725	-68.668531	-63.388794
14554.947512	-138.204631	-2.314209	-68.680738	-63.390015
14554.948967	-138.143596	-2.302002	-68.719801	-63.327759
14554.950421	-138.149699	-2.308105	-68.631910	-63.152588
14554.951876	-138.235148	-2.399658	-68.563551	-63.279541
14554.953330	-138.265666	-2.472900	-68.661207	-63.348511
14554.954785	-138.235148	-2.656006	-68.641676	-63.347900
14554.956239	-138.204631	-2.656006	-68.653883	-63.042114
14554.957694	-138.241252	-2.820801	-68.663648	-63.272827
14554.959148	-138.143596	-2.924561	-68.614820	-63.372925
14554.960603	-138.094768	-3.156494	-68.678297	-63.401611
14554.962057	-138.106975	-3.260254	-68.666090	-63.261230
14554.963512	-138.094768	-3.284668	-68.710035	-63.442505
14554.964966	-138.058146	-3.351807	-68.680738	-63.348511
14554.966421	-138.247355	-3.339600	-68.680738	-63.406494
14554.967875	-138.070354	-3.553223	-68.670973	-63.136108
14554.969330	-138.100871	-3.595947	-68.663648	-63.160522
14554.970784	-138.277873	-3.711914	-68.732008	-63.385132
14554.972239	-138.137492	-3.724121	-68.717359	-63.327759
14554.973693	-138.070354	-3.821777	-68.690504	-63.338745
14554.975148	-137.997111	-3.870605	-68.653883	-63.484619
14554.976602	-138.100871	-4.041504	-68.641676	-63.458984
14554.978057	-138.033732	-4.004883	-68.685621	-63.252075
14554.979511	-138.045939	-4.224609	-68.727125	-63.408936
14554.980966	-137.991008	-4.224609	-68.714918	-63.490112
14554.982420	-138.143596	-4.340576	-68.727125	-63.464478
14554.983875	-137.984904	-4.236816	-68.697828	-63.512085
14554.985330	-138.045939	-4.383301	-68.702711	-63.347290
14554.986784	-138.082561	-4.462646	-68.724684	-63.387573
14554.988239	-138.094768	-4.529785	-68.675855	-63.281372
14554.989693	-138.082561	-4.444336	-68.651441	-63.405884
14554.991148	-137.911662	-4.548096	-68.685621	-63.481567
14554.992602	-138.021525	-4.505371	-68.627027	-63.196533
14554.994057	-138.088664	-4.767822	-68.661207	-63.370483
14554.995511	-138.015422	-4.822754	-68.710035	-63.324707
14554.996966	-138.143596	-4.920410	-68.719801	-63.309448
14554.998420	-138.045939	-5.109619	-68.724684	-63.294189
14554.999875	-137.984904	-5.182861	-68.705152	-63.458984
14555.001329	-138.180217	-5.439209	-68.695387	-63.379028
14555.002784	-138.003215	-5.414795	-68.673414	-63.305176
14555.004238	-138.064250	-5.652832	-68.678297	-63.285034
14555.005693	-138.015422	-5.793213	-68.722242	-63.542603
14555.007147	-138.283977	-5.842041	-68.727125	-63.500488
14555.008602	-138.113078	-5.896973	-68.695387	-63.409546
14555.010056	-138.064250	-6.061768	-68.658766	-63.294189
14555.011511	-137.991008	-5.982422	-68.702711	-63.508423
14555.012965	-137.984904	-6.043457	-68.678297	-63.324097
14555.014420	-138.021525	-6.171631	-68.714918	-63.313110
14555.015874	-138.100871	-6.086182	-68.692945	-63.259399
14555.017329	-137.954387	-6.226562	-68.766188	-63.336914
14555.018783	-137.984904	-6.128906	-68.692945	-63.415039
14555.020238	-138.113078	-6.086182	-68.695387	-63.271606
14555.021692	-138.045939	-6.232666	-68.712477	-63.316772
14555.023147	-138.168010	-6.244873	-68.695387	-63.458984
14555.024601	-138.186320	-6.336426	-68.675855	-63.579224
14555.026056	-138.045939	-6.373047	-68.771070	-63.436401
14555.027510	-137.991008	-6.434082	-68.710035	-63.302734
14555.028965	-138.058146	-6.617187	-68.783277	-63.471802
14555.030419	-138.045939	-6.739258	-68.710035	-63.358276
14555.031874	-138.052043	-6.635498	-68.797926	-63.478516
14555.033328	-137.972697	-6.702637	-68.717359	-63.476074
14555.034783	-137.929973	-6.684326	-68.678297	-63.310059
14555.036237	-137.844523	-6.824707	-68.707594	-63.365601
14555.037692	-138.015422	-6.965088	-68.719801	-63.361938
14555.039146	-137.911662	-6.977295	-68.707594	-63.317993
14555.040601	-137.917766	-6.995605	-68.739332	-63.444336
14555.042055	-137.887248	-7.184814	-68.727125	-63.604858
14555.043510	-137.911662	-7.160400	-68.688063	-63.422363
14555.044964	-137.881145	-7.197021	-68.685621	-63.391846
14555.046419	-137.722453	-7.288574	-68.719801	-63.405273
14555.047874	-137.881145	-7.374023	-68.688063	-63.437622
14555.049328	-137.801799	-7.538818	-68.727125	-63.396118
14555.050783	-137.716350	-7.465576	-68.685621	-63.194092
14555.052237	-137.746867	-7.526611	-68.736891	-63.365601
14555.053692	-137.673625	-7.563232	-68.702711	-63.547485
14555.055146	-137.746867	-7.581543	-68.746656	-63.273437
14555.056601	-137.832316	-7.514404	-68.741773	-63.336914
14555.058055	-137.728557	-7.416748	-68.702711	-63.507812
14555.059510	-137.740764	-7.526611	-68.712477	-63.440063
14555.060964	-137.722453	-7.392334	-68.710035	-63.404663
14555.062419	-137.765178	-7.459473	-68.734449	-63.531006
14555.063873	-137.466105	-7.404541	-68.688063	-63.493774
14555.065328	-137.606486	-7.337402	-68.749098	-63.447998
14555.066782	-137.514934	-7.282471	-68.763746	-63.378418
14555.068237	-137.484416	-7.404541	-68.734449	-63.454102
14555.069691	-137.514934	-7.551025	-68.763746	-63.357666
14555.071146	-137.466105	-7.496094	-68.707594	-63.458374
14555.072600	-137.350139	-7.422852	-68.763746	-63.377197
14555.074055	-137.386760	-7.551025	-68.710035	-63.559082
14555.075509	-137.252482	-7.581543	-68.785719	-63.381470
14555.076964	-137.246379	-7.636475	-68.768629	-63.383301
14555.078418	-136.983928	-7.801270	-68.802809	-63.387573
14555.079873	-137.087687	-7.813477	-68.768629	-63.621338
14555.081327	-136.800822	-7.782959	-68.783277	-63.369263
14555.082782	-136.660441	-7.862305	-68.732008	-63.352783
14555.084236	-136.593303	-7.825684	-68.753980	-63.653076
14555.085691	-136.483439	-7.819580	-68.797926	-63.429687
14555.087145	-136.282023	-7.831787	-68.797926	-63.514526
14555.088600	-135.848674	-8.027100	-68.783277	-63.418701
14555.090054	-135.781535	-7.929443	-68.707594	-63.319214
14555.091509	-135.512980	-7.996582	-68.736891	-63.601196
14555.092963	-135.146770	-7.966064	-68.800367	-63.333252
14555.094418	-134.847697	-8.082031	-68.773512	-63.283813
14555.095872	-134.414348	-8.057617	-68.771070	-63.493164
14555.097327	-133.797893	-7.972168	-68.739332	-63.355835
14555.098781	-133.199748	-8.063721	-68.780836	-63.643311
14555.100236	-132.339152	-7.868408	-68.773512	-63.249023
14555.101690	-131.643352	-7.905029	-68.756422	-63.411987
14555.103145	-130.965861	-8.063721	-68.775953	-63.422363
14555.104599	-130.648479	-8.039307	-68.751539	-63.323486
14555.106054	-130.428752	-7.953857	-68.790602	-63.344238
14555.106054	-130.599650	-7.972168	-68.775953	-63.269165
14555.107500	-130.917033	-8.069824	-68.775953	-63.515137
14555.108947	-131.429729	-8.130859	-68.805250	-63.424194
14555.110393	-131.948527	-8.039307	-68.795484	-63.299072
14555.111840	-132.461223	-8.130859	-68.732008	-63.438232
14555.113286	-133.175334	-8.326172	-68.780836	-63.622559
14555.114733	-133.828410	-8.411621	-68.839430	-63.532837
14555.116179	-134.359416	-8.454346	-68.780836	-63.313721
14555.117626	-134.841594	-8.490967	-68.775953	-63.441895
14555.119072	-135.226115	-8.613037	-68.797926	-63.560913
14555.120519	-135.506877	-8.716797	-68.751539	-63.551758
14555.121965	-135.897502	-8.741211	-68.788160	-63.333252
14555.123412	-136.196574	-8.771729	-68.812574	-63.516357
14555.124858	-136.489543	-8.820557	-68.739332	-63.535278
14555.126305	-136.520061	-8.820557	-68.749098	-63.232544
14555.127752	-136.605510	-8.765625	-68.763746	-63.430908
14555.129198	-136.959514	-8.844971	-68.707594	-63.401001
14555.130645	-136.935100	-8.899902	-68.797926	-63.352173
14555.132091	-137.173137	-8.808350	-68.771070	-63.260010
14555.133538	-137.252482	-8.790039	-68.800367	-63.255737
14555.134984	-137.295207	-8.857178	-68.763746	-63.310669
14555.136431	-137.344035	-8.912109	-68.795484	-63.366211
14555.137877	-137.362346	-8.979248	-68.822340	-63.488281
14555.139324	-137.344035	-8.967041	-68.753980	-63.441284
14555.140770	-137.527141	-9.058594	-68.751539	-63.557251
14555.142217	-137.575969	-9.198975	-68.849195	-63.476074
14555.143663	-137.612590	-9.174561	-68.741773	-63.630493
14555.145110	-137.563762	-9.192871	-68.817457	-63.383911
14555.146556	-137.643107	-9.321045	-68.797926	-63.610352
14555.148003	-137.649211	-9.266113	-68.756422	-63.515137
14555.149449	-137.710246	-9.424805	-68.768629	-63.445557
14555.150896	-137.771281	-9.449219	-68.832105	-63.250244
14555.152342	-137.850627	-9.589600	-68.815016	-63.560303
14555.153789	-137.826213	-9.607910	-68.793043	-63.603638
14555.155235	-137.862834	-9.607910	-68.778395	-63.739746
14555.156682	-137.929973	-9.650635	-68.797926	-63.317383
14555.158128	-137.868937	-9.827637	-68.849195	-63.688477
14555.159575	-137.954387	-9.839844	-68.817457	-63.584106
14555.161021	-137.868937	-10.041260	-68.812574	-63.578003
14555.162468	-137.887248	-9.955811	-68.773512	-63.523071
14555.163914	-137.826213	-10.108398	-68.746656	-63.468140
14555.165361	-137.929973	-10.248779	-68.807691	-63.650024
14555.166807	-137.954387	-10.358643	-68.812574	-63.676880
14555.168254	-137.972697	-10.230469	-68.839430	-63.603638
14555.169700	-138.015422	-10.322021	-68.836988	-63.620117
14555.171147	-138.015422	-10.334229	-68.829664	-63.574951
14555.172593	-137.893352	-10.212158	-68.836988	-63.513306
14555.174040	-137.905559	-10.309814	-68.836988	-63.357056
14555.175486	-138.058146	-10.413574	-68.839430	-63.330200
14555.176933	-137.972697	-10.364746	-68.807691	-63.434570
14555.178379	-137.923869	-10.517334	-68.834547	-63.455322
14555.179826	-137.826213	-10.553955	-68.744215	-63.536499
14555.181272	-137.991008	-10.639404	-68.797926	-63.676270
14555.182719	-137.899455	-10.724854	-68.780836	-63.528564
14555.184165	-138.015422	-10.737061	-68.795484	-63.534058
14555.185612	-138.039836	-10.901855	-68.812574	-63.565186
14555.187058	-137.923869	-10.889648	-68.788160	-63.620728
14555.188505	-137.844523	-10.968994	-68.800367	-63.400391
14555.189951	-137.954387	-11.170410	-68.807691	-63.529175
14555.191398	-137.899455	-11.194824	-68.797926	-63.603027
14555.192844	-138.058146	-11.127686	-68.858961	-63.419312
14555.194291	-138.070354	-11.377930	-68.827223	-63.368042
14555.195737	-138.052043	-11.524414	-68.783277	-63.534058
14555.197184	-138.064250	-11.634277	-68.732008	-63.502319
14555.198630	-138.186320	-11.683105	-68.783277	-63.620728
14555.200077	-138.039836	-11.799072	-68.805250	-63.668945
14555.201523	-138.064250	-11.841797	-68.810133	-63.508423
14555.202970	-138.094768	-12.049316	-68.797926	-63.498657
14555.204416	-138.039836	-12.134766	-68.846754	-63.472412
14555.205863	-138.088664	-12.317871	-68.839430	-63.519409
14555.207309	-138.180217	-12.433838	-68.788160	-63.505371
14555.208756	-138.076457	-12.555908	-68.783277	-63.734253
14555.210202	-138.082561	-12.671875	-68.802809	-63.592651
14555.211649	-138.119182	-12.671875	-68.824781	-63.502930
14555.213095	-138.210734	-12.732910	-68.827223	-63.321655
14555.214542	-138.058146	-12.751221	-68.876051	-63.543823
14555.215988	-138.253459	-12.848877	-68.758863	-63.455933
14555.217435	-138.131389	-12.909912	-68.815016	-63.492554
14555.218881	-138.039836	-13.001465	-68.810133	-63.548706
14555.220328	-138.198527	-13.184570	-68.795484	-63.403442
14555.221774	-138.253459	-13.202881	-68.756422	-63.463867
14555.223221	-138.204631	-13.440918	-68.819898	-63.619507
14555.224667	-138.088664	-13.520264	-68.832105	-63.634155
14555.226114	-138.271770	-13.562988	-68.805250	-63.535278
14555.227560	-138.100871	-13.843750	-68.895582	-63.621948
14555.229007	-138.198527	-14.081787	-68.895582	-63.586548
14555.230453	-138.424357	-14.167236	-68.898023	-63.451660
14555.231900	-138.253459	-14.203857	-68.851637	-63.727539
14555.233346	-138.247355	-14.496826	-68.858961	-63.661621
14555.234793	-138.149699	-14.667725	-68.839430	-63.654297
14555.236239	-138.192424	-14.728760	-68.817457	-63.527344
14555.237686	-138.229045	-14.893555	-68.841871	-63.673828
14555.239132	-138.155803	-15.107178	-68.878492	-63.480957
14555.240579	-138.204631	-15.210937	-68.871168	-63.610352
14555.242025	-138.088664	-15.278076	-68.805250	-63.458374
14555.243472	-138.241252	-15.442871	-68.910230	-63.446167
14555.244918	-138.229045	-15.540527	-68.873609	-63.723877
14555.246365	-138.247355	-15.619873	-68.932203	-63.501099
14555.247811	-138.259562	-15.656494	-68.883375	-63.621338
14555.249258	-138.314494	-15.864014	-68.878492	-63.513306
14555.250704	-138.143596	-15.961670	-68.912672	-63.603027
14555.252151	-138.283977	-16.169189	-68.888258	-63.530396
14555.253597	-138.412150	-16.156982	-68.866285	-63.683594
14555.255044	-138.351115	-16.272949	-68.829664	-63.501709
14555.256490	-138.186320	-16.358398	-68.829664	-63.673828
14555.257937	-138.302287	-16.529297	-68.834547	-63.580444
14555.259383	-138.186320	-16.694092	-68.893141	-63.469971
14555.260830	-138.259562	-16.828369	-68.898023	-63.579224
14555.262276	-138.186320	-16.962646	-68.917555	-63.712891
14555.263723	-138.259562	-17.090820	-68.900465	-63.458374
14555.265169	-138.216838	-17.194580	-68.834547	-63.523071
14555.266616	-138.210734	-17.328857	-68.902906	-63.701294
14555.268062	-138.253459	-17.420410	-68.880934	-63.530396
14555.269509	-138.155803	-17.615723	-68.900465	-63.582275
14555.270955	-138.271770	-17.725586	-68.885816	-63.601196
14555.272402	-138.235148	-17.865967	-68.873609	-63.745850
14555.273848	-138.253459	-18.085693	-68.885816	-63.595703
14555.275295	-138.174113	-18.238281	-68.934645	-63.592041
14555.276741	-138.161906	-18.372559	-68.946852	-63.525513
14555.278188	-138.320598	-18.567871	-68.919996	-63.490723
14555.279634	-138.253459	-18.458008	-68.917555	-63.698853
14555.281081	-138.113078	-18.592285	-68.939527	-63.697632
14555.282527	-138.210734	-18.812012	-68.885816	-63.541992
14555.283974	-138.253459	-18.854736	-68.932203	-63.657349
14555.285420	-138.131389	-18.927979	-68.878492	-63.504761
14555.286867	-138.351115	-18.958496	-68.858961	-63.601807
14555.288313	-138.222941	-19.098877	-68.922438	-63.510254
14555.289760	-138.271770	-19.239258	-68.915113	-63.499878
14555.291206	-138.216838	-19.166016	-68.910230	-63.696411
14555.292653	-138.015422	-19.208740	-68.871168	-63.656738
14555.294099	-138.192424	-19.489502	-68.885816	-63.512695
14555.295546	-138.290080	-19.556641	-68.844313	-63.618286
14555.296992	-138.155803	-19.672607	-68.861402	-63.758667
14555.298439	-138.253459	-19.825195	-68.917555	-63.775757
14555.299885	-138.259562	-19.935059	-68.900465	-63.449219
14555.301332	-138.210734	-19.959473	-68.915113	-63.668335
14555.302778	-138.265666	-20.087646	-68.866285	-63.546265
14555.304225	-138.204631	-20.362305	-68.890699	-63.684204
14555.305671	-138.302287	-20.368408	-68.819898	-63.492554
14555.307118	-138.235148	-20.545410	-68.880934	-63.653687
14555.308564	-138.186320	-20.459961	-68.871168	-63.822754
14555.310011	-138.265666	-20.643066	-68.854078	-63.808716
14555.311457	-138.235148	-20.826172	-68.910230	-63.559082
14555.312904	-138.326701	-20.911621	-68.854078	-63.648193
14555.314350	-138.308391	-20.948242	-68.888258	-63.724487
14555.315797	-138.259562	-21.027588	-68.876051	-63.530396
14555.317243	-138.192424	-21.204590	-68.912672	-63.679932
14555.318690	-138.198527	-21.320557	-68.858961	-63.570068
14555.320136	-138.125285	-21.418213	-68.917555	-63.715942
14555.321583	-138.180217	-21.521973	-68.832105	-63.722656
14555.323029	-138.265666	-21.656250	-68.873609	-63.702515
14555.324476	-138.296184	-21.790527	-68.868727	-63.601196
14555.325922	-138.283977	-21.845459	-68.876051	-63.806885
14555.327369	-138.290080	-21.961426	-68.895582	-63.736694
14555.328815	-138.290080	-22.101807	-68.846754	-63.700073
14555.330262	-138.143596	-22.181152	-68.880934	-63.698242
14555.331708	-138.180217	-22.358154	-68.922438	-63.671387
14555.333155	-138.064250	-22.394775	-68.851637	-63.595093
14555.334601	-138.357219	-22.431396	-68.856520	-63.908813
14555.336048	-138.100871	-22.559570	-68.910230	-63.827637
14555.337494	-138.143596	-22.675537	-68.846754	-63.770874
14555.338941	-138.131389	-22.748779	-68.873609	-63.708618
14555.340387	-138.241252	-22.901367	-68.885816	-63.653076
14555.341834	-138.229045	-23.096680	-68.927320	-63.537109
14555.343280	-138.070354	-23.285889	-68.873609	-63.690308
14555.344727	-138.021525	-23.298096	-68.902906	-63.679932
14555.346174	-138.106975	-23.401855	-68.919996	-63.874634
14555.347620	-138.143596	-23.688721	-68.890699	-63.675049
14555.349067	-138.174113	-23.658203	-68.905348	-63.661621
14555.350513	-138.009318	-23.926758	-68.841871	-63.623169
14555.351960	-138.076457	-24.018311	-68.898023	-63.880737
14555.353406	-138.137492	-24.018311	-68.944410	-63.740356
14555.354853	-138.314494	-24.177002	-68.839430	-63.704956
14555.356299	-138.094768	-24.286865	-68.858961	-63.726929
14555.357746	-138.113078	-24.305176	-68.858961	-63.610352
14555.359192	-138.180217	-24.463867	-68.919996	-63.627441
14555.360639	-138.198527	-24.610352	-68.937086	-63.656738
14555.362085	-138.210734	-24.653076	-68.959059	-63.888062
14555.363532	-138.149699	-24.756836	-68.939527	-63.738525
14555.364978	-138.021525	-24.793457	-68.932203	-63.756226
14555.366425	-138.076457	-25.086426	-68.939527	-63.652466
14555.367871	-138.155803	-25.171875	-68.917555	-63.694580
14555.369318	-138.045939	-25.269531	-68.849195	-63.740356
14555.370764	-138.100871	-25.312256	-68.910230	-63.659790
14555.372211	-138.326701	-25.373291	-68.907789	-63.831299
14555.373657	-138.106975	-25.434326	-68.866285	-63.892334
14555.375104	-137.923869	-25.666260	-68.866285	-63.753784
14555.376550	-137.972697	-25.763916	-68.978590	-63.784302
14555.377997	-138.015422	-25.940918	-68.900465	-63.764771
14555.379443	-138.143596	-26.069092	-68.880934	-63.739746
14555.380890	-138.070354	-26.117920	-68.905348	-63.861206
14555.382336	-137.893352	-26.233887	-68.922438	-63.707397
14555.383783	-137.972697	-26.294922	-69.024977	-63.792847
14555.385229	-138.015422	-26.349854	-68.966383	-63.757446
14555.386676	-137.942180	-26.575684	-68.900465	-63.838013
14555.388122	-137.997111	-26.703857	-68.927320	-63.704956
14555.389569	-138.027629	-26.770996	-68.954176	-63.877075
14555.391015	-137.795695	-26.917480	-68.939527	-63.951538
14555.392462	-137.850627	-27.094482	-68.939527	-63.831909
14555.393908	-137.820109	-27.289795	-68.971266	-64.083984
14555.395355	-137.917766	-27.417969	-68.915113	-63.892944
14555.396801	-137.826213	-27.393555	-68.959059	-63.878906
14555.398248	-137.862834	-27.485107	-68.949293	-63.979614
14555.399694	-137.911662	-27.631592	-68.919996	-63.935059
14555.401141	-137.752971	-27.662109	-68.876051	-64.026001
14555.402587	-137.630900	-27.723145	-68.912672	-63.989990
14555.404034	-137.630900	-27.814697	-68.919996	-63.957642
14555.405480	-137.740764	-27.900146	-68.929762	-64.081543
14555.406927	-137.490520	-27.985596	-68.954176	-64.068115
14555.408373	-137.606486	-28.077148	-68.939527	-64.197510
14555.409820	-137.466105	-28.321289	-68.949293	-64.067505
14555.411266	-137.502727	-28.345703	-68.954176	-64.328735
14555.412713	-137.575969	-28.418945	-68.978590	-64.330566
14555.414159	-137.386760	-28.626465	-68.978590	-64.193237
14555.415606	-137.197551	-28.687500	-68.883375	-64.201782
14555.417052	-137.154826	-28.901123	-68.978590	-64.333008
14555.418499	-137.032756	-29.084229	-68.983473	-64.085205
14555.419945	-136.849650	-29.151367	-68.946852	-64.399536
14555.421392	-136.819133	-29.316162	-68.912672	-64.102905
14555.422838	-136.849650	-29.474854	-68.941969	-64.360474
14555.424285	-136.568889	-29.535889	-69.007887	-64.374512
14555.425731	-136.404094	-29.578613	-68.944410	-64.300049
14555.427178	-136.068400	-29.786133	-68.998121	-64.489258
14555.428624	-135.708293	-29.834961	-68.985914	-64.309814
14555.430071	-135.427531	-30.054687	-68.951734	-64.477051
14555.431517	-135.158977	-30.292725	-68.959059	-64.466064
14555.432964	-134.896525	-30.445312	-68.941969	-64.327515
14555.434410	-134.292277	-30.481934	-68.998121	-64.441040
14555.435857	-133.706340	-30.701660	-68.978590	-64.362305
14555.437303	-133.193645	-30.768799	-68.927320	-64.483154
14555.438750	-132.577189	-31.049561	-68.951734	-64.495361
14555.440196	-131.948527	-31.080078	-68.946852	-64.396484
14555.441643	-131.405314	-31.354736	-68.934645	-64.387329
14555.443089	-131.124553	-31.348633	-68.990797	-64.475830
14555.444536	-130.984172	-31.666016	-68.978590	-64.474609
14555.445982	-130.996379	-31.708740	-68.932203	-64.468506
14555.447429	-131.307658	-31.745361	-68.919996	-64.489868
14555.448875	-131.918010	-32.135986	-68.988355	-64.126709
14555.450322	-132.381877	-32.148193	-68.951734	-64.292725
14555.451768	-132.894572	-32.239746	-68.924879	-64.275024
14555.453215	-133.504924	-32.581543	-68.961500	-64.121826
14555.454661	-133.987102	-32.551025	-68.934645	-64.210327
14555.456108	-134.573039	-32.728027	-68.927320	-64.164551
14555.457554	-134.835490	-32.905029	-68.941969	-64.034546
14555.459001	-135.360393	-33.118652	-68.966383	-64.104126
14555.460447	-135.628947	-33.344482	-68.951734	-64.058350
14555.461894	-136.043986	-33.521484	-68.956617	-64.057739
14555.463340	-136.294230	-33.588623	-68.966383	-64.082764
14555.464787	-136.617717	-34.034180	-68.949293	-63.964355
14555.466233	-136.751994	-33.973145	-68.983473	-63.898437
14555.467680	-136.806926	-34.290527	-68.981031	-63.645752
14555.469126	-136.977824	-34.382080	-68.922438	-64.002197
14555.470573	-137.112102	-34.455322	-68.995680	-63.901489
14555.472019	-137.283000	-34.614014	-68.934645	-63.994263
14555.473466	-137.283000	-34.864258	-68.934645	-63.918579
14555.474912	-137.331828	-34.894775	-68.917555	-64.022949
14555.476359	-137.215861	-35.108398	-68.954176	-64.082764
14555.477805	-137.441691	-35.297607	-68.956617	-63.797119
14555.479252	-137.496623	-35.419678	-68.949293	-63.724487
14555.480698	-137.466105	-35.596680	-68.971266	-63.771484
14555.482145	-137.533244	-35.828613	-68.961500	-64.000366
14555.483591	-137.600383	-35.956787	-68.961500	-63.792236
14555.485038	-137.606486	-36.188721	-68.985914	-63.783691
14555.486484	-137.832316	-36.384033	-68.983473	-63.897827
14555.487931	-137.679729	-36.500000	-68.880934	-63.887451
14555.489377	-137.685832	-36.713623	-68.937086	-63.767822
14555.490824	-137.710246	-36.896729	-68.946852	-63.659790
14555.492270	-137.752971	-36.994385	-68.949293	-63.907593
14555.493717	-137.777385	-37.153076	-69.012770	-63.910645
14555.495163	-137.691936	-37.208008	-68.971266	-63.670166
14555.496610	-137.673625	-37.531494	-68.924879	-63.540771
14555.498056	-137.575969	-37.684082	-68.937086	-63.737915
14555.499503	-137.789592	-37.940430	-68.966383	-63.807495
14555.500949	-137.844523	-37.989258	-68.959059	-63.724487
14555.502396	-137.789592	-38.294434	-68.934645	-63.726318
14555.503842	-137.868937	-38.361572	-68.981031	-63.702515
14555.505289	-137.905559	-38.575195	-68.998121	-63.961304
14555.506735	-137.893352	-38.733887	-69.007887	-63.658569
14555.508182	-137.893352	-39.002441	-68.941969	-63.939331
14555.509628	-137.887248	-39.234375	-68.985914	-63.910034
14555.511075	-137.929973	-39.325928	-68.937086	-63.709229
14555.512521	-137.923869	-39.527344	-68.983473	-63.795898
14555.513968	-137.795695	-39.643311	-68.983473	-63.671387
14555.515414	-137.997111	-39.765381	-68.868727	-63.747681
14555.516861	-137.832316	-39.905762	-68.929762	-63.807495
14555.518307	-137.899455	-39.985107	-68.966383	-63.520630
14555.519754	-137.942180	-40.125488	-68.956617	-63.717773
14555.521200	-138.052043	-40.308594	-68.949293	-63.663452
14555.522647	-137.972697	-40.552734	-68.990797	-63.855103
14555.524093	-138.186320	-40.760254	-69.034742	-63.764771
14555.525540	-138.125285	-40.876221	-68.993238	-63.820923
14555.526986	-138.027629	-40.986084	-68.951734	-63.840454
14555.528433	-138.131389	-41.242432	-68.929762	-63.740967
14555.529879	-137.936076	-41.395020	-68.968824	-63.874634
14555.531326	-138.033732	-41.565918	-68.990797	-63.759888
14555.532772	-137.905559	-41.755127	-69.003004	-63.711670
14555.534219	-138.131389	-41.962646	-69.007887	-63.817871
14555.535665	-137.972697	-42.200684	-68.990797	-63.695801
14555.537112	-137.929973	-42.286133	-68.934645	-63.701904
14555.538558	-137.820109	-42.420410	-69.003004	-63.870361
14555.540005	-137.868937	-42.658447	-68.981031	-63.759277
14555.541451	-137.917766	-42.768311	-68.951734	-63.709839
14555.542898	-138.003215	-42.975830	-68.963941	-63.813599
14555.544344	-138.021525	-43.195557	-68.973707	-63.763550
14555.545791	-138.015422	-43.299316	-69.027418	-63.833130
14555.547237	-138.021525	-43.445801	-68.951734	-63.931396
14555.548684	-138.161906	-43.659424	-68.985914	-63.756226
14555.550130	-138.168010	-43.775391	-68.937086	-63.584106
14555.551577	-138.100871	-44.092773	-68.927320	-63.877075
14555.553023	-138.058146	-44.153809	-69.042066	-63.778809
14555.554470	-137.929973	-44.281982	-69.024977	-63.870972
14555.555916	-137.972697	-44.581055	-68.983473	-63.690308
14555.557363	-137.917766	-44.794678	-68.963941	-63.723877
14555.558809	-137.972697	-44.837402	-69.007887	-63.614624
14555.560256	-138.070354	-45.093750	-68.983473	-63.704956
14555.561702	-138.143596	-45.142578	-68.971266	-63.670166
14555.563149	-138.155803	-45.490479	-68.954176	-63.900269
14555.564596	-137.978801	-45.649170	-68.946852	-63.748291
14555.566042	-137.991008	-45.746826	-68.961500	-63.683594
14555.567489	-138.021525	-45.856689	-68.934645	-63.745239
14555.568935	-138.015422	-45.997070	-68.941969	-63.754395
14555.570382	-138.003215	-46.137451	-68.919996	-63.765991
14555.571828	-138.155803	-46.308350	-69.010328	-63.721436
14555.573275	-138.088664	-46.540283	-68.983473	-63.957642
14555.574721	-138.064250	-46.772217	-68.983473	-63.759888
14555.576168	-138.045939	-46.833252	-68.895582	-63.961914
14555.577614	-138.131389	-47.150635	-69.015211	-63.885620
14555.579061	-138.082561	-47.413086	-68.966383	-63.697021
14555.580507	-138.149699	-47.449707	-69.032301	-63.594482
14555.581954	-137.978801	-47.626709	-69.034742	-63.731812
14555.583400	-138.100871	-47.754883	-69.027418	-63.762329
14555.584847	-137.929973	-48.035645	-69.037184	-63.814819
14555.586293	-138.137492	-48.005127	-68.976148	-63.805664
14555.587740	-138.033732	-48.218750	-68.963941	-63.817261
14555.589186	-138.119182	-48.481201	-69.000563	-63.707397
14555.590633	-137.991008	-48.633789	-68.990797	-63.771484
14555.592079	-138.027629	-48.688721	-69.115309	-63.679321
14555.593526	-138.064250	-48.847412	-68.990797	-63.712891
14555.594972	-138.082561	-49.067139	-69.027418	-63.711670
14555.596419	-138.076457	-49.256348	-69.034742	-63.718994
14555.597865	-138.082561	-49.317383	-69.098219	-63.718994
14555.599312	-138.106975	-49.390625	-69.007887	-63.728760
14555.600758	-138.045939	-49.543213	-69.003004	-63.862427
14555.602205	-138.076457	-49.805664	-69.027418	-63.806274
14555.603651	-138.088664	-49.860596	-69.020094	-63.805054
14555.605098	-137.899455	-50.232910	-69.003004	-63.717163
14555.606544	-137.991008	-50.165771	-69.061598	-63.676880
14555.607991	-138.094768	-50.245117	-69.024977	-63.684814
14555.609437	-138.082561	-50.452637	-69.024977	-63.638428
14555.610884	-138.100871	-50.593018	-69.012770	-63.706177
14555.612330	-138.039836	-50.751709	-69.032301	-63.800781
14555.613777	-138.094768	-50.879883	-69.024977	-63.687256
14555.615223	-138.106975	-51.014160	-69.061598	-63.833740
14555.616670	-138.070354	-51.252197	-69.071363	-63.604248
14555.618116	-138.070354	-51.319336	-69.017652	-63.900879
14555.619563	-137.984904	-51.429199	-69.015211	-63.556030
14555.621009	-138.027629	-51.612305	-69.015211	-63.878296
14555.622456	-138.088664	-51.789307	-69.059156	-63.781860
14555.623902	-137.850627	-51.832031	-69.051832	-63.794678
14555.625349	-137.868937	-52.045654	-69.071363	-63.788574
14555.626795	-138.027629	-52.076172	-69.071363	-63.645752
14555.628242	-137.881145	-52.222656	-69.064039	-63.938721
14555.629688	-138.070354	-52.363037	-69.064039	-63.876465
14555.631135	-138.064250	-52.540039	-69.020094	-63.924072
14555.632581	-137.942180	-52.692627	-69.032301	-63.775146
14555.634028	-138.021525	-52.881836	-69.098219	-63.855713
14555.635474	-137.997111	-52.808594	-69.132398	-63.716553
14555.636921	-138.009318	-52.979492	-69.049391	-63.733643
14555.638367	-138.045939	-53.132080	-69.007887	-63.747681
14555.639814	-138.027629	-53.217529	-69.090895	-63.988770
14555.641260	-138.070354	-53.412842	-69.051832	-63.895996
14555.642707	-137.997111	-53.364014	-69.068922	-63.919800
14555.644153	-138.052043	-53.565430	-69.122633	-63.802002
14555.645600	-138.033732	-53.693604	-69.107984	-63.941772
14555.647046	-137.954387	-53.675293	-69.086012	-63.648193
14555.648493	-138.088664	-53.748535	-69.064039	-63.791626
14555.649939	-138.216838	-53.943848	-69.073805	-63.759888
14555.651386	-138.052043	-54.023193	-69.078688	-63.620728
14555.652832	-137.997111	-54.328369	-69.061598	-63.773315
14555.654279	-138.045939	-54.584717	-69.029859	-63.899048
14555.655725	-138.058146	-54.847168	-69.076246	-63.679932
14555.657172	-138.009318	-55.134033	-69.090895	-63.624390
14555.658618	-138.070354	-55.445312	-69.122633	-63.809326
14555.660065	-137.997111	-55.555176	-69.029859	-63.763550
14555.661511	-138.021525	-55.616211	-69.068922	-63.836182
14555.662958	-138.015422	-55.445312	-69.115309	-63.881348
14555.664404	-138.137492	-55.304932	-69.122633	-63.745850
14555.665851	-138.131389	-54.932617	-69.024977	-63.690918
14555.667297	-138.003215	-54.627441	-69.115309	-63.933838
14555.668744	-138.106975	-54.163574	-69.083570	-63.864868
14555.670190	-137.972697	-53.730225	-69.076246	-63.730591
14555.671637	-138.021525	-53.327393	-69.049391	-63.737305
14555.673083	-138.003215	-52.894043	-69.120191	-63.842285
14555.674530	-138.332805	-52.570557	-69.073805	-63.708618
14555.675976	-138.045939	-52.033447	-69.093336	-63.601196
14555.677423	-138.088664	-51.691650	-69.068922	-63.902100
