Wavelength	Intensity	Ocean Optics Flame
nm	counts
187.89	-1.214E+2
188.27	7.282E+0
188.64	-3.155E+1
189.02	5.097E+1
189.40	6.068E+1
189.78	2.670E+1
190.15	2.184E+1
190.53	1.019E+2
190.91	-1.456E+1
191.29	-3.884E+1
191.66	-1.699E+1
192.04	6.796E+1
192.42	-6.554E+1
192.80	-9.466E+1
193.17	5.340E+1
193.55	-3.155E+1
193.93	-1.456E+1
194.30	3.641E+1
194.68	-8.495E+1
195.06	3.641E+1
195.44	4.126E+1
195.81	-1.214E+1
196.19	3.884E+1
196.57	5.097E+1
196.94	5.340E+1
197.32	-1.699E+1
197.70	-6.311E+1
198.07	-2.427E+1
198.45	-4.854E+1
198.83	1.092E+2
199.20	2.670E+1
199.58	1.699E+1
199.96	5.097E+1
200.33	6.311E+1
200.71	5.583E+1
201.09	1.262E+2
201.46	2.427E+1
201.84	1.942E+1
202.22	-8.010E+1
202.59	-2.184E+1
202.97	4.854E+1
203.34	2.184E+1
203.72	-4.854E+0
204.10	-4.854E+0
204.47	2.184E+1
204.85	-6.311E+1
205.23	2.427E+0
205.60	6.554E+1
205.98	7.282E+0
206.35	-5.825E+1
206.73	-2.670E+1
207.11	-3.155E+1
207.48	1.141E+2
207.86	-8.981E+1
208.23	3.398E+1
208.61	-6.554E+1
208.98	1.456E+1
209.36	-1.044E+2
209.74	3.884E+1
210.11	2.427E+0
210.49	9.466E+1
210.86	-2.670E+1
211.24	-4.854E+1
211.61	4.369E+1
211.99	2.184E+1
212.36	4.854E+0
212.74	-6.311E+1
213.11	-4.854E+1
213.49	6.554E+1
213.87	2.427E+1
214.24	-2.184E+1
214.62	-3.155E+1
214.99	-2.913E+1
215.37	-8.253E+1
215.74	9.952E+1
216.12	5.340E+1
216.49	5.583E+1
216.87	3.884E+1
217.24	-7.039E+1
217.62	4.126E+1
217.99	-4.612E+1
218.37	6.068E+1
218.74	9.709E+0
219.11	-2.670E+1
219.49	6.068E+1
219.86	-1.335E+2
220.24	5.825E+1
220.61	7.282E+1
220.99	5.825E+1
221.36	2.670E+1
221.74	5.583E+1
222.11	2.913E+1
222.49	1.189E+2
222.86	4.369E+1
223.23	-1.456E+1
223.61	3.641E+1
223.98	2.913E+1
224.36	4.854E+0
224.73	-5.097E+1
225.11	2.670E+1
225.48	8.010E+1
225.85	0.000E+0
226.23	-6.068E+1
226.60	-1.456E+1
226.98	3.641E+1
227.35	-4.854E+0
227.72	4.854E+0
228.10	-8.010E+1
228.47	6.068E+1
228.84	-5.583E+1
229.22	1.699E+1
229.59	1.699E+1
229.97	5.583E+1
230.34	0.000E+0
230.71	9.709E+0
231.09	8.495E+1
231.46	4.369E+1
231.83	-6.311E+1
232.21	1.117E+2
232.58	9.709E+1
232.95	-4.854E+0
233.33	4.126E+1
233.70	-7.282E+0
234.07	1.214E+1
234.45	2.913E+1
234.82	3.641E+1
235.19	-4.612E+1
235.57	5.583E+1
235.94	4.854E+1
236.31	-4.854E+1
236.69	3.155E+1
237.06	-2.670E+1
237.43	6.796E+1
237.80	-4.854E+1
238.18	-2.913E+1
238.55	2.670E+1
238.92	-7.524E+1
239.30	6.796E+1
239.67	-2.427E+1
240.04	-8.253E+1
240.41	7.039E+1
240.79	4.854E+0
241.16	-1.942E+1
241.53	1.238E+2
241.90	3.155E+1
242.28	8.010E+1
242.65	1.214E+1
243.02	2.913E+1
243.39	-9.223E+1
243.77	-1.214E+1
244.14	2.427E+0
244.51	4.126E+1
244.88	2.427E+1
245.25	-9.952E+1
245.63	-9.709E+0
246.00	-2.427E+0
246.37	2.670E+1
246.74	-2.184E+1
247.11	2.670E+1
247.49	5.825E+1
247.86	-3.641E+1
248.23	-3.641E+1
248.60	1.214E+1
248.97	5.825E+1
249.35	4.854E+0
249.72	1.456E+1
250.09	-4.126E+1
250.46	-1.214E+1
250.83	-1.456E+1
251.20	-3.155E+1
251.58	4.126E+1
251.95	7.282E+1
252.32	3.641E+1
252.69	8.981E+1
253.06	2.184E+1
253.43	3.884E+1
253.80	8.010E+1
254.17	2.427E+0
254.55	9.709E+1
254.92	5.583E+1
255.29	4.369E+1
255.66	-7.282E+0
256.03	-5.340E+1
256.40	6.311E+1
256.77	-2.184E+1
257.14	5.097E+1
257.51	1.044E+2
257.88	1.699E+1
258.26	1.141E+2
258.63	-7.282E+0
259.00	-1.942E+1
259.37	-4.369E+1
259.74	4.369E+1
260.11	2.913E+1
260.48	-3.884E+1
260.85	1.942E+1
261.22	-3.155E+1
261.59	2.427E+0
261.96	-3.398E+1
262.33	4.369E+1
262.70	9.709E+0
263.07	-9.709E+1
263.44	-1.699E+1
263.81	2.184E+1
264.18	7.039E+1
264.55	0.000E+0
264.92	1.942E+1
265.29	2.670E+1
265.66	1.214E+1
266.03	4.369E+1
266.40	6.796E+1
266.77	9.709E+0
267.14	9.466E+1
267.51	4.612E+1
267.88	5.583E+1
268.25	2.913E+1
268.62	-4.854E+0
268.99	2.427E+1
269.36	1.699E+1
269.73	-1.699E+1
270.10	4.369E+1
270.47	7.282E+0
270.84	7.524E+1
271.21	-4.369E+1
271.58	-1.699E+1
271.95	-3.155E+1
272.32	-1.189E+2
272.69	-5.097E+1
273.06	-1.384E+2
273.43	-3.398E+1
273.80	7.282E+0
274.17	1.117E+2
274.53	-2.670E+1
274.90	2.670E+1
275.27	7.524E+1
275.64	-1.699E+1
276.01	-6.554E+1
276.38	-3.155E+1
276.75	4.612E+1
277.12	6.068E+1
277.49	2.670E+1
277.86	2.184E+1
278.22	4.854E+1
278.59	4.369E+1
278.96	1.942E+1
279.33	9.709E+1
279.70	8.253E+1
280.07	7.767E+1
280.44	6.068E+1
280.80	-1.456E+1
281.17	2.913E+1
281.54	-1.699E+1
281.91	0.000E+0
282.28	-5.583E+1
282.65	1.141E+2
283.02	0.000E+0
283.38	7.039E+1
283.75	5.825E+1
284.12	9.709E+0
284.49	-4.854E+0
284.86	9.223E+1
285.22	4.854E+0
285.59	4.854E+1
285.96	1.942E+1
286.33	-6.068E+1
286.70	3.641E+1
287.06	-2.184E+1
287.43	5.825E+1
287.80	-9.709E+0
288.17	1.942E+1
288.53	1.335E+2
288.90	2.913E+1
289.27	5.825E+1
289.64	1.748E+2
290.01	-2.427E+1
290.37	-6.554E+1
290.74	-2.427E+1
291.11	1.942E+1
291.48	5.825E+1
291.84	8.495E+1
292.21	-9.709E+0
292.58	3.155E+1
292.94	-1.456E+1
293.31	4.854E+0
293.68	6.311E+1
294.05	-2.427E+1
294.41	1.699E+1
294.78	8.495E+1
295.15	4.126E+1
295.51	-8.981E+1
295.88	-2.670E+1
296.25	3.155E+1
296.61	-1.214E+1
296.98	-6.796E+1
297.35	7.767E+1
297.72	1.699E+1
298.08	-8.253E+1
298.45	1.214E+1
298.82	-6.311E+1
299.18	-4.854E+0
299.55	-5.583E+1
299.91	1.214E+1
300.28	0.000E+0
300.65	9.952E+1
301.01	7.039E+1
301.38	-4.854E+0
301.75	2.184E+1
302.11	6.796E+1
302.48	7.039E+1
302.85	3.641E+1
303.21	1.214E+1
303.58	-2.427E+1
303.94	6.796E+1
304.31	3.884E+1
304.68	-4.369E+1
305.04	-8.010E+1
305.41	2.670E+1
305.77	1.942E+1
306.14	-4.854E+0
306.51	-4.126E+1
306.87	-7.282E+0
307.24	4.854E+1
307.60	-9.709E+0
307.97	-1.214E+1
308.33	3.398E+1
308.70	2.427E+1
309.07	9.709E+1
309.43	3.398E+1
309.80	-2.427E+1
310.16	-1.214E+1
310.53	1.214E+1
310.89	3.884E+1
311.26	2.670E+1
311.62	1.092E+2
311.99	1.092E+2
312.35	5.097E+1
312.72	-9.709E+0
313.08	1.092E+2
313.45	-2.184E+1
313.81	-1.019E+2
314.18	1.238E+2
314.54	-1.942E+1
314.91	-5.583E+1
315.27	6.311E+1
315.64	-1.189E+2
316.00	4.854E+1
316.37	4.369E+1
316.73	-2.427E+1
317.10	1.699E+1
317.46	2.913E+1
317.83	1.942E+1
318.19	8.495E+1
318.56	-2.184E+1
318.92	7.282E+1
319.28	1.165E+2
319.65	5.825E+1
320.01	-6.068E+1
320.38	2.913E+1
320.74	2.427E+0
321.11	-2.427E+1
321.47	-4.854E+0
321.83	-5.340E+1
322.20	-8.253E+1
322.56	-7.039E+1
322.93	9.952E+1
323.29	7.282E+0
323.66	1.044E+2
324.02	1.699E+1
324.38	4.854E+1
324.75	1.699E+1
325.11	4.126E+1
325.47	-2.427E+1
325.84	7.282E+1
326.20	-1.117E+2
326.57	-3.641E+1
326.93	-2.427E+1
327.29	2.670E+1
327.66	-3.155E+1
328.02	1.092E+2
328.38	-1.942E+1
328.75	2.184E+1
329.11	9.466E+1
329.47	6.311E+1
329.84	-1.699E+1
330.20	1.165E+2
330.56	1.214E+1
330.93	-4.612E+1
331.29	4.126E+1
331.65	-4.854E+1
332.02	-7.282E+1
332.38	-3.155E+1
332.74	3.398E+1
333.10	1.942E+1
333.47	1.456E+1
333.83	3.641E+1
334.19	-6.554E+1
334.56	2.670E+1
334.92	3.884E+1
335.28	1.044E+2
335.64	8.738E+1
336.01	5.583E+1
336.37	-2.670E+1
336.73	1.214E+2
337.09	-5.825E+1
337.46	-2.427E+1
337.82	9.223E+1
338.18	4.126E+1
338.54	2.184E+1
338.91	-3.884E+1
339.27	7.282E+0
339.63	5.097E+1
339.99	-3.155E+1
340.36	2.427E+1
340.72	-2.427E+1
341.08	4.369E+1
341.44	8.981E+1
341.80	1.699E+1
342.17	7.524E+1
342.53	1.214E+1
342.89	-8.495E+1
343.25	-1.456E+1
343.61	5.097E+1
343.98	8.981E+1
344.34	4.369E+1
344.70	-2.427E+1
345.06	7.039E+1
345.42	6.554E+1
345.78	-1.942E+1
346.14	1.335E+2
346.51	1.699E+1
346.87	9.223E+1
347.23	-1.019E+2
347.59	-7.282E+1
347.95	7.282E+0
348.31	1.286E+2
348.67	1.214E+1
349.04	-3.155E+1
349.40	7.282E+0
349.76	2.670E+1
350.12	-2.427E+0
350.48	3.884E+1
350.84	-4.854E+0
351.20	-1.141E+2
351.56	4.369E+1
351.92	8.738E+1
352.28	5.825E+1
352.65	1.286E+2
353.01	9.709E+1
353.37	9.952E+1
353.73	-1.456E+1
354.09	4.369E+1
354.45	9.223E+1
354.81	1.214E+2
355.17	-1.044E+2
355.53	5.583E+1
355.89	2.670E+1
356.25	2.670E+1
356.61	4.126E+1
356.97	7.282E+1
357.33	-9.709E+0
357.69	1.068E+2
358.05	7.767E+1
358.41	-8.981E+1
358.77	-2.670E+1
359.13	1.942E+1
359.49	-9.223E+1
359.85	1.456E+1
360.21	1.092E+2
360.57	1.772E+2
360.93	7.767E+1
361.29	-2.670E+1
361.65	1.141E+2
362.01	9.223E+1
362.37	5.097E+1
362.73	4.854E+1
363.09	1.723E+2
363.45	6.554E+1
363.81	2.184E+1
364.17	9.709E+0
364.53	7.282E+1
364.89	7.282E+0
365.25	7.039E+1
365.61	4.612E+1
365.97	1.456E+1
366.33	8.981E+1
366.69	4.612E+1
367.05	4.854E+1
367.40	7.524E+1
367.76	7.524E+1
368.12	7.282E+0
368.48	2.427E+0
368.84	1.456E+1
369.20	1.456E+1
369.56	4.854E+1
369.92	1.456E+1
370.28	8.253E+1
370.63	1.044E+2
370.99	2.184E+1
371.35	1.019E+2
371.71	1.675E+2
372.07	1.092E+2
372.43	1.214E+1
372.79	8.738E+1
373.15	6.554E+1
373.50	6.068E+1
373.86	1.918E+2
374.22	9.223E+1
374.58	3.884E+1
374.94	5.340E+1
375.30	1.990E+2
375.65	1.117E+2
376.01	2.937E+2
376.37	8.738E+1
376.73	8.010E+1
377.09	2.306E+2
377.44	5.583E+1
377.80	5.825E+1
378.16	2.524E+2
378.52	2.257E+2
378.88	1.820E+2
379.23	2.136E+2
379.59	2.427E+2
379.95	1.699E+2
380.31	2.112E+2
380.66	1.918E+2
381.02	1.893E+2
381.38	3.107E+2
381.74	4.102E+2
382.09	3.083E+2
382.45	2.160E+2
382.81	2.937E+2
383.17	4.272E+2
383.52	4.029E+2
383.88	3.956E+2
384.24	4.709E+2
384.60	5.073E+2
384.95	4.709E+2
385.31	5.364E+2
385.67	5.753E+2
386.02	6.578E+2
386.38	6.942E+2
386.74	6.092E+2
387.10	8.253E+2
387.45	9.685E+2
387.81	9.490E+2
388.17	1.138E+3
388.52	1.245E+3
388.88	1.272E+3
389.24	1.367E+3
389.59	1.558E+3
389.95	1.614E+3
390.31	1.867E+3
390.66	2.131E+3
391.02	2.109E+3
391.38	2.391E+3
391.73	2.612E+3
392.09	2.850E+3
392.44	2.964E+3
392.80	3.381E+3
393.16	3.711E+3
393.51	4.083E+3
393.87	4.439E+3
394.23	4.842E+3
394.58	5.126E+3
394.94	5.449E+3
395.29	5.925E+3
395.65	6.558E+3
396.01	7.066E+3
396.36	7.699E+3
396.72	8.119E+3
397.07	8.825E+3
397.43	9.629E+3
397.78	1.002E+4
398.14	1.082E+4
398.50	1.198E+4
398.85	1.259E+4
399.21	1.321E+4
399.56	1.471E+4
399.92	1.558E+4
400.27	1.661E+4
400.63	1.743E+4
400.98	1.885E+4
401.34	1.993E+4
401.69	2.101E+4
402.05	2.218E+4
402.40	2.372E+4
402.76	2.510E+4
403.11	2.662E+4
403.47	2.835E+4
403.82	2.881E+4
404.18	3.113E+4
404.53	3.204E+4
404.89	3.440E+4
405.24	3.482E+4
405.60	3.692E+4
405.95	3.883E+4
406.31	4.050E+4
406.66	4.164E+4
407.02	4.337E+4
407.37	4.515E+4
407.73	4.608E+4
408.08	4.814E+4
408.44	4.850E+4
408.79	4.930E+4
409.14	5.039E+4
409.50	5.173E+4
409.85	5.271E+4
410.21	5.285E+4
410.56	5.377E+4
410.92	5.419E+4
411.27	5.462E+4
411.62	5.491E+4
411.98	5.429E+4
412.33	5.396E+4
412.69	5.417E+4
413.04	5.328E+4
413.39	5.243E+4
413.75	5.138E+4
414.10	5.047E+4
414.45	4.943E+4
414.81	4.805E+4
415.16	4.660E+4
415.52	4.490E+4
415.87	4.411E+4
416.22	4.220E+4
416.58	4.055E+4
416.93	3.863E+4
417.28	3.668E+4
417.64	3.480E+4
417.99	3.353E+4
418.34	3.120E+4
418.70	2.930E+4
419.05	2.760E+4
419.40	2.572E+4
419.76	2.399E+4
420.11	2.308E+4
420.46	2.141E+4
420.81	2.028E+4
421.17	1.925E+4
421.52	1.810E+4
421.87	1.723E+4
422.23	1.636E+4
422.58	1.533E+4
422.93	1.485E+4
423.28	1.406E+4
423.64	1.355E+4
423.99	1.276E+4
424.34	1.176E+4
424.69	1.126E+4
425.05	1.044E+4
425.40	9.986E+3
425.75	9.736E+3
426.10	9.342E+3
426.46	8.937E+3
426.81	8.371E+3
427.16	7.828E+3
427.51	7.675E+3
427.87	7.112E+3
428.22	6.871E+3
428.57	6.510E+3
428.92	6.104E+3
429.27	5.871E+3
429.63	5.575E+3
429.98	5.335E+3
430.33	4.915E+3
430.68	4.736E+3
431.03	4.425E+3
431.38	4.202E+3
431.74	3.925E+3
432.09	4.000E+3
432.44	3.784E+3
432.79	3.522E+3
433.14	3.294E+3
433.49	3.126E+3
433.85	3.053E+3
434.20	2.854E+3
434.55	2.631E+3
434.90	2.597E+3
435.25	2.534E+3
435.60	2.216E+3
435.95	2.218E+3
436.30	2.097E+3
436.66	1.930E+3
437.01	1.879E+3
437.36	1.881E+3
437.71	1.886E+3
438.06	1.801E+3
438.41	1.621E+3
438.76	1.536E+3
439.11	1.461E+3
439.46	1.422E+3
439.81	1.294E+3
440.16	1.403E+3
440.52	1.291E+3
440.87	1.182E+3
441.22	1.221E+3
441.57	1.119E+3
441.92	1.143E+3
442.27	1.107E+3
442.62	1.000E+3
442.97	1.049E+3
443.32	9.005E+2
443.67	9.321E+2
444.02	8.835E+2
444.37	8.592E+2
444.72	8.738E+2
445.07	7.694E+2
445.42	6.602E+2
445.77	7.476E+2
446.12	7.694E+2
446.47	7.767E+2
446.82	7.282E+2
447.17	6.748E+2
447.52	6.553E+2
447.87	4.563E+2
448.22	5.583E+2
448.57	5.777E+2
448.92	4.830E+2
449.27	4.248E+2
449.62	5.049E+2
449.97	4.296E+2
450.32	3.762E+2
450.66	4.587E+2
451.01	4.296E+2
451.36	4.175E+2
451.71	3.592E+2
452.06	3.811E+2
452.41	4.078E+2
452.76	3.956E+2
453.11	4.029E+2
453.46	2.913E+2
453.81	2.816E+2
454.16	3.010E+2
454.51	3.107E+2
454.85	2.257E+2
455.20	3.058E+2
455.55	2.913E+2
455.90	2.913E+2
456.25	3.107E+2
456.60	2.451E+2
456.95	2.112E+2
457.30	2.864E+2
457.64	3.447E+2
457.99	2.330E+2
458.34	2.451E+2
458.69	1.699E+2
459.04	1.820E+2
459.39	1.772E+2
459.73	2.087E+2
460.08	1.456E+2
460.43	1.238E+2
460.78	2.354E+2
461.13	1.942E+2
461.48	1.820E+2
461.82	1.893E+2
462.17	1.748E+2
462.52	1.966E+2
462.87	1.505E+2
463.21	1.262E+2
463.56	1.286E+2
463.91	1.117E+2
464.26	1.141E+2
464.61	1.044E+2
464.95	9.223E+1
465.30	1.432E+2
465.65	1.529E+2
466.00	7.524E+1
466.34	2.621E+2
466.69	7.524E+1
467.04	9.709E+1
467.39	1.165E+2
467.73	1.141E+2
468.08	7.767E+1
468.43	-7.282E+0
468.77	1.456E+2
469.12	2.913E+1
469.47	8.495E+1
469.82	1.068E+2
470.16	9.223E+1
470.51	1.359E+2
470.86	1.748E+2
471.20	8.738E+1
471.55	5.825E+1
471.90	1.141E+2
472.24	1.456E+1
472.59	2.913E+1
472.94	8.253E+1
473.28	1.651E+2
473.63	1.626E+2
473.98	5.097E+1
474.32	-2.427E+1
474.67	1.044E+2
475.02	6.796E+1
475.36	2.913E+1
475.71	1.068E+2
476.06	1.384E+2
476.40	1.141E+2
476.75	-5.825E+1
477.09	6.796E+1
477.44	3.884E+1
477.79	1.408E+2
478.13	8.495E+1
478.48	9.709E+1
478.82	1.505E+2
479.17	2.913E+1
479.52	8.010E+1
479.86	-4.854E+0
480.21	9.709E+1
480.55	2.670E+1
480.90	-4.369E+1
481.24	1.214E+1
481.59	1.286E+2
481.94	3.398E+1
482.28	6.311E+1
482.63	1.044E+2
482.97	4.369E+1
483.32	3.155E+1
483.66	1.044E+2
484.01	7.524E+1
484.35	1.165E+2
484.70	-1.214E+1
485.04	2.427E+0
485.39	5.340E+1
485.73	5.097E+1
486.08	4.854E+1
486.42	-1.942E+1
486.77	5.583E+1
487.11	-2.670E+1
487.46	2.913E+1
487.80	0.000E+0
488.15	6.311E+1
488.49	1.262E+2
488.84	1.699E+1
489.18	9.223E+1
489.53	-3.884E+1
489.87	8.010E+1
490.21	3.398E+1
490.56	2.913E+1
490.90	-7.282E+0
491.25	5.825E+1
491.59	1.699E+1
491.94	4.126E+1
492.28	1.942E+1
492.62	-9.709E+0
492.97	-8.253E+1
493.31	1.942E+1
493.66	7.524E+1
494.00	3.398E+1
494.34	1.068E+2
494.69	9.466E+1
495.03	1.068E+2
495.38	6.068E+1
495.72	-1.214E+1
496.06	1.942E+1
496.41	-7.282E+0
496.75	-9.709E+0
497.09	8.738E+1
497.44	7.282E+1
497.78	1.068E+2
498.13	-3.884E+1
498.47	4.854E+0
498.81	-1.117E+2
499.16	-3.155E+1
499.50	1.456E+1
499.84	5.825E+1
500.19	7.039E+1
500.53	5.097E+1
500.87	9.709E+0
501.21	-5.583E+1
501.56	-9.709E+0
501.90	1.165E+2
502.24	1.942E+1
502.59	-1.456E+1
502.93	1.141E+2
503.27	1.990E+2
503.61	5.825E+1
503.96	3.884E+1
504.30	-4.126E+1
504.64	1.942E+1
504.99	4.612E+1
505.33	9.709E+1
505.67	-8.738E+1
506.01	0.000E+0
506.36	-4.854E+0
506.70	-7.282E+0
507.04	3.884E+1
507.38	1.408E+2
507.72	4.854E+1
508.07	8.010E+1
508.41	5.825E+1
508.75	3.398E+1
509.09	-1.699E+1
509.44	-3.884E+1
509.78	8.010E+1
510.12	3.398E+1
510.46	6.554E+1
510.80	6.311E+1
511.14	2.427E+1
511.49	8.495E+1
511.83	-8.010E+1
512.17	9.709E+0
512.51	7.524E+1
512.85	3.641E+1
513.19	4.854E+1
513.54	-7.282E+0
513.88	7.282E+1
514.22	2.184E+1
514.56	1.942E+1
514.90	-4.854E+1
515.24	-1.214E+1
515.58	2.184E+1
515.93	4.369E+1
516.27	1.456E+1
516.61	-4.369E+1
516.95	1.262E+2
517.29	2.184E+1
517.63	2.184E+1
517.97	1.189E+2
518.31	6.068E+1
518.65	9.709E+0
518.99	6.796E+1
519.33	4.612E+1
519.67	1.117E+2
520.02	5.340E+1
520.36	-7.282E+1
520.70	8.738E+1
521.04	-5.825E+1
521.38	-4.612E+1
521.72	-5.097E+1
522.06	-2.427E+0
522.40	-4.369E+1
522.74	9.709E+0
523.08	7.282E+0
523.42	-4.369E+1
523.76	7.039E+1
524.10	9.952E+1
524.44	-4.854E+0
524.78	4.612E+1
525.12	1.214E+1
525.46	-3.641E+1
525.80	6.796E+1
526.14	-2.670E+1
526.48	-4.612E+1
526.82	-2.913E+1
527.16	-3.398E+1
527.50	-2.427E+1
527.84	5.583E+1
528.18	-6.311E+1
528.52	1.505E+2
528.86	1.286E+2
529.20	-2.184E+1
529.54	2.184E+1
529.87	7.282E+0
530.21	8.981E+1
530.55	2.913E+1
530.89	3.884E+1
531.23	-3.155E+1
531.57	7.282E+1
531.91	-7.767E+1
532.25	3.884E+1
532.59	9.709E+0
532.93	8.010E+1
533.27	7.282E+0
533.60	5.340E+1
533.94	5.825E+1
534.28	6.796E+1
534.62	-2.427E+0
534.96	8.981E+1
535.30	4.126E+1
535.64	8.738E+1
535.98	1.942E+1
536.31	9.223E+1
536.65	5.097E+1
536.99	-8.981E+1
537.33	1.942E+1
537.67	-2.913E+1
538.01	-5.583E+1
538.34	9.952E+1
538.68	7.282E+1
539.02	4.369E+1
539.36	1.068E+2
539.70	2.184E+1
540.03	-4.854E+0
540.37	8.981E+1
540.71	-6.554E+1
541.05	1.408E+2
541.39	2.184E+1
541.72	-1.699E+1
542.06	1.529E+2
542.40	-1.699E+1
542.74	2.670E+1
543.07	9.466E+1
543.41	5.583E+1
543.75	1.044E+2
544.09	7.039E+1
544.42	4.126E+1
544.76	-2.427E+1
545.10	2.670E+1
545.44	2.427E+1
545.77	4.612E+1
546.11	-1.456E+1
546.45	-2.427E+0
546.78	1.699E+1
547.12	1.044E+2
547.46	2.913E+1
547.80	-5.097E+1
548.13	-1.942E+1
548.47	4.854E+1
548.81	-1.942E+1
549.14	3.884E+1
549.48	4.612E+1
549.82	-1.942E+1
550.15	1.165E+2
550.49	4.369E+1
550.83	5.825E+1
551.16	4.854E+0
551.50	4.369E+1
551.84	3.398E+1
552.17	7.282E+0
552.51	1.068E+2
552.84	-2.427E+0
553.18	5.583E+1
553.52	-1.092E+2
553.85	-2.670E+1
554.19	7.767E+1
554.53	1.699E+1
554.86	5.583E+1
555.20	-1.456E+1
555.53	8.495E+1
555.87	-5.825E+1
556.20	-2.427E+0
556.54	6.796E+1
556.88	8.010E+1
557.21	2.913E+1
557.55	1.942E+1
557.88	9.466E+1
558.22	-2.913E+1
558.55	5.340E+1
558.89	6.796E+1
559.23	-4.854E+0
559.56	4.612E+1
559.90	4.369E+1
560.23	-4.612E+1
560.57	3.884E+1
560.90	-9.466E+1
561.24	2.913E+1
561.57	1.238E+2
561.91	-4.369E+1
562.24	-4.854E+0
562.58	8.253E+1
562.91	1.214E+2
563.25	1.214E+1
563.58	6.554E+1
563.92	6.554E+1
564.25	1.699E+1
564.59	-4.126E+1
564.92	-9.709E+0
565.25	-4.369E+1
565.59	2.913E+1
565.92	4.369E+1
566.26	3.155E+1
566.59	6.311E+1
566.93	-3.641E+1
567.26	4.369E+1
567.60	3.155E+1
567.93	7.524E+1
568.26	3.155E+1
568.60	-2.184E+1
568.93	1.044E+2
569.27	2.184E+1
569.60	3.398E+1
569.93	-6.068E+1
570.27	-9.709E+0
570.60	9.466E+1
570.94	7.524E+1
571.27	6.554E+1
571.60	-9.709E+0
571.94	4.854E+0
572.27	2.184E+1
572.60	8.981E+1
572.94	5.097E+1
573.27	-6.311E+1
573.60	4.612E+1
573.94	4.854E+0
574.27	-2.670E+1
574.60	4.612E+1
574.94	5.583E+1
575.27	7.282E+1
575.60	2.670E+1
575.94	1.311E+2
576.27	4.369E+1
576.60	-2.913E+1
576.94	6.554E+1
577.27	2.427E+1
577.60	-1.699E+1
577.94	-5.097E+1
578.27	1.505E+2
578.60	-1.214E+1
578.93	8.010E+1
579.27	3.641E+1
579.60	5.340E+1
579.93	6.554E+1
580.26	4.126E+1
580.60	-4.126E+1
580.93	7.282E+1
581.26	4.126E+1
581.59	1.432E+2
581.93	-2.913E+1
582.26	5.583E+1
582.59	5.583E+1
582.92	1.942E+1
583.25	8.981E+1
583.59	9.709E+0
583.92	-4.126E+1
584.25	4.126E+1
584.58	1.651E+2
584.91	3.155E+1
585.25	1.117E+2
585.58	-1.942E+1
585.91	0.000E+0
586.24	-1.456E+1
586.57	1.699E+1
586.90	4.126E+1
587.24	3.884E+1
587.57	5.825E+1
587.90	4.126E+1
588.23	-6.554E+1
588.56	4.854E+1
588.89	0.000E+0
589.22	1.311E+2
589.56	-6.311E+1
589.89	-9.709E+0
590.22	3.884E+1
590.55	7.767E+1
590.88	5.097E+1
591.21	1.141E+2
591.54	3.398E+1
591.87	-9.709E+0
592.20	-8.253E+1
592.53	2.184E+1
592.87	9.709E+0
593.20	-1.214E+1
593.53	-3.884E+1
593.86	-1.214E+1
594.19	3.641E+1
594.52	1.019E+2
594.85	-1.699E+1
595.18	0.000E+0
595.51	-1.286E+2
595.84	2.913E+1
596.17	3.155E+1
596.50	7.282E+0
596.83	6.311E+1
597.16	-7.767E+1
597.49	-1.456E+1
597.82	4.369E+1
598.15	9.952E+1
598.48	5.583E+1
598.81	5.340E+1
599.14	3.641E+1
599.47	-1.044E+2
599.80	-2.015E+2
600.13	-3.884E+1
600.46	6.068E+1
600.79	7.282E+0
601.12	-5.097E+1
601.45	4.369E+1
601.78	1.456E+1
602.11	0.000E+0
602.44	1.529E+2
602.77	4.612E+1
603.10	-4.126E+1
603.42	4.126E+1
603.75	4.369E+1
604.08	-8.253E+1
604.41	2.427E+0
604.74	-6.554E+1
605.07	-1.942E+1
605.40	-7.282E+0
605.73	-2.670E+1
606.06	1.942E+1
606.39	-3.884E+1
606.71	3.398E+1
607.04	1.044E+2
607.37	3.155E+1
607.70	2.427E+1
608.03	5.340E+1
608.36	-6.554E+1
608.69	1.092E+2
609.02	7.039E+1
609.34	-3.641E+1
609.67	-2.427E+0
610.00	4.126E+1
610.33	1.214E+1
610.66	9.709E+0
610.98	2.670E+1
611.31	2.670E+1
611.64	4.854E+1
611.97	7.039E+1
612.30	3.398E+1
612.63	-4.369E+1
612.95	7.282E+1
613.28	8.738E+1
613.61	-5.097E+1
613.94	-4.126E+1
614.26	1.214E+1
614.59	6.554E+1
614.92	5.825E+1
615.25	9.952E+1
615.57	1.942E+1
615.90	-1.529E+2
616.23	-3.155E+1
616.56	9.709E+0
616.88	-4.854E+1
617.21	-9.709E+0
617.54	6.796E+1
617.87	2.427E+0
618.19	9.709E+0
618.52	3.398E+1
618.85	1.262E+2
619.17	3.398E+1
619.50	9.952E+1
619.83	1.456E+1
620.15	2.427E+0
620.48	-4.854E+0
620.81	5.583E+1
621.14	1.238E+2
621.46	3.155E+1
621.79	6.796E+1
622.11	2.427E+0
622.44	-1.456E+1
622.77	-3.155E+1
623.09	6.554E+1
623.42	6.311E+1
623.75	-4.854E+1
624.07	-8.010E+1
624.40	-2.427E+0
624.73	7.767E+1
625.05	5.583E+1
625.38	6.796E+1
625.70	3.398E+1
626.03	2.670E+1
626.36	-3.398E+1
626.68	1.699E+1
627.01	4.854E+0
627.33	-1.214E+1
627.66	-8.010E+1
627.99	1.699E+1
628.31	1.456E+1
628.64	-2.184E+1
628.96	1.699E+1
629.29	-5.340E+1
629.61	2.184E+1
629.94	-5.097E+1
630.26	-2.913E+1
630.59	0.000E+0
630.91	6.554E+1
631.24	0.000E+0
631.57	4.126E+1
631.89	-9.709E+0
632.22	-4.369E+1
632.54	1.578E+2
632.87	1.311E+2
633.19	1.942E+1
633.52	-4.854E+0
633.84	2.427E+0
634.16	-1.699E+1
634.49	7.524E+1
634.81	1.942E+1
635.14	-3.641E+1
635.46	-2.670E+1
635.79	4.854E+1
636.11	7.282E+1
636.44	1.553E+2
636.76	3.884E+1
637.09	-3.398E+1
637.41	3.398E+1
637.73	7.524E+1
638.06	7.767E+1
638.38	6.796E+1
638.71	-2.184E+1
639.03	7.282E+0
639.36	-5.340E+1
639.68	1.456E+1
640.00	-3.398E+1
640.33	-3.398E+1
640.65	-8.981E+1
640.97	1.238E+2
641.30	-4.612E+1
641.62	3.155E+1
641.95	2.427E+0
642.27	-3.884E+1
642.59	-3.884E+1
642.92	3.884E+1
643.24	-3.641E+1
643.56	-3.641E+1
643.89	2.913E+1
644.21	-2.913E+1
644.53	-3.398E+1
644.86	1.214E+1
645.18	-4.854E+0
645.50	3.398E+1
645.83	9.709E+1
646.15	-6.068E+1
646.47	-6.311E+1
646.80	-8.981E+1
647.12	7.039E+1
647.44	6.796E+1
647.76	1.699E+1
648.09	3.155E+1
648.41	-3.641E+1
648.73	-4.854E+0
649.05	8.253E+1
649.38	7.039E+1
649.70	7.282E+0
650.02	1.214E+1
650.34	8.010E+1
650.67	-1.092E+2
650.99	0.000E+0
651.31	2.427E+0
651.63	4.126E+1
651.96	-3.155E+1
652.28	1.456E+1
652.60	0.000E+0
652.92	8.010E+1
653.24	-8.010E+1
653.57	0.000E+0
653.89	3.641E+1
654.21	4.369E+1
654.53	-4.369E+1
654.85	-9.709E+0
655.18	-2.427E+1
655.50	-1.699E+1
655.82	2.184E+1
656.14	-2.184E+1
656.46	3.398E+1
656.78	-2.670E+1
657.10	-7.039E+1
657.43	-6.311E+1
657.75	-4.369E+1
658.07	7.282E+0
658.39	9.709E+0
658.71	-1.602E+2
659.03	-2.670E+1
659.35	-7.282E+0
659.67	-1.214E+1
659.99	1.165E+2
660.32	-2.184E+1
660.64	5.825E+1
660.96	-1.311E+2
661.28	6.068E+1
661.60	-2.427E+1
661.92	-2.184E+1
662.24	1.748E+2
662.56	-1.214E+1
662.88	-9.466E+1
663.20	-2.184E+1
663.52	5.097E+1
663.84	8.738E+1
664.16	6.796E+1
664.48	-9.709E+0
664.80	-2.670E+1
665.12	-4.369E+1
665.44	-7.282E+1
665.76	-9.709E+1
666.08	5.340E+1
666.40	1.214E+1
666.72	-1.699E+1
667.04	-3.155E+1
667.36	1.456E+1
667.68	-1.699E+1
668.00	4.854E+0
668.32	4.854E+1
668.64	-3.398E+1
668.96	2.427E+0
669.28	4.612E+1
669.60	1.214E+1
669.92	4.369E+1
670.24	7.039E+1
670.56	-6.796E+1
670.88	-7.282E+0
671.20	-5.097E+1
671.52	5.097E+1
671.84	7.039E+1
672.16	-4.854E+0
672.47	-4.854E+0
672.79	8.495E+1
673.11	-1.942E+1
673.43	4.126E+1
673.75	-2.427E+0
674.07	7.039E+1
674.39	7.282E+0
674.71	-1.456E+1
675.03	2.670E+1
675.34	-8.253E+1
675.66	-1.432E+2
675.98	-1.699E+1
676.30	-1.044E+2
676.62	2.427E+0
676.94	5.583E+1
677.25	3.884E+1
677.57	-1.214E+1
677.89	2.670E+1
678.21	8.738E+1
678.53	1.238E+2
678.85	4.854E+0
679.16	-7.039E+1
679.48	6.068E+1
679.80	9.709E+0
680.12	3.398E+1
680.44	8.010E+1
680.75	-6.311E+1
681.07	2.670E+1
681.39	-4.854E+1
681.71	-2.184E+1
682.02	-9.709E+1
682.34	-2.184E+1
682.66	-1.699E+1
682.98	6.796E+1
683.29	-5.583E+1
683.61	3.884E+1
683.93	0.000E+0
684.25	5.583E+1
684.56	5.340E+1
684.88	9.709E+0
685.20	-3.884E+1
685.51	7.282E+1
685.83	5.583E+1
686.15	1.481E+2
686.47	9.223E+1
686.78	1.117E+2
687.10	1.214E+1
687.42	-3.398E+1
687.73	-2.427E+1
688.05	2.427E+0
688.37	6.554E+1
688.68	-3.155E+1
689.00	-7.524E+1
689.32	5.097E+1
689.63	9.709E+0
689.95	9.709E+0
690.26	-8.738E+1
690.58	1.092E+2
690.90	-5.825E+1
691.21	-1.456E+1
691.53	5.340E+1
691.85	-6.796E+1
692.16	-2.427E+0
692.48	-5.825E+1
692.79	4.612E+1
693.11	-4.612E+1
693.42	5.825E+1
693.74	2.184E+1
694.06	-4.854E+0
694.37	-2.913E+1
694.69	3.884E+1
695.00	1.456E+1
695.32	-2.427E+0
695.63	5.097E+1
695.95	3.398E+1
696.26	2.913E+1
696.58	-3.641E+1
696.90	5.097E+1
697.21	-2.427E+0
697.53	-7.039E+1
697.84	-9.709E+0
698.16	2.427E+1
698.47	5.583E+1
698.79	1.942E+1
699.10	3.155E+1
699.42	4.369E+1
699.73	8.981E+1
700.05	5.340E+1
700.36	4.854E+1
700.68	1.602E+2
700.99	1.214E+1
701.30	1.359E+2
701.62	2.427E+0
701.93	8.738E+1
702.25	-1.238E+2
702.56	-6.554E+1
702.88	4.854E+1
703.19	-3.641E+1
703.50	-4.854E+0
703.82	-7.282E+0
704.13	-7.282E+0
704.45	1.456E+1
704.76	2.184E+1
705.08	-2.184E+1
705.39	4.854E+0
705.70	-5.825E+1
706.02	-6.554E+1
706.33	5.583E+1
706.64	2.670E+1
706.96	-6.068E+1
707.27	-3.398E+1
707.59	5.583E+1
707.90	2.670E+1
708.21	3.884E+1
708.53	-4.126E+1
708.84	-4.612E+1
709.15	1.214E+1
709.47	2.913E+1
709.78	6.796E+1
710.09	-1.942E+1
710.41	1.214E+1
710.72	4.126E+1
711.03	-2.427E+1
711.34	3.884E+1
711.66	9.223E+1
711.97	4.854E+0
712.28	9.709E+1
712.60	6.554E+1
712.91	-6.796E+1
713.22	-8.981E+1
713.53	7.039E+1
713.85	-4.854E+1
714.16	7.282E+0
714.47	4.369E+1
714.78	1.019E+2
715.10	4.369E+1
715.41	1.456E+1
715.72	-4.369E+1
716.03	8.981E+1
716.35	7.282E+0
716.66	-3.641E+1
716.97	-7.282E+0
717.28	-5.583E+1
717.59	-2.670E+1
717.91	-7.282E+1
718.22	6.554E+1
718.53	-3.641E+1
718.84	4.854E+1
719.15	-1.068E+2
719.46	-7.039E+1
719.78	2.427E+1
720.09	-2.670E+1
720.40	-1.019E+2
720.71	4.854E+1
721.02	-2.913E+1
721.33	4.126E+1
721.65	-1.456E+1
721.96	5.583E+1
722.27	3.884E+1
722.58	-6.796E+1
722.89	2.184E+1
723.20	-1.092E+2
723.51	-6.068E+1
723.82	-1.942E+1
724.13	-1.068E+2
724.45	3.398E+1
724.76	8.010E+1
725.07	-9.709E+0
725.38	-1.456E+1
725.69	4.854E+0
726.00	5.583E+1
726.31	-2.427E+1
726.62	-4.854E+0
726.93	2.427E+0
727.24	8.010E+1
727.55	-4.369E+1
727.86	5.097E+1
728.17	5.583E+1
728.48	1.019E+2
728.79	1.699E+1
729.10	-5.583E+1
729.41	-3.398E+1
729.72	-4.854E+0
730.03	-4.126E+1
730.34	6.068E+1
730.65	-2.670E+1
730.96	-1.699E+1
731.27	-6.068E+1
731.58	-2.670E+1
731.89	5.825E+1
732.20	2.913E+1
732.51	-4.126E+1
732.82	-5.583E+1
733.13	9.709E+0
733.44	-7.767E+1
733.75	7.767E+1
734.06	2.670E+1
734.37	-1.942E+1
734.68	-2.913E+1
734.98	-3.398E+1
735.29	6.796E+1
735.60	-6.311E+1
735.91	-4.369E+1
736.22	8.738E+1
736.53	1.384E+2
736.84	-9.709E+0
737.15	6.068E+1
737.46	-2.184E+1
737.77	-2.913E+1
738.07	6.311E+1
738.38	0.000E+0
738.69	-2.670E+1
739.00	-3.155E+1
739.31	1.456E+1
739.62	2.427E+0
739.92	3.884E+1
740.23	-1.214E+1
740.54	-1.092E+2
740.85	-9.466E+1
741.16	-9.709E+0
741.47	-5.825E+1
741.77	-3.641E+1
742.08	-9.709E+0
742.39	-7.282E+1
742.70	0.000E+0
743.01	-3.884E+1
743.31	-1.189E+2
743.62	-5.340E+1
743.93	-2.427E+0
744.24	4.369E+1
744.54	0.000E+0
744.85	-5.097E+1
745.16	4.612E+1
745.47	4.612E+1
745.77	-7.524E+1
746.08	-4.854E+0
746.39	4.854E+0
746.70	-8.495E+1
747.00	7.039E+1
747.31	-2.913E+1
747.62	4.612E+1
747.92	-2.670E+1
748.23	5.097E+1
748.54	-1.019E+2
748.84	-3.884E+1
749.15	-9.223E+1
749.46	-9.466E+1
749.76	1.165E+2
750.07	2.184E+1
750.38	7.282E+1
750.68	-2.427E+0
750.99	2.427E+0
751.30	2.427E+1
751.60	3.398E+1
751.91	-1.044E+2
752.22	5.583E+1
752.52	-1.942E+1
752.83	-2.670E+1
753.14	-1.214E+1
753.44	-9.223E+1
753.75	-5.097E+1
754.05	-4.854E+0
754.36	-4.369E+1
754.67	-4.854E+0
754.97	-7.039E+1
755.28	-5.097E+1
755.58	-4.126E+1
755.89	2.427E+0
756.19	-1.699E+1
756.50	-9.709E+0
756.81	2.184E+1
757.11	-7.524E+1
757.42	7.282E+0
757.72	9.709E+0
758.03	3.884E+1
758.33	-1.214E+1
758.64	5.825E+1
758.94	-4.126E+1
759.25	-1.019E+2
759.55	-5.825E+1
759.86	6.311E+1
760.16	5.340E+1
760.47	4.854E+0
760.77	2.427E+0
761.08	-1.942E+1
761.38	8.495E+1
761.69	2.427E+0
761.99	-4.612E+1
762.30	4.612E+1
762.60	-4.369E+1
762.91	-7.282E+1
763.21	-1.044E+2
763.51	-1.942E+1
763.82	0.000E+0
764.12	-4.612E+1
764.43	2.184E+1
764.73	-1.699E+1
765.04	-4.854E+0
765.34	-3.884E+1
765.64	7.282E+0
765.95	3.155E+1
766.25	-9.709E+0
766.56	1.044E+2
766.86	5.825E+1
767.16	-5.340E+1
767.47	-7.524E+1
767.77	-6.311E+1
768.07	2.184E+1
768.38	-1.942E+1
768.68	-1.214E+1
768.98	7.767E+1
769.29	-8.981E+1
769.59	-1.092E+2
769.89	-1.456E+1
770.20	-3.398E+1
770.50	-6.311E+1
770.80	-9.709E+1
771.11	-6.554E+1
771.41	4.126E+1
771.71	-6.554E+1
772.02	-4.612E+1
772.32	9.709E+1
772.62	2.427E+0
772.93	6.796E+1
773.23	9.223E+1
773.53	3.155E+1
773.83	-4.369E+1
774.14	2.427E+1
774.44	4.369E+1
774.74	5.583E+1
775.04	2.184E+1
775.35	-1.092E+2
775.65	-6.554E+1
775.95	-2.184E+1
776.25	-3.398E+1
776.55	-4.854E+0
776.86	5.097E+1
777.16	2.184E+1
777.46	6.311E+1
777.76	-6.068E+1
778.06	-7.039E+1
778.37	-5.583E+1
778.67	-5.825E+1
778.97	-1.189E+2
779.27	-1.651E+2
779.57	-3.641E+1
779.88	-5.340E+1
780.18	-1.456E+1
780.48	8.253E+1
780.78	9.709E+0
781.08	-8.495E+1
781.38	-3.641E+1
781.68	-5.097E+1
781.98	2.670E+1
782.29	4.854E+0
782.59	-5.825E+1
782.89	-8.010E+1
783.19	1.699E+1
783.49	4.854E+0
783.79	-2.670E+1
784.09	9.709E+0
784.39	1.019E+2
784.69	6.311E+1
784.99	6.554E+1
785.30	-3.155E+1
785.60	4.854E+0
785.90	3.155E+1
786.20	2.427E+0
786.50	8.981E+1
786.80	-6.311E+1
787.10	1.699E+1
787.40	-3.398E+1
787.70	-2.670E+1
788.00	3.641E+1
788.30	8.010E+1
788.60	-4.854E+1
788.90	-6.068E+1
789.20	-1.238E+2
789.50	9.709E+0
789.80	-2.670E+1
790.10	-5.340E+1
790.40	1.456E+1
790.70	-8.010E+1
791.00	0.000E+0
791.30	7.282E+0
791.60	-2.184E+1
791.90	3.155E+1
792.20	7.767E+1
792.50	4.854E+0
792.79	-3.398E+1
793.09	2.184E+1
793.39	1.189E+2
793.69	1.456E+1
793.99	9.952E+1
794.29	-7.282E+0
794.59	-5.825E+1
794.89	1.214E+1
795.19	-4.126E+1
795.49	-4.854E+1
795.79	5.825E+1
796.08	1.942E+1
796.38	-1.456E+1
796.68	-7.282E+0
796.98	-2.427E+1
797.28	4.369E+1
797.58	5.340E+1
797.88	-8.495E+1
798.17	-3.398E+1
798.47	-3.641E+1
798.77	1.214E+1
799.07	7.039E+1
799.37	3.641E+1
799.67	-9.952E+1
799.96	-4.126E+1
800.26	9.709E+1
800.56	0.000E+0
800.86	-6.311E+1
801.16	-2.427E+1
801.45	1.942E+1
801.75	-4.369E+1
802.05	-2.913E+1
802.35	1.214E+1
802.64	-2.670E+1
802.94	1.456E+1
803.24	5.097E+1
803.54	-8.253E+1
803.83	1.942E+1
804.13	-3.641E+1
804.43	5.583E+1
804.73	-9.709E+0
805.02	-1.699E+1
805.32	-4.854E+0
805.62	3.155E+1
805.91	-5.340E+1
806.21	-4.854E+1
806.51	5.825E+1
806.81	5.583E+1
807.10	6.554E+1
807.40	-7.039E+1
807.70	4.854E+0
807.99	9.709E+0
808.29	-2.913E+1
808.59	8.253E+1
808.88	5.097E+1
809.18	2.670E+1
809.47	-7.282E+1
809.77	-1.942E+1
810.07	-4.612E+1
810.36	-1.456E+1
810.66	3.398E+1
810.96	2.670E+1
811.25	-6.796E+1
811.55	1.456E+1
811.84	-2.427E+0
812.14	1.699E+1
812.44	-1.214E+1
812.73	-4.369E+1
813.03	-3.155E+1
813.32	-7.282E+0
813.62	8.981E+1
813.91	-5.583E+1
814.21	-1.699E+1
814.51	9.466E+1
814.80	-4.612E+1
815.10	7.767E+1
815.39	2.427E+0
815.69	-2.670E+1
815.98	1.942E+1
816.28	-7.282E+0
816.57	9.709E+0
816.87	4.854E+1
817.16	6.311E+1
817.46	3.398E+1
817.75	-2.427E+1
818.05	-8.738E+1
818.34	5.825E+1
818.64	-5.583E+1
818.93	7.282E+0
819.23	2.427E+0
819.52	-6.796E+1
819.82	-4.854E+1
820.11	7.282E+0
820.40	-7.767E+1
820.70	-7.767E+1
820.99	3.884E+1
821.29	-5.825E+1
821.58	-7.524E+1
821.88	1.942E+1
822.17	3.398E+1
822.46	-4.854E+1
822.76	0.000E+0
823.05	-3.155E+1
823.35	1.165E+2
823.64	-8.495E+1
823.93	-2.427E+1
824.23	-9.223E+1
824.52	1.214E+2
824.81	-1.456E+1
825.11	2.427E+0
825.40	4.612E+1
825.69	7.039E+1
825.99	-1.699E+1
826.28	5.097E+1
826.58	-5.340E+1
826.87	6.796E+1
827.16	-8.738E+1
827.45	-7.524E+1
827.75	1.553E+2
828.04	-8.495E+1
828.33	5.825E+1
828.63	-1.456E+1
828.92	-1.699E+1
829.21	-3.884E+1
829.51	1.699E+1
829.80	0.000E+0
830.09	-1.044E+2
830.38	-2.427E+0
830.68	4.854E+0
830.97	-7.282E+0
831.26	-5.825E+1
831.55	2.184E+1
831.85	-5.097E+1
832.14	6.554E+1
832.43	1.456E+1
832.72	1.942E+1
833.01	-7.039E+1
833.31	-3.155E+1
833.60	1.699E+1
833.89	-2.184E+1
834.18	7.767E+1
834.47	2.670E+1
834.77	-6.554E+1
835.06	1.117E+2
835.35	3.884E+1
835.64	-3.884E+1
835.93	3.641E+1
836.22	2.427E+0
836.52	-2.184E+1
836.81	-6.796E+1
837.10	-2.427E+1
837.39	6.311E+1
837.68	8.010E+1
837.97	3.155E+1
838.26	-8.253E+1
838.55	-5.583E+1
838.85	-7.282E+0
839.14	5.097E+1
839.43	0.000E+0
839.72	-6.068E+1
840.01	6.068E+1
840.30	9.223E+1
840.59	-1.214E+1
840.88	3.398E+1
841.17	4.854E+0
841.46	2.427E+1
841.75	-4.126E+1
842.04	1.044E+2
842.33	1.214E+1
842.62	-2.670E+1
842.91	-1.699E+1
843.21	-2.427E+0
843.50	7.039E+1
843.79	-4.126E+1
844.08	5.097E+1
844.37	-7.282E+0
844.66	6.796E+1
844.95	-3.884E+1
845.24	-3.884E+1
845.53	-2.427E+0
845.81	-4.612E+1
846.10	1.942E+1
846.39	5.340E+1
846.68	5.340E+1
846.97	-1.456E+1
847.26	-7.524E+1
847.55	-7.767E+1
847.84	-1.335E+2
848.13	-2.427E+0
848.42	2.427E+0
848.71	5.583E+1
849.00	-3.884E+1
849.29	-2.913E+1
849.58	1.456E+1
849.87	-4.369E+1
850.15	4.854E+0
850.44	3.398E+1
850.73	1.117E+2
851.02	-3.641E+1
851.31	-1.699E+1
851.60	4.126E+1
851.89	-1.699E+1
852.18	2.427E+0
852.46	1.068E+2
852.75	2.670E+1
853.04	-7.282E+0
853.33	-4.369E+1
853.62	-5.583E+1
853.91	-2.427E+1
854.19	-1.699E+1
854.48	-8.253E+1
854.77	2.670E+1
855.06	-8.738E+1
855.35	-1.141E+2
855.63	6.554E+1
855.92	-4.612E+1
856.21	1.456E+1
856.50	-1.456E+1
856.79	0.000E+0
857.07	1.942E+1
857.36	-1.214E+1
857.65	2.670E+1
857.94	-3.641E+1
858.22	-5.825E+1
858.51	9.709E+0
858.80	2.670E+1
859.08	4.854E+0
859.37	4.854E+0
859.66	-4.854E+0
859.95	6.311E+1
860.23	6.554E+1
860.52	5.583E+1
860.81	4.612E+1
861.09	4.126E+1
861.38	-1.092E+2
861.67	-2.184E+1
861.95	5.825E+1
862.24	3.641E+1
862.53	4.612E+1
862.81	-6.068E+1
863.10	6.068E+1
863.39	-1.117E+2
863.67	-5.097E+1
863.96	-2.427E+0
864.25	-1.699E+1
864.53	8.495E+1
864.82	-1.214E+1
865.10	-5.340E+1
865.39	3.398E+1
865.68	1.456E+1
865.96	1.699E+1
866.25	-2.913E+1
866.53	-2.913E+1
866.82	-2.913E+1