Wavelength	Intensity	Ocean Optics Flame
nm	counts
187.89	-9.709E+1
188.27	3.155E+1
188.64	4.854E+1
189.02	3.155E+1
189.40	0.000E+0
189.78	-3.884E+1
190.15	-2.913E+1
190.53	-2.427E+1
190.91	-2.670E+1
191.29	-1.942E+1
191.66	4.854E+0
192.04	3.884E+1
192.42	-1.214E+1
192.80	4.854E+1
193.17	2.427E+1
193.55	-3.641E+1
193.93	0.000E+0
194.30	-7.524E+1
194.68	-5.825E+1
195.06	1.699E+1
195.44	-1.456E+1
195.81	-6.311E+1
196.19	7.282E+0
196.57	6.311E+1
196.94	2.913E+1
197.32	-2.427E+0
197.70	1.092E+2
198.07	4.854E+1
198.45	3.155E+1
198.83	1.456E+1
199.20	-2.184E+1
199.58	-5.825E+1
199.96	-5.825E+1
200.33	-2.670E+1
200.71	-7.282E+0
201.09	1.019E+2
201.46	-1.456E+1
201.84	1.019E+2
202.22	5.825E+1
202.59	-6.554E+1
202.97	-6.068E+1
203.34	7.282E+0
203.72	1.214E+1
204.10	4.369E+1
204.47	-1.942E+1
204.85	9.709E+0
205.23	4.854E+0
205.60	-4.854E+0
205.98	-2.670E+1
206.35	-4.854E+1
206.73	3.884E+1
207.11	2.184E+1
207.48	-3.155E+1
207.86	5.583E+1
208.23	-3.398E+1
208.61	9.709E+0
208.98	1.432E+2
209.36	5.340E+1
209.74	-7.282E+0
210.11	-4.126E+1
210.49	7.282E+1
210.86	-1.699E+1
211.24	-7.282E+0
211.61	-7.282E+0
211.99	-1.942E+1
212.36	-1.699E+1
212.74	-5.097E+1
213.11	3.155E+1
213.49	4.854E+1
213.87	3.398E+1
214.24	3.155E+1
214.62	-4.854E+0
214.99	-4.854E+0
215.37	2.913E+1
215.74	-1.214E+1
216.12	-1.699E+1
216.49	-7.039E+1
216.87	1.286E+2
217.24	3.884E+1
217.62	9.709E+0
217.99	-4.126E+1
218.37	1.117E+2
218.74	-9.709E+1
219.11	-1.942E+1
219.49	-1.456E+1
219.86	2.670E+1
220.24	2.184E+1
220.61	-5.825E+1
220.99	0.000E+0
221.36	5.097E+1
221.74	-5.097E+1
222.11	-4.126E+1
222.49	-6.311E+1
222.86	-2.427E+1
223.23	5.825E+1
223.61	-6.554E+1
223.98	-5.097E+1
224.36	-2.184E+1
224.73	6.554E+1
225.11	-6.796E+1
225.48	-5.583E+1
225.85	3.641E+1
226.23	8.253E+1
226.60	2.427E+1
226.98	2.913E+1
227.35	-6.068E+1
227.72	-1.942E+1
228.10	6.554E+1
228.47	6.068E+1
228.84	-1.019E+2
229.22	2.184E+1
229.59	5.340E+1
229.97	3.641E+1
230.34	-7.282E+0
230.71	2.427E+0
231.09	-1.699E+1
231.46	-8.495E+1
231.83	2.184E+1
232.21	3.155E+1
232.58	7.039E+1
232.95	9.223E+1
233.33	-1.699E+1
233.70	4.854E+0
234.07	-1.165E+2
234.45	2.427E+1
234.82	5.097E+1
235.19	-3.155E+1
235.57	4.126E+1
235.94	2.427E+1
236.31	-2.184E+1
236.69	9.709E+0
237.06	-3.398E+1
237.43	-9.709E+0
237.80	2.427E+0
238.18	-2.670E+1
238.55	-7.767E+1
238.92	1.214E+1
239.30	-7.282E+1
239.67	-1.942E+1
240.04	1.019E+2
240.41	-2.913E+1
240.79	-1.117E+2
241.16	-9.952E+1
241.53	1.456E+1
241.90	-8.981E+1
242.28	1.456E+1
242.65	-1.699E+1
243.02	-5.097E+1
243.39	-2.184E+1
243.77	-7.282E+0
244.14	3.641E+1
244.51	-4.369E+1
244.88	-3.155E+1
245.25	-9.709E+0
245.63	-3.641E+1
246.00	1.699E+1
246.37	1.214E+1
246.74	-2.913E+1
247.11	4.854E+1
247.49	3.641E+1
247.86	-9.709E+0
248.23	4.126E+1
248.60	-2.427E+1
248.97	8.253E+1
249.35	-2.427E+0
249.72	-6.311E+1
250.09	-8.010E+1
250.46	-9.466E+1
250.83	-6.554E+1
251.20	-2.913E+1
251.58	-7.524E+1
251.95	4.854E+0
252.32	-9.709E+0
252.69	-1.092E+2
253.06	-5.340E+1
253.43	1.286E+2
253.80	-3.641E+1
254.17	-1.942E+1
254.55	-4.126E+1
254.92	-2.184E+1
255.29	-6.068E+1
255.66	-1.456E+2
256.03	-1.942E+1
256.40	-5.583E+1
256.77	-3.641E+1
257.14	-5.340E+1
257.51	-1.456E+1
257.88	-8.738E+1
258.26	-4.126E+1
258.63	9.709E+0
259.00	-1.699E+1
259.37	7.282E+0
259.74	1.456E+1
260.11	1.214E+1
260.48	2.913E+1
260.85	4.854E+1
261.22	-3.884E+1
261.59	-1.699E+1
261.96	-4.369E+1
262.33	1.456E+1
262.70	-1.553E+2
263.07	4.369E+1
263.44	-6.068E+1
263.81	-2.670E+1
264.18	4.126E+1
264.55	1.311E+2
264.92	-9.952E+1
265.29	-9.223E+1
265.66	-4.126E+1
266.03	7.282E+0
266.40	7.282E+0
266.77	2.427E+1
267.14	7.282E+0
267.51	8.253E+1
267.88	4.854E+0
268.25	5.825E+1
268.62	1.238E+2
268.99	5.340E+1
269.36	1.699E+1
269.73	-5.583E+1
270.10	4.369E+1
270.47	8.253E+1
270.84	-7.039E+1
271.21	9.709E+0
271.58	-7.282E+0
271.95	2.670E+1
272.32	-2.184E+1
272.69	6.068E+1
273.06	-4.854E+0
273.43	-7.039E+1
273.80	6.068E+1
274.17	-6.796E+1
274.53	2.184E+1
274.90	-7.039E+1
275.27	7.767E+1
275.64	-2.427E+0
276.01	-8.738E+1
276.38	-8.981E+1
276.75	7.282E+0
277.12	2.913E+1
277.49	-2.184E+1
277.86	6.311E+1
278.22	-4.854E+1
278.59	1.699E+1
278.96	-3.884E+1
279.33	3.398E+1
279.70	5.097E+1
280.07	6.796E+1
280.44	-2.427E+0
280.80	-7.767E+1
281.17	8.981E+1
281.54	-7.767E+1
281.91	0.000E+0
282.28	4.369E+1
282.65	-6.311E+1
283.02	8.738E+1
283.38	2.913E+1
283.75	7.767E+1
284.12	1.214E+1
284.49	-3.155E+1
284.86	-4.854E+1
285.22	2.913E+1
285.59	4.854E+1
285.96	2.184E+1
286.33	8.738E+1
286.70	1.456E+1
287.06	3.398E+1
287.43	-4.369E+1
287.80	-4.854E+0
288.17	-6.796E+1
288.53	9.466E+1
288.90	-1.699E+1
289.27	2.427E+0
289.64	7.282E+0
290.01	5.825E+1
290.37	-2.184E+1
290.74	3.398E+1
291.11	1.359E+2
291.48	-1.456E+1
291.84	-1.019E+2
292.21	-1.214E+1
292.58	-1.214E+1
292.94	-1.942E+1
293.31	6.554E+1
293.68	-3.155E+1
294.05	-5.583E+1
294.41	-9.709E+0
294.78	-7.282E+1
295.15	4.126E+1
295.51	1.311E+2
295.88	5.825E+1
296.25	1.456E+1
296.61	6.068E+1
296.98	-7.039E+1
297.35	4.612E+1
297.72	1.456E+1
298.08	4.126E+1
298.45	-4.854E+0
298.82	-7.282E+0
299.18	4.854E+1
299.55	4.126E+1
299.91	8.738E+1
300.28	3.155E+1
300.65	6.068E+1
301.01	1.019E+2
301.38	-8.738E+1
301.75	-9.709E+0
302.11	3.641E+1
302.48	7.282E+0
302.85	5.583E+1
303.21	-5.340E+1
303.58	4.854E+0
303.94	4.369E+1
304.31	-2.427E+0
304.68	-9.466E+1
305.04	-3.641E+1
305.41	-3.641E+1
305.77	7.039E+1
306.14	-9.223E+1
306.51	5.097E+1
306.87	-7.282E+0
307.24	-1.214E+1
307.60	4.612E+1
307.97	5.583E+1
308.33	5.583E+1
308.70	3.398E+1
309.07	5.340E+1
309.43	3.155E+1
309.80	1.384E+2
310.16	4.126E+1
310.53	1.699E+1
310.89	-2.427E+0
311.26	6.554E+1
311.62	-4.126E+1
311.99	3.155E+1
312.35	-2.427E+0
312.72	6.068E+1
313.08	2.670E+1
313.45	-4.854E+0
313.81	5.825E+1
314.18	7.282E+0
314.54	6.796E+1
314.91	-7.282E+1
315.27	3.155E+1
315.64	7.767E+1
316.00	-1.456E+1
316.37	-4.854E+0
316.73	3.641E+1
317.10	4.612E+1
317.46	7.767E+1
317.83	2.184E+1
318.19	-6.554E+1
318.56	9.709E+0
318.92	-1.942E+1
319.28	1.942E+1
319.65	5.340E+1
320.01	7.282E+1
320.38	9.709E+1
320.74	2.913E+1
321.11	2.913E+1
321.47	-5.583E+1
321.83	2.184E+1
322.20	0.000E+0
322.56	3.398E+1
322.93	4.854E+0
323.29	-4.854E+0
323.66	0.000E+0
324.02	9.709E+1
324.38	3.155E+1
324.75	9.952E+1
325.11	2.184E+1
325.47	-2.427E+1
325.84	-9.709E+0
326.20	9.709E+0
326.57	-2.913E+1
326.93	1.141E+2
327.29	-2.427E+0
327.66	-1.699E+2
328.02	2.427E+1
328.38	0.000E+0
328.75	3.398E+1
329.11	8.253E+1
329.47	2.427E+0
329.84	1.699E+1
330.20	-8.738E+1
330.56	1.335E+2
330.93	6.068E+1
331.29	-2.427E+1
331.65	4.854E+0
332.02	5.340E+1
332.38	-3.155E+1
332.74	2.670E+1
333.10	7.282E+0
333.47	1.699E+1
333.83	-3.155E+1
334.19	-7.039E+1
334.56	6.311E+1
334.92	1.214E+1
335.28	-7.282E+0
335.64	1.456E+1
336.01	3.641E+1
336.37	-3.641E+1
336.73	9.709E+0
337.09	4.854E+1
337.46	-2.427E+0
337.82	-3.641E+1
338.18	1.408E+2
338.54	1.456E+1
338.91	4.369E+1
339.27	-1.456E+1
339.63	7.524E+1
339.99	1.699E+1
340.36	9.952E+1
340.72	7.282E+0
341.08	-3.641E+1
341.44	-2.913E+1
341.80	9.709E+0
342.17	2.913E+1
342.53	-3.641E+1
342.89	3.884E+1
343.25	1.456E+1
343.61	2.913E+1
343.98	4.369E+1
344.34	-3.884E+1
344.70	2.427E+1
345.06	2.670E+1
345.42	0.000E+0
345.78	1.214E+1
346.14	-6.311E+1
346.51	-1.699E+1
346.87	2.670E+1
347.23	9.709E+0
347.59	-7.282E+0
347.95	3.155E+1
348.31	1.214E+1
348.67	-7.282E+1
349.04	-1.165E+2
349.40	-1.699E+1
349.76	6.554E+1
350.12	-3.641E+1
350.48	2.427E+0
350.84	-9.709E+0
351.20	4.369E+1
351.56	-3.641E+1
351.92	-5.340E+1
352.28	2.427E+1
352.65	4.854E+0
353.01	4.126E+1
353.37	-4.854E+1
353.73	4.612E+1
354.09	8.010E+1
354.45	4.612E+1
354.81	8.253E+1
355.17	2.427E+1
355.53	3.884E+1
355.89	-1.456E+1
356.25	7.524E+1
356.61	-3.641E+1
356.97	-2.427E+0
357.33	1.456E+1
357.69	-2.184E+1
358.05	5.583E+1
358.41	-9.709E+0
358.77	2.184E+1
359.13	-6.068E+1
359.49	2.913E+1
359.85	4.369E+1
360.21	9.709E+0
360.57	4.612E+1
360.93	2.427E+0
361.29	-2.427E+1
361.65	-3.641E+1
362.01	9.709E+0
362.37	1.214E+1
362.73	-7.282E+0
363.09	-7.282E+0
363.45	1.699E+1
363.81	2.913E+1
364.17	-5.097E+1
364.53	2.184E+1
364.89	2.184E+1
365.25	-2.427E+0
365.61	1.942E+1
365.97	4.854E+0
366.33	9.223E+1
366.69	3.398E+1
367.05	1.456E+1
367.40	-2.913E+1
367.76	1.141E+2
368.12	1.141E+2
368.48	8.495E+1
368.84	1.141E+2
369.20	4.854E+0
369.56	2.913E+1
369.92	1.675E+2
370.28	8.010E+1
370.63	6.796E+1
370.99	1.092E+2
371.35	5.825E+1
371.71	2.184E+1
372.07	1.456E+1
372.43	2.427E+1
372.79	1.214E+1
373.15	1.456E+2
373.50	1.626E+2
373.86	8.981E+1
374.22	8.495E+1
374.58	1.990E+2
374.94	5.825E+1
375.30	1.214E+2
375.65	1.092E+2
376.01	5.583E+1
376.37	1.432E+2
376.73	1.942E+1
377.09	2.209E+2
377.44	7.039E+1
377.80	1.117E+2
378.16	-7.282E+0
378.52	1.359E+2
378.88	3.884E+1
379.23	-2.427E+0
379.59	8.010E+1
379.95	5.583E+1
380.31	1.408E+2
380.66	1.505E+2
381.02	8.253E+1
381.38	1.772E+2
381.74	1.408E+2
382.09	3.641E+1
382.45	1.141E+2
382.81	1.189E+2
383.17	2.209E+2
383.52	2.451E+2
383.88	2.209E+2
384.24	1.238E+2
384.60	2.743E+2
384.95	1.942E+2
385.31	3.301E+2
385.67	2.573E+2
386.02	3.252E+2
386.38	3.665E+2
386.74	4.223E+2
387.10	4.320E+2
387.45	4.151E+2
387.81	3.956E+2
388.17	3.956E+2
388.52	6.432E+2
388.88	6.335E+2
389.24	6.626E+2
389.59	7.767E+2
389.95	8.083E+2
390.31	8.544E+2
390.66	9.539E+2
391.02	1.092E+3
391.38	1.228E+3
391.73	1.374E+3
392.09	1.447E+3
392.44	1.636E+3
392.80	1.755E+3
393.16	1.905E+3
393.51	2.114E+3
393.87	2.121E+3
394.23	2.352E+3
394.58	2.728E+3
394.94	2.796E+3
395.29	3.282E+3
395.65	3.517E+3
396.01	3.828E+3
396.36	3.956E+3
396.72	4.219E+3
397.07	4.655E+3
397.43	5.206E+3
397.78	5.549E+3
398.14	5.969E+3
398.50	6.663E+3
398.85	6.964E+3
399.21	7.607E+3
399.56	8.221E+3
399.92	8.743E+3
400.27	9.505E+3
400.63	9.760E+3
400.98	1.064E+4
401.34	1.161E+4
401.69	1.219E+4
402.05	1.295E+4
402.40	1.402E+4
402.76	1.479E+4
403.11	1.582E+4
403.47	1.702E+4
403.82	1.767E+4
404.18	1.832E+4
404.53	1.913E+4
404.89	2.055E+4
405.24	2.177E+4
405.60	2.269E+4
405.95	2.426E+4
406.31	2.596E+4
406.66	2.691E+4
407.02	2.754E+4
407.37	2.881E+4
407.73	3.003E+4
408.08	3.167E+4
408.44	3.200E+4
408.79	3.332E+4
409.14	3.494E+4
409.50	3.592E+4
409.85	3.672E+4
410.21	3.819E+4
410.56	3.942E+4
410.92	4.025E+4
411.27	4.119E+4
411.62	4.265E+4
411.98	4.274E+4
412.33	4.275E+4
412.69	4.302E+4
413.04	4.258E+4
413.39	4.260E+4
413.75	4.244E+4
414.10	4.222E+4
414.45	4.119E+4
414.81	4.070E+4
415.16	4.084E+4
415.52	3.924E+4
415.87	3.900E+4
416.22	3.691E+4
416.58	3.594E+4
416.93	3.518E+4
417.28	3.297E+4
417.64	3.172E+4
417.99	3.025E+4
418.34	2.818E+4
418.70	2.648E+4
419.05	2.465E+4
419.40	2.313E+4
419.76	2.163E+4
420.11	2.061E+4
420.46	1.939E+4
420.81	1.806E+4
421.17	1.724E+4
421.52	1.593E+4
421.87	1.520E+4
422.23	1.427E+4
422.58	1.321E+4
422.93	1.238E+4
423.28	1.176E+4
423.64	1.150E+4
423.99	1.070E+4
424.34	1.011E+4
424.69	9.845E+3
425.05	9.083E+3
425.40	8.617E+3
425.75	8.185E+3
426.10	7.779E+3
426.46	7.558E+3
426.81	7.289E+3
427.16	6.852E+3
427.51	6.626E+3
427.87	6.359E+3
428.22	5.935E+3
428.57	5.786E+3
428.92	5.367E+3
429.27	5.284E+3
429.63	4.791E+3
429.98	4.721E+3
430.33	4.432E+3
430.68	4.182E+3
431.03	4.109E+3
431.38	3.901E+3
431.74	3.629E+3
432.09	3.522E+3
432.44	3.303E+3
432.79	3.209E+3
433.14	2.903E+3
433.49	2.670E+3
433.85	2.745E+3
434.20	2.505E+3
434.55	2.410E+3
434.90	2.306E+3
435.25	2.039E+3
435.60	2.012E+3
435.95	1.893E+3
436.30	1.820E+3
436.66	1.799E+3
437.01	1.680E+3
437.36	1.626E+3
437.71	1.563E+3
438.06	1.546E+3
438.41	1.532E+3
438.76	1.354E+3
439.11	1.376E+3
439.46	1.364E+3
439.81	1.218E+3
440.16	1.262E+3
440.52	1.085E+3
440.87	1.046E+3
441.22	1.177E+3
441.57	1.075E+3
441.92	1.010E+3
442.27	1.032E+3
442.62	9.927E+2
442.97	9.126E+2
443.32	8.058E+2
443.67	8.495E+2
444.02	9.078E+2
444.37	7.524E+2
444.72	7.282E+2
445.07	7.379E+2
445.42	6.966E+2
445.77	6.723E+2
446.12	5.704E+2
446.47	5.583E+2
446.82	5.388E+2
447.17	5.413E+2
447.52	4.369E+2
447.87	5.850E+2
448.22	4.442E+2
448.57	4.393E+2
448.92	5.121E+2
449.27	4.418E+2
449.62	3.859E+2
449.97	4.563E+2
450.32	2.913E+2
450.66	4.369E+2
451.01	3.617E+2
451.36	4.393E+2
451.71	2.767E+2
452.06	2.573E+2
452.41	3.447E+2
452.76	3.544E+2
453.11	2.597E+2
453.46	1.432E+2
453.81	2.063E+2
454.16	3.131E+2
454.51	1.820E+2
454.85	3.301E+2
455.20	2.670E+2
455.55	1.820E+2
455.90	2.961E+2
456.25	7.524E+1
456.60	2.573E+2
456.95	1.432E+2
457.30	1.019E+2
457.64	2.209E+2
457.99	1.117E+2
458.34	1.869E+2
458.69	1.189E+2
459.04	7.282E+0
459.39	1.505E+2
459.73	8.981E+1
460.08	7.524E+1
460.43	1.553E+2
460.78	1.141E+2
461.13	1.578E+2
461.48	1.432E+2
461.82	1.068E+2
462.17	1.505E+2
462.52	1.675E+2
462.87	1.214E+1
463.21	8.253E+1
463.56	1.311E+2
463.91	4.612E+1
464.26	2.184E+1
464.61	6.554E+1
464.95	6.068E+1
465.30	-7.282E+0
465.65	2.184E+1
466.00	7.282E+0
466.34	1.942E+1
466.69	1.286E+2
467.04	1.286E+2
467.39	1.311E+2
467.73	4.369E+1
468.08	3.398E+1
468.43	1.942E+1
468.77	1.019E+2
469.12	3.641E+1
469.47	1.384E+2
469.82	1.189E+2
470.16	1.456E+1
470.51	1.432E+2
470.86	1.262E+2
471.20	1.675E+2
471.55	9.709E+1
471.90	2.184E+1
472.24	4.612E+1
472.59	1.068E+2
472.94	1.651E+2
473.28	8.738E+1
473.63	-7.282E+1
473.98	7.524E+1
474.32	9.709E+1
474.67	1.359E+2
475.02	6.311E+1
475.36	5.097E+1
475.71	6.068E+1
476.06	6.311E+1
476.40	9.709E+1
476.75	4.612E+1
477.09	3.641E+1
477.44	2.670E+1
477.79	2.427E+0
478.13	9.709E+1
478.48	2.184E+1
478.82	5.583E+1
479.17	9.952E+1
479.52	1.578E+2
479.86	-4.854E+0
480.21	-1.942E+1
480.55	4.126E+1
480.90	-2.670E+1
481.24	7.282E+1
481.59	8.495E+1
481.94	1.359E+2
482.28	5.340E+1
482.63	5.097E+1
482.97	1.214E+1
483.32	1.699E+1
483.66	3.884E+1
484.01	9.466E+1
484.35	1.068E+2
484.70	3.155E+1
485.04	-8.495E+1
485.39	5.825E+1
485.73	3.155E+1
486.08	6.311E+1
486.42	1.942E+1
486.77	1.699E+1
487.11	4.854E+1
487.46	1.189E+2
487.80	9.952E+1
488.15	4.854E+1
488.49	-4.126E+1
488.84	-1.214E+2
489.18	-1.019E+2
489.53	3.641E+1
489.87	4.854E+1
490.21	1.117E+2
490.56	-5.097E+1
490.90	7.282E+0
491.25	6.068E+1
491.59	-6.796E+1
491.94	-2.670E+1
492.28	9.952E+1
492.62	6.796E+1
492.97	-9.709E+0
493.31	3.398E+1
493.66	4.612E+1
494.00	0.000E+0
494.34	-4.854E+1
494.69	9.223E+1
495.03	5.583E+1
495.38	-2.913E+1
495.72	2.913E+1
496.06	5.825E+1
496.41	6.068E+1
496.75	3.398E+1
497.09	2.427E+1
497.44	2.427E+1
497.78	8.738E+1
498.13	-6.796E+1
498.47	-2.427E+0
498.81	-2.184E+1
499.16	3.155E+1
499.50	6.311E+1
499.84	-7.767E+1
500.19	6.796E+1
500.53	7.039E+1
500.87	1.189E+2
501.21	7.039E+1
501.56	9.709E+0
501.90	2.427E+1
502.24	8.981E+1
502.59	6.554E+1
502.93	3.884E+1
503.27	2.427E+1
503.61	2.184E+1
503.96	9.466E+1
504.30	-8.253E+1
504.64	-2.427E+1
504.99	-4.612E+1
505.33	5.340E+1
505.67	-6.311E+1
506.01	1.044E+2
506.36	7.282E+0
506.70	9.952E+1
507.04	4.126E+1
507.38	-3.155E+1
507.72	-4.612E+1
508.07	1.238E+2
508.41	8.981E+1
508.75	6.068E+1
509.09	-5.583E+1
509.44	-1.214E+1
509.78	5.340E+1
510.12	8.495E+1
510.46	7.282E+1
510.80	1.044E+2
511.14	1.262E+2
511.49	5.583E+1
511.83	7.767E+1
512.17	-1.214E+1
512.51	1.117E+2
512.85	1.651E+2
513.19	1.942E+1
513.54	8.738E+1
513.88	-2.670E+1
514.22	4.126E+1
514.56	-2.913E+1
514.90	0.000E+0
515.24	1.165E+2
515.58	1.456E+1
515.93	-3.884E+1
516.27	8.253E+1
516.61	3.398E+1
516.95	9.223E+1
517.29	5.097E+1
517.63	-4.369E+1
517.97	5.097E+1
518.31	-1.214E+1
518.65	2.427E+0
518.99	1.189E+2
519.33	7.282E+0
519.67	-1.699E+1
520.02	2.184E+1
520.36	2.913E+1
520.70	-5.583E+1
521.04	-8.253E+1
521.38	1.578E+2
521.72	1.141E+2
522.06	1.942E+1
522.40	6.068E+1
522.74	5.097E+1
523.08	2.427E+1
523.42	0.000E+0
523.76	-2.427E+1
524.10	-3.884E+1
524.44	-2.427E+1
524.78	-7.282E+0
525.12	4.854E+1
525.46	7.282E+0
525.80	-5.825E+1
526.14	7.282E+0
526.48	-6.796E+1
526.82	1.456E+1
527.16	1.214E+2
527.50	-7.767E+1
527.84	4.612E+1
528.18	-3.884E+1
528.52	3.155E+1
528.86	7.039E+1
529.20	-4.854E+0
529.54	4.854E+0
529.87	1.262E+2
530.21	3.884E+1
530.55	-4.369E+1
530.89	-2.184E+1
531.23	-5.583E+1
531.57	9.223E+1
531.91	7.282E+1
532.25	1.214E+1
532.59	-9.709E+0
532.93	-4.126E+1
533.27	7.282E+0
533.60	7.524E+1
533.94	1.699E+1
534.28	-7.282E+1
534.62	-3.155E+1
534.96	7.767E+1
535.30	7.282E+0
535.64	9.223E+1
535.98	1.286E+2
536.31	6.796E+1
536.65	-2.427E+1
536.99	4.126E+1
537.33	5.097E+1
537.67	-1.456E+1
538.01	9.709E+0
538.34	4.612E+1
538.68	-6.068E+1
539.02	1.165E+2
539.36	3.155E+1
539.70	-9.709E+0
540.03	4.854E+0
540.37	2.184E+1
540.71	4.369E+1
541.05	4.612E+1
541.39	2.427E+1
541.72	5.097E+1
542.06	1.456E+1
542.40	9.466E+1
542.74	3.155E+1
543.07	5.583E+1
543.41	2.427E+0
543.75	2.184E+1
544.09	-1.068E+2
544.42	6.311E+1
544.76	-1.214E+1
545.10	9.709E+0
545.44	5.097E+1
545.77	9.709E+0
546.11	7.524E+1
546.45	5.825E+1
546.78	-5.340E+1
547.12	1.699E+1
547.46	7.282E+1
547.80	4.854E+0
548.13	3.398E+1
548.47	4.612E+1
548.81	-4.612E+1
549.14	-1.214E+1
549.48	2.670E+1
549.82	-5.097E+1
550.15	1.456E+1
550.49	9.466E+1
550.83	0.000E+0
551.16	8.253E+1
551.50	2.184E+1
551.84	3.155E+1
552.17	-2.427E+1
552.51	3.884E+1
552.84	-7.282E+0
553.18	1.092E+2
553.52	-1.699E+1
553.85	5.097E+1
554.19	3.398E+1
554.53	6.311E+1
554.86	3.398E+1
555.20	1.262E+2
555.53	3.155E+1
555.87	1.529E+2
556.20	9.952E+1
556.54	3.155E+1
556.88	2.913E+1
557.21	5.825E+1
557.55	1.699E+1
557.88	-1.942E+1
558.22	4.126E+1
558.55	1.942E+1
558.89	-1.456E+1
559.23	6.554E+1
559.56	-1.942E+1
559.90	7.039E+1
560.23	-1.456E+1
560.57	-3.155E+1
560.90	1.092E+2
561.24	4.854E+0
561.57	5.097E+1
561.91	7.039E+1
562.24	-2.670E+1
562.58	9.223E+1
562.91	-7.282E+0
563.25	-2.184E+1
563.58	1.699E+1
563.92	4.369E+1
564.25	-2.427E+0
564.59	9.466E+1
564.92	1.262E+2
565.25	-9.709E+0
565.59	1.699E+1
565.92	5.583E+1
566.26	4.854E+0
566.59	1.165E+2
566.93	5.825E+1
567.26	3.641E+1
567.60	-7.039E+1
567.93	1.214E+1
568.26	-1.311E+2
568.60	0.000E+0
568.93	9.709E+0
569.27	4.369E+1
569.60	8.981E+1
569.93	2.670E+1
570.27	1.942E+1
570.60	1.068E+2
570.94	1.092E+2
571.27	2.427E+0
571.60	-1.456E+1
571.94	-9.709E+1
572.27	2.427E+1
572.60	-4.126E+1
572.94	-4.854E+0
573.27	3.155E+1
573.60	1.602E+2
573.94	2.184E+1
574.27	3.155E+1
574.60	8.010E+1
574.94	1.214E+1
575.27	2.670E+1
575.60	2.670E+1
575.94	1.699E+1
576.27	1.044E+2
576.60	4.854E+1
576.94	-2.670E+1
577.27	3.155E+1
577.60	-4.369E+1
577.94	8.495E+1
578.27	4.369E+1
578.60	-7.282E+0
578.93	2.427E+1
579.27	4.126E+1
579.60	-1.214E+1
579.93	1.238E+2
580.26	4.854E+0
580.60	1.699E+1
580.93	1.092E+2
581.26	-6.554E+1
581.59	-4.854E+1
581.93	7.282E+0
582.26	-1.456E+1
582.59	7.767E+1
582.92	6.796E+1
583.25	-6.796E+1
583.59	-4.854E+1
583.92	7.282E+0
584.25	4.854E+0
584.58	-5.340E+1
584.91	1.214E+2
585.25	0.000E+0
585.58	-4.126E+1
585.91	-7.524E+1
586.24	5.097E+1
586.57	9.466E+1
586.90	4.854E+0
587.24	2.184E+1
587.57	1.214E+1
587.90	2.427E+1
588.23	-2.913E+1
588.56	3.155E+1
588.89	-7.039E+1
589.22	9.709E+1
589.56	6.068E+1
589.89	7.767E+1
590.22	4.126E+1
590.55	-1.456E+1
590.88	2.913E+1
591.21	2.184E+1
591.54	1.456E+1
591.87	8.253E+1
592.20	1.699E+1
592.53	4.369E+1
592.87	6.068E+1
593.20	7.039E+1
593.53	-4.126E+1
593.86	1.117E+2
594.19	8.495E+1
594.52	-1.408E+2
594.85	3.884E+1
595.18	0.000E+0
595.51	1.699E+1
595.84	6.311E+1
596.17	7.282E+0
596.50	-5.825E+1
596.83	-2.913E+1
597.16	-7.282E+0
597.49	3.641E+1
597.82	2.670E+1
598.15	4.854E+1
598.48	-5.340E+1
598.81	7.767E+1
599.14	5.340E+1
599.47	-1.019E+2
599.80	6.796E+1
600.13	5.583E+1
600.46	9.709E+0
600.79	-3.155E+1
601.12	-4.612E+1
601.45	3.884E+1
601.78	6.554E+1
602.11	7.282E+1
602.44	-4.612E+1
602.77	1.699E+1
603.10	-3.398E+1
603.42	5.097E+1
603.75	7.524E+1
604.08	-1.311E+2
604.41	1.456E+1
604.74	5.583E+1
605.07	2.015E+2
605.40	8.010E+1
605.73	2.670E+1
606.06	-6.554E+1
606.39	4.854E+0
606.71	1.165E+2
607.04	3.884E+1
607.37	7.524E+1
607.70	1.456E+1
608.03	-1.384E+2
608.36	3.884E+1
608.69	2.913E+1
609.02	1.942E+1
609.34	1.699E+1
609.67	-4.126E+1
610.00	-3.398E+1
610.33	6.796E+1
610.66	5.340E+1
610.98	1.456E+1
611.31	4.854E+1
611.64	8.495E+1
611.97	1.456E+1
612.30	2.670E+1
612.63	1.699E+1
612.95	1.456E+1
613.28	-8.738E+1
613.61	7.039E+1
613.94	2.427E+0
614.26	4.612E+1
614.59	5.583E+1
614.92	4.369E+1
615.25	-4.612E+1
615.57	-5.583E+1
615.90	4.854E+0
616.23	-5.097E+1
616.56	-1.699E+1
616.88	1.238E+2
617.21	5.340E+1
617.54	2.670E+1
617.87	1.044E+2
618.19	-9.709E+1
618.52	7.767E+1
618.85	-1.189E+2
619.17	7.767E+1
619.50	2.184E+1
619.83	-5.340E+1
620.15	5.825E+1
620.48	5.097E+1
620.81	1.359E+2
621.14	3.155E+1
621.46	4.126E+1
621.79	1.068E+2
622.11	-2.427E+0
622.44	4.369E+1
622.77	2.427E+1
623.09	2.913E+1
623.42	-5.825E+1
623.75	-2.913E+1
624.07	-2.184E+1
624.40	-1.214E+1
624.73	-6.796E+1
625.05	-1.456E+1
625.38	-2.427E+1
625.70	-3.641E+1
626.03	6.796E+1
626.36	9.709E+0
626.68	-2.184E+1
627.01	-5.097E+1
627.33	9.709E+0
627.66	3.884E+1
627.99	1.117E+2
628.31	-2.670E+1
628.64	-6.311E+1
628.96	-3.884E+1
629.29	-3.884E+1
629.61	-1.214E+1
629.94	-2.427E+1
630.26	2.427E+0
630.59	-3.398E+1
630.91	1.456E+1
631.24	-3.641E+1
631.57	6.068E+1
631.89	2.913E+1
632.22	3.641E+1
632.54	8.495E+1
632.87	6.554E+1
633.19	1.505E+2
633.52	4.369E+1
633.84	-6.311E+1
634.16	7.282E+0
634.49	-7.767E+1
634.81	9.466E+1
635.14	-2.670E+1
635.46	7.039E+1
635.79	4.369E+1
636.11	5.340E+1
636.44	1.699E+1
636.76	3.641E+1
637.09	2.427E+1
637.41	7.524E+1
637.73	6.554E+1
638.06	-6.796E+1
638.38	2.427E+1
638.71	-9.466E+1
639.03	-4.854E+0
639.36	-5.340E+1
639.68	5.340E+1
640.00	8.010E+1
640.33	2.670E+1
640.65	-2.427E+0
640.97	-3.641E+1
641.30	-9.952E+1
641.62	-4.369E+1
641.95	2.427E+0
642.27	-4.854E+0
642.59	-4.612E+1
642.92	-4.126E+1
643.24	-2.184E+1
643.56	-1.942E+1
643.89	1.699E+1
644.21	7.767E+1
644.53	-5.825E+1
644.86	-8.738E+1
645.18	1.456E+1
645.50	4.612E+1
645.83	4.854E+0
646.15	5.340E+1
646.47	-8.738E+1
646.80	5.583E+1
647.12	4.126E+1
647.44	3.155E+1
647.76	7.039E+1
648.09	4.369E+1
648.41	6.796E+1
648.73	-1.214E+1
649.05	-3.398E+1
649.38	3.155E+1
649.70	9.952E+1
650.02	8.738E+1
650.34	1.214E+1
650.67	-3.155E+1
650.99	-2.427E+1
651.31	2.427E+0
651.63	2.913E+1
651.96	7.282E+0
652.28	4.854E+0
652.60	-2.184E+1
652.92	3.398E+1
653.24	9.709E+0
653.57	-1.238E+2
653.89	7.039E+1
654.21	6.554E+1
654.53	5.583E+1
654.85	-4.854E+0
655.18	2.184E+1
655.50	-7.524E+1
655.82	8.738E+1
656.14	1.942E+1
656.46	5.097E+1
656.78	-6.796E+1
657.10	3.398E+1
657.43	6.311E+1
657.75	5.340E+1
658.07	7.282E+1
658.39	5.340E+1
658.71	-4.612E+1
659.03	1.699E+1
659.35	-3.641E+1
659.67	-1.699E+1
659.99	4.126E+1
660.32	1.019E+2
660.64	9.709E+1
660.96	-1.214E+1
661.28	3.641E+1
661.60	-4.854E+0
661.92	-2.184E+1
662.24	9.709E+1
662.56	5.825E+1
662.88	6.311E+1
663.20	2.427E+0
663.52	1.942E+1
663.84	0.000E+0
664.16	1.456E+1
664.48	-2.670E+1
664.80	-2.427E+1
665.12	2.913E+1
665.44	5.825E+1
665.76	3.641E+1
666.08	-5.583E+1
666.40	3.155E+1
666.72	4.854E+0
667.04	0.000E+0
667.36	8.010E+1
667.68	7.282E+0
668.00	9.709E+0
668.32	-3.155E+1
668.64	-1.456E+1
668.96	1.068E+2
669.28	8.010E+1
669.60	-3.398E+1
669.92	-4.126E+1
670.24	-3.155E+1
670.56	3.884E+1
670.88	2.427E+1
671.20	7.524E+1
671.52	3.155E+1
671.84	-5.340E+1
672.16	-4.369E+1
672.47	-7.524E+1
672.79	-4.126E+1
673.11	-7.524E+1
673.43	2.427E+0
673.75	-2.427E+0
674.07	1.699E+1
674.39	0.000E+0
674.71	1.699E+1
675.03	-9.709E+0
675.34	-2.427E+1
675.66	1.044E+2
675.98	0.000E+0
676.30	4.854E+0
676.62	1.942E+1
676.94	-1.214E+1
677.25	-8.738E+1
677.57	-4.369E+1
677.89	-2.427E+0
678.21	-1.456E+1
678.53	1.699E+1
678.85	9.709E+1
679.16	-6.554E+1
679.48	4.854E+1
679.80	-1.214E+1
680.12	-2.427E+0
680.44	1.214E+2
680.75	-8.738E+1
681.07	-3.884E+1
681.39	-5.583E+1
681.71	2.913E+1
682.02	-2.184E+1
682.34	-8.253E+1
682.66	0.000E+0
682.98	9.709E+0
683.29	6.796E+1
683.61	-1.384E+2
683.93	1.214E+1
684.25	-4.854E+0
684.56	3.398E+1
684.88	-2.427E+1
685.20	1.019E+2
685.51	3.155E+1
685.83	-6.068E+1
686.15	1.214E+1
686.47	-2.427E+0
686.78	7.524E+1
687.10	7.767E+1
687.42	1.456E+1
687.73	4.612E+1
688.05	2.184E+1
688.37	-5.583E+1
688.68	3.884E+1
689.00	2.427E+0
689.32	-2.427E+0
689.63	-2.913E+1
689.95	2.427E+0
690.26	2.427E+1
690.58	-4.126E+1
690.90	7.524E+1
691.21	-7.282E+1
691.53	-7.282E+0
691.85	-6.554E+1
692.16	8.738E+1
692.48	1.044E+2
692.79	7.282E+0
693.11	2.670E+1
693.42	-2.427E+1
693.74	-6.311E+1
694.06	6.554E+1
694.37	3.641E+1
694.69	1.942E+1
695.00	-1.214E+1
695.32	2.427E+0
695.63	-1.214E+1
695.95	1.456E+1
696.26	9.709E+1
696.58	-9.709E+1
696.90	-2.913E+1
697.21	3.155E+1
697.53	-1.189E+2
697.84	9.709E+0
698.16	-2.913E+1
698.47	-1.456E+1
698.79	2.427E+1
699.10	4.369E+1
699.42	1.262E+2
699.73	4.369E+1
700.05	-8.495E+1
700.36	7.039E+1
700.68	-3.155E+1
700.99	-4.369E+1
701.30	4.126E+1
701.62	3.398E+1
701.93	-4.854E+0
702.25	-9.709E+1
702.56	-3.155E+1
702.88	-3.155E+1
703.19	3.641E+1
703.50	2.670E+1
703.82	2.427E+1
704.13	2.670E+1
704.45	7.282E+0
704.76	6.796E+1
705.08	-5.097E+1
705.39	-7.282E+0
705.70	-5.340E+1
706.02	-8.253E+1
706.33	4.369E+1
706.64	4.854E+1
706.96	-2.184E+1
707.27	1.529E+2
707.59	-9.466E+1
707.90	-5.583E+1
708.21	-4.854E+0
708.53	7.282E+0
708.84	-2.913E+1
709.15	-8.010E+1
709.47	-7.039E+1
709.78	-2.427E+0
710.09	-8.495E+1
710.41	-3.884E+1
710.72	4.612E+1
711.03	3.884E+1
711.34	-4.369E+1
711.66	4.854E+0
711.97	4.854E+1
712.28	-4.854E+0
712.60	8.253E+1
712.91	8.495E+1
713.22	1.214E+1
713.53	3.398E+1
713.85	7.524E+1
714.16	7.524E+1
714.47	3.155E+1
714.78	3.884E+1
715.10	-8.981E+1
715.41	0.000E+0
715.72	-1.699E+1
716.03	-1.214E+1
716.35	-1.311E+2
716.66	3.641E+1
716.97	1.456E+1
717.28	-1.214E+1
717.59	7.767E+1
717.91	4.126E+1
718.22	-4.854E+0
718.53	2.427E+0
718.84	9.709E+0
719.15	3.884E+1
719.46	-4.854E+1
719.78	-1.214E+1
720.09	7.282E+0
720.40	-3.884E+1
720.71	-4.854E+0
721.02	5.340E+1
721.33	2.427E+0
721.65	-1.699E+1
721.96	-9.709E+1
722.27	3.641E+1
722.58	7.282E+0
722.89	-4.369E+1
723.20	2.427E+1
723.51	5.340E+1
723.82	-4.612E+1
724.13	5.583E+1
724.45	3.641E+1
724.76	5.583E+1
725.07	-3.155E+1
725.38	-6.554E+1
725.69	1.214E+1
726.00	-1.456E+1
726.31	-7.282E+0
726.62	-8.981E+1
726.93	5.097E+1
727.24	-7.767E+1
727.55	-1.189E+2
727.86	-1.141E+2
728.17	-2.184E+1
728.48	2.184E+1
728.79	-1.456E+1
729.10	-4.369E+1
729.41	6.311E+1
729.72	-4.369E+1
730.03	6.068E+1
730.34	-7.282E+0
730.65	1.214E+1
730.96	-1.699E+1
731.27	2.427E+0
731.58	-1.165E+2
731.89	4.854E+1
732.20	1.505E+2
732.51	7.282E+1
732.82	7.039E+1
733.13	3.884E+1
733.44	-6.311E+1
733.75	-3.155E+1
734.06	-4.126E+1
734.37	9.223E+1
734.68	2.427E+1
734.98	-5.583E+1
735.29	-7.282E+1
735.60	-5.097E+1
735.91	5.097E+1
736.22	-6.068E+1
736.53	9.709E+0
736.84	-2.184E+1
737.15	6.554E+1
737.46	-4.612E+1
737.77	3.884E+1
738.07	-4.854E+0
738.38	-7.039E+1
738.69	-2.670E+1
739.00	-2.427E+0
739.31	-4.369E+1
739.62	-8.495E+1
739.92	-5.340E+1
740.23	-2.913E+1
740.54	9.709E+0
740.85	-7.039E+1
741.16	7.767E+1
741.47	-3.155E+1
741.77	3.398E+1
742.08	9.709E+0
742.39	-8.010E+1
742.70	-4.369E+1
743.01	-7.524E+1
743.31	2.184E+1
743.62	3.884E+1
743.93	3.398E+1
744.24	-2.184E+1
744.54	-3.155E+1
744.85	1.699E+1
745.16	-1.456E+1
745.47	1.214E+1
745.77	-4.126E+1
746.08	-1.214E+1
746.39	0.000E+0
746.70	-6.554E+1
747.00	4.369E+1
747.31	-6.068E+1
747.62	3.155E+1
747.92	5.825E+1
748.23	1.214E+1
748.54	3.155E+1
748.84	-1.165E+2
749.15	-3.398E+1
749.46	2.913E+1
749.76	7.282E+0
750.07	-7.282E+1
750.38	-8.253E+1
750.68	4.126E+1
750.99	-2.913E+1
751.30	-7.282E+0
751.60	-2.427E+0
751.91	-1.238E+2
752.22	-5.340E+1
752.52	3.398E+1
752.83	-4.612E+1
753.14	-6.554E+1
753.44	9.709E+0
753.75	-2.184E+1
754.05	9.466E+1
754.36	-4.854E+0
754.67	4.854E+0
754.97	2.427E+1
755.28	-1.942E+1
755.58	-9.709E+0
755.89	-7.524E+1
756.19	3.641E+1
756.50	-2.184E+1
756.81	-9.709E+0
757.11	-1.019E+2
757.42	1.456E+1
757.72	8.253E+1
758.03	-5.097E+1
758.33	6.311E+1
758.64	-4.126E+1
758.94	-3.155E+1
759.25	-6.068E+1
759.55	-9.709E+0
759.86	-8.010E+1
760.16	-9.223E+1
760.47	-9.709E+0
760.77	2.913E+1
761.08	3.398E+1
761.38	2.184E+1
761.69	-1.699E+1
761.99	3.398E+1
762.30	5.340E+1
762.60	-2.427E+0
762.91	-8.010E+1
763.21	-1.699E+1
763.51	5.583E+1
763.82	-1.214E+1
764.12	-4.612E+1
764.43	-4.854E+0
764.73	6.554E+1
765.04	9.709E+0
765.34	-1.189E+2
765.64	1.262E+2
765.95	3.155E+1
766.25	5.583E+1
766.56	1.456E+1
766.86	6.068E+1
767.16	5.825E+1
767.47	5.097E+1
767.77	2.913E+1
768.07	8.495E+1
768.38	-3.155E+1
768.68	-6.796E+1
768.98	2.184E+1
769.29	-9.709E+1
769.59	2.670E+1
769.89	1.966E+2
770.20	4.369E+1
770.50	4.369E+1
770.80	1.456E+1
771.11	-1.699E+1
771.41	-1.165E+2
771.71	-3.641E+1
772.02	-8.495E+1
772.32	-2.184E+1
772.62	5.097E+1
772.93	-2.427E+1
773.23	5.340E+1
773.53	-2.913E+1
773.83	-4.612E+1
774.14	4.126E+1
774.44	2.427E+0
774.74	7.039E+1
775.04	4.854E+1
775.35	3.884E+1
775.65	-4.854E+0
775.95	-5.583E+1
776.25	-6.554E+1
776.55	1.942E+1
776.86	-4.854E+0
777.16	1.238E+2
777.46	2.184E+1
777.76	2.184E+1
778.06	3.398E+1
778.37	1.214E+1
778.67	1.456E+1
778.97	9.466E+1
779.27	-3.398E+1
779.57	6.068E+1
779.88	-2.427E+0
780.18	-2.670E+1
780.48	3.155E+1
780.78	1.214E+1
781.08	-1.699E+1
781.38	-2.427E+1
781.68	-3.155E+1
781.98	1.699E+1
782.29	-5.097E+1
782.59	-2.427E+0
782.89	-1.214E+1
783.19	-2.427E+1
783.49	4.612E+1
783.79	-7.282E+1
784.09	4.126E+1
784.39	-2.184E+1
784.69	-6.068E+1
784.99	0.000E+0
785.30	-7.524E+1
785.60	-2.427E+0
785.90	-5.583E+1
786.20	5.097E+1
786.50	6.311E+1
786.80	5.097E+1
787.10	1.942E+1
787.40	8.253E+1
787.70	9.709E+0
788.00	3.155E+1
788.30	-6.311E+1
788.60	-9.709E+0
788.90	-1.214E+1
789.20	5.340E+1
789.50	5.825E+1
789.80	2.184E+1
790.10	1.117E+2
790.40	7.039E+1
790.70	7.282E+0
791.00	-3.398E+1
791.30	-9.466E+1
791.60	-1.699E+1
791.90	-1.942E+1
792.20	-6.311E+1
792.50	-2.670E+1
792.79	-2.427E+1
793.09	-4.126E+1
793.39	5.825E+1
793.69	6.068E+1
793.99	-5.825E+1
794.29	3.155E+1
794.59	6.068E+1
794.89	9.709E+1
795.19	1.942E+1
795.49	4.854E+0
795.79	1.942E+1
796.08	0.000E+0
796.38	-9.709E+0
796.68	1.942E+1
796.98	-5.583E+1
797.28	5.340E+1
797.58	-4.854E+1
797.88	1.942E+1
798.17	-3.398E+1
798.47	9.223E+1
798.77	1.214E+1
799.07	4.369E+1
799.37	2.427E+1
799.67	-3.155E+1
799.96	-6.554E+1
800.26	3.155E+1
800.56	-5.583E+1
800.86	-4.612E+1
801.16	-1.942E+1
801.45	-8.738E+1
801.75	-2.427E+0
802.05	-3.155E+1
802.35	-1.553E+2
802.64	2.913E+1
802.94	-8.253E+1
803.24	1.068E+2
803.54	-2.427E+0
803.83	1.505E+2
804.13	1.942E+1
804.43	4.126E+1
804.73	-2.913E+1
805.02	-1.117E+2
805.32	7.039E+1
805.62	5.825E+1
805.91	-4.854E+1
806.21	-1.456E+1
806.51	-1.335E+2
806.81	-9.952E+1
807.10	6.311E+1
807.40	4.854E+1
807.70	3.155E+1
807.99	-2.427E+0
808.29	-1.359E+2
808.59	-4.126E+1
808.88	3.884E+1
809.18	8.495E+1
809.47	6.554E+1
809.77	-1.553E+2
810.07	2.670E+1
810.36	-8.738E+1
810.66	1.942E+1
810.96	-1.942E+1
811.25	-9.223E+1
811.55	9.223E+1
811.84	1.456E+1
812.14	-9.709E+1
812.44	6.311E+1
812.73	2.670E+1
813.03	-2.427E+0
813.32	1.699E+1
813.62	1.942E+1
813.91	-1.699E+1
814.21	-4.369E+1
814.51	-7.282E+0
814.80	1.942E+1
815.10	4.854E+1
815.39	7.282E+0
815.69	5.097E+1
815.98	-5.340E+1
816.28	-2.913E+1
816.57	3.884E+1
816.87	-2.427E+0
817.16	0.000E+0
817.46	2.184E+1
817.75	4.369E+1
818.05	7.282E+1
818.34	-2.427E+1
818.64	-4.369E+1
818.93	6.796E+1
819.23	5.583E+1
819.52	-3.641E+1
819.82	4.126E+1
820.11	7.282E+0
820.40	9.709E+0
820.70	6.068E+1
820.99	-2.670E+1
821.29	4.612E+1
821.58	6.311E+1
821.88	7.282E+1
822.17	-2.184E+1
822.46	1.456E+1
822.76	-6.068E+1
823.05	-2.670E+1
823.35	7.282E+0
823.64	-2.913E+1
823.93	8.981E+1
824.23	-4.126E+1
824.52	-7.282E+1
824.81	8.495E+1
825.11	2.913E+1
825.40	5.340E+1
825.69	1.214E+1
825.99	2.670E+1
826.28	2.427E+0
826.58	-4.369E+1
826.87	7.282E+0
827.16	-3.884E+1
827.45	6.796E+1
827.75	2.184E+1
828.04	2.427E+0
828.33	-5.097E+1
828.63	1.456E+1
828.92	0.000E+0
829.21	-4.612E+1
829.51	2.913E+1
829.80	5.097E+1
830.09	-7.282E+0
830.38	-1.262E+2
830.68	-9.709E+0
830.97	-1.408E+2
831.26	-4.854E+0
831.55	4.126E+1
831.85	0.000E+0
832.14	-1.456E+1
832.43	1.214E+1
832.72	-4.612E+1
833.01	-2.670E+1
833.31	-5.340E+1
833.60	1.214E+1
833.89	4.854E+0
834.18	9.709E+0
834.47	-1.699E+1
834.77	2.427E+0
835.06	-7.282E+0
835.35	4.612E+1
835.64	9.223E+1
835.93	4.369E+1
836.22	-8.981E+1
836.52	4.369E+1
836.81	-1.942E+1
837.10	-6.554E+1
837.39	6.068E+1
837.68	-1.456E+1
837.97	3.155E+1
838.26	-4.854E+0
838.55	-4.854E+1
838.85	-6.311E+1
839.14	2.670E+1
839.43	5.583E+1
839.72	-1.335E+2
840.01	-3.398E+1
840.30	-2.427E+0
840.59	-3.398E+1
840.88	-2.427E+1
841.17	2.670E+1
841.46	7.524E+1
841.75	5.825E+1
842.04	-3.155E+1
842.33	-2.184E+1
842.62	3.884E+1
842.91	9.709E+0
843.21	5.340E+1
843.50	-3.884E+1
843.79	2.184E+1
844.08	7.282E+1
844.37	-4.854E+0
844.66	-8.010E+1
844.95	-4.369E+1
845.24	5.097E+1
845.53	-1.699E+1
845.81	-5.097E+1
846.10	-2.670E+1
846.39	-2.427E+0
846.68	2.913E+1
846.97	-1.092E+2
847.26	7.767E+1
847.55	1.165E+2
847.84	-1.699E+1
848.13	4.369E+1
848.42	1.262E+2
848.71	1.019E+2
849.00	1.359E+2
849.29	4.126E+1
849.58	1.699E+1
849.87	2.913E+1
850.15	-3.155E+1
850.44	-4.854E+1
850.73	1.456E+1
851.02	4.854E+1
851.31	-4.854E+1
851.60	-5.583E+1
851.89	-3.884E+1
852.18	-5.583E+1
852.46	8.738E+1
852.75	3.884E+1
853.04	3.641E+1
853.33	-1.942E+1
853.62	-1.214E+1
853.91	-6.796E+1
854.19	-3.398E+1
854.48	-4.369E+1
854.77	-9.709E+1
855.06	2.184E+1
855.35	-3.398E+1
855.63	5.097E+1
855.92	8.495E+1
856.21	9.709E+0
856.50	7.282E+1
856.79	6.554E+1
857.07	1.019E+2
857.36	2.427E+0
857.65	0.000E+0
857.94	-1.092E+2
858.22	-9.709E+0
858.51	2.670E+1
858.80	-7.524E+1
859.08	-9.709E+0
859.37	5.340E+1
859.66	5.825E+1
859.95	-1.044E+2
860.23	-7.039E+1
860.52	4.854E+0
860.81	-7.524E+1
861.09	2.913E+1
861.38	5.583E+1
861.67	1.262E+2
861.95	-2.670E+1
862.24	-4.854E+0
862.53	-4.369E+1
862.81	1.699E+1
863.10	7.282E+1
863.39	4.854E+0
863.67	-1.675E+2
863.96	-9.466E+1
864.25	-4.126E+1
864.53	-3.641E+1
864.82	-2.670E+1
865.10	-1.456E+1
865.39	-5.825E+1
865.68	-3.641E+1
865.96	7.524E+1
866.25	4.126E+1
866.53	4.126E+1
866.82	4.126E+1