Wavelength	Intensity	Ocean Optics Flame
nm	counts
187.89	-3.641E+1
188.27	1.214E+1
188.64	-9.709E+0
189.02	1.092E+2
189.40	1.214E+1
189.78	-5.340E+1
190.15	4.612E+1
190.53	-4.854E+1
190.91	1.699E+1
191.29	4.854E+1
191.66	2.184E+1
192.04	3.641E+1
192.42	-3.884E+1
192.80	5.097E+1
193.17	7.282E+1
193.55	-2.427E+1
193.93	9.709E+1
194.30	-2.427E+1
194.68	-6.554E+1
195.06	4.612E+1
195.44	-1.335E+2
195.81	1.942E+1
196.19	-3.155E+1
196.57	7.039E+1
196.94	8.253E+1
197.32	2.427E+1
197.70	3.398E+1
198.07	-4.854E+0
198.45	-4.854E+1
198.83	-7.039E+1
199.20	-6.554E+1
199.58	-4.126E+1
199.96	6.554E+1
200.33	-1.456E+1
200.71	6.796E+1
201.09	-6.311E+1
201.46	3.641E+1
201.84	5.340E+1
202.22	-1.699E+1
202.59	0.000E+0
202.97	9.466E+1
203.34	9.466E+1
203.72	-7.282E+0
204.10	7.524E+1
204.47	5.825E+1
204.85	-4.854E+1
205.23	-3.398E+1
205.60	3.641E+1
205.98	5.097E+1
206.35	4.854E+1
206.73	9.223E+1
207.11	9.466E+1
207.48	-8.010E+1
207.86	-2.670E+1
208.23	-9.709E+0
208.61	8.981E+1
208.98	-4.612E+1
209.36	8.495E+1
209.74	3.641E+1
210.11	-4.854E+0
210.49	-7.282E+0
210.86	-4.126E+1
211.24	-4.126E+1
211.61	-3.398E+1
211.99	2.184E+1
212.36	2.427E+1
212.74	8.495E+1
213.11	-7.524E+1
213.49	6.068E+1
213.87	-5.097E+1
214.24	-5.583E+1
214.62	1.311E+2
214.99	2.184E+1
215.37	-2.913E+1
215.74	2.427E+0
216.12	3.641E+1
216.49	-4.126E+1
216.87	9.709E+0
217.24	0.000E+0
217.62	-6.068E+1
217.99	3.398E+1
218.37	-4.126E+1
218.74	4.369E+1
219.11	6.311E+1
219.49	9.952E+1
219.86	1.238E+2
220.24	-6.796E+1
220.61	6.554E+1
220.99	1.189E+2
221.36	0.000E+0
221.74	-9.466E+1
222.11	4.854E+0
222.49	-6.796E+1
222.86	-1.699E+1
223.23	4.369E+1
223.61	7.282E+0
223.98	-7.282E+0
224.36	3.884E+1
224.73	-7.282E+0
225.11	-6.068E+1
225.48	-3.155E+1
225.85	1.165E+2
226.23	2.427E+1
226.60	6.554E+1
226.98	2.427E+0
227.35	9.709E+0
227.72	-4.854E+1
228.10	1.214E+1
228.47	-2.427E+1
228.84	-5.825E+1
229.22	3.884E+1
229.59	0.000E+0
229.97	-1.456E+1
230.34	2.184E+1
230.71	-9.709E+1
231.09	-9.709E+1
231.46	1.456E+2
231.83	-8.981E+1
232.21	3.398E+1
232.58	3.398E+1
232.95	2.913E+1
233.33	8.253E+1
233.70	6.068E+1
234.07	-1.699E+1
234.45	-6.068E+1
234.82	3.884E+1
235.19	6.068E+1
235.57	5.340E+1
235.94	-9.466E+1
236.31	3.884E+1
236.69	-1.456E+1
237.06	-1.942E+1
237.43	-2.427E+0
237.80	4.369E+1
238.18	1.311E+2
238.55	1.699E+1
238.92	-9.709E+0
239.30	6.311E+1
239.67	3.641E+1
240.04	1.699E+1
240.41	-4.369E+1
240.79	-7.282E+1
241.16	1.286E+2
241.53	0.000E+0
241.90	4.126E+1
242.28	1.044E+2
242.65	4.126E+1
243.02	2.184E+1
243.39	4.854E+0
243.77	-7.524E+1
244.14	4.126E+1
244.51	2.184E+1
244.88	-4.854E+1
245.25	3.155E+1
245.63	-2.427E+0
246.00	4.854E+1
246.37	-9.223E+1
246.74	6.796E+1
247.11	-6.311E+1
247.49	2.913E+1
247.86	3.884E+1
248.23	6.068E+1
248.60	5.825E+1
248.97	-3.641E+1
249.35	7.767E+1
249.72	2.427E+1
250.09	3.641E+1
250.46	-1.068E+2
250.83	1.699E+1
251.20	-4.854E+0
251.58	7.282E+0
251.95	1.942E+1
252.32	9.709E+1
252.69	5.097E+1
253.06	5.583E+1
253.43	2.913E+1
253.80	-2.913E+1
254.17	4.854E+1
254.55	2.184E+1
254.92	7.282E+0
255.29	-1.456E+1
255.66	4.854E+0
256.03	7.767E+1
256.40	9.466E+1
256.77	-2.913E+1
257.14	1.214E+1
257.51	4.612E+1
257.88	-5.340E+1
258.26	1.408E+2
258.63	0.000E+0
259.00	-7.282E+0
259.37	3.641E+1
259.74	2.427E+0
260.11	-2.427E+0
260.48	-2.427E+1
260.85	-4.854E+0
261.22	-2.427E+0
261.59	7.767E+1
261.96	4.612E+1
262.33	-1.699E+1
262.70	-4.612E+1
263.07	3.155E+1
263.44	-1.019E+2
263.81	-4.126E+1
264.18	-4.126E+1
264.55	1.214E+1
264.92	2.427E+1
265.29	2.184E+1
265.66	1.699E+2
266.03	5.340E+1
266.40	-2.184E+1
266.77	-2.184E+1
267.14	-3.641E+1
267.51	1.214E+1
267.88	2.427E+0
268.25	7.282E+1
268.62	5.583E+1
268.99	9.466E+1
269.36	2.913E+1
269.73	-1.456E+1
270.10	2.427E+0
270.47	6.796E+1
270.84	2.184E+1
271.21	-8.253E+1
271.58	2.427E+0
271.95	-4.854E+0
272.32	-9.709E+1
272.69	-7.524E+1
273.06	-3.641E+1
273.43	-4.854E+0
273.80	2.427E+0
274.17	9.709E+0
274.53	-2.427E+1
274.90	1.044E+2
275.27	7.039E+1
275.64	5.825E+1
276.01	-3.398E+1
276.38	-6.068E+1
276.75	2.913E+1
277.12	5.340E+1
277.49	-2.427E+1
277.86	-2.184E+1
278.22	1.214E+2
278.59	4.854E+1
278.96	4.126E+1
279.33	-2.427E+0
279.70	-3.155E+1
280.07	-5.097E+1
280.44	-4.854E+0
280.80	-2.913E+1
281.17	8.495E+1
281.54	1.456E+1
281.91	1.942E+1
282.28	1.335E+2
282.65	3.884E+1
283.02	2.913E+1
283.38	-7.039E+1
283.75	2.427E+1
284.12	8.981E+1
284.49	8.738E+1
284.86	0.000E+0
285.22	0.000E+0
285.59	-6.554E+1
285.96	2.184E+1
286.33	-6.796E+1
286.70	-8.253E+1
287.06	1.214E+2
287.43	-1.699E+1
287.80	4.126E+1
288.17	7.767E+1
288.53	-2.184E+1
288.90	4.612E+1
289.27	8.738E+1
289.64	1.068E+2
290.01	-4.854E+1
290.37	-1.019E+2
290.74	1.019E+2
291.11	-9.709E+0
291.48	3.398E+1
291.84	3.398E+1
292.21	-9.952E+1
292.58	-2.670E+1
292.94	-7.282E+1
293.31	-8.495E+1
293.68	5.583E+1
294.05	2.427E+0
294.41	-3.884E+1
294.78	6.068E+1
295.15	-4.126E+1
295.51	-1.699E+1
295.88	-7.282E+0
296.25	4.369E+1
296.61	5.825E+1
296.98	9.709E+1
297.35	1.165E+2
297.72	1.699E+1
298.08	2.670E+1
298.45	-4.854E+0
298.82	2.427E+1
299.18	7.767E+1
299.55	5.825E+1
299.91	4.854E+1
300.28	5.097E+1
300.65	-1.699E+1
301.01	3.884E+1
301.38	4.854E+1
301.75	-5.340E+1
302.11	3.155E+1
302.48	1.092E+2
302.85	-4.854E+0
303.21	1.456E+1
303.58	3.155E+1
303.94	-5.340E+1
304.31	2.670E+1
304.68	-2.427E+0
305.04	-2.427E+0
305.41	-1.456E+1
305.77	5.097E+1
306.14	8.981E+1
306.51	-4.854E+0
306.87	1.699E+1
307.24	1.092E+2
307.60	4.854E+0
307.97	5.340E+1
308.33	7.282E+0
308.70	6.068E+1
309.07	-9.709E+0
309.43	-7.039E+1
309.80	3.641E+1
310.16	5.097E+1
310.53	5.583E+1
310.89	1.942E+1
311.26	6.554E+1
311.62	-1.456E+1
311.99	6.796E+1
312.35	-5.583E+1
312.72	-2.913E+1
313.08	-1.214E+1
313.45	-7.282E+0
313.81	5.825E+1
314.18	3.398E+1
314.54	-3.884E+1
314.91	7.282E+1
315.27	5.825E+1
315.64	0.000E+0
316.00	2.670E+1
316.37	-8.253E+1
316.73	-7.282E+0
317.10	4.369E+1
317.46	-4.854E+1
317.83	-8.253E+1
318.19	-1.699E+1
318.56	9.709E+0
318.92	-1.214E+1
319.28	-4.854E+0
319.65	-6.068E+1
320.01	8.738E+1
320.38	-3.398E+1
320.74	4.369E+1
321.11	2.427E+0
321.47	1.942E+1
321.83	-5.825E+1
322.20	2.184E+1
322.56	2.184E+1
322.93	8.253E+1
323.29	4.369E+1
323.66	0.000E+0
324.02	-3.641E+1
324.38	-4.854E+0
324.75	4.612E+1
325.11	4.612E+1
325.47	2.427E+1
325.84	-3.155E+1
326.20	8.010E+1
326.57	8.738E+1
326.93	-6.554E+1
327.29	8.495E+1
327.66	-6.068E+1
328.02	2.427E+0
328.38	2.913E+1
328.75	5.097E+1
329.11	2.670E+1
329.47	1.117E+2
329.84	1.456E+1
330.20	3.398E+1
330.56	2.184E+1
330.93	5.340E+1
331.29	1.626E+2
331.65	7.282E+0
332.02	-4.612E+1
332.38	-1.942E+1
332.74	2.184E+1
333.10	5.825E+1
333.47	8.738E+1
333.83	4.854E+0
334.19	-3.884E+1
334.56	-3.398E+1
334.92	-2.913E+1
335.28	8.738E+1
335.64	6.554E+1
336.01	-4.854E+0
336.37	7.282E+0
336.73	5.340E+1
337.09	2.913E+1
337.46	-3.398E+1
337.82	-2.184E+1
338.18	1.699E+1
338.54	2.670E+1
338.91	3.884E+1
339.27	6.554E+1
339.63	1.359E+2
339.99	4.126E+1
340.36	-2.427E+0
340.72	9.709E+0
341.08	3.641E+1
341.44	9.709E+0
341.80	4.126E+1
342.17	1.942E+1
342.53	1.456E+1
342.89	5.340E+1
343.25	2.913E+1
343.61	1.384E+2
343.98	-7.282E+1
344.34	2.184E+1
344.70	3.155E+1
345.06	2.427E+1
345.42	-4.612E+1
345.78	5.097E+1
346.14	1.214E+1
346.51	-5.583E+1
346.87	8.981E+1
347.23	2.913E+1
347.59	-2.670E+1
347.95	-6.068E+1
348.31	-3.398E+1
348.67	-7.767E+1
349.04	6.311E+1
349.40	6.554E+1
349.76	8.495E+1
350.12	-4.126E+1
350.48	1.456E+1
350.84	7.524E+1
351.20	1.068E+2
351.56	3.641E+1
351.92	1.942E+1
352.28	7.039E+1
352.65	-4.854E+1
353.01	8.738E+1
353.37	-4.854E+0
353.73	4.854E+1
354.09	7.524E+1
354.45	1.262E+2
354.81	1.019E+2
355.17	4.126E+1
355.53	-1.456E+1
355.89	1.456E+1
356.25	4.854E+0
356.61	-2.670E+1
356.97	2.184E+1
357.33	5.583E+1
357.69	1.141E+2
358.05	3.155E+1
358.41	8.981E+1
358.77	1.117E+2
359.13	-1.214E+1
359.49	5.097E+1
359.85	1.141E+2
360.21	7.039E+1
360.57	5.583E+1
360.93	1.262E+2
361.29	2.427E+0
361.65	2.913E+1
362.01	2.670E+1
362.37	7.282E+1
362.73	-2.427E+1
363.09	4.854E+0
363.45	1.699E+2
363.81	3.884E+1
364.17	7.039E+1
364.53	1.189E+2
364.89	7.282E+0
365.25	7.282E+0
365.61	5.825E+1
365.97	7.282E+1
366.33	-2.913E+1
366.69	6.554E+1
367.05	-4.369E+1
367.40	7.767E+1
367.76	1.699E+1
368.12	2.427E+1
368.48	4.854E+0
368.84	2.015E+2
369.20	7.282E+1
369.56	9.466E+1
369.92	3.641E+1
370.28	2.063E+2
370.63	8.253E+1
370.99	1.384E+2
371.35	6.796E+1
371.71	4.369E+1
372.07	1.820E+2
372.43	1.675E+2
372.79	1.189E+2
373.15	7.767E+1
373.50	1.626E+2
373.86	1.335E+2
374.22	2.354E+2
374.58	2.160E+2
374.94	2.039E+2
375.30	2.039E+2
375.65	3.252E+2
376.01	2.621E+2
376.37	2.767E+2
376.73	3.155E+2
377.09	3.884E+2
377.44	3.714E+2
377.80	3.981E+2
378.16	4.005E+2
378.52	3.665E+2
378.88	5.097E+2
379.23	5.364E+2
379.59	5.243E+2
379.95	5.825E+2
380.31	6.432E+2
380.66	6.189E+2
381.02	7.500E+2
381.38	6.262E+2
381.74	9.466E+2
382.09	9.005E+2
382.45	9.515E+2
382.81	1.080E+3
383.17	1.027E+3
383.52	1.138E+3
383.88	1.330E+3
384.24	1.451E+3
384.60	1.573E+3
384.95	1.660E+3
385.31	1.910E+3
385.67	2.005E+3
386.02	2.153E+3
386.38	2.262E+3
386.74	2.626E+3
387.10	2.811E+3
387.45	3.090E+3
387.81	3.131E+3
388.17	3.621E+3
388.52	4.032E+3
388.88	4.279E+3
389.24	4.619E+3
389.59	4.886E+3
389.95	5.277E+3
390.31	5.918E+3
390.66	6.299E+3
391.02	6.680E+3
391.38	7.444E+3
391.73	8.202E+3
392.09	8.648E+3
392.44	9.381E+3
392.80	9.971E+3
393.16	1.059E+4
393.51	1.171E+4
393.87	1.223E+4
394.23	1.317E+4
394.58	1.402E+4
394.94	1.531E+4
395.29	1.587E+4
395.65	1.702E+4
396.01	1.788E+4
396.36	1.888E+4
396.72	2.016E+4
397.07	2.138E+4
397.43	2.287E+4
397.78	2.385E+4
398.14	2.523E+4
398.50	2.690E+4
398.85	2.799E+4
399.21	2.905E+4
399.56	3.129E+4
399.92	3.273E+4
400.27	3.405E+4
400.63	3.547E+4
400.98	3.782E+4
401.34	3.887E+4
401.69	4.059E+4
402.05	4.204E+4
402.40	4.309E+4
402.76	4.392E+4
403.11	4.611E+4
403.47	4.805E+4
403.82	4.840E+4
404.18	5.028E+4
404.53	5.028E+4
404.89	5.261E+4
405.24	5.318E+4
405.60	5.406E+4
405.95	5.403E+4
406.31	5.508E+4
406.66	5.478E+4
407.02	5.468E+4
407.37	5.519E+4
407.73	5.484E+4
408.08	5.535E+4
408.44	5.417E+4
408.79	5.357E+4
409.14	5.359E+4
409.50	5.251E+4
409.85	5.128E+4
410.21	5.040E+4
410.56	4.852E+4
410.92	4.720E+4
411.27	4.594E+4
411.62	4.385E+4
411.98	4.180E+4
412.33	3.959E+4
412.69	3.827E+4
413.04	3.601E+4
413.39	3.380E+4
413.75	3.152E+4
414.10	3.042E+4
414.45	2.832E+4
414.81	2.673E+4
415.16	2.539E+4
415.52	2.340E+4
415.87	2.251E+4
416.22	2.055E+4
416.58	1.985E+4
416.93	1.849E+4
417.28	1.759E+4
417.64	1.648E+4
417.99	1.574E+4
418.34	1.494E+4
418.70	1.401E+4
419.05	1.356E+4
419.40	1.269E+4
419.76	1.206E+4
420.11	1.158E+4
420.46	1.100E+4
420.81	1.063E+4
421.17	9.864E+3
421.52	9.464E+3
421.87	9.168E+3
422.23	8.675E+3
422.58	8.163E+3
422.93	7.587E+3
423.28	7.396E+3
423.64	7.051E+3
423.99	6.692E+3
424.34	6.165E+3
424.69	6.095E+3
425.05	5.558E+3
425.40	5.299E+3
425.75	5.073E+3
426.10	4.757E+3
426.46	4.774E+3
426.81	4.439E+3
427.16	3.998E+3
427.51	3.755E+3
427.87	3.782E+3
428.22	3.493E+3
428.57	3.376E+3
428.92	3.401E+3
429.27	2.956E+3
429.63	2.852E+3
429.98	2.675E+3
430.33	2.568E+3
430.68	2.532E+3
431.03	2.323E+3
431.38	2.296E+3
431.74	2.192E+3
432.09	2.056E+3
432.44	1.971E+3
432.79	2.022E+3
433.14	1.852E+3
433.49	1.721E+3
433.85	1.869E+3
434.20	1.709E+3
434.55	1.590E+3
434.90	1.473E+3
435.25	1.539E+3
435.60	1.386E+3
435.95	1.422E+3
436.30	1.282E+3
436.66	1.250E+3
437.01	1.197E+3
437.36	1.126E+3
437.71	1.138E+3
438.06	1.117E+3
438.41	1.107E+3
438.76	9.636E+2
439.11	9.903E+2
439.46	8.689E+2
439.81	9.272E+2
440.16	9.563E+2
440.52	8.253E+2
440.87	8.592E+2
441.22	7.646E+2
441.57	6.432E+2
441.92	5.898E+2
442.27	6.505E+2
442.62	6.287E+2
442.97	6.456E+2
443.32	5.922E+2
443.67	5.898E+2
444.02	4.612E+2
444.37	5.534E+2
444.72	4.393E+2
445.07	5.243E+2
445.42	5.146E+2
445.77	5.121E+2
446.12	3.592E+2
446.47	5.340E+2
446.82	4.078E+2
447.17	4.806E+2
447.52	4.636E+2
447.87	3.155E+2
448.22	4.418E+2
448.57	3.689E+2
448.92	3.083E+2
449.27	3.083E+2
449.62	3.083E+2
449.97	2.840E+2
450.32	1.651E+2
450.66	3.762E+2
451.01	2.136E+2
451.36	1.942E+2
451.71	2.816E+2
452.06	2.816E+2
452.41	2.233E+2
452.76	1.796E+2
453.11	1.651E+2
453.46	2.864E+2
453.81	2.427E+2
454.16	2.913E+2
454.51	1.918E+2
454.85	1.990E+2
455.20	1.723E+2
455.55	9.223E+1
455.90	2.427E+2
456.25	1.092E+2
456.60	1.966E+2
456.95	1.092E+2
457.30	9.952E+1
457.64	1.214E+2
457.99	1.092E+2
458.34	1.651E+2
458.69	1.723E+2
459.04	1.262E+2
459.39	1.238E+2
459.73	4.854E+1
460.08	6.796E+1
460.43	1.602E+2
460.78	1.068E+2
461.13	6.311E+1
461.48	1.408E+2
461.82	1.359E+2
462.17	9.952E+1
462.52	8.253E+1
462.87	1.286E+2
463.21	8.010E+1
463.56	8.253E+1
463.91	1.359E+2
464.26	7.524E+1
464.61	5.583E+1
464.95	1.214E+2
465.30	3.641E+1
465.65	1.311E+2
466.00	9.952E+1
466.34	1.286E+2
466.69	6.554E+1
467.04	1.044E+2
467.39	1.966E+2
467.73	9.709E+0
468.08	1.238E+2
468.43	0.000E+0
468.77	5.340E+1
469.12	4.854E+1
469.47	1.068E+2
469.82	9.952E+1
470.16	4.854E+1
470.51	6.068E+1
470.86	7.767E+1
471.20	6.796E+1
471.55	4.612E+1
471.90	1.214E+2
472.24	1.384E+2
472.59	9.223E+1
472.94	3.884E+1
473.28	1.044E+2
473.63	1.189E+2
473.98	0.000E+0
474.32	8.495E+1
474.67	7.767E+1
475.02	6.311E+1
475.36	1.918E+2
475.71	1.408E+2
476.06	2.427E+0
476.40	1.408E+2
476.75	-2.427E+0
477.09	6.796E+1
477.44	-2.427E+0
477.79	-2.913E+1
478.13	1.141E+2
478.48	7.039E+1
478.82	1.359E+2
479.17	-4.854E+1
479.52	9.223E+1
479.86	8.495E+1
480.21	7.039E+1
480.55	4.854E+0
480.90	9.709E+0
481.24	-2.427E+0
481.59	8.738E+1
481.94	-8.253E+1
482.28	1.141E+2
482.63	6.311E+1
482.97	6.311E+1
483.32	3.398E+1
483.66	2.427E+0
484.01	7.039E+1
484.35	7.282E+0
484.70	4.612E+1
485.04	5.097E+1
485.39	3.641E+1
485.73	2.427E+0
486.08	1.456E+1
486.42	8.738E+1
486.77	4.126E+1
487.11	-2.427E+0
487.46	8.981E+1
487.80	1.335E+2
488.15	7.767E+1
488.49	3.155E+1
488.84	-5.825E+1
489.18	2.427E+1
489.53	6.311E+1
489.87	1.408E+2
490.21	6.311E+1
490.56	-4.854E+1
490.90	1.092E+2
491.25	7.282E+0
491.59	8.981E+1
491.94	-3.641E+1
492.28	-3.398E+1
492.62	-4.854E+1
492.97	7.282E+1
493.31	-4.369E+1
493.66	-4.126E+1
494.00	-7.282E+0
494.34	-1.068E+2
494.69	6.068E+1
495.03	1.141E+2
495.38	7.282E+1
495.72	8.495E+1
496.06	2.913E+1
496.41	1.092E+2
496.75	1.456E+1
497.09	5.583E+1
497.44	2.427E+1
497.78	9.709E+1
498.13	-2.427E+1
498.47	5.097E+1
498.81	6.554E+1
499.16	2.184E+1
499.50	4.369E+1
499.84	-4.612E+1
500.19	5.097E+1
500.53	2.427E+0
500.87	6.796E+1
501.21	7.282E+0
501.56	-6.554E+1
501.90	-4.854E+0
502.24	2.427E+1
502.59	6.311E+1
502.93	8.253E+1
503.27	1.311E+2
503.61	-7.039E+1
503.96	4.612E+1
504.30	-6.068E+1
504.64	2.670E+1
504.99	-2.427E+0
505.33	1.456E+1
505.67	3.155E+1
506.01	9.466E+1
506.36	-2.427E+0
506.70	-1.214E+1
507.04	1.214E+1
507.38	1.068E+2
507.72	-9.709E+0
508.07	3.155E+1
508.41	-5.583E+1
508.75	1.165E+2
509.09	6.796E+1
509.44	8.253E+1
509.78	2.184E+1
510.12	-2.184E+1
510.46	3.884E+1
510.80	1.068E+2
511.14	2.427E+0
511.49	5.097E+1
511.83	-7.282E+0
512.17	-1.456E+1
512.51	1.942E+1
512.85	7.282E+0
513.19	8.253E+1
513.54	-2.427E+1
513.88	-2.427E+0
514.22	-2.427E+1
514.56	-6.796E+1
514.90	-7.282E+0
515.24	2.670E+1
515.58	4.369E+1
515.93	1.238E+2
516.27	-2.913E+1
516.61	-5.583E+1
516.95	-1.214E+1
517.29	1.238E+2
517.63	1.699E+1
517.97	6.311E+1
518.31	4.126E+1
518.65	-8.738E+1
518.99	-7.524E+1
519.33	1.214E+1
519.67	2.427E+0
520.02	5.097E+1
520.36	1.942E+1
520.70	5.825E+1
521.04	-1.456E+1
521.38	9.709E+0
521.72	4.854E+1
522.06	4.854E+0
522.40	4.369E+1
522.74	6.068E+1
523.08	-1.456E+1
523.42	1.942E+1
523.76	2.427E+0
524.10	-4.612E+1
524.44	9.223E+1
524.78	5.097E+1
525.12	-3.884E+1
525.46	-2.670E+1
525.80	5.825E+1
526.14	8.010E+1
526.48	3.641E+1
526.82	6.311E+1
527.16	5.583E+1
527.50	-2.913E+1
527.84	1.699E+1
528.18	1.432E+2
528.52	3.155E+1
528.86	3.884E+1
529.20	3.884E+1
529.54	1.359E+2
529.87	2.427E+1
530.21	-5.583E+1
530.55	-9.709E+0
530.89	-2.427E+1
531.23	6.311E+1
531.57	-2.427E+0
531.91	5.340E+1
532.25	3.884E+1
532.59	7.524E+1
532.93	8.010E+1
533.27	2.670E+1
533.60	-2.184E+1
533.94	-5.825E+1
534.28	-1.456E+1
534.62	9.223E+1
534.96	1.699E+1
535.30	1.141E+2
535.64	1.942E+1
535.98	7.039E+1
536.31	2.427E+0
536.65	1.214E+1
536.99	3.641E+1
537.33	6.311E+1
537.67	6.554E+1
538.01	1.748E+2
538.34	1.262E+2
538.68	9.952E+1
539.02	3.641E+1
539.36	-2.913E+1
539.70	1.117E+2
540.03	8.253E+1
540.37	-5.097E+1
540.71	8.495E+1
541.05	4.854E+0
541.39	-9.952E+1
541.72	-1.699E+1
542.06	9.952E+1
542.40	-7.282E+0
542.74	1.092E+2
543.07	9.223E+1
543.41	5.825E+1
543.75	2.427E+1
544.09	4.126E+1
544.42	-5.825E+1
544.76	7.039E+1
545.10	1.942E+1
545.44	6.068E+1
545.77	5.340E+1
546.11	5.340E+1
546.45	8.010E+1
546.78	1.262E+2
547.12	6.068E+1
547.46	1.699E+1
547.80	2.427E+0
548.13	-2.427E+0
548.47	-9.709E+0
548.81	3.398E+1
549.14	-6.311E+1
549.48	1.189E+2
549.82	2.427E+1
550.15	1.262E+2
550.49	5.583E+1
550.83	7.524E+1
551.16	3.641E+1
551.50	2.670E+1
551.84	8.738E+1
552.17	1.335E+2
552.51	-1.214E+1
552.84	-3.155E+1
553.18	2.670E+1
553.52	-3.398E+1
553.85	3.884E+1
554.19	4.369E+1
554.53	-5.097E+1
554.86	2.427E+1
555.20	-4.612E+1
555.53	9.709E+0
555.87	1.699E+1
556.20	2.184E+1
556.54	4.126E+1
556.88	8.010E+1
557.21	8.738E+1
557.55	4.854E+0
557.88	1.942E+1
558.22	1.214E+1
558.55	1.238E+2
558.89	3.884E+1
559.23	2.670E+1
559.56	-4.854E+0
559.90	8.253E+1
560.23	-2.427E+0
560.57	-2.913E+1
560.90	5.583E+1
561.24	6.554E+1
561.57	8.981E+1
561.91	-2.184E+1
562.24	7.282E+1
562.58	1.699E+1
562.91	8.981E+1
563.25	2.184E+1
563.58	1.019E+2
563.92	2.670E+1
564.25	3.398E+1
564.59	-6.068E+1
564.92	6.554E+1
565.25	7.524E+1
565.59	1.529E+2
565.92	2.427E+0
566.26	-9.709E+0
566.59	4.854E+0
566.93	2.670E+1
567.26	1.019E+2
567.60	3.884E+1
567.93	5.340E+1
568.26	2.670E+1
568.60	-2.913E+1
568.93	2.184E+1
569.27	-2.427E+1
569.60	2.184E+1
569.93	-4.854E+0
570.27	5.340E+1
570.60	1.699E+1
570.94	1.141E+2
571.27	8.738E+1
571.60	-2.184E+1
571.94	-6.068E+1
572.27	1.456E+1
572.60	-7.282E+0
572.94	9.709E+1
573.27	-6.796E+1
573.60	5.097E+1
573.94	9.952E+1
574.27	2.913E+1
574.60	1.311E+2
574.94	1.117E+2
575.27	3.641E+1
575.60	-1.214E+1
575.94	-9.709E+0
576.27	2.427E+0
576.60	1.699E+1
576.94	-3.641E+1
577.27	1.044E+2
577.60	7.767E+1
577.94	6.796E+1
578.27	2.184E+1
578.60	9.223E+1
578.93	2.913E+1
579.27	4.854E+1
579.60	-1.456E+1
579.93	1.068E+2
580.26	4.612E+1
580.60	-4.369E+1
580.93	2.427E+1
581.26	2.184E+1
581.59	-3.884E+1
581.93	4.612E+1
582.26	1.335E+2
582.59	4.126E+1
582.92	-6.554E+1
583.25	2.427E+1
583.59	1.117E+2
583.92	-9.709E+0
584.25	1.214E+1
584.58	8.738E+1
584.91	7.039E+1
585.25	6.554E+1
585.58	5.825E+1
585.91	-4.854E+0
586.24	5.825E+1
586.57	8.981E+1
586.90	8.738E+1
587.24	4.854E+1
587.57	6.554E+1
587.90	0.000E+0
588.23	1.214E+2
588.56	-9.709E+0
588.89	-4.369E+1
589.22	5.583E+1
589.56	4.854E+0
589.89	-1.699E+1
590.22	1.942E+1
590.55	1.214E+1
590.88	4.612E+1
591.21	8.010E+1
591.54	-2.184E+1
591.87	2.427E+1
592.20	-6.554E+1
592.53	1.262E+2
592.87	6.796E+1
593.20	7.282E+0
593.53	-1.699E+1
593.86	2.670E+1
594.19	-3.398E+1
594.52	-3.884E+1
594.85	4.369E+1
595.18	9.709E+0
595.51	-4.854E+0
595.84	3.155E+1
596.17	1.019E+2
596.50	2.184E+1
596.83	-5.340E+1
597.16	5.583E+1
597.49	6.068E+1
597.82	2.670E+1
598.15	6.311E+1
598.48	9.466E+1
598.81	-3.884E+1
599.14	-2.427E+0
599.47	-3.398E+1
599.80	8.981E+1
600.13	7.282E+1
600.46	6.311E+1
600.79	1.141E+2
601.12	7.282E+0
601.45	5.583E+1
601.78	6.068E+1
602.11	8.981E+1
602.44	-3.398E+1
602.77	2.427E+1
603.10	1.699E+1
603.42	1.456E+1
603.75	-7.282E+0
604.08	6.068E+1
604.41	4.126E+1
604.74	-6.311E+1
605.07	5.583E+1
605.40	2.184E+1
605.73	8.253E+1
606.06	4.126E+1
606.39	1.214E+1
606.71	-2.184E+1
607.04	1.699E+1
607.37	4.612E+1
607.70	-4.854E+1
608.03	-1.456E+1
608.36	-5.097E+1
608.69	-4.612E+1
609.02	-9.709E+0
609.34	1.456E+1
609.67	4.126E+1
610.00	4.126E+1
610.33	3.398E+1
610.66	-2.913E+1
610.98	4.126E+1
611.31	5.825E+1
611.64	8.010E+1
611.97	1.214E+1
612.30	6.311E+1
612.63	2.913E+1
612.95	2.913E+1
613.28	1.456E+1
613.61	4.369E+1
613.94	1.189E+2
614.26	-4.369E+1
614.59	0.000E+0
614.92	2.184E+1
615.25	5.097E+1
615.57	8.253E+1
615.90	6.554E+1
616.23	9.223E+1
616.56	-6.554E+1
616.88	-4.854E+1
617.21	4.612E+1
617.54	-7.767E+1
617.87	7.282E+0
618.19	2.427E+1
618.52	4.854E+0
618.85	1.699E+1
619.17	-1.942E+1
619.50	-6.311E+1
619.83	-2.670E+1
620.15	3.641E+1
620.48	9.709E+0
620.81	2.427E+1
621.14	6.554E+1
621.46	8.738E+1
621.79	1.456E+1
622.11	-4.854E+0
622.44	9.466E+1
622.77	6.311E+1
623.09	4.369E+1
623.42	2.427E+0
623.75	-4.612E+1
624.07	4.612E+1
624.40	5.583E+1
624.73	-5.583E+1
625.05	-4.126E+1
625.38	5.583E+1
625.70	-2.427E+1
626.03	8.738E+1
626.36	-8.253E+1
626.68	-8.738E+1
627.01	1.942E+1
627.33	-1.214E+1
627.66	-9.223E+1
627.99	-1.699E+1
628.31	6.796E+1
628.64	7.767E+1
628.96	-6.796E+1
629.29	-2.427E+0
629.61	-5.097E+1
629.94	-1.942E+1
630.26	0.000E+0
630.59	-9.709E+0
630.91	4.612E+1
631.24	-8.495E+1
631.57	1.456E+1
631.89	3.398E+1
632.22	0.000E+0
632.54	2.913E+1
632.87	1.214E+1
633.19	7.524E+1
633.52	5.583E+1
633.84	7.282E+1
634.16	-9.709E+0
634.49	5.583E+1
634.81	-3.398E+1
635.14	-2.427E+0
635.46	5.583E+1
635.79	-4.854E+0
636.11	-1.214E+1
636.44	5.583E+1
636.76	1.699E+1
637.09	-1.942E+1
637.41	7.039E+1
637.73	5.097E+1
638.06	-7.039E+1
638.38	7.282E+0
638.71	9.223E+1
639.03	3.641E+1
639.36	5.097E+1
639.68	-1.456E+1
640.00	2.427E+0
640.33	7.282E+0
640.65	1.699E+1
640.97	-3.641E+1
641.30	4.126E+1
641.62	-2.913E+1
641.95	-4.854E+1
642.27	2.427E+0
642.59	-3.398E+1
642.92	4.854E+1
643.24	-1.942E+1
643.56	8.253E+1
643.89	-7.039E+1
644.21	1.092E+2
644.53	-3.884E+1
644.86	-6.796E+1
645.18	1.214E+1
645.50	9.709E+0
645.83	1.214E+1
646.15	-9.223E+1
646.47	5.825E+1
646.80	2.913E+1
647.12	4.854E+0
647.44	-4.854E+0
647.76	2.427E+0
648.09	4.854E+1
648.41	6.796E+1
648.73	-2.427E+0
649.05	2.184E+1
649.38	-4.854E+0
649.70	1.456E+1
650.02	0.000E+0
650.34	-3.641E+1
650.67	3.884E+1
650.99	2.670E+1
651.31	2.427E+0
651.63	1.505E+2
651.96	1.286E+2
652.28	6.311E+1
652.60	-8.738E+1
652.92	2.670E+1
653.24	5.097E+1
653.57	0.000E+0
653.89	1.044E+2
654.21	0.000E+0
654.53	-1.456E+1
654.85	-8.981E+1
655.18	4.854E+0
655.50	-1.456E+1
655.82	-7.282E+1
656.14	8.981E+1
656.46	3.398E+1
656.78	7.282E+0
657.10	-5.583E+1
657.43	2.184E+1
657.75	-2.427E+1
658.07	4.612E+1
658.39	-1.942E+1
658.71	5.340E+1
659.03	9.709E+0
659.35	1.214E+1
659.67	4.854E+0
659.99	8.738E+1
660.32	6.068E+1
660.64	-9.709E+1
660.96	-4.854E+1
661.28	-3.155E+1
661.60	-6.311E+1
661.92	-3.884E+1
662.24	-4.369E+1
662.56	8.738E+1
662.88	-7.282E+0
663.20	-1.286E+2
663.52	9.709E+0
663.84	-7.282E+0
664.16	-9.709E+0
664.48	-8.981E+1
664.80	7.282E+0
665.12	4.854E+1
665.44	6.068E+1
665.76	-9.709E+0
666.08	-1.699E+1
666.40	1.214E+1
666.72	-4.854E+1
667.04	-2.913E+1
667.36	7.767E+1
667.68	9.223E+1
668.00	-9.709E+0
668.32	4.369E+1
668.64	-3.398E+1
668.96	-1.942E+1
669.28	-2.427E+0
669.60	3.398E+1
669.92	-1.044E+2
670.24	7.282E+0
670.56	-2.913E+1
670.88	2.913E+1
671.20	-2.427E+0
671.52	-1.335E+2
671.84	0.000E+0
672.16	1.942E+1
672.47	-5.340E+1
672.79	-7.524E+1
673.11	2.670E+1
673.43	1.942E+1
673.75	9.709E+0
674.07	-7.282E+0
674.39	-3.641E+1
674.71	-1.456E+1
675.03	-9.709E+0
675.34	2.427E+1
675.66	4.854E+1
675.98	8.738E+1
676.30	2.184E+1
676.62	-6.796E+1
676.94	-6.554E+1
677.25	3.884E+1
677.57	7.282E+1
677.89	3.155E+1
678.21	4.369E+1
678.53	-1.092E+2
678.85	-5.825E+1
679.16	-1.432E+2
679.48	-8.010E+1
679.80	-5.097E+1
680.12	-5.583E+1
680.44	-4.854E+0
680.75	5.583E+1
681.07	2.913E+1
681.39	6.068E+1
681.71	4.854E+0
682.02	-4.126E+1
682.34	-1.578E+2
682.66	3.398E+1
682.98	9.709E+0
683.29	1.141E+2
683.61	3.884E+1
683.93	-6.068E+1
684.25	1.092E+2
684.56	-6.311E+1
684.88	-2.913E+1
685.20	3.398E+1
685.51	3.155E+1
685.83	7.282E+0
686.15	-4.612E+1
686.47	4.369E+1
686.78	-1.699E+1
687.10	-5.340E+1
687.42	5.097E+1
687.73	2.913E+1
688.05	7.524E+1
688.37	-2.427E+0
688.68	-8.981E+1
689.00	-7.282E+0
689.32	6.311E+1
689.63	-3.884E+1
689.95	-2.427E+0
690.26	-3.398E+1
690.58	-8.253E+1
690.90	7.282E+0
691.21	-7.282E+1
691.53	-3.398E+1
691.85	-4.126E+1
692.16	-4.612E+1
692.48	-4.126E+1
692.79	-1.214E+1
693.11	1.092E+2
693.42	2.184E+1
693.74	1.942E+1
694.06	-3.641E+1
694.37	-8.495E+1
694.69	1.214E+1
695.00	7.524E+1
695.32	9.709E+0
695.63	3.641E+1
695.95	7.767E+1
696.26	2.184E+1
696.58	-6.068E+1
696.90	6.796E+1
697.21	-4.854E+1
697.53	-4.369E+1
697.84	6.311E+1
698.16	-1.942E+1
698.47	3.884E+1
698.79	-6.796E+1
699.10	-7.039E+1
699.42	6.554E+1
699.73	-3.884E+1
700.05	3.398E+1
700.36	-1.942E+1
700.68	-6.554E+1
700.99	9.709E+0
701.30	4.854E+0
701.62	-2.184E+1
701.93	5.825E+1
702.25	1.699E+1
702.56	-2.427E+1
702.88	5.097E+1
703.19	2.670E+1
703.50	0.000E+0
703.82	-3.884E+1
704.13	7.282E+0
704.45	-9.466E+1
704.76	-5.340E+1
705.08	2.913E+1
705.39	2.427E+1
705.70	2.427E+1
706.02	2.427E+0
706.33	-1.723E+2
706.64	8.738E+1
706.96	2.670E+1
707.27	-8.495E+1
707.59	-1.335E+2
707.90	-3.398E+1
708.21	1.019E+2
708.53	9.709E+0
708.84	-1.942E+1
709.15	1.699E+1
709.47	1.214E+1
709.78	1.699E+1
710.09	4.854E+1
710.41	7.282E+1
710.72	2.427E+0
711.03	9.709E+0
711.34	2.184E+1
711.66	6.311E+1
711.97	-5.097E+1
712.28	1.214E+1
712.60	-4.854E+1
712.91	2.184E+1
713.22	-2.670E+1
713.53	5.340E+1
713.85	-4.854E+0
714.16	-6.796E+1
714.47	5.097E+1
714.78	4.612E+1
715.10	3.641E+1
715.41	-2.184E+1
715.72	-4.854E+0
716.03	-5.583E+1
716.35	2.670E+1
716.66	2.427E+0
716.97	-3.155E+1
717.28	-4.126E+1
717.59	-9.709E+0
717.91	9.709E+0
718.22	-6.068E+1
718.53	-2.184E+1
718.84	-7.039E+1
719.15	5.340E+1
719.46	-7.282E+1
719.78	-3.398E+1
720.09	-1.456E+1
720.40	-4.369E+1
720.71	4.612E+1
721.02	-7.282E+0
721.33	1.214E+1
721.65	8.981E+1
721.96	3.641E+1
722.27	-1.942E+1
722.58	-7.282E+0
722.89	1.456E+1
723.20	7.282E+1
723.51	-5.097E+1
723.82	-3.398E+1
724.13	-1.456E+1
724.45	-1.214E+1
724.76	-5.097E+1
725.07	4.854E+0
725.38	-7.282E+0
725.69	3.641E+1
726.00	2.670E+1
726.31	-9.952E+1
726.62	2.427E+0
726.93	-9.709E+0
727.24	-9.709E+0
727.55	3.155E+1
727.86	-1.238E+2
728.17	-3.155E+1
728.48	3.884E+1
728.79	1.942E+1
729.10	6.554E+1
729.41	-2.913E+1
729.72	3.155E+1
730.03	-3.398E+1
730.34	7.767E+1
730.65	2.913E+1
730.96	-2.913E+1
731.27	1.456E+1
731.58	1.214E+1
731.89	-1.942E+1
732.20	-2.427E+1
732.51	9.223E+1
732.82	-3.155E+1
733.13	-3.398E+1
733.44	-4.854E+0
733.75	-1.286E+2
734.06	6.068E+1
734.37	9.709E+0
734.68	-1.238E+2
734.98	4.126E+1
735.29	-3.155E+1
735.60	7.282E+0
735.91	3.398E+1
736.22	1.942E+1
736.53	-6.068E+1
736.84	-1.432E+2
737.15	-7.767E+1
737.46	1.214E+1
737.77	-1.456E+1
738.07	-5.340E+1
738.38	-2.670E+1
738.69	-9.709E+0
739.00	1.942E+1
739.31	-7.282E+0
739.62	-4.126E+1
739.92	-1.942E+1
740.23	0.000E+0
740.54	9.223E+1
740.85	3.641E+1
741.16	-1.311E+2
741.47	-7.282E+1
741.77	7.767E+1
742.08	9.466E+1
742.39	-8.738E+1
742.70	4.126E+1
743.01	-3.641E+1
743.31	-9.709E+0
743.62	2.427E+0
743.93	2.913E+1
744.24	-1.942E+1
744.54	-2.427E+0
744.85	-4.369E+1
745.16	1.942E+1
745.47	9.223E+1
745.77	-5.340E+1
746.08	-2.427E+1
746.39	-2.427E+0
746.70	2.913E+1
747.00	-2.184E+1
747.31	2.670E+1
747.62	-1.214E+1
747.92	1.456E+1
748.23	-8.738E+1
748.54	-3.155E+1
748.84	2.427E+0
749.15	2.427E+1
749.46	-4.612E+1
749.76	-1.068E+2
750.07	9.709E+0
750.38	9.709E+0
750.68	-3.641E+1
750.99	-1.942E+1
751.30	6.796E+1
751.60	5.340E+1
751.91	0.000E+0
752.22	7.039E+1
752.52	-5.825E+1
752.83	8.253E+1
753.14	-4.612E+1
753.44	4.369E+1
753.75	-7.039E+1
754.05	7.282E+1
754.36	2.184E+1
754.67	4.612E+1
754.97	3.155E+1
755.28	-3.884E+1
755.58	6.068E+1
755.89	1.456E+1
756.19	-9.709E+0
756.50	7.282E+0
756.81	9.223E+1
757.11	-1.699E+1
757.42	-1.214E+1
757.72	9.709E+0
758.03	3.884E+1
758.33	2.427E+0
758.64	9.709E+1
758.94	-3.155E+1
759.25	9.223E+1
759.55	-3.398E+1
759.86	2.913E+1
760.16	1.505E+2
760.47	4.612E+1
760.77	1.214E+1
761.08	5.583E+1
761.38	2.913E+1
761.69	-3.641E+1
761.99	4.126E+1
762.30	5.340E+1
762.60	-5.097E+1
762.91	-3.884E+1
763.21	3.398E+1
763.51	0.000E+0
763.82	1.699E+1
764.12	-6.311E+1
764.43	4.369E+1
764.73	-3.155E+1
765.04	1.117E+2
765.34	5.825E+1
765.64	-4.612E+1
765.95	-5.583E+1
766.25	4.369E+1
766.56	4.612E+1
766.86	2.913E+1
767.16	-7.282E+0
767.47	-2.670E+1
767.77	1.214E+1
768.07	-1.214E+1
768.38	-6.796E+1
768.68	3.398E+1
768.98	3.398E+1
769.29	2.913E+1
769.59	5.583E+1
769.89	7.767E+1
770.20	-1.214E+1
770.50	-2.670E+1
770.80	0.000E+0
771.11	3.398E+1
771.41	-3.884E+1
771.71	7.767E+1
772.02	1.456E+1
772.32	1.456E+1
772.62	7.282E+0
772.93	4.854E+0
773.23	-5.825E+1
773.53	7.282E+0
773.83	-7.039E+1
774.14	-2.427E+1
774.44	8.495E+1
774.74	-1.456E+1
775.04	-1.699E+1
775.35	7.282E+0
775.65	4.126E+1
775.95	-2.913E+1
776.25	-4.612E+1
776.55	8.253E+1
776.86	2.184E+1
777.16	5.825E+1
777.46	0.000E+0
777.76	-1.699E+1
778.06	3.155E+1
778.37	-5.825E+1
778.67	9.709E+1
778.97	-1.796E+2
779.27	2.427E+0
779.57	-5.825E+1
779.88	-5.340E+1
780.18	4.854E+0
780.48	-1.699E+1
780.78	1.456E+1
781.08	2.427E+1
781.38	-7.282E+0
781.68	-9.952E+1
781.98	-8.253E+1
782.29	-7.039E+1
782.59	-5.097E+1
782.89	8.738E+1
783.19	4.612E+1
783.49	-4.126E+1
783.79	-3.155E+1
784.09	-4.854E+0
784.39	2.427E+1
784.69	-7.039E+1
784.99	-3.884E+1
785.30	4.126E+1
785.60	-3.155E+1
785.90	7.039E+1
786.20	4.854E+1
786.50	-2.913E+1
786.80	8.010E+1
787.10	2.427E+0
787.40	2.913E+1
787.70	-7.767E+1
788.00	-9.709E+0
788.30	-3.155E+1
788.60	1.942E+1
788.90	5.340E+1
789.20	3.398E+1
789.50	-4.369E+1
789.80	7.767E+1
790.10	9.709E+0
790.40	2.427E+0
790.70	-1.214E+1
791.00	7.282E+0
791.30	3.398E+1
791.60	4.854E+0
791.90	-3.641E+1
792.20	7.282E+1
792.50	-7.039E+1
792.79	-3.641E+1
793.09	-9.466E+1
793.39	4.369E+1
793.69	-4.612E+1
793.99	-3.884E+1
794.29	-3.641E+1
794.59	-2.670E+1
794.89	-1.214E+1
795.19	9.709E+1
795.49	-3.398E+1
795.79	6.554E+1
796.08	-1.456E+1
796.38	4.369E+1
796.68	7.282E+1
796.98	-5.097E+1
797.28	7.282E+0
797.58	-2.184E+1
797.88	1.214E+1
798.17	-4.612E+1
798.47	4.369E+1
798.77	1.942E+1
799.07	-7.282E+0
799.37	1.019E+2
799.67	-3.641E+1
799.96	4.612E+1
800.26	4.854E+0
800.56	8.495E+1
800.86	4.126E+1
801.16	3.884E+1
801.45	5.097E+1
801.75	2.427E+0
802.05	-7.039E+1
802.35	-2.427E+1
802.64	4.854E+0
802.94	8.738E+1
803.24	-7.039E+1
803.54	-1.699E+1
803.83	-5.583E+1
804.13	2.670E+1
804.43	6.796E+1
804.73	8.253E+1
805.02	-4.612E+1
805.32	2.427E+0
805.62	-1.942E+1
805.91	-4.854E+1
806.21	-2.670E+1
806.51	7.767E+1
806.81	0.000E+0
807.10	-3.398E+1
807.40	-4.854E+0
807.70	4.369E+1
807.99	5.340E+1
808.29	-3.398E+1
808.59	5.583E+1
808.88	1.214E+1
809.18	-8.981E+1
809.47	5.583E+1
809.77	-9.952E+1
810.07	-5.097E+1
810.36	-7.282E+0
810.66	1.553E+2
810.96	7.524E+1
811.25	7.282E+0
811.55	1.942E+1
811.84	1.699E+1
812.14	3.398E+1
812.44	-5.097E+1
812.73	-4.854E+1
813.03	9.709E+0
813.32	-1.942E+1
813.62	-1.214E+1
813.91	4.854E+0
814.21	7.282E+1
814.51	2.913E+1
814.80	7.767E+1
815.10	4.612E+1
815.39	-7.039E+1
815.69	-2.184E+1
815.98	-6.796E+1
816.28	-8.738E+1
816.57	-4.854E+1
816.87	3.884E+1
817.16	6.554E+1
817.46	-7.282E+1
817.75	3.398E+1
818.05	3.884E+1
818.34	4.854E+0
818.64	-3.641E+1
818.93	-9.466E+1
819.23	3.641E+1
819.52	-4.854E+0
819.82	8.010E+1
820.11	-5.097E+1
820.40	-1.456E+1
820.70	5.340E+1
820.99	6.554E+1
821.29	1.408E+2
821.58	-5.097E+1
821.88	-1.214E+1
822.17	-1.699E+1
822.46	-3.155E+1
822.76	2.427E+0
823.05	8.495E+1
823.35	-2.913E+1
823.64	-6.554E+1
823.93	2.427E+1
824.23	-2.427E+1
824.52	-2.670E+1
824.81	-3.884E+1
825.11	-4.126E+1
825.40	-1.214E+1
825.69	1.699E+1
825.99	-7.282E+0
826.28	-3.884E+1
826.58	3.398E+1
826.87	-1.942E+1
827.16	4.612E+1
827.45	1.942E+1
827.75	1.262E+2
828.04	8.981E+1
828.33	-2.427E+1
828.63	-7.039E+1
828.92	4.854E+0
829.21	4.854E+1
829.51	9.709E+0
829.80	-2.670E+1
830.09	4.854E+0
830.38	-3.155E+1
830.68	-8.253E+1
830.97	9.709E+0
831.26	5.340E+1
831.55	-3.155E+1
831.85	4.854E+0
832.14	3.641E+1
832.43	-6.796E+1
832.72	-1.214E+1
833.01	3.641E+1
833.31	7.282E+0
833.60	6.554E+1
833.89	4.369E+1
834.18	2.913E+1
834.47	-8.253E+1
834.77	4.854E+0
835.06	2.670E+1
835.35	-6.554E+1
835.64	1.456E+1
835.93	-2.670E+1
836.22	-1.626E+2
836.52	-9.223E+1
836.81	4.126E+1
837.10	-2.427E+0
837.39	-5.340E+1
837.68	1.699E+1
837.97	1.214E+1
838.26	4.854E+0
838.55	-1.286E+2
838.85	-5.583E+1
839.14	1.214E+1
839.43	-4.854E+0
839.72	-9.466E+1
840.01	-3.398E+1
840.30	-1.286E+2
840.59	-3.641E+1
840.88	6.068E+1
841.17	1.942E+1
841.46	-6.554E+1
841.75	-4.126E+1
842.04	1.942E+1
842.33	9.709E+0
842.62	1.942E+1
842.91	1.942E+1
843.21	8.738E+1
843.50	-3.884E+1
843.79	0.000E+0
844.08	-4.369E+1
844.37	-4.369E+1
844.66	3.884E+1
844.95	-4.854E+0
845.24	3.398E+1
845.53	1.699E+1
845.81	-5.097E+1
846.10	-4.854E+0
846.39	-1.699E+1
846.68	-2.184E+1
846.97	-3.884E+1
847.26	-1.044E+2
847.55	7.282E+0
847.84	9.709E+0
848.13	0.000E+0
848.42	-2.913E+1
848.71	-2.184E+1
849.00	-2.427E+0
849.29	7.767E+1
849.58	-2.913E+1
849.87	2.913E+1
850.15	-6.796E+1
850.44	-8.253E+1
850.73	4.854E+0
851.02	-5.825E+1
851.31	5.825E+1
851.60	-5.825E+1
851.89	6.068E+1
852.18	-2.184E+1
852.46	-1.942E+1
852.75	-2.913E+1
853.04	-2.427E+1
853.33	4.854E+0
853.62	1.456E+1
853.91	-1.456E+1
854.19	-4.854E+1
854.48	-8.981E+1
854.77	-4.612E+1
855.06	-2.184E+1
855.35	-6.554E+1
855.63	-8.738E+1
855.92	-4.612E+1
856.21	1.214E+1
856.50	0.000E+0
856.79	-4.369E+1
857.07	-6.311E+1
857.36	-3.884E+1
857.65	-4.854E+0
857.94	-1.602E+2
858.22	-9.466E+1
858.51	-6.554E+1
858.80	-9.709E+0
859.08	-1.189E+2
859.37	-1.675E+2
859.66	-4.854E+0
859.95	-4.854E+0
860.23	-9.709E+1
860.52	4.369E+1
860.81	-2.427E+0
861.09	-1.699E+1
861.38	1.141E+2
861.67	-3.398E+1
861.95	-9.466E+1
862.24	-2.913E+1
862.53	-1.942E+1
862.81	-4.854E+1
863.10	-7.282E+0
863.39	-2.184E+1
863.67	3.884E+1
863.96	-1.068E+2
864.25	9.709E+0
864.53	-6.068E+1
864.82	2.427E+0
865.10	4.854E+0
865.39	9.709E+0
865.68	7.282E+1
865.96	-1.456E+1
866.25	2.184E+1
866.53	2.184E+1
866.82	2.184E+1