Wavelength	Intensity	Ocean Optics Flame
nm	counts
187.89	1.214E+1
188.27	5.097E+1
188.64	2.427E+1
189.02	-4.369E+1
189.40	-5.340E+1
189.78	-4.854E+0
190.15	-2.670E+1
190.53	7.282E+0
190.91	-2.427E+0
191.29	-7.282E+0
191.66	4.612E+1
192.04	2.427E+0
192.42	-1.214E+1
192.80	2.427E+0
193.17	7.524E+1
193.55	2.184E+1
193.93	4.612E+1
194.30	8.981E+1
194.68	-2.913E+1
195.06	3.155E+1
195.44	-3.398E+1
195.81	3.641E+1
196.19	-5.583E+1
196.57	6.311E+1
196.94	1.699E+1
197.32	4.126E+1
197.70	5.097E+1
198.07	-9.709E+0
198.45	-2.670E+1
198.83	-1.214E+1
199.20	8.495E+1
199.58	-2.913E+1
199.96	0.000E+0
200.33	7.767E+1
200.71	9.709E+1
201.09	-6.311E+1
201.46	-9.709E+0
201.84	1.505E+2
202.22	1.117E+2
202.59	5.825E+1
202.97	3.155E+1
203.34	-9.709E+0
203.72	-7.282E+0
204.10	-2.184E+1
204.47	-2.427E+1
204.85	-5.825E+1
205.23	0.000E+0
205.60	-2.427E+1
205.98	-9.466E+1
206.35	-2.670E+1
206.73	-6.311E+1
207.11	1.068E+2
207.48	5.097E+1
207.86	-6.554E+1
208.23	7.282E+0
208.61	1.189E+2
208.98	5.825E+1
209.36	6.311E+1
209.74	-6.796E+1
210.11	6.311E+1
210.49	-1.942E+1
210.86	5.825E+1
211.24	7.524E+1
211.61	4.854E+0
211.99	6.554E+1
212.36	-8.253E+1
212.74	3.398E+1
213.11	5.097E+1
213.49	1.699E+1
213.87	1.942E+1
214.24	4.126E+1
214.62	5.097E+1
214.99	-8.738E+1
215.37	-5.097E+1
215.74	-2.427E+1
216.12	-7.524E+1
216.49	9.952E+1
216.87	-2.913E+1
217.24	7.282E+0
217.62	-7.282E+0
217.99	1.092E+2
218.37	5.340E+1
218.74	4.854E+0
219.11	7.767E+1
219.49	7.282E+0
219.86	-4.854E+0
220.24	-5.097E+1
220.61	7.039E+1
220.99	-1.165E+2
221.36	-1.942E+1
221.74	2.184E+1
222.11	-8.253E+1
222.49	-2.427E+1
222.86	5.825E+1
223.23	1.942E+1
223.61	7.767E+1
223.98	-1.699E+1
224.36	-7.282E+0
224.73	-4.369E+1
225.11	5.340E+1
225.48	5.340E+1
225.85	1.019E+2
226.23	-7.282E+0
226.60	-2.670E+1
226.98	1.044E+2
227.35	-4.612E+1
227.72	9.952E+1
228.10	-9.709E+0
228.47	-7.039E+1
228.84	-9.709E+0
229.22	-8.253E+1
229.59	-1.699E+1
229.97	-1.942E+1
230.34	4.854E+0
230.71	-5.340E+1
231.09	1.699E+1
231.46	4.369E+1
231.83	1.019E+2
232.21	7.524E+1
232.58	6.068E+1
232.95	-1.311E+2
233.33	4.126E+1
233.70	1.699E+1
234.07	9.709E+0
234.45	4.126E+1
234.82	-2.427E+0
235.19	1.141E+2
235.57	3.884E+1
235.94	5.825E+1
236.31	-4.612E+1
236.69	-1.942E+1
237.06	1.529E+2
237.43	-4.369E+1
237.80	9.709E+0
238.18	1.942E+1
238.55	4.854E+1
238.92	-8.981E+1
239.30	-2.184E+1
239.67	5.825E+1
240.04	-9.709E+0
240.41	1.942E+1
240.79	7.282E+0
241.16	4.854E+1
241.53	7.282E+1
241.90	6.311E+1
242.28	-7.282E+1
242.65	-6.796E+1
243.02	2.913E+1
243.39	-2.670E+1
243.77	-7.524E+1
244.14	-7.039E+1
244.51	-1.456E+1
244.88	2.913E+1
245.25	-3.155E+1
245.63	3.155E+1
246.00	-9.709E+0
246.37	-4.612E+1
246.74	-3.398E+1
247.11	3.155E+1
247.49	4.126E+1
247.86	4.854E+1
248.23	-2.427E+0
248.60	-1.384E+2
248.97	-1.699E+1
249.35	-1.942E+1
249.72	1.456E+1
250.09	1.214E+1
250.46	-4.369E+1
250.83	2.427E+1
251.20	-6.311E+1
251.58	-5.097E+1
251.95	-4.612E+1
252.32	-4.126E+1
252.69	-1.214E+1
253.06	-3.155E+1
253.43	-3.398E+1
253.80	4.612E+1
254.17	1.068E+2
254.55	-1.262E+2
254.92	4.612E+1
255.29	4.126E+1
255.66	4.854E+0
256.03	-2.427E+1
256.40	-2.913E+1
256.77	5.825E+1
257.14	5.097E+1
257.51	-3.641E+1
257.88	-4.612E+1
258.26	2.427E+1
258.63	-2.427E+1
259.00	-5.825E+1
259.37	-1.092E+2
259.74	-8.010E+1
260.11	1.044E+2
260.48	-2.670E+1
260.85	2.913E+1
261.22	-1.359E+2
261.59	4.612E+1
261.96	4.854E+1
262.33	-3.641E+1
262.70	4.369E+1
263.07	-2.913E+1
263.44	-5.097E+1
263.81	4.854E+0
264.18	8.010E+1
264.55	-7.039E+1
264.92	4.854E+0
265.29	-2.184E+1
265.66	1.699E+1
266.03	2.670E+1
266.40	-7.524E+1
266.77	7.282E+0
267.14	-5.583E+1
267.51	7.282E+0
267.88	-7.282E+0
268.25	-2.427E+0
268.62	4.369E+1
268.99	2.670E+1
269.36	-6.554E+1
269.73	8.738E+1
270.10	6.796E+1
270.47	-1.214E+1
270.84	7.039E+1
271.21	5.825E+1
271.58	3.884E+1
271.95	-2.913E+1
272.32	-3.641E+1
272.69	5.825E+1
273.06	-1.942E+1
273.43	1.942E+1
273.80	6.796E+1
274.17	3.155E+1
274.53	1.942E+1
274.90	1.456E+1
275.27	1.942E+1
275.64	9.709E+0
276.01	-8.738E+1
276.38	-4.854E+0
276.75	9.952E+1
277.12	4.854E+0
277.49	-4.854E+1
277.86	-1.456E+1
278.22	-1.092E+2
278.59	-6.311E+1
278.96	7.282E+0
279.33	9.709E+1
279.70	5.097E+1
280.07	7.039E+1
280.44	-3.641E+1
280.80	7.767E+1
281.17	9.709E+0
281.54	-2.184E+1
281.91	1.942E+1
282.28	-6.554E+1
282.65	9.709E+0
283.02	-4.369E+1
283.38	-2.184E+1
283.75	8.738E+1
284.12	5.340E+1
284.49	-4.369E+1
284.86	-5.097E+1
285.22	-4.369E+1
285.59	-2.427E+1
285.96	-7.524E+1
286.33	-6.554E+1
286.70	8.253E+1
287.06	-2.184E+1
287.43	5.583E+1
287.80	4.612E+1
288.17	1.165E+2
288.53	-7.282E+0
288.90	2.670E+1
289.27	8.010E+1
289.64	1.942E+1
290.01	-6.796E+1
290.37	-4.612E+1
290.74	-4.126E+1
291.11	4.854E+0
291.48	-5.825E+1
291.84	7.767E+1
292.21	-8.738E+1
292.58	7.524E+1
292.94	-6.068E+1
293.31	-5.825E+1
293.68	9.709E+0
294.05	-3.398E+1
294.41	3.155E+1
294.78	1.942E+1
295.15	2.913E+1
295.51	-6.311E+1
295.88	-9.952E+1
296.25	3.155E+1
296.61	9.709E+0
296.98	2.427E+1
297.35	6.554E+1
297.72	-3.155E+1
298.08	-4.612E+1
298.45	1.165E+2
298.82	4.126E+1
299.18	-1.456E+1
299.55	1.699E+1
299.91	-1.214E+1
300.28	1.456E+1
300.65	-1.044E+2
301.01	-2.184E+1
301.38	-9.709E+1
301.75	-2.427E+0
302.11	2.184E+1
302.48	-7.039E+1
302.85	4.854E+1
303.21	1.456E+1
303.58	1.141E+2
303.94	-2.184E+1
304.31	4.612E+1
304.68	4.854E+0
305.04	3.641E+1
305.41	6.311E+1
305.77	-3.641E+1
306.14	-7.282E+0
306.51	-1.214E+1
306.87	8.738E+1
307.24	-2.184E+1
307.60	5.583E+1
307.97	9.709E+0
308.33	-7.767E+1
308.70	4.854E+0
309.07	2.427E+1
309.43	3.398E+1
309.80	0.000E+0
310.16	-2.427E+1
310.53	7.524E+1
310.89	6.554E+1
311.26	2.184E+1
311.62	7.282E+1
311.99	7.282E+0
312.35	9.466E+1
312.72	6.554E+1
313.08	-1.456E+1
313.45	1.384E+2
313.81	-7.524E+1
314.18	7.767E+1
314.54	1.092E+2
314.91	4.612E+1
315.27	-4.854E+1
315.64	-9.709E+1
316.00	5.825E+1
316.37	1.141E+2
316.73	6.068E+1
317.10	-1.456E+1
317.46	-4.854E+0
317.83	7.282E+1
318.19	-2.913E+1
318.56	2.427E+0
318.92	2.427E+0
319.28	9.466E+1
319.65	-4.126E+1
320.01	5.825E+1
320.38	1.942E+1
320.74	-7.039E+1
321.11	3.641E+1
321.47	1.942E+1
321.83	4.854E+0
322.20	-6.311E+1
322.56	6.311E+1
322.93	1.456E+1
323.29	8.738E+1
323.66	8.981E+1
324.02	4.612E+1
324.38	-7.282E+0
324.75	-3.641E+1
325.11	3.398E+1
325.47	-1.699E+1
325.84	-4.612E+1
326.20	4.369E+1
326.57	1.699E+1
326.93	1.214E+1
327.29	-3.641E+1
327.66	4.854E+1
328.02	-3.641E+1
328.38	-5.583E+1
328.75	-4.854E+1
329.11	7.282E+0
329.47	-1.942E+1
329.84	-4.612E+1
330.20	-1.699E+1
330.56	-5.340E+1
330.93	0.000E+0
331.29	1.456E+1
331.65	-2.670E+1
332.02	3.155E+1
332.38	2.184E+1
332.74	-1.942E+1
333.10	1.214E+1
333.47	3.398E+1
333.83	-1.456E+1
334.19	7.767E+1
334.56	1.942E+1
334.92	-3.884E+1
335.28	3.155E+1
335.64	7.039E+1
336.01	1.117E+2
336.37	5.825E+1
336.73	8.738E+1
337.09	6.311E+1
337.46	1.772E+2
337.82	1.189E+2
338.18	5.340E+1
338.54	-4.854E+0
338.91	2.184E+1
339.27	9.466E+1
339.63	3.641E+1
339.99	-7.282E+0
340.36	7.282E+0
340.72	-6.554E+1
341.08	0.000E+0
341.44	-2.670E+1
341.80	6.311E+1
342.17	-2.427E+0
342.53	2.427E+1
342.89	4.369E+1
343.25	6.554E+1
343.61	5.583E+1
343.98	4.369E+1
344.34	-1.699E+1
344.70	9.466E+1
345.06	3.884E+1
345.42	1.675E+2
345.78	-7.039E+1
346.14	3.884E+1
346.51	-4.126E+1
346.87	1.942E+1
347.23	1.092E+2
347.59	3.155E+1
347.95	4.854E+0
348.31	-1.602E+2
348.67	-4.369E+1
349.04	6.068E+1
349.40	-9.709E+0
349.76	3.155E+1
350.12	-2.427E+0
350.48	-7.039E+1
350.84	-2.913E+1
351.20	8.738E+1
351.56	4.126E+1
351.92	9.709E+0
352.28	-6.796E+1
352.65	5.825E+1
353.01	4.854E+0
353.37	3.398E+1
353.73	4.854E+1
354.09	9.709E+0
354.45	4.854E+0
354.81	-5.097E+1
355.17	6.068E+1
355.53	-6.796E+1
355.89	8.253E+1
356.25	-6.554E+1
356.61	1.238E+2
356.97	4.126E+1
357.33	-5.340E+1
357.69	2.670E+1
358.05	2.913E+1
358.41	-1.699E+1
358.77	7.039E+1
359.13	5.583E+1
359.49	9.709E+0
359.85	6.796E+1
360.21	4.854E+1
360.57	-7.282E+0
360.93	4.369E+1
361.29	6.311E+1
361.65	1.068E+2
362.01	4.369E+1
362.37	8.738E+1
362.73	7.524E+1
363.09	3.641E+1
363.45	1.456E+1
363.81	-6.068E+1
364.17	5.340E+1
364.53	2.184E+1
364.89	9.952E+1
365.25	2.670E+1
365.61	1.019E+2
365.97	1.626E+2
366.33	2.670E+1
366.69	6.311E+1
367.05	6.068E+1
367.40	8.495E+1
367.76	-5.583E+1
368.12	1.481E+2
368.48	3.641E+1
368.84	5.340E+1
369.20	1.311E+2
369.56	3.155E+1
369.92	1.262E+2
370.28	8.253E+1
370.63	1.529E+2
370.99	1.141E+2
371.35	6.311E+1
371.71	1.505E+2
372.07	1.238E+2
372.43	1.189E+2
372.79	2.427E+2
373.15	5.583E+1
373.50	1.869E+2
373.86	1.505E+2
374.22	9.709E+1
374.58	8.738E+1
374.94	3.398E+1
375.30	1.505E+2
375.65	2.015E+2
376.01	3.010E+2
376.37	2.718E+2
376.73	2.791E+2
377.09	2.063E+2
377.44	1.845E+2
377.80	2.282E+2
378.16	2.039E+2
378.52	2.573E+2
378.88	1.966E+2
379.23	2.621E+2
379.59	3.471E+2
379.95	3.884E+2
380.31	3.277E+2
380.66	3.252E+2
381.02	4.563E+2
381.38	4.466E+2
381.74	5.194E+2
382.09	5.510E+2
382.45	5.413E+2
382.81	6.311E+2
383.17	6.942E+2
383.52	6.820E+2
383.88	7.039E+2
384.24	8.787E+2
384.60	9.515E+2
384.95	1.167E+3
385.31	1.058E+3
385.67	1.357E+3
386.02	1.410E+3
386.38	1.500E+3
386.74	1.604E+3
387.10	1.874E+3
387.45	1.837E+3
387.81	2.216E+3
388.17	2.371E+3
388.52	2.672E+3
388.88	2.971E+3
389.24	3.056E+3
389.59	3.427E+3
389.95	3.794E+3
390.31	4.104E+3
390.66	4.432E+3
391.02	4.910E+3
391.38	5.282E+3
391.73	5.995E+3
392.09	6.427E+3
392.44	6.837E+3
392.80	7.493E+3
393.16	7.869E+3
393.51	8.668E+3
393.87	9.185E+3
394.23	1.007E+4
394.58	1.079E+4
394.94	1.148E+4
395.29	1.255E+4
395.65	1.337E+4
396.01	1.418E+4
396.36	1.502E+4
396.72	1.577E+4
397.07	1.715E+4
397.43	1.813E+4
397.78	1.915E+4
398.14	2.005E+4
398.50	2.172E+4
398.85	2.277E+4
399.21	2.376E+4
399.56	2.595E+4
399.92	2.696E+4
400.27	2.806E+4
400.63	2.939E+4
400.98	3.156E+4
401.34	3.268E+4
401.69	3.366E+4
402.05	3.531E+4
402.40	3.666E+4
402.76	3.793E+4
403.11	3.952E+4
403.47	4.141E+4
403.82	4.164E+4
404.18	4.384E+4
404.53	4.458E+4
404.89	4.597E+4
405.24	4.578E+4
405.60	4.629E+4
405.95	4.741E+4
406.31	4.805E+4
406.66	4.793E+4
407.02	4.720E+4
407.37	4.725E+4
407.73	4.695E+4
408.08	4.692E+4
408.44	4.558E+4
408.79	4.449E+4
409.14	4.352E+4
409.50	4.218E+4
409.85	4.039E+4
410.21	3.862E+4
410.56	3.682E+4
410.92	3.496E+4
411.27	3.283E+4
411.62	3.093E+4
411.98	2.859E+4
412.33	2.707E+4
412.69	2.540E+4
413.04	2.321E+4
413.39	2.182E+4
413.75	2.047E+4
414.10	1.898E+4
414.45	1.774E+4
414.81	1.669E+4
415.16	1.564E+4
415.52	1.456E+4
415.87	1.368E+4
416.22	1.312E+4
416.58	1.239E+4
416.93	1.161E+4
417.28	1.106E+4
417.64	1.067E+4
417.99	1.036E+4
418.34	9.699E+3
418.70	9.226E+3
419.05	8.864E+3
419.40	8.299E+3
419.76	7.993E+3
420.11	7.767E+3
420.46	7.272E+3
420.81	6.942E+3
421.17	6.578E+3
421.52	6.413E+3
421.87	6.146E+3
422.23	5.874E+3
422.58	5.602E+3
422.93	5.308E+3
423.28	5.012E+3
423.64	4.704E+3
423.99	4.384E+3
424.34	4.238E+3
424.69	3.952E+3
425.05	3.748E+3
425.40	3.391E+3
425.75	3.294E+3
426.10	3.211E+3
426.46	3.044E+3
426.81	2.927E+3
427.16	2.643E+3
427.51	2.641E+3
427.87	2.437E+3
428.22	2.371E+3
428.57	2.109E+3
428.92	2.238E+3
429.27	2.131E+3
429.63	1.990E+3
429.98	1.743E+3
430.33	1.850E+3
430.68	1.668E+3
431.03	1.668E+3
431.38	1.733E+3
431.74	1.527E+3
432.09	1.590E+3
432.44	1.539E+3
432.79	1.490E+3
433.14	1.357E+3
433.49	1.265E+3
433.85	1.245E+3
434.20	1.221E+3
434.55	1.231E+3
434.90	1.175E+3
435.25	1.121E+3
435.60	1.083E+3
435.95	1.087E+3
436.30	1.100E+3
436.66	9.466E+2
437.01	9.830E+2
437.36	9.345E+2
437.71	8.447E+2
438.06	9.126E+2
438.41	8.131E+2
438.76	8.568E+2
439.11	7.185E+2
439.46	8.107E+2
439.81	7.233E+2
440.16	6.893E+2
440.52	5.558E+2
440.87	6.748E+2
441.22	6.238E+2
441.57	6.141E+2
441.92	6.311E+2
442.27	5.486E+2
442.62	4.830E+2
442.97	5.655E+2
443.32	4.976E+2
443.67	5.631E+2
444.02	4.442E+2
444.37	2.330E+2
444.72	4.587E+2
445.07	3.786E+2
445.42	4.709E+2
445.77	4.345E+2
446.12	3.398E+2
446.47	4.248E+2
446.82	4.272E+2
447.17	3.617E+2
447.52	3.714E+2
447.87	2.621E+2
448.22	2.791E+2
448.57	3.204E+2
448.92	3.908E+2
449.27	3.350E+2
449.62	2.087E+2
449.97	3.180E+2
450.32	2.767E+2
450.66	2.354E+2
451.01	3.277E+2
451.36	3.908E+2
451.71	2.621E+2
452.06	2.306E+2
452.41	2.112E+2
452.76	2.306E+2
453.11	2.184E+2
453.46	2.621E+2
453.81	1.553E+2
454.16	1.869E+2
454.51	1.626E+2
454.85	1.044E+2
455.20	2.379E+2
455.55	1.942E+2
455.90	2.039E+2
456.25	2.354E+2
456.60	1.626E+2
456.95	1.141E+2
457.30	1.214E+2
457.64	1.796E+2
457.99	2.039E+2
458.34	5.097E+1
458.69	1.019E+2
459.04	2.112E+2
459.39	2.209E+2
459.73	1.117E+2
460.08	1.990E+2
460.43	1.578E+2
460.78	1.529E+2
461.13	6.068E+1
461.48	2.063E+2
461.82	2.354E+2
462.17	1.092E+2
462.52	1.286E+2
462.87	2.694E+2
463.21	1.578E+2
463.56	1.578E+2
463.91	1.238E+2
464.26	1.384E+2
464.61	1.578E+2
464.95	3.155E+1
465.30	1.869E+2
465.65	1.578E+2
466.00	7.039E+1
466.34	1.068E+2
466.69	1.481E+2
467.04	1.117E+2
467.39	1.165E+2
467.73	1.286E+2
468.08	1.748E+2
468.43	7.524E+1
468.77	9.466E+1
469.12	5.825E+1
469.47	9.709E+1
469.82	9.709E+1
470.16	1.165E+2
470.51	7.767E+1
470.86	4.854E+1
471.20	1.359E+2
471.55	1.165E+2
471.90	0.000E+0
472.24	1.019E+2
472.59	9.709E+1
472.94	1.214E+2
473.28	1.068E+2
473.63	1.165E+2
473.98	1.626E+2
474.32	-1.456E+1
474.67	4.612E+1
475.02	1.942E+1
475.36	1.311E+2
475.71	1.408E+2
476.06	2.015E+2
476.40	-8.738E+1
476.75	1.359E+2
477.09	1.384E+2
477.44	8.495E+1
477.79	1.359E+2
478.13	3.884E+1
478.48	7.767E+1
478.82	2.913E+1
479.17	3.884E+1
479.52	1.165E+2
479.86	1.214E+2
480.21	6.796E+1
480.55	1.117E+2
480.90	1.408E+2
481.24	9.709E+1
481.59	1.529E+2
481.94	7.282E+1
482.28	2.670E+1
482.63	9.952E+1
482.97	5.825E+1
483.32	1.626E+2
483.66	8.981E+1
484.01	2.087E+2
484.35	-6.311E+1
484.70	1.068E+2
485.04	1.189E+2
485.39	4.854E+1
485.73	2.184E+1
486.08	1.238E+2
486.42	5.825E+1
486.77	-2.913E+1
487.11	6.796E+1
487.46	-6.311E+1
487.80	1.165E+2
488.15	4.369E+1
488.49	4.854E+1
488.84	8.738E+1
489.18	3.641E+1
489.53	1.553E+2
489.87	6.068E+1
490.21	2.427E+1
490.56	1.408E+2
490.90	9.223E+1
491.25	1.262E+2
491.59	1.214E+2
491.94	6.068E+1
492.28	5.583E+1
492.62	1.432E+2
492.97	1.019E+2
493.31	2.015E+2
493.66	-9.709E+0
494.00	1.068E+2
494.34	1.141E+2
494.69	7.282E+0
495.03	4.369E+1
495.38	-9.709E+0
495.72	1.408E+2
496.06	8.253E+1
496.41	-9.709E+0
496.75	2.670E+1
497.09	9.709E+0
497.44	2.184E+1
497.78	1.578E+2
498.13	6.311E+1
498.47	2.427E+0
498.81	1.117E+2
499.16	1.165E+2
499.50	1.286E+2
499.84	-1.214E+1
500.19	9.952E+1
500.53	1.214E+1
500.87	6.796E+1
501.21	8.981E+1
501.56	3.398E+1
501.90	3.884E+1
502.24	5.097E+1
502.59	1.019E+2
502.93	1.189E+2
503.27	7.282E+0
503.61	1.262E+2
503.96	5.825E+1
504.30	7.524E+1
504.64	-4.854E+0
504.99	5.097E+1
505.33	3.884E+1
505.67	8.253E+1
506.01	4.854E+0
506.36	1.723E+2
506.70	1.456E+1
507.04	1.942E+1
507.38	2.427E+0
507.72	2.670E+1
508.07	1.456E+2
508.41	1.238E+2
508.75	1.214E+2
509.09	4.612E+1
509.44	4.854E+1
509.78	6.311E+1
510.12	1.262E+2
510.46	1.286E+2
510.80	5.340E+1
511.14	4.369E+1
511.49	-5.097E+1
511.83	-4.854E+0
512.17	-1.456E+1
512.51	1.238E+2
512.85	1.189E+2
513.19	1.553E+2
513.54	6.068E+1
513.88	1.214E+1
514.22	2.913E+1
514.56	3.398E+1
514.90	1.408E+2
515.24	2.427E+0
515.58	2.913E+1
515.93	1.699E+2
516.27	1.141E+2
516.61	-1.214E+1
516.95	7.282E+0
517.29	1.456E+2
517.63	1.141E+2
517.97	2.184E+1
518.31	9.709E+0
518.65	4.854E+0
518.99	2.913E+1
519.33	1.553E+2
519.67	-1.942E+1
520.02	9.709E+1
520.36	9.952E+1
520.70	8.253E+1
521.04	6.311E+1
521.38	1.359E+2
521.72	6.796E+1
522.06	1.092E+2
522.40	-1.189E+2
522.74	9.466E+1
523.08	-1.456E+1
523.42	8.738E+1
523.76	8.738E+1
524.10	4.612E+1
524.44	9.952E+1
524.78	-2.427E+0
525.12	3.884E+1
525.46	-1.942E+1
525.80	1.068E+2
526.14	2.184E+1
526.48	1.238E+2
526.82	1.553E+2
527.16	7.282E+1
527.50	2.913E+1
527.84	-4.126E+1
528.18	3.398E+1
528.52	5.340E+1
528.86	1.869E+2
529.20	1.505E+2
529.54	1.141E+2
529.87	1.238E+2
530.21	1.578E+2
530.55	8.010E+1
530.89	-3.155E+1
531.23	2.184E+1
531.57	2.670E+1
531.91	-1.699E+1
532.25	9.952E+1
532.59	-5.097E+1
532.93	1.238E+2
533.27	2.184E+1
533.60	1.214E+1
533.94	-7.524E+1
534.28	9.709E+1
534.62	2.427E+0
534.96	8.010E+1
535.30	1.141E+2
535.64	6.796E+1
535.98	-4.854E+0
536.31	1.165E+2
536.65	9.709E+0
536.99	7.039E+1
537.33	1.748E+2
537.67	9.466E+1
538.01	1.942E+1
538.34	8.738E+1
538.68	1.942E+2
539.02	1.068E+2
539.36	5.825E+1
539.70	-2.913E+1
540.03	-1.456E+1
540.37	1.942E+1
540.71	5.825E+1
541.05	3.398E+1
541.39	6.311E+1
541.72	-1.214E+1
542.06	9.223E+1
542.40	1.456E+2
542.74	1.189E+2
543.07	8.495E+1
543.41	9.952E+1
543.75	6.068E+1
544.09	3.884E+1
544.42	6.068E+1
544.76	1.262E+2
545.10	3.641E+1
545.44	-2.184E+1
545.77	-1.942E+1
546.11	1.699E+1
546.45	7.767E+1
546.78	3.884E+1
547.12	-9.709E+0
547.46	1.456E+1
547.80	-8.738E+1
548.13	3.884E+1
548.47	3.884E+1
548.81	1.699E+2
549.14	2.670E+1
549.48	3.884E+1
549.82	3.398E+1
550.15	2.913E+1
550.49	7.524E+1
550.83	-7.282E+0
551.16	-1.942E+1
551.50	9.952E+1
551.84	9.709E+1
552.17	-2.670E+1
552.51	8.010E+1
552.84	1.019E+2
553.18	-1.942E+1
553.52	-9.709E+0
553.85	-2.427E+0
554.19	7.767E+1
554.53	6.554E+1
554.86	5.340E+1
555.20	1.651E+2
555.53	7.767E+1
555.87	1.117E+2
556.20	1.311E+2
556.54	5.583E+1
556.88	1.942E+1
557.21	9.709E+0
557.55	3.155E+1
557.88	4.126E+1
558.22	-2.184E+1
558.55	0.000E+0
558.89	4.854E+0
559.23	7.039E+1
559.56	8.010E+1
559.90	-4.854E+1
560.23	1.117E+2
560.57	7.524E+1
560.90	-7.524E+1
561.24	2.427E+0
561.57	1.651E+2
561.91	-2.184E+1
562.24	1.214E+1
562.58	7.767E+1
562.91	4.612E+1
563.25	-4.854E+1
563.58	7.282E+1
563.92	5.583E+1
564.25	4.854E+0
564.59	1.019E+2
564.92	-1.942E+1
565.25	3.155E+1
565.59	5.097E+1
565.92	-8.981E+1
566.26	-5.097E+1
566.59	-4.854E+0
566.93	5.583E+1
567.26	4.854E+0
567.60	-2.427E+0
567.93	1.359E+2
568.26	-8.495E+1
568.60	-2.427E+0
568.93	-2.670E+1
569.27	-1.942E+1
569.60	9.709E+0
569.93	5.825E+1
570.27	8.738E+1
570.60	4.612E+1
570.94	1.311E+2
571.27	-4.854E+0
571.60	5.340E+1
571.94	-1.942E+1
572.27	8.010E+1
572.60	-7.282E+0
572.94	3.641E+1
573.27	2.184E+1
573.60	7.282E+1
573.94	9.466E+1
574.27	2.913E+1
574.60	1.214E+1
574.94	4.126E+1
575.27	-8.495E+1
575.60	2.670E+1
575.94	3.884E+1
576.27	7.282E+0
576.60	-2.184E+1
576.94	7.524E+1
577.27	-1.699E+1
577.60	-1.942E+1
577.94	6.554E+1
578.27	-2.427E+1
578.60	4.854E+0
578.93	5.097E+1
579.27	8.253E+1
579.60	2.427E+0
579.93	8.495E+1
580.26	5.583E+1
580.60	2.913E+1
580.93	-2.427E+0
581.26	1.165E+2
581.59	1.214E+1
581.93	1.699E+1
582.26	1.456E+2
582.59	-7.282E+0
582.92	2.913E+1
583.25	6.068E+1
583.59	-4.854E+1
583.92	4.854E+0
584.25	7.282E+0
584.58	1.942E+1
584.91	4.126E+1
585.25	1.117E+2
585.58	9.952E+1
585.91	1.602E+2
586.24	-5.340E+1
586.57	-9.709E+0
586.90	7.039E+1
587.24	1.117E+2
587.57	2.670E+1
587.90	9.952E+1
588.23	9.709E+1
588.56	-2.184E+1
588.89	7.039E+1
589.22	-1.456E+1
589.56	3.884E+1
589.89	-1.942E+1
590.22	8.010E+1
590.55	1.044E+2
590.88	8.495E+1
591.21	-5.340E+1
591.54	2.427E+1
591.87	-9.709E+0
592.20	9.952E+1
592.53	6.554E+1
592.87	-1.214E+1
593.20	1.141E+2
593.53	-5.825E+1
593.86	-5.583E+1
594.19	5.583E+1
594.52	-1.942E+1
594.85	-2.427E+0
595.18	8.253E+1
595.51	9.223E+1
595.84	9.223E+1
596.17	1.019E+2
596.50	3.398E+1
596.83	1.286E+2
597.16	8.981E+1
597.49	8.981E+1
597.82	-7.282E+0
598.15	-6.068E+1
598.48	6.554E+1
598.81	-1.699E+1
599.14	8.495E+1
599.47	-2.184E+1
599.80	7.039E+1
600.13	6.554E+1
600.46	9.709E+1
600.79	-7.524E+1
601.12	9.709E+0
601.45	4.369E+1
601.78	6.796E+1
602.11	5.825E+1
602.44	2.670E+1
602.77	6.311E+1
603.10	6.554E+1
603.42	0.000E+0
603.75	9.709E+0
604.08	2.184E+1
604.41	-1.238E+2
604.74	3.155E+1
605.07	1.456E+2
605.40	3.884E+1
605.73	-7.767E+1
606.06	8.253E+1
606.39	3.884E+1
606.71	-4.854E+0
607.04	7.767E+1
607.37	-2.427E+1
607.70	3.155E+1
608.03	1.456E+1
608.36	5.097E+1
608.69	-1.456E+1
609.02	4.612E+1
609.34	7.767E+1
609.67	1.699E+1
610.00	-4.369E+1
610.33	3.155E+1
610.66	8.495E+1
610.98	8.253E+1
611.31	-6.311E+1
611.64	-2.670E+1
611.97	-4.126E+1
612.30	-4.612E+1
612.63	9.466E+1
612.95	7.282E+0
613.28	2.427E+1
613.61	8.738E+1
613.94	4.854E+0
614.26	8.253E+1
614.59	3.398E+1
614.92	7.039E+1
615.25	-4.369E+1
615.57	4.126E+1
615.90	2.670E+1
616.23	-2.427E+0
616.56	6.068E+1
616.88	5.097E+1
617.21	3.641E+1
617.54	-1.699E+1
617.87	-1.456E+1
618.19	2.913E+1
618.52	7.524E+1
618.85	1.214E+2
619.17	-4.126E+1
619.50	-3.155E+1
619.83	1.359E+2
620.15	7.767E+1
620.48	3.155E+1
620.81	8.981E+1
621.14	3.155E+1
621.46	2.913E+1
621.79	3.398E+1
622.11	1.044E+2
622.44	8.738E+1
622.77	-7.524E+1
623.09	0.000E+0
623.42	-8.010E+1
623.75	-2.427E+1
624.07	9.709E+0
624.40	3.884E+1
624.73	-4.369E+1
625.05	-1.699E+1
625.38	1.699E+1
625.70	6.311E+1
626.03	-3.884E+1
626.36	-2.184E+1
626.68	1.456E+1
627.01	-2.427E+1
627.33	-1.214E+1
627.66	-2.913E+1
627.99	1.335E+2
628.31	2.257E+2
628.64	4.126E+1
628.96	-4.126E+1
629.29	2.427E+1
629.61	-2.913E+1
629.94	5.583E+1
630.26	-2.670E+1
630.59	5.583E+1
630.91	8.981E+1
631.24	4.854E+1
631.57	8.495E+1
631.89	2.913E+1
632.22	1.699E+1
632.54	7.524E+1
632.87	7.767E+1
633.19	-4.126E+1
633.52	-8.253E+1
633.84	3.884E+1
634.16	9.223E+1
634.49	8.738E+1
634.81	1.311E+2
635.14	-1.214E+1
635.46	-7.767E+1
635.79	-2.184E+1
636.11	-7.282E+1
636.44	5.583E+1
636.76	1.214E+1
637.09	3.884E+1
637.41	7.282E+0
637.73	-2.427E+0
638.06	1.942E+1
638.38	-1.699E+1
638.71	8.738E+1
639.03	4.126E+1
639.36	5.583E+1
639.68	1.214E+2
640.00	4.854E+1
640.33	0.000E+0
640.65	-1.214E+1
640.97	1.456E+2
641.30	-1.699E+1
641.62	3.398E+1
641.95	-8.253E+1
642.27	-1.699E+1
642.59	-7.767E+1
642.92	-7.282E+0
643.24	2.670E+1
643.56	2.427E+0
643.89	2.913E+1
644.21	-8.253E+1
644.53	1.456E+1
644.86	-9.709E+0
645.18	7.767E+1
645.50	-5.340E+1
645.83	-3.155E+1
646.15	-2.184E+1
646.47	-4.854E+1
646.80	-3.398E+1
647.12	1.820E+2
647.44	1.699E+1
647.76	6.554E+1
648.09	5.825E+1
648.41	3.155E+1
648.73	7.282E+0
649.05	4.854E+0
649.38	-6.311E+1
649.70	3.398E+1
650.02	2.427E+0
650.34	0.000E+0
650.67	9.466E+1
650.99	3.641E+1
651.31	4.612E+1
651.63	7.039E+1
651.96	1.942E+1
652.28	2.427E+1
652.60	-4.854E+1
652.92	-2.670E+1
653.24	1.214E+1
653.57	-5.340E+1
653.89	7.282E+0
654.21	0.000E+0
654.53	-6.554E+1
654.85	1.699E+1
655.18	-7.282E+0
655.50	-4.854E+0
655.82	-1.942E+1
656.14	-1.456E+1
656.46	2.427E+0
656.78	-1.699E+1
657.10	-7.282E+0
657.43	7.282E+1
657.75	8.981E+1
658.07	2.427E+1
658.39	-4.612E+1
658.71	1.456E+1
659.03	9.466E+1
659.35	8.981E+1
659.67	-2.184E+1
659.99	-1.699E+1
660.32	2.670E+1
660.64	-5.340E+1
660.96	5.340E+1
661.28	-4.612E+1
661.60	9.952E+1
661.92	3.398E+1
662.24	-2.670E+1
662.56	-2.184E+1
662.88	-8.981E+1
663.20	2.670E+1
663.52	-1.384E+2
663.84	1.214E+1
664.16	7.282E+0
664.48	6.554E+1
664.80	9.709E+0
665.12	-1.214E+1
665.44	3.641E+1
665.76	2.670E+1
666.08	-1.699E+1
666.40	1.456E+1
666.72	-8.495E+1
667.04	-6.311E+1
667.36	-4.854E+1
667.68	3.155E+1
668.00	-5.097E+1
668.32	-5.340E+1
668.64	3.641E+1
668.96	9.709E+0
669.28	-3.884E+1
669.60	1.165E+2
669.92	-1.214E+1
670.24	4.854E+0
670.56	-5.825E+1
670.88	7.767E+1
671.20	-4.854E+0
671.52	-1.942E+1
671.84	-2.670E+1
672.16	-8.738E+1
672.47	6.311E+1
672.79	7.524E+1
673.11	-9.709E+0
673.43	5.583E+1
673.75	0.000E+0
674.07	5.583E+1
674.39	2.427E+1
674.71	-6.796E+1
675.03	-1.699E+1
675.34	5.340E+1
675.66	1.942E+1
675.98	-2.670E+1
676.30	6.311E+1
676.62	-9.466E+1
676.94	8.981E+1
677.25	-4.854E+0
677.57	0.000E+0
677.89	5.097E+1
678.21	-2.913E+1
678.53	9.709E+0
678.85	1.699E+1
679.16	-3.398E+1
679.48	8.253E+1
679.80	8.253E+1
680.12	2.913E+1
680.44	7.282E+0
680.75	1.214E+1
681.07	2.184E+1
681.39	2.427E+0
681.71	-2.913E+1
682.02	1.456E+1
682.34	-9.709E+0
682.66	-3.884E+1
682.98	6.311E+1
683.29	-1.942E+1
683.61	-1.214E+1
683.93	-2.913E+1
684.25	2.913E+1
684.56	-2.427E+0
684.88	0.000E+0
685.20	-2.427E+1
685.51	-1.942E+1
685.83	-4.854E+0
686.15	-2.427E+1
686.47	3.398E+1
686.78	9.952E+1
687.10	5.340E+1
687.42	8.495E+1
687.73	2.670E+1
688.05	1.699E+1
688.37	-9.709E+0
688.68	-9.952E+1
689.00	2.670E+1
689.32	4.612E+1
689.63	0.000E+0
689.95	2.913E+1
690.26	-9.709E+0
690.58	3.155E+1
690.90	3.398E+1
691.21	-4.854E+1
691.53	1.165E+2
691.85	-4.854E+1
692.16	4.369E+1
692.48	-4.612E+1
692.79	-1.117E+2
693.11	-3.884E+1
693.42	-1.117E+2
693.74	-2.427E+0
694.06	2.913E+1
694.37	-4.126E+1
694.69	3.398E+1
695.00	-2.670E+1
695.32	2.427E+0
695.63	-4.369E+1
695.95	-1.456E+1
696.26	-3.641E+1
696.58	-5.097E+1
696.90	2.184E+1
697.21	-1.214E+1
697.53	4.126E+1
697.84	1.408E+2
698.16	-1.942E+1
698.47	-7.282E+0
698.79	4.854E+0
699.10	2.427E+1
699.42	3.155E+1
699.73	-5.340E+1
700.05	-2.427E+1
700.36	2.670E+1
700.68	-3.641E+1
700.99	-6.796E+1
701.30	8.981E+1
701.62	5.097E+1
701.93	7.039E+1
702.25	-6.311E+1
702.56	9.709E+0
702.88	2.427E+0
703.19	5.340E+1
703.50	-5.097E+1
703.82	6.068E+1
704.13	-2.913E+1
704.45	-3.884E+1
704.76	3.641E+1
705.08	-2.670E+1
705.39	-2.913E+1
705.70	8.738E+1
706.02	4.854E+0
706.33	1.942E+1
706.64	-1.068E+2
706.96	3.884E+1
707.27	-4.854E+0
707.59	6.554E+1
707.90	2.427E+1
708.21	1.942E+1
708.53	0.000E+0
708.84	1.699E+1
709.15	-7.039E+1
709.47	7.282E+0
709.78	2.427E+1
710.09	3.884E+1
710.41	-7.282E+0
710.72	-9.709E+0
711.03	6.311E+1
711.34	-4.612E+1
711.66	9.709E+0
711.97	3.641E+1
712.28	-4.854E+1
712.60	-7.282E+0
712.91	6.068E+1
713.22	-2.913E+1
713.53	-9.709E+0
713.85	-4.369E+1
714.16	-1.456E+1
714.47	-9.466E+1
714.78	-3.398E+1
715.10	-2.427E+1
715.41	7.282E+0
715.72	-8.981E+1
716.03	7.039E+1
716.35	-1.214E+1
716.66	-2.184E+1
716.97	-1.699E+1
717.28	-8.253E+1
717.59	1.019E+2
717.91	1.456E+1
718.22	-9.709E+0
718.53	3.884E+1
718.84	-3.641E+1
719.15	-4.126E+1
719.46	-2.427E+0
719.78	-3.398E+1
720.09	-2.913E+1
720.40	2.427E+0
720.71	2.427E+0
721.02	-5.340E+1
721.33	2.184E+1
721.65	3.884E+1
721.96	1.942E+1
722.27	3.884E+1
722.58	-9.952E+1
722.89	2.184E+1
723.20	-1.408E+2
723.51	6.796E+1
723.82	9.709E+0
724.13	-3.641E+1
724.45	-2.184E+1
724.76	6.068E+1
725.07	5.340E+1
725.38	-4.369E+1
725.69	1.214E+1
726.00	3.641E+1
726.31	-7.282E+0
726.62	-3.155E+1
726.93	-1.699E+1
727.24	-9.709E+0
727.55	-4.126E+1
727.86	2.427E+1
728.17	-3.398E+1
728.48	1.214E+1
728.79	2.427E+1
729.10	-8.981E+1
729.41	-6.068E+1
729.72	7.524E+1
730.03	-1.456E+1
730.34	-4.126E+1
730.65	1.214E+1
730.96	-1.699E+1
731.27	3.641E+1
731.58	8.981E+1
731.89	-2.184E+1
732.20	1.214E+1
732.51	-5.340E+1
732.82	2.427E+0
733.13	-2.184E+1
733.44	-2.913E+1
733.75	-9.709E+1
734.06	5.583E+1
734.37	1.456E+1
734.68	2.427E+0
734.98	8.253E+1
735.29	-5.340E+1
735.60	-1.942E+1
735.91	-5.097E+1
736.22	-4.854E+0
736.53	-7.039E+1
736.84	1.214E+1
737.15	9.709E+0
737.46	2.913E+1
737.77	2.670E+1
738.07	-6.796E+1
738.38	6.796E+1
738.69	-1.942E+1
739.00	4.854E+0
739.31	2.184E+1
739.62	-1.942E+1
739.92	-8.253E+1
740.23	-7.282E+1
740.54	-7.039E+1
740.85	2.427E+1
741.16	-3.398E+1
741.47	4.612E+1
741.77	4.126E+1
742.08	0.000E+0
742.39	2.427E+0
742.70	8.981E+1
743.01	1.942E+1
743.31	-4.126E+1
743.62	-1.165E+2
743.93	4.854E+0
744.24	-4.612E+1
744.54	8.253E+1
744.85	3.884E+1
745.16	-1.359E+2
745.47	-5.583E+1
745.77	-2.427E+1
746.08	-5.583E+1
746.39	2.913E+1
746.70	-4.854E+1
747.00	7.282E+0
747.31	2.184E+1
747.62	9.709E+0
747.92	1.165E+2
748.23	-1.942E+1
748.54	-5.583E+1
748.84	-3.398E+1
749.15	3.884E+1
749.46	-8.738E+1
749.76	1.942E+1
750.07	1.942E+1
750.38	-2.184E+1
750.68	2.427E+1
750.99	3.884E+1
751.30	4.369E+1
751.60	-7.282E+1
751.91	-7.039E+1
752.22	-2.184E+1
752.52	8.253E+1
752.83	7.282E+0
753.14	3.155E+1
753.44	-7.282E+1
753.75	-8.253E+1
754.05	-7.524E+1
754.36	8.738E+1
754.67	5.583E+1
754.97	7.039E+1
755.28	3.641E+1
755.58	-9.223E+1
755.89	9.709E+0
756.19	-7.282E+0
756.50	-4.369E+1
756.81	9.709E+1
757.11	-2.427E+0
757.42	-4.854E+0
757.72	6.796E+1
758.03	1.699E+1
758.33	-9.709E+0
758.64	2.427E+0
758.94	-1.189E+2
759.25	2.913E+1
759.55	5.825E+1
759.86	7.282E+1
760.16	8.738E+1
760.47	2.184E+1
760.77	4.854E+0
761.08	5.340E+1
761.38	-1.699E+1
761.69	-9.709E+1
761.99	-7.524E+1
762.30	-2.184E+1
762.60	-2.427E+0
762.91	-9.709E+0
763.21	1.942E+1
763.51	-9.709E+0
763.82	-5.340E+1
764.12	1.262E+2
764.43	8.738E+1
764.73	1.456E+1
765.04	-5.340E+1
765.34	-1.238E+2
765.64	-1.456E+1
765.95	2.913E+1
766.25	1.214E+1
766.56	6.068E+1
766.86	-2.913E+1
767.16	5.097E+1
767.47	1.068E+2
767.77	4.854E+0
768.07	4.369E+1
768.38	-6.311E+1
768.68	-9.466E+1
768.98	-5.825E+1
769.29	6.554E+1
769.59	-3.155E+1
769.89	4.126E+1
770.20	2.184E+1
770.50	3.398E+1
770.80	-7.767E+1
771.11	-4.854E+1
771.41	-2.913E+1
771.71	-4.369E+1
772.02	2.184E+1
772.32	-1.942E+1
772.62	5.340E+1
772.93	3.884E+1
773.23	1.214E+1
773.53	-1.165E+2
773.83	-9.223E+1
774.14	1.699E+1
774.44	4.854E+0
774.74	3.155E+1
775.04	4.854E+0
775.35	-4.612E+1
775.65	-3.398E+1
775.95	5.583E+1
776.25	1.019E+2
776.55	-1.214E+1
776.86	-9.709E+0
777.16	2.670E+1
777.46	-7.282E+0
777.76	3.641E+1
778.06	-4.369E+1
778.37	1.456E+1
778.67	5.583E+1
778.97	-1.942E+1
779.27	-2.913E+1
779.57	-4.612E+1
779.88	2.184E+1
780.18	-5.340E+1
780.48	-3.398E+1
780.78	4.369E+1
781.08	1.019E+2
781.38	-3.641E+1
781.68	2.184E+1
781.98	-1.699E+1
782.29	-2.184E+1
782.59	4.126E+1
782.89	-7.039E+1
783.19	1.214E+1
783.49	-3.641E+1
783.79	-5.583E+1
784.09	0.000E+0
784.39	3.155E+1
784.69	-1.699E+1
784.99	5.583E+1
785.30	0.000E+0
785.60	4.369E+1
785.90	-1.456E+1
786.20	9.709E+0
786.50	2.670E+1
786.80	7.282E+1
787.10	7.039E+1
787.40	-9.952E+1
787.70	9.709E+0
788.00	-9.466E+1
788.30	4.612E+1
788.60	2.184E+1
788.90	4.854E+1
789.20	-2.427E+1
789.50	-4.854E+1
789.80	7.767E+1
790.10	6.311E+1
790.40	2.427E+1
790.70	-5.097E+1
791.00	6.311E+1
791.30	3.884E+1
791.60	-2.670E+1
791.90	5.097E+1
792.20	7.039E+1
792.50	-8.981E+1
792.79	0.000E+0
793.09	-7.039E+1
793.39	-9.709E+0
793.69	7.282E+0
793.99	-3.398E+1
794.29	-3.398E+1
794.59	4.369E+1
794.89	4.854E+1
795.19	-3.641E+1
795.49	4.612E+1
795.79	-2.427E+0
796.08	6.554E+1
796.38	-2.913E+1
796.68	9.709E+0
796.98	7.282E+1
797.28	-7.524E+1
797.58	-3.884E+1
797.88	-1.456E+1
798.17	2.913E+1
798.47	-6.554E+1
798.77	-6.554E+1
799.07	3.398E+1
799.37	-3.155E+1
799.67	4.854E+0
799.96	-5.583E+1
800.26	-5.583E+1
800.56	-2.427E+0
800.86	6.311E+1
801.16	-1.189E+2
801.45	-2.427E+1
801.75	3.641E+1
802.05	2.670E+1
802.35	-2.184E+1
802.64	-9.709E+1
802.94	2.670E+1
803.24	-3.155E+1
803.54	6.554E+1
803.83	-1.335E+2
804.13	-5.825E+1
804.43	1.942E+1
804.73	-2.427E+0
805.02	2.427E+0
805.32	7.282E+0
805.62	4.854E+0
805.91	3.398E+1
806.21	-3.155E+1
806.51	-7.039E+1
806.81	-1.990E+2
807.10	5.097E+1
807.40	2.427E+0
807.70	-2.427E+1
807.99	6.554E+1
808.29	-3.155E+1
808.59	2.427E+1
808.88	-1.214E+1
809.18	4.126E+1
809.47	-4.369E+1
809.77	0.000E+0
810.07	-3.641E+1
810.36	1.456E+1
810.66	-1.189E+2
810.96	-1.699E+1
811.25	1.068E+2
811.55	-1.699E+1
811.84	-5.583E+1
812.14	-1.214E+1
812.44	-6.068E+1
812.73	1.068E+2
813.03	2.670E+1
813.32	-1.942E+1
813.62	-8.738E+1
813.91	7.767E+1
814.21	7.767E+1
814.51	-3.884E+1
814.80	-8.253E+1
815.10	-3.884E+1
815.39	-9.709E+0
815.69	1.214E+2
815.98	-3.884E+1
816.28	3.641E+1
816.57	8.738E+1
816.87	3.884E+1
817.16	1.141E+2
817.46	-4.854E+1
817.75	-4.854E+0
818.05	6.796E+1
818.34	4.854E+0
818.64	-5.583E+1
818.93	-4.369E+1
819.23	-2.670E+1
819.52	6.796E+1
819.82	-1.214E+1
820.11	6.796E+1
820.40	-1.699E+1
820.70	-4.854E+1
820.99	-1.068E+2
821.29	-2.427E+1
821.58	-5.825E+1
821.88	1.553E+2
822.17	-3.884E+1
822.46	0.000E+0
822.76	-4.126E+1
823.05	-1.456E+1
823.35	4.854E+1
823.64	-3.398E+1
823.93	-9.709E+0
824.23	-4.369E+1
824.52	3.155E+1
824.81	4.854E+0
825.11	-1.044E+2
825.40	-1.019E+2
825.69	-6.554E+1
825.99	-3.641E+1
826.28	-3.641E+1
826.58	4.612E+1
826.87	6.068E+1
827.16	9.466E+1
827.45	9.709E+0
827.75	-1.699E+1
828.04	8.738E+1
828.33	0.000E+0
828.63	2.427E+1
828.92	-7.767E+1
829.21	-2.670E+1
829.51	1.117E+2
829.80	-9.709E+1
830.09	-7.039E+1
830.38	-2.427E+1
830.68	-1.456E+1
830.97	-4.612E+1
831.26	3.398E+1
831.55	-2.427E+0
831.85	6.068E+1
832.14	-3.641E+1
832.43	1.456E+1
832.72	1.214E+1
833.01	-1.456E+1
833.31	-4.854E+1
833.60	2.427E+1
833.89	2.184E+1
834.18	-3.398E+1
834.47	-4.612E+1
834.77	0.000E+0
835.06	8.981E+1
835.35	-5.825E+1
835.64	5.583E+1
835.93	5.825E+1
836.22	-2.913E+1
836.52	3.398E+1
836.81	-6.796E+1
837.10	4.369E+1
837.39	-3.398E+1
837.68	4.854E+1
837.97	3.641E+1
838.26	-9.709E+0
838.55	1.214E+1
838.85	-1.214E+1
839.14	-5.825E+1
839.43	4.612E+1
839.72	1.019E+2
840.01	-5.097E+1
840.30	-8.981E+1
840.59	1.456E+1
840.88	5.583E+1
841.17	-2.670E+1
841.46	-1.699E+1
841.75	-4.126E+1
842.04	1.699E+1
842.33	4.612E+1
842.62	-1.942E+1
842.91	2.427E+0
843.21	-9.709E+0
843.50	3.398E+1
843.79	9.709E+1
844.08	-3.884E+1
844.37	-2.184E+1
844.66	7.282E+1
844.95	-2.427E+0
845.24	9.709E+0
845.53	3.884E+1
845.81	9.709E+0
846.10	1.699E+1
846.39	7.524E+1
846.68	5.825E+1
846.97	-4.854E+1
847.26	-9.709E+1
847.55	9.223E+1
847.84	-6.554E+1
848.13	2.427E+1
848.42	-9.709E+0
848.71	4.369E+1
849.00	2.184E+1
849.29	-5.340E+1
849.58	7.039E+1
849.87	1.311E+2
850.15	3.155E+1
850.44	1.942E+1
850.73	7.282E+0
851.02	4.369E+1
851.31	-6.554E+1
851.60	-1.214E+1
851.89	-9.223E+1
852.18	-7.282E+0
852.46	-5.097E+1
852.75	9.466E+1
853.04	9.709E+0
853.33	-7.039E+1
853.62	4.612E+1
853.91	-3.398E+1
854.19	1.214E+1
854.48	-6.311E+1
854.77	7.282E+1
855.06	7.524E+1
855.35	-1.699E+1
855.63	9.223E+1
855.92	-6.068E+1
856.21	-1.214E+1
856.50	1.044E+2
856.79	6.068E+1
857.07	7.039E+1
857.36	3.641E+1
857.65	-6.554E+1
857.94	6.311E+1
858.22	8.738E+1
858.51	-3.884E+1
858.80	-8.738E+1
859.08	2.427E+0
859.37	8.495E+1
859.66	-3.884E+1
859.95	2.913E+1
860.23	-4.369E+1
860.52	-5.825E+1
860.81	-6.068E+1
861.09	5.825E+1
861.38	-2.427E+1
861.67	1.384E+2
861.95	-5.825E+1
862.24	0.000E+0
862.53	9.709E+0
862.81	7.282E+0
863.10	-2.427E+1
863.39	4.854E+0
863.67	1.942E+1
863.96	3.398E+1
864.25	-7.282E+0
864.53	7.524E+1
864.82	-1.699E+1
865.10	5.340E+1
865.39	-1.699E+1
865.68	-2.184E+1
865.96	-9.709E+0
866.25	2.184E+1
866.53	2.184E+1
866.82	2.184E+1