Wavelength	Intensity	Ocean Optics Flame
nm	counts
187.89	1.456E+1
188.27	2.670E+1
188.64	4.126E+1
189.02	0.000E+0
189.40	2.670E+1
189.78	-7.282E+0
190.15	2.184E+1
190.53	-2.427E+0
190.91	1.019E+2
191.29	2.427E+0
191.66	2.913E+1
192.04	-2.184E+1
192.42	2.427E+0
192.80	-5.583E+1
193.17	9.466E+1
193.55	1.942E+1
193.93	3.641E+1
194.30	9.952E+1
194.68	-1.456E+1
195.06	-6.311E+1
195.44	-3.884E+1
195.81	-1.942E+1
196.19	2.913E+1
196.57	1.699E+1
196.94	-3.155E+1
197.32	4.854E+0
197.70	-4.854E+1
198.07	3.398E+1
198.45	-2.184E+1
198.83	8.738E+1
199.20	-2.427E+0
199.58	7.767E+1
199.96	1.214E+1
200.33	4.126E+1
200.71	0.000E+0
201.09	-5.097E+1
201.46	-2.427E+1
201.84	8.495E+1
202.22	9.709E+0
202.59	-5.825E+1
202.97	-3.398E+1
203.34	-8.010E+1
203.72	-6.554E+1
204.10	1.456E+1
204.47	9.223E+1
204.85	8.495E+1
205.23	-1.214E+1
205.60	6.311E+1
205.98	-8.010E+1
206.35	7.282E+0
206.73	-6.068E+1
207.11	4.854E+1
207.48	-8.010E+1
207.86	-2.427E+0
208.23	-1.238E+2
208.61	-1.456E+1
208.98	1.942E+1
209.36	-8.253E+1
209.74	8.981E+1
210.11	9.466E+1
210.49	6.068E+1
210.86	-1.456E+1
211.24	5.583E+1
211.61	-5.583E+1
211.99	4.612E+1
212.36	5.825E+1
212.74	1.286E+2
213.11	-1.456E+1
213.49	2.427E+0
213.87	4.854E+1
214.24	-4.854E+1
214.62	3.398E+1
214.99	2.184E+1
215.37	-6.068E+1
215.74	-1.456E+1
216.12	4.854E+0
216.49	3.155E+1
216.87	3.155E+1
217.24	1.699E+1
217.62	-2.184E+1
217.99	5.583E+1
218.37	7.282E+0
218.74	3.641E+1
219.11	-3.155E+1
219.49	-1.456E+1
219.86	-2.427E+1
220.24	2.184E+1
220.61	1.214E+1
220.99	-9.223E+1
221.36	-4.612E+1
221.74	9.466E+1
222.11	-3.641E+1
222.49	5.340E+1
222.86	-2.670E+1
223.23	5.097E+1
223.61	4.612E+1
223.98	0.000E+0
224.36	8.981E+1
224.73	4.854E+1
225.11	-7.282E+0
225.48	2.670E+1
225.85	2.427E+1
226.23	-2.427E+1
226.60	-1.942E+1
226.98	-6.311E+1
227.35	9.709E+0
227.72	1.699E+1
228.10	2.670E+1
228.47	-4.854E+0
228.84	-3.641E+1
229.22	6.796E+1
229.59	8.738E+1
229.97	-5.340E+1
230.34	2.184E+1
230.71	9.466E+1
231.09	-2.427E+1
231.46	-1.699E+2
231.83	2.427E+0
232.21	1.578E+2
232.58	-4.369E+1
232.95	8.981E+1
233.33	-3.641E+1
233.70	6.796E+1
234.07	-9.223E+1
234.45	-4.126E+1
234.82	4.612E+1
235.19	-1.942E+1
235.57	5.340E+1
235.94	-2.427E+0
236.31	2.670E+1
236.69	-2.427E+1
237.06	4.369E+1
237.43	1.699E+1
237.80	3.398E+1
238.18	-1.214E+1
238.55	1.214E+1
238.92	-3.155E+1
239.30	7.767E+1
239.67	-7.282E+0
240.04	4.854E+1
240.41	-8.981E+1
240.79	9.709E+1
241.16	-4.854E+0
241.53	-4.854E+1
241.90	-1.456E+1
242.28	2.184E+1
242.65	-4.854E+0
243.02	-4.612E+1
243.39	7.282E+1
243.77	-2.670E+1
244.14	-1.942E+1
244.51	6.068E+1
244.88	2.913E+1
245.25	-1.044E+2
245.63	3.398E+1
246.00	0.000E+0
246.37	-1.699E+1
246.74	-6.311E+1
247.11	1.214E+1
247.49	2.670E+1
247.86	4.854E+0
248.23	3.155E+1
248.60	4.612E+1
248.97	1.214E+1
249.35	1.456E+1
249.72	-8.010E+1
250.09	-3.398E+1
250.46	5.097E+1
250.83	5.340E+1
251.20	7.282E+0
251.58	2.670E+1
251.95	-4.126E+1
252.32	1.214E+1
252.69	-2.184E+1
253.06	-1.699E+1
253.43	1.214E+1
253.80	9.952E+1
254.17	3.884E+1
254.55	-6.796E+1
254.92	9.709E+0
255.29	-3.641E+1
255.66	-4.854E+0
256.03	-2.913E+1
256.40	3.398E+1
256.77	-3.398E+1
257.14	5.097E+1
257.51	7.282E+0
257.88	-9.709E+0
258.26	1.699E+1
258.63	7.524E+1
259.00	2.427E+0
259.37	6.068E+1
259.74	1.262E+2
260.11	4.126E+1
260.48	1.505E+2
260.85	-4.854E+0
261.22	-1.214E+2
261.59	2.427E+1
261.96	3.884E+1
262.33	-1.699E+1
262.70	6.068E+1
263.07	-6.068E+1
263.44	5.097E+1
263.81	2.427E+1
264.18	-7.767E+1
264.55	-6.554E+1
264.92	4.854E+1
265.29	-1.214E+1
265.66	-3.155E+1
266.03	-4.369E+1
266.40	-1.942E+1
266.77	-4.369E+1
267.14	1.214E+1
267.51	2.427E+1
267.88	-7.524E+1
268.25	1.942E+1
268.62	-2.184E+1
268.99	1.117E+2
269.36	4.612E+1
269.73	1.068E+2
270.10	1.456E+1
270.47	7.524E+1
270.84	-1.044E+2
271.21	2.184E+1
271.58	1.456E+1
271.95	7.524E+1
272.32	3.641E+1
272.69	2.427E+1
273.06	2.427E+1
273.43	-5.097E+1
273.80	-1.942E+1
274.17	4.369E+1
274.53	-2.670E+1
274.90	7.282E+0
275.27	2.427E+0
275.64	4.854E+0
276.01	2.184E+1
276.38	6.068E+1
276.75	5.097E+1
277.12	3.641E+1
277.49	1.141E+2
277.86	-3.641E+1
278.22	-1.068E+2
278.59	7.767E+1
278.96	-8.010E+1
279.33	3.641E+1
279.70	8.495E+1
280.07	6.796E+1
280.44	5.825E+1
280.80	5.825E+1
281.17	-2.427E+0
281.54	4.854E+0
281.91	1.214E+2
282.28	9.709E+0
282.65	1.942E+1
283.02	1.214E+1
283.38	3.641E+1
283.75	1.214E+1
284.12	9.709E+1
284.49	5.340E+1
284.86	5.097E+1
285.22	2.039E+2
285.59	8.253E+1
285.96	8.253E+1
286.33	1.699E+1
286.70	1.044E+2
287.06	-1.117E+2
287.43	9.466E+1
287.80	-6.068E+1
288.17	1.384E+2
288.53	3.155E+1
288.90	7.282E+0
289.27	-6.554E+1
289.64	6.311E+1
290.01	7.282E+1
290.37	9.952E+1
290.74	-2.427E+1
291.11	3.641E+1
291.48	-1.699E+1
291.84	1.699E+1
292.21	7.282E+0
292.58	1.699E+1
292.94	-1.456E+1
293.31	3.884E+1
293.68	0.000E+0
294.05	5.097E+1
294.41	-5.583E+1
294.78	1.214E+1
295.15	3.884E+1
295.51	0.000E+0
295.88	-7.282E+1
296.25	-6.068E+1
296.61	8.738E+1
296.98	-9.709E+0
297.35	4.369E+1
297.72	7.524E+1
298.08	2.184E+1
298.45	7.767E+1
298.82	-1.942E+1
299.18	5.097E+1
299.55	-2.427E+1
299.91	3.155E+1
300.28	-3.398E+1
300.65	-3.398E+1
301.01	5.583E+1
301.38	-3.155E+1
301.75	5.097E+1
302.11	-5.583E+1
302.48	2.184E+1
302.85	-9.952E+1
303.21	5.583E+1
303.58	1.214E+1
303.94	2.427E+0
304.31	-2.670E+1
304.68	5.825E+1
305.04	7.282E+1
305.41	3.641E+1
305.77	3.155E+1
306.14	3.155E+1
306.51	-4.854E+0
306.87	7.282E+0
307.24	4.854E+1
307.60	-1.456E+1
307.97	-5.583E+1
308.33	1.214E+1
308.70	0.000E+0
309.07	1.942E+1
309.43	6.554E+1
309.80	5.583E+1
310.16	9.709E+0
310.53	4.854E+1
310.89	8.253E+1
311.26	1.117E+2
311.62	4.854E+1
311.99	4.854E+0
312.35	-1.019E+2
312.72	-1.214E+1
313.08	-1.699E+1
313.45	2.427E+1
313.81	-2.427E+0
314.18	-2.670E+1
314.54	4.612E+1
314.91	-4.854E+1
315.27	-4.612E+1
315.64	2.913E+1
316.00	5.340E+1
316.37	2.184E+1
316.73	-2.427E+1
317.10	-1.214E+1
317.46	2.913E+1
317.83	2.184E+1
318.19	1.068E+2
318.56	-7.282E+0
318.92	6.068E+1
319.28	-3.398E+1
319.65	-5.825E+1
320.01	3.884E+1
320.38	9.709E+1
320.74	3.641E+1
321.11	-3.155E+1
321.47	-4.854E+1
321.83	2.427E+1
322.20	2.913E+1
322.56	7.039E+1
322.93	-1.699E+1
323.29	4.854E+0
323.66	-3.155E+1
324.02	1.311E+2
324.38	-7.282E+1
324.75	8.253E+1
325.11	-4.612E+1
325.47	6.554E+1
325.84	-5.097E+1
326.20	-8.981E+1
326.57	-2.184E+1
326.93	1.456E+1
327.29	1.456E+1
327.66	-1.214E+1
328.02	-1.699E+1
328.38	3.398E+1
328.75	8.010E+1
329.11	-2.184E+1
329.47	6.796E+1
329.84	4.612E+1
330.20	-1.189E+2
330.56	-7.282E+0
330.93	-2.670E+1
331.29	-4.369E+1
331.65	8.253E+1
332.02	-1.699E+1
332.38	4.854E+1
332.74	2.184E+1
333.10	-4.612E+1
333.47	4.612E+1
333.83	8.010E+1
334.19	-2.427E+1
334.56	5.825E+1
334.92	2.670E+1
335.28	7.282E+0
335.64	0.000E+0
336.01	-1.699E+1
336.37	-1.942E+1
336.73	-2.427E+1
337.09	5.825E+1
337.46	1.117E+2
337.82	4.854E+0
338.18	2.913E+1
338.54	3.155E+1
338.91	-2.427E+1
339.27	2.670E+1
339.63	8.495E+1
339.99	6.796E+1
340.36	-4.369E+1
340.72	-2.184E+1
341.08	2.913E+1
341.44	3.641E+1
341.80	4.854E+1
342.17	-2.184E+1
342.53	-5.097E+1
342.89	-9.709E+0
343.25	1.214E+1
343.61	3.884E+1
343.98	3.884E+1
344.34	-2.427E+0
344.70	-6.311E+1
345.06	1.529E+2
345.42	6.311E+1
345.78	3.884E+1
346.14	6.796E+1
346.51	1.286E+2
346.87	-1.942E+1
347.23	-4.126E+1
347.59	1.505E+2
347.95	3.398E+1
348.31	5.583E+1
348.67	5.825E+1
349.04	1.942E+1
349.40	7.282E+0
349.76	8.495E+1
350.12	2.670E+1
350.48	7.767E+1
350.84	-4.854E+1
351.20	1.408E+2
351.56	-8.010E+1
351.92	-2.913E+1
352.28	5.340E+1
352.65	9.223E+1
353.01	3.155E+1
353.37	-7.039E+1
353.73	6.311E+1
354.09	6.068E+1
354.45	3.155E+1
354.81	2.913E+1
355.17	1.772E+2
355.53	-2.184E+1
355.89	1.214E+2
356.25	6.311E+1
356.61	7.282E+1
356.97	-4.854E+0
357.33	1.456E+1
357.69	-1.214E+1
358.05	1.044E+2
358.41	4.612E+1
358.77	1.092E+2
359.13	4.126E+1
359.49	2.670E+1
359.85	-1.942E+1
360.21	-5.825E+1
360.57	8.010E+1
360.93	3.155E+1
361.29	2.427E+0
361.65	0.000E+0
362.01	-9.709E+0
362.37	2.427E+1
362.73	1.456E+1
363.09	8.738E+1
363.45	6.796E+1
363.81	-4.854E+0
364.17	8.981E+1
364.53	1.286E+2
364.89	2.913E+1
365.25	2.913E+1
365.61	1.092E+2
365.97	1.214E+1
366.33	7.524E+1
366.69	3.884E+1
367.05	1.311E+2
367.40	3.398E+1
367.76	-2.427E+0
368.12	-5.583E+1
368.48	8.253E+1
368.84	4.612E+1
369.20	9.952E+1
369.56	1.481E+2
369.92	-7.282E+0
370.28	8.495E+1
370.63	1.214E+2
370.99	9.709E+1
371.35	3.398E+1
371.71	6.796E+1
372.07	9.952E+1
372.43	9.466E+1
372.79	7.282E+1
373.15	6.068E+1
373.50	1.699E+2
373.86	1.092E+2
374.22	7.524E+1
374.58	5.583E+1
374.94	9.466E+1
375.30	1.626E+2
375.65	4.126E+1
376.01	9.466E+1
376.37	1.359E+2
376.73	1.019E+2
377.09	1.019E+2
377.44	1.335E+2
377.80	7.767E+1
378.16	1.019E+2
378.52	1.335E+2
378.88	1.189E+2
379.23	1.432E+2
379.59	1.408E+2
379.95	8.010E+1
380.31	2.306E+2
380.66	2.282E+2
381.02	2.427E+2
381.38	2.500E+2
381.74	2.694E+2
382.09	2.427E+2
382.45	2.985E+2
382.81	2.282E+2
383.17	2.961E+2
383.52	3.641E+2
383.88	3.398E+2
384.24	3.422E+2
384.60	3.034E+2
384.95	3.374E+2
385.31	5.947E+2
385.67	5.097E+2
386.02	5.146E+2
386.38	6.117E+2
386.74	6.189E+2
387.10	7.015E+2
387.45	8.180E+2
387.81	8.787E+2
388.17	9.903E+2
388.52	1.078E+3
388.88	1.177E+3
389.24	1.330E+3
389.59	1.313E+3
389.95	1.573E+3
390.31	1.549E+3
390.66	1.799E+3
391.02	1.918E+3
391.38	2.070E+3
391.73	2.384E+3
392.09	2.595E+3
392.44	2.619E+3
392.80	2.833E+3
393.16	3.083E+3
393.51	3.765E+3
393.87	3.857E+3
394.23	4.129E+3
394.58	4.575E+3
394.94	4.998E+3
395.29	5.265E+3
395.65	5.910E+3
396.01	6.439E+3
396.36	7.012E+3
396.72	7.663E+3
397.07	7.854E+3
397.43	8.964E+3
397.78	9.444E+3
398.14	1.034E+4
398.50	1.139E+4
398.85	1.235E+4
399.21	1.273E+4
399.56	1.390E+4
399.92	1.472E+4
400.27	1.584E+4
400.63	1.726E+4
400.98	1.804E+4
401.34	1.936E+4
401.69	2.080E+4
402.05	2.188E+4
402.40	2.349E+4
402.76	2.468E+4
403.11	2.637E+4
403.47	2.838E+4
403.82	2.921E+4
404.18	3.079E+4
404.53	3.215E+4
404.89	3.512E+4
405.24	3.576E+4
405.60	3.818E+4
405.95	3.981E+4
406.31	4.183E+4
406.66	4.368E+4
407.02	4.489E+4
407.37	4.707E+4
407.73	4.814E+4
408.08	5.045E+4
408.44	5.108E+4
408.79	5.222E+4
409.14	5.378E+4
409.50	5.505E+4
409.85	5.590E+4
410.21	5.668E+4
410.56	5.711E+4
410.92	5.789E+4
411.27	5.820E+4
411.62	5.892E+4
411.98	5.842E+4
412.33	5.858E+4
412.69	5.862E+4
413.04	5.790E+4
413.39	5.731E+4
413.75	5.601E+4
414.10	5.543E+4
414.45	5.416E+4
414.81	5.329E+4
415.16	5.206E+4
415.52	5.051E+4
415.87	4.910E+4
416.22	4.749E+4
416.58	4.521E+4
416.93	4.397E+4
417.28	4.121E+4
417.64	3.865E+4
417.99	3.683E+4
418.34	3.415E+4
418.70	3.218E+4
419.05	2.963E+4
419.40	2.794E+4
419.76	2.647E+4
420.11	2.512E+4
420.46	2.299E+4
420.81	2.206E+4
421.17	2.075E+4
421.52	1.953E+4
421.87	1.833E+4
422.23	1.772E+4
422.58	1.640E+4
422.93	1.571E+4
423.28	1.486E+4
423.64	1.431E+4
423.99	1.342E+4
424.34	1.265E+4
424.69	1.220E+4
425.05	1.167E+4
425.40	1.126E+4
425.75	1.039E+4
426.10	9.942E+3
426.46	9.794E+3
426.81	9.024E+3
427.16	8.609E+3
427.51	8.092E+3
427.87	7.694E+3
428.22	7.289E+3
428.57	7.003E+3
428.92	6.835E+3
429.27	6.158E+3
429.63	5.925E+3
429.98	5.682E+3
430.33	5.243E+3
430.68	5.029E+3
431.03	4.782E+3
431.38	4.677E+3
431.74	4.427E+3
432.09	4.029E+3
432.44	3.942E+3
432.79	3.716E+3
433.14	3.636E+3
433.49	3.471E+3
433.85	3.165E+3
434.20	3.136E+3
434.55	2.910E+3
434.90	2.779E+3
435.25	2.464E+3
435.60	2.524E+3
435.95	2.354E+3
436.30	2.235E+3
436.66	2.189E+3
437.01	2.141E+3
437.36	2.024E+3
437.71	2.032E+3
438.06	1.823E+3
438.41	1.901E+3
438.76	1.711E+3
439.11	1.575E+3
439.46	1.524E+3
439.81	1.626E+3
440.16	1.502E+3
440.52	1.551E+3
440.87	1.432E+3
441.22	1.335E+3
441.57	1.371E+3
441.92	1.170E+3
442.27	1.070E+3
442.62	1.114E+3
442.97	1.104E+3
443.32	1.075E+3
443.67	1.022E+3
444.02	8.787E+2
444.37	8.884E+2
444.72	8.350E+2
445.07	7.791E+2
445.42	8.520E+2
445.77	8.665E+2
446.12	8.325E+2
446.47	7.233E+2
446.82	6.796E+2
447.17	6.432E+2
447.52	6.044E+2
447.87	6.117E+2
448.22	5.558E+2
448.57	4.563E+2
448.92	5.558E+2
449.27	5.825E+2
449.62	5.146E+2
449.97	3.762E+2
450.32	4.515E+2
450.66	4.587E+2
451.01	4.320E+2
451.36	3.932E+2
451.71	3.228E+2
452.06	4.296E+2
452.41	2.694E+2
452.76	3.083E+2
453.11	2.549E+2
453.46	3.471E+2
453.81	3.689E+2
454.16	3.083E+2
454.51	2.791E+2
454.85	2.767E+2
455.20	2.646E+2
455.55	2.621E+2
455.90	1.359E+2
456.25	2.888E+2
456.60	2.791E+2
456.95	3.859E+2
457.30	2.913E+2
457.64	2.330E+2
457.99	1.893E+2
458.34	2.063E+2
458.69	2.743E+2
459.04	1.262E+2
459.39	1.845E+2
459.73	2.112E+2
460.08	1.578E+2
460.43	1.845E+2
460.78	2.136E+2
461.13	2.427E+2
461.48	1.869E+2
461.82	1.359E+2
462.17	1.165E+2
462.52	1.505E+2
462.87	1.990E+2
463.21	1.141E+2
463.56	9.223E+1
463.91	1.214E+2
464.26	1.723E+2
464.61	-2.427E+0
464.95	2.063E+2
465.30	1.578E+2
465.65	1.626E+2
466.00	1.626E+2
466.34	1.626E+2
466.69	9.223E+1
467.04	-1.699E+1
467.39	1.214E+2
467.73	2.427E+0
468.08	1.068E+2
468.43	1.238E+2
468.77	1.675E+2
469.12	1.723E+2
469.47	1.456E+2
469.82	8.738E+1
470.16	1.772E+2
470.51	1.019E+2
470.86	1.238E+2
471.20	9.709E+1
471.55	2.039E+2
471.90	8.738E+1
472.24	8.010E+1
472.59	8.495E+1
472.94	1.942E+2
473.28	5.340E+1
473.63	-4.854E+0
473.98	9.223E+1
474.32	1.723E+2
474.67	8.738E+1
475.02	1.214E+1
475.36	6.068E+1
475.71	1.238E+2
476.06	1.214E+1
476.40	1.456E+2
476.75	1.286E+2
477.09	1.092E+2
477.44	8.981E+1
477.79	6.311E+1
478.13	1.311E+2
478.48	1.699E+1
478.82	1.238E+2
479.17	1.117E+2
479.52	1.699E+1
479.86	-3.155E+1
480.21	1.141E+2
480.55	1.456E+2
480.90	2.160E+2
481.24	7.039E+1
481.59	2.427E+1
481.94	7.524E+1
482.28	3.398E+1
482.63	3.641E+1
482.97	8.738E+1
483.32	8.010E+1
483.66	8.253E+1
484.01	2.427E+0
484.35	1.068E+2
484.70	4.854E+0
485.04	5.097E+1
485.39	-3.155E+1
485.73	3.641E+1
486.08	8.253E+1
486.42	1.384E+2
486.77	9.709E+0
487.11	1.068E+2
487.46	1.165E+2
487.80	1.699E+1
488.15	5.097E+1
488.49	1.117E+2
488.84	-2.427E+1
489.18	4.854E+0
489.53	1.214E+2
489.87	4.126E+1
490.21	7.524E+1
490.56	1.214E+1
490.90	-2.670E+1
491.25	4.612E+1
491.59	-2.184E+1
491.94	4.612E+1
492.28	-9.709E+0
492.62	3.398E+1
492.97	2.184E+1
493.31	5.583E+1
493.66	1.699E+1
494.00	-1.456E+1
494.34	3.155E+1
494.69	1.117E+2
495.03	5.097E+1
495.38	8.981E+1
495.72	5.097E+1
496.06	1.019E+2
496.41	1.286E+2
496.75	-2.427E+0
497.09	1.068E+2
497.44	4.612E+1
497.78	1.189E+2
498.13	3.641E+1
498.47	1.456E+1
498.81	9.709E+1
499.16	1.214E+2
499.50	1.602E+2
499.84	8.495E+1
500.19	7.524E+1
500.53	6.311E+1
500.87	-2.427E+0
501.21	5.583E+1
501.56	1.529E+2
501.90	-2.427E+1
502.24	1.189E+2
502.59	4.612E+1
502.93	4.854E+1
503.27	-2.184E+1
503.61	6.554E+1
503.96	7.282E+1
504.30	1.408E+2
504.64	-3.398E+1
504.99	4.854E+0
505.33	4.854E+1
505.67	7.282E+0
506.01	8.495E+1
506.36	-4.612E+1
506.70	2.184E+1
507.04	1.845E+2
507.38	9.466E+1
507.72	-2.670E+1
508.07	-3.884E+1
508.41	1.068E+2
508.75	1.068E+2
509.09	1.092E+2
509.44	5.097E+1
509.78	3.884E+1
510.12	-1.456E+1
510.46	9.223E+1
510.80	2.913E+1
511.14	9.709E+1
511.49	1.699E+2
511.83	3.155E+1
512.17	8.981E+1
512.51	5.825E+1
512.85	1.456E+1
513.19	-5.583E+1
513.54	7.039E+1
513.88	7.282E+0
514.22	3.398E+1
514.56	7.039E+1
514.90	4.369E+1
515.24	5.340E+1
515.58	0.000E+0
515.93	1.238E+2
516.27	8.010E+1
516.61	8.981E+1
516.95	1.214E+1
517.29	2.913E+1
517.63	4.126E+1
517.97	7.282E+0
518.31	1.068E+2
518.65	1.456E+1
518.99	-8.738E+1
519.33	-4.126E+1
519.67	4.126E+1
520.02	2.427E+1
520.36	6.068E+1
520.70	1.117E+2
521.04	1.723E+2
521.38	1.335E+2
521.72	-3.155E+1
522.06	-1.456E+1
522.40	5.097E+1
522.74	-1.942E+1
523.08	-2.184E+1
523.42	1.092E+2
523.76	-4.612E+1
524.10	2.670E+1
524.44	1.214E+2
524.78	-4.126E+1
525.12	2.427E+1
525.46	8.253E+1
525.80	1.748E+2
526.14	2.427E+0
526.48	2.427E+0
526.82	2.670E+1
527.16	-6.554E+1
527.50	6.311E+1
527.84	5.340E+1
528.18	-2.670E+1
528.52	3.155E+1
528.86	1.456E+1
529.20	-5.097E+1
529.54	-2.184E+1
529.87	8.738E+1
530.21	1.384E+2
530.55	1.044E+2
530.89	1.019E+2
531.23	6.554E+1
531.57	3.398E+1
531.91	8.495E+1
532.25	6.311E+1
532.59	3.641E+1
532.93	1.942E+1
533.27	-1.699E+1
533.60	6.068E+1
533.94	5.583E+1
534.28	1.092E+2
534.62	9.709E+0
534.96	-7.282E+0
535.30	6.068E+1
535.64	8.738E+1
535.98	5.097E+1
536.31	6.796E+1
536.65	-9.709E+0
536.99	9.709E+0
537.33	1.505E+2
537.67	9.223E+1
538.01	-3.398E+1
538.34	-6.311E+1
538.68	-4.854E+0
539.02	1.238E+2
539.36	3.641E+1
539.70	-1.699E+1
540.03	1.044E+2
540.37	-1.092E+2
540.71	7.524E+1
541.05	1.068E+2
541.39	9.466E+1
541.72	-1.942E+1
542.06	1.092E+2
542.40	6.796E+1
542.74	1.456E+1
543.07	1.942E+1
543.41	2.913E+1
543.75	3.155E+1
544.09	8.738E+1
544.42	-2.184E+1
544.76	1.117E+2
545.10	-2.427E+1
545.44	1.117E+2
545.77	7.767E+1
546.11	6.796E+1
546.45	5.583E+1
546.78	3.155E+1
547.12	7.524E+1
547.46	8.253E+1
547.80	-6.311E+1
548.13	7.282E+1
548.47	5.097E+1
548.81	1.456E+1
549.14	6.554E+1
549.48	7.282E+0
549.82	1.384E+2
550.15	3.398E+1
550.49	3.155E+1
550.83	-1.942E+1
551.16	4.126E+1
551.50	-2.913E+1
551.84	8.495E+1
552.17	1.384E+2
552.51	7.282E+1
552.84	1.189E+2
553.18	1.602E+2
553.52	4.854E+0
553.85	-3.641E+1
554.19	7.282E+0
554.53	5.583E+1
554.86	7.282E+0
555.20	3.155E+1
555.53	5.097E+1
555.87	1.092E+2
556.20	3.884E+1
556.54	4.126E+1
556.88	7.282E+1
557.21	1.214E+1
557.55	9.466E+1
557.88	4.854E+1
558.22	1.699E+1
558.55	-4.612E+1
558.89	3.641E+1
559.23	-2.670E+1
559.56	3.884E+1
559.90	4.369E+1
560.23	6.311E+1
560.57	7.282E+0
560.90	1.942E+1
561.24	3.884E+1
561.57	9.952E+1
561.91	7.524E+1
562.24	-1.942E+1
562.58	-2.427E+1
562.91	1.456E+1
563.25	9.709E+0
563.58	4.126E+1
563.92	8.738E+1
564.25	7.524E+1
564.59	2.184E+1
564.92	8.738E+1
565.25	1.408E+2
565.59	-4.854E+0
565.92	8.253E+1
566.26	1.214E+1
566.59	3.884E+1
566.93	-3.641E+1
567.26	2.670E+1
567.60	1.699E+1
567.93	2.670E+1
568.26	8.253E+1
568.60	7.282E+1
568.93	2.913E+1
569.27	-1.699E+1
569.60	7.767E+1
569.93	9.466E+1
570.27	8.010E+1
570.60	1.748E+2
570.94	3.641E+1
571.27	-4.369E+1
571.60	1.092E+2
571.94	-2.427E+1
572.27	5.825E+1
572.60	4.612E+1
572.94	-2.427E+0
573.27	-1.456E+1
573.60	5.097E+1
573.94	-2.427E+1
574.27	6.554E+1
574.60	8.253E+1
574.94	9.952E+1
575.27	0.000E+0
575.60	-1.044E+2
575.94	1.189E+2
576.27	8.981E+1
576.60	8.495E+1
576.94	4.369E+1
577.27	4.126E+1
577.60	8.253E+1
577.94	-1.942E+1
578.27	-1.942E+1
578.60	4.612E+1
578.93	-2.670E+1
579.27	1.699E+1
579.60	1.456E+1
579.93	-2.427E+1
580.26	7.524E+1
580.60	5.340E+1
580.93	-3.398E+1
581.26	8.495E+1
581.59	-1.214E+1
581.93	3.641E+1
582.26	4.126E+1
582.59	9.952E+1
582.92	7.282E+0
583.25	-4.369E+1
583.59	9.466E+1
583.92	-2.427E+1
584.25	5.097E+1
584.58	6.311E+1
584.91	4.612E+1
585.25	6.311E+1
585.58	6.068E+1
585.91	1.044E+2
586.24	-4.126E+1
586.57	8.495E+1
586.90	3.641E+1
587.24	7.282E+0
587.57	4.854E+0
587.90	0.000E+0
588.23	9.709E+1
588.56	1.068E+2
588.89	1.214E+1
589.22	6.068E+1
589.56	-6.311E+1
589.89	1.456E+1
590.22	3.398E+1
590.55	1.214E+1
590.88	-4.854E+0
591.21	1.286E+2
591.54	8.981E+1
591.87	-2.427E+0
592.20	-7.282E+0
592.53	-3.155E+1
592.87	4.126E+1
593.20	-4.854E+0
593.53	8.981E+1
593.86	-4.854E+0
594.19	9.709E+1
594.52	-8.253E+1
594.85	3.641E+1
595.18	7.039E+1
595.51	5.583E+1
595.84	2.427E+1
596.17	-5.097E+1
596.50	4.126E+1
596.83	7.282E+1
597.16	7.282E+0
597.49	2.427E+0
597.82	2.670E+1
598.15	-1.942E+1
598.48	2.184E+1
598.81	3.398E+1
599.14	-1.699E+1
599.47	-5.340E+1
599.80	3.884E+1
600.13	5.340E+1
600.46	2.160E+2
600.79	4.369E+1
601.12	7.282E+0
601.45	8.253E+1
601.78	6.068E+1
602.11	8.981E+1
602.44	2.184E+1
602.77	2.670E+1
603.10	7.282E+0
603.42	7.282E+1
603.75	4.854E+0
604.08	-8.738E+1
604.41	-4.369E+1
604.74	-5.340E+1
605.07	8.010E+1
605.40	-2.184E+1
605.73	2.427E+1
606.06	-2.427E+0
606.39	-4.612E+1
606.71	-7.282E+0
607.04	8.253E+1
607.37	9.466E+1
607.70	6.068E+1
608.03	1.117E+2
608.36	2.427E+0
608.69	-7.282E+0
609.02	-2.184E+1
609.34	6.311E+1
609.67	5.097E+1
610.00	2.913E+1
610.33	7.767E+1
610.66	9.466E+1
610.98	2.184E+1
611.31	6.068E+1
611.64	-6.796E+1
611.97	1.942E+1
612.30	-2.184E+1
612.63	1.335E+2
612.95	2.913E+1
613.28	1.942E+1
613.61	4.854E+1
613.94	-2.670E+1
614.26	6.068E+1
614.59	-2.427E+1
614.92	5.340E+1
615.25	2.913E+1
615.57	1.019E+2
615.90	5.825E+1
616.23	2.670E+1
616.56	-1.214E+1
616.88	-1.456E+1
617.21	-3.641E+1
617.54	-2.427E+1
617.87	9.709E+0
618.19	7.524E+1
618.52	9.466E+1
618.85	4.126E+1
619.17	1.699E+1
619.50	-1.456E+1
619.83	-7.282E+0
620.15	1.942E+1
620.48	-3.641E+1
620.81	-9.466E+1
621.14	-7.282E+0
621.46	6.554E+1
621.79	3.398E+1
622.11	5.097E+1
622.44	1.141E+2
622.77	-3.884E+1
623.09	3.398E+1
623.42	4.126E+1
623.75	-3.641E+1
624.07	-8.253E+1
624.40	4.854E+0
624.73	8.495E+1
625.05	-4.369E+1
625.38	6.796E+1
625.70	-4.126E+1
626.03	-2.427E+0
626.36	-3.884E+1
626.68	7.039E+1
627.01	9.709E+0
627.33	-7.282E+0
627.66	3.641E+1
627.99	4.854E+1
628.31	3.641E+1
628.64	5.340E+1
628.96	9.952E+1
629.29	8.253E+1
629.61	2.913E+1
629.94	5.340E+1
630.26	6.068E+1
630.59	-7.767E+1
630.91	-3.641E+1
631.24	1.068E+2
631.57	-2.184E+1
631.89	-5.825E+1
632.22	9.709E+0
632.54	-3.398E+1
632.87	-4.369E+1
633.19	-3.641E+1
633.52	0.000E+0
633.84	0.000E+0
634.16	1.335E+2
634.49	1.214E+1
634.81	4.369E+1
635.14	-4.854E+1
635.46	1.456E+1
635.79	-3.641E+1
636.11	-2.670E+1
636.44	-9.952E+1
636.76	2.427E+1
637.09	2.184E+1
637.41	5.097E+1
637.73	5.825E+1
638.06	9.952E+1
638.38	-7.282E+0
638.71	1.214E+1
639.03	-3.155E+1
639.36	6.796E+1
639.68	7.282E+0
640.00	-1.456E+1
640.33	-2.427E+0
640.65	6.311E+1
640.97	8.253E+1
641.30	6.311E+1
641.62	1.432E+2
641.95	-1.019E+2
642.27	-7.039E+1
642.59	-2.184E+1
642.92	9.466E+1
643.24	6.068E+1
643.56	4.126E+1
643.89	-3.155E+1
644.21	1.456E+1
644.53	-9.709E+0
644.86	4.854E+0
645.18	-9.709E+0
645.50	1.117E+2
645.83	3.641E+1
646.15	6.311E+1
646.47	4.612E+1
646.80	5.340E+1
647.12	6.068E+1
647.44	-1.699E+1
647.76	3.155E+1
648.09	4.854E+1
648.41	1.214E+1
648.73	5.097E+1
649.05	-9.709E+0
649.38	-4.612E+1
649.70	-2.427E+1
650.02	-4.126E+1
650.34	-5.340E+1
650.67	-4.854E+1
650.99	1.359E+2
651.31	-1.699E+1
651.63	1.699E+1
651.96	7.282E+0
652.28	-2.427E+1
652.60	7.282E+1
652.92	3.641E+1
653.24	5.340E+1
653.57	5.583E+1
653.89	-1.699E+1
654.21	-8.981E+1
654.53	1.165E+2
654.85	-5.097E+1
655.18	8.981E+1
655.50	-9.223E+1
655.82	6.311E+1
656.14	-5.825E+1
656.46	-4.369E+1
656.78	4.126E+1
657.10	2.427E+0
657.43	6.554E+1
657.75	1.408E+2
658.07	1.335E+2
658.39	-5.097E+1
658.71	-7.282E+0
659.03	-1.189E+2
659.35	5.097E+1
659.67	-2.670E+1
659.99	1.456E+1
660.32	9.709E+1
660.64	1.092E+2
660.96	-2.913E+1
661.28	-1.044E+2
661.60	4.126E+1
661.92	4.854E+1
662.24	-4.369E+1
662.56	6.311E+1
662.88	-6.068E+1
663.20	-8.010E+1
663.52	7.767E+1
663.84	-3.641E+1
664.16	2.670E+1
664.48	-3.155E+1
664.80	-3.155E+1
665.12	9.709E+0
665.44	1.456E+1
665.76	-1.214E+1
666.08	2.913E+1
666.40	9.709E+0
666.72	1.456E+1
667.04	-8.981E+1
667.36	2.670E+1
667.68	-1.456E+1
668.00	1.117E+2
668.32	7.282E+0
668.64	3.398E+1
668.96	6.796E+1
669.28	-5.097E+1
669.60	-2.184E+1
669.92	2.184E+1
670.24	4.126E+1
670.56	-1.456E+1
670.88	-2.427E+1
671.20	-9.709E+0
671.52	-1.286E+2
671.84	-5.825E+1
672.16	4.126E+1
672.47	9.466E+1
672.79	-4.369E+1
673.11	3.884E+1
673.43	1.456E+1
673.75	-2.184E+1
674.07	1.141E+2
674.39	5.097E+1
674.71	9.709E+0
675.03	-3.641E+1
675.34	3.398E+1
675.66	0.000E+0
675.98	4.854E+0
676.30	-1.117E+2
676.62	7.282E+0
676.94	-6.554E+1
677.25	0.000E+0
677.57	1.092E+2
677.89	-5.097E+1
678.21	7.039E+1
678.53	3.155E+1
678.85	1.456E+1
679.16	-2.670E+1
679.48	3.398E+1
679.80	-6.311E+1
680.12	4.612E+1
680.44	1.214E+1
680.75	-2.427E+0
681.07	-7.524E+1
681.39	4.612E+1
681.71	-2.184E+1
682.02	-1.456E+1
682.34	-2.670E+1
682.66	-5.825E+1
682.98	1.699E+1
683.29	-3.884E+1
683.61	-2.427E+0
683.93	-1.214E+1
684.25	-1.456E+1
684.56	4.854E+1
684.88	-4.369E+1
685.20	7.282E+0
685.51	2.913E+1
685.83	-1.214E+1
686.15	-6.311E+1
686.47	-1.699E+1
686.78	3.884E+1
687.10	-1.068E+2
687.42	-2.670E+1
687.73	1.092E+2
688.05	9.223E+1
688.37	-9.223E+1
688.68	4.369E+1
689.00	7.524E+1
689.32	3.884E+1
689.63	-5.097E+1
689.95	5.097E+1
690.26	1.481E+2
690.58	2.670E+1
690.90	-3.884E+1
691.21	6.311E+1
691.53	-4.612E+1
691.85	2.184E+1
692.16	8.981E+1
692.48	-8.738E+1
692.79	-1.699E+1
693.11	4.612E+1
693.42	8.010E+1
693.74	5.097E+1
694.06	-2.427E+1
694.37	1.456E+1
694.69	8.495E+1
695.00	4.369E+1
695.32	2.670E+1
695.63	3.155E+1
695.95	-4.612E+1
696.26	4.854E+0
696.58	7.524E+1
696.90	2.913E+1
697.21	-3.155E+1
697.53	7.282E+1
697.84	3.155E+1
698.16	3.641E+1
698.47	9.709E+0
698.79	3.155E+1
699.10	-2.184E+1
699.42	-2.184E+1
699.73	-9.223E+1
700.05	8.738E+1
700.36	-4.126E+1
700.68	1.456E+1
700.99	-4.612E+1
701.30	4.126E+1
701.62	5.340E+1
701.93	-1.942E+1
702.25	-8.981E+1
702.56	-8.253E+1
702.88	3.155E+1
703.19	-2.184E+1
703.50	9.709E+0
703.82	7.524E+1
704.13	-1.214E+1
704.45	7.282E+0
704.76	-4.126E+1
705.08	1.456E+1
705.39	5.340E+1
705.70	6.796E+1
706.02	0.000E+0
706.33	1.092E+2
706.64	2.427E+0
706.96	-3.641E+1
707.27	4.369E+1
707.59	-5.825E+1
707.90	-3.155E+1
708.21	3.398E+1
708.53	-6.796E+1
708.84	7.282E+0
709.15	9.709E+0
709.47	0.000E+0
709.78	-1.214E+1
710.09	6.796E+1
710.41	8.253E+1
710.72	1.456E+1
711.03	6.311E+1
711.34	5.097E+1
711.66	-4.854E+0
711.97	-6.068E+1
712.28	-7.524E+1
712.60	-2.184E+1
712.91	-4.369E+1
713.22	-4.126E+1
713.53	2.427E+0
713.85	1.214E+1
714.16	1.092E+2
714.47	3.155E+1
714.78	2.913E+1
715.10	1.942E+1
715.41	-1.942E+1
715.72	-7.767E+1
716.03	-2.427E+1
716.35	1.359E+2
716.66	6.311E+1
716.97	-1.942E+1
717.28	1.408E+2
717.59	8.981E+1
717.91	4.369E+1
718.22	4.126E+1
718.53	-1.942E+1
718.84	-2.184E+1
719.15	8.253E+1
719.46	-1.214E+1
719.78	-4.126E+1
720.09	-4.854E+0
720.40	3.398E+1
720.71	-3.641E+1
721.02	7.767E+1
721.33	-5.825E+1
721.65	4.612E+1
721.96	-2.427E+0
722.27	1.699E+1
722.58	4.854E+1
722.89	1.408E+2
723.20	7.767E+1
723.51	4.854E+0
723.82	5.340E+1
724.13	6.311E+1
724.45	-3.641E+1
724.76	-4.854E+0
725.07	4.126E+1
725.38	1.141E+2
725.69	1.238E+2
726.00	1.092E+2
726.31	-7.282E+0
726.62	1.942E+1
726.93	9.709E+0
727.24	1.214E+1
727.55	-1.456E+1
727.86	-3.398E+1
728.17	1.456E+1
728.48	6.311E+1
728.79	1.214E+1
729.10	-1.214E+1
729.41	-8.495E+1
729.72	5.097E+1
730.03	7.524E+1
730.34	-5.340E+1
730.65	4.854E+1
730.96	-1.456E+1
731.27	-5.583E+1
731.58	0.000E+0
731.89	-1.214E+1
732.20	1.311E+2
732.51	3.155E+1
732.82	-4.854E+1
733.13	-1.942E+1
733.44	1.141E+2
733.75	1.699E+1
734.06	4.369E+1
734.37	6.311E+1
734.68	6.311E+1
734.98	3.641E+1
735.29	9.709E+0
735.60	5.097E+1
735.91	-5.583E+1
736.22	-3.155E+1
736.53	-4.854E+0
736.84	5.825E+1
737.15	5.583E+1
737.46	-7.524E+1
737.77	-2.670E+1
738.07	-3.155E+1
738.38	6.796E+1
738.69	-7.282E+0
739.00	-6.068E+1
739.31	-7.282E+0
739.62	-5.097E+1
739.92	1.456E+1
740.23	-3.398E+1
740.54	-1.214E+1
740.85	4.854E+0
741.16	-7.282E+0
741.47	1.214E+1
741.77	3.641E+1
742.08	3.398E+1
742.39	-5.097E+1
742.70	-3.398E+1
743.01	-1.214E+1
743.31	1.189E+2
743.62	-7.524E+1
743.93	-1.942E+1
744.24	-4.612E+1
744.54	8.981E+1
744.85	4.854E+1
745.16	1.092E+2
745.47	5.340E+1
745.77	-2.913E+1
746.08	-6.554E+1
746.39	2.427E+1
746.70	-1.214E+1
747.00	1.699E+1
747.31	2.427E+1
747.62	-2.913E+1
747.92	-9.952E+1
748.23	-1.456E+1
748.54	-9.466E+1
748.84	-6.068E+1
749.15	-2.427E+1
749.46	-5.583E+1
749.76	-7.282E+0
750.07	-3.884E+1
750.38	-8.010E+1
750.68	-5.097E+1
750.99	-8.738E+1
751.30	-5.825E+1
751.60	4.854E+1
751.91	4.854E+0
752.22	3.155E+1
752.52	-6.796E+1
752.83	-6.311E+1
753.14	1.942E+1
753.44	-1.092E+2
753.75	6.311E+1
754.05	7.767E+1
754.36	1.214E+1
754.67	7.767E+1
754.97	-4.854E+1
755.28	-2.427E+0
755.58	4.854E+1
755.89	0.000E+0
756.19	6.796E+1
756.50	-2.427E+1
756.81	-2.427E+1
757.11	-3.884E+1
757.42	5.340E+1
757.72	0.000E+0
758.03	1.699E+1
758.33	-5.097E+1
758.64	1.456E+1
758.94	2.427E+0
759.25	4.854E+1
759.55	7.767E+1
759.86	-2.184E+1
760.16	1.699E+1
760.47	2.913E+1
760.77	9.709E+0
761.08	3.884E+1
761.38	3.398E+1
761.69	-6.796E+1
761.99	-2.913E+1
762.30	-5.825E+1
762.60	-3.884E+1
762.91	7.524E+1
763.21	5.340E+1
763.51	-1.456E+1
763.82	0.000E+0
764.12	-7.767E+1
764.43	-5.340E+1
764.73	-2.670E+1
765.04	4.126E+1
765.34	-1.456E+1
765.64	1.942E+1
765.95	1.699E+1
766.25	4.854E+0
766.56	-3.884E+1
766.86	8.495E+1
767.16	-3.884E+1
767.47	-2.427E+0
767.77	-6.554E+1
768.07	4.369E+1
768.38	-3.884E+1
768.68	7.767E+1
768.98	-1.019E+2
769.29	1.942E+1
769.59	-8.495E+1
769.89	-3.398E+1
770.20	-4.369E+1
770.50	6.068E+1
770.80	-6.311E+1
771.11	-5.825E+1
771.41	7.282E+0
771.71	-1.699E+1
772.02	-5.825E+1
772.32	-2.184E+1
772.62	-1.456E+1
772.93	9.709E+0
773.23	-1.942E+1
773.53	-4.854E+0
773.83	3.398E+1
774.14	4.126E+1
774.44	7.767E+1
774.74	7.282E+1
775.04	5.583E+1
775.35	5.097E+1
775.65	0.000E+0
775.95	6.796E+1
776.25	2.427E+0
776.55	-7.767E+1
776.86	7.282E+1
777.16	5.825E+1
777.46	-1.262E+2
777.76	9.223E+1
778.06	-2.913E+1
778.37	7.282E+0
778.67	0.000E+0
778.97	-3.884E+1
779.27	6.554E+1
779.57	1.942E+1
779.88	-2.427E+0
780.18	5.825E+1
780.48	1.214E+2
780.78	-6.554E+1
781.08	7.282E+1
781.38	2.913E+1
781.68	1.942E+1
781.98	-3.155E+1
782.29	-4.369E+1
782.59	8.010E+1
782.89	3.884E+1
783.19	-3.884E+1
783.49	7.282E+1
783.79	-7.282E+0
784.09	2.913E+1
784.39	-4.854E+1
784.69	-3.884E+1
784.99	-1.214E+1
785.30	-1.456E+1
785.60	-7.767E+1
785.90	3.884E+1
786.20	-9.709E+0
786.50	-3.155E+1
786.80	-9.466E+1
787.10	4.854E+0
787.40	2.913E+1
787.70	-3.398E+1
788.00	-4.854E+0
788.30	-2.184E+1
788.60	2.427E+0
788.90	1.456E+1
789.20	1.918E+2
789.50	7.524E+1
789.80	1.456E+1
790.10	9.466E+1
790.40	7.039E+1
790.70	-6.796E+1
791.00	1.796E+2
791.30	1.699E+1
791.60	-2.184E+1
791.90	-4.854E+0
792.20	-1.942E+1
792.50	1.626E+2
792.79	4.369E+1
793.09	2.184E+1
793.39	-2.670E+1
793.69	-4.854E+0
793.99	2.427E+0
794.29	3.155E+1
794.59	-1.942E+1
794.89	2.184E+1
795.19	2.427E+0
795.49	0.000E+0
795.79	-2.913E+1
796.08	-6.311E+1
796.38	4.854E+1
796.68	7.282E+1
796.98	-3.884E+1
797.28	-4.369E+1
797.58	2.427E+0
797.88	5.825E+1
798.17	-7.282E+0
798.47	-3.884E+1
798.77	-3.155E+1
799.07	0.000E+0
799.37	-1.068E+2
799.67	-6.554E+1
799.96	9.709E+0
800.26	-2.913E+1
800.56	0.000E+0
800.86	3.398E+1
801.16	9.223E+1
801.45	-6.796E+1
801.75	9.709E+1
802.05	5.825E+1
802.35	-2.670E+1
802.64	-3.155E+1
802.94	-1.942E+1
803.24	-4.369E+1
803.54	-1.456E+1
803.83	-4.854E+0
804.13	-5.583E+1
804.43	2.913E+1
804.73	4.126E+1
805.02	-4.612E+1
805.32	-1.699E+1
805.62	1.214E+1
805.91	-9.709E+0
806.21	-3.884E+1
806.51	-4.854E+1
806.81	1.165E+2
807.10	-3.641E+1
807.40	6.311E+1
807.70	-1.456E+1
807.99	9.709E+0
808.29	1.456E+1
808.59	-3.398E+1
808.88	-4.612E+1
809.18	6.554E+1
809.47	1.942E+1
809.77	-4.612E+1
810.07	1.699E+1
810.36	6.311E+1
810.66	-2.670E+1
810.96	8.253E+1
811.25	2.670E+1
811.55	1.456E+1
811.84	-4.612E+1
812.14	6.311E+1
812.44	-5.583E+1
812.73	2.670E+1
813.03	2.670E+1
813.32	3.884E+1
813.62	2.670E+1
813.91	4.854E+0
814.21	-6.311E+1
814.51	1.189E+2
814.80	-5.825E+1
815.10	-5.825E+1
815.39	-7.524E+1
815.69	7.282E+0
815.98	5.340E+1
816.28	1.456E+1
816.57	-1.456E+1
816.87	1.456E+1
817.16	1.019E+2
817.46	3.641E+1
817.75	5.583E+1
818.05	8.010E+1
818.34	-9.466E+1
818.64	-8.010E+1
818.93	-2.670E+1
819.23	6.796E+1
819.52	-8.981E+1
819.82	6.068E+1
820.11	-1.942E+1
820.40	-1.214E+1
820.70	9.223E+1
820.99	-4.854E+1
821.29	-2.427E+1
821.58	4.854E+0
821.88	-1.456E+2
822.17	-3.641E+1
822.46	-1.456E+1
822.76	-3.641E+1
823.05	1.699E+1
823.35	-2.913E+1
823.64	-9.709E+0
823.93	-6.068E+1
824.23	1.141E+2
824.52	6.068E+1
824.81	-2.913E+1
825.11	-3.884E+1
825.40	9.709E+1
825.69	-1.214E+1
825.99	-9.709E+0
826.28	-9.223E+1
826.58	-2.913E+1
826.87	5.825E+1
827.16	7.039E+1
827.45	-9.709E+0
827.75	-3.641E+1
828.04	1.262E+2
828.33	1.068E+2
828.63	-8.010E+1
828.92	-9.709E+0
829.21	-4.612E+1
829.51	-2.427E+1
829.80	-7.282E+1
830.09	-5.583E+1
830.38	-4.369E+1
830.68	-2.670E+1
830.97	3.155E+1
831.26	-2.670E+1
831.55	-7.039E+1
831.85	1.214E+1
832.14	-4.612E+1
832.43	2.913E+1
832.72	4.854E+0
833.01	-7.282E+0
833.31	9.709E+1
833.60	2.427E+0
833.89	-9.709E+0
834.18	2.427E+0
834.47	1.044E+2
834.77	2.913E+1
835.06	-1.942E+1
835.35	2.913E+1
835.64	1.699E+1
835.93	-4.612E+1
836.22	4.369E+1
836.52	-6.796E+1
836.81	3.884E+1
837.10	-3.155E+1
837.39	2.427E+1
837.68	-4.612E+1
837.97	-1.359E+2
838.26	-1.262E+2
838.55	1.456E+1
838.85	-6.068E+1
839.14	-2.670E+1
839.43	-7.767E+1
839.72	3.884E+1
840.01	-8.495E+1
840.30	-5.583E+1
840.59	-1.699E+1
840.88	-4.854E+0
841.17	5.825E+1
841.46	-1.214E+1
841.75	-8.981E+1
842.04	4.612E+1
842.33	-3.155E+1
842.62	2.427E+1
842.91	-3.155E+1
843.21	8.495E+1
843.50	-7.039E+1
843.79	-7.282E+1
844.08	8.495E+1
844.37	1.214E+1
844.66	8.253E+1
844.95	-7.282E+0
845.24	1.214E+1
845.53	-4.612E+1
845.81	-5.340E+1
846.10	3.641E+1
846.39	0.000E+0
846.68	-2.670E+1
846.97	8.010E+1
847.26	1.699E+1
847.55	-7.524E+1
847.84	0.000E+0
848.13	5.097E+1
848.42	-4.126E+1
848.71	-5.340E+1
849.00	-6.068E+1
849.29	-2.913E+1
849.58	-1.942E+1
849.87	5.583E+1
850.15	-3.155E+1
850.44	2.427E+1
850.73	-3.398E+1
851.02	1.942E+1
851.31	-2.427E+1
851.60	9.223E+1
851.89	6.068E+1
852.18	6.068E+1
852.46	6.796E+1
852.75	-7.282E+0
853.04	-8.495E+1
853.33	0.000E+0
853.62	2.670E+1
853.91	-9.709E+0
854.19	5.583E+1
854.48	0.000E+0
854.77	2.913E+1
855.06	5.340E+1
855.35	-9.709E+0
855.63	7.282E+0
855.92	7.282E+1
856.21	-1.942E+1
856.50	1.820E+2
856.79	4.854E+0
857.07	-4.612E+1
857.36	-1.286E+2
857.65	-1.942E+1
857.94	-6.796E+1
858.22	9.952E+1
858.51	-3.155E+1
858.80	-4.369E+1
859.08	6.311E+1
859.37	-7.282E+1
859.66	-1.068E+2
859.95	4.369E+1
860.23	3.155E+1
860.52	1.214E+1
860.81	5.097E+1
861.09	9.709E+0
861.38	-1.699E+1
861.67	4.854E+1
861.95	2.184E+1
862.24	0.000E+0
862.53	9.709E+0
862.81	5.340E+1
863.10	1.068E+2
863.39	-9.466E+1
863.67	1.942E+1
863.96	5.340E+1
864.25	-1.092E+2
864.53	-2.913E+1
864.82	2.184E+1
865.10	-1.456E+1
865.39	1.214E+1
865.68	3.641E+1
865.96	3.398E+1
866.25	-1.942E+1
866.53	-1.942E+1
866.82	-1.942E+1