Wavelength	Intensity	Ocean Optics Flame
nm	counts
187.89	0.000E+0
188.27	6.311E+1
188.64	6.554E+1
189.02	-3.884E+1
189.40	-2.427E+1
189.78	3.884E+1
190.15	7.039E+1
190.53	-5.825E+1
190.91	-4.369E+1
191.29	-3.641E+1
191.66	-3.398E+1
192.04	-2.913E+1
192.42	3.398E+1
192.80	-1.699E+1
193.17	2.913E+1
193.55	2.427E+0
193.93	3.884E+1
194.30	-1.214E+1
194.68	-6.796E+1
195.06	4.854E+1
195.44	5.097E+1
195.81	9.709E+0
196.19	-3.398E+1
196.57	1.456E+1
196.94	2.913E+1
197.32	-1.942E+1
197.70	6.796E+1
198.07	3.641E+1
198.45	5.097E+1
198.83	-5.340E+1
199.20	4.854E+0
199.58	-8.738E+1
199.96	-4.369E+1
200.33	4.854E+0
200.71	2.427E+0
201.09	5.097E+1
201.46	-3.884E+1
201.84	-7.282E+0
202.22	7.524E+1
202.59	-2.184E+1
202.97	-4.126E+1
203.34	-3.884E+1
203.72	3.884E+1
204.10	-7.767E+1
204.47	3.398E+1
204.85	1.214E+1
205.23	3.884E+1
205.60	-4.369E+1
205.98	6.311E+1
206.35	3.155E+1
206.73	2.427E+0
207.11	9.223E+1
207.48	8.010E+1
207.86	1.214E+1
208.23	-3.884E+1
208.61	4.854E+1
208.98	-4.612E+1
209.36	-7.039E+1
209.74	1.117E+2
210.11	7.282E+1
210.49	7.282E+1
210.86	1.214E+1
211.24	4.854E+0
211.61	2.184E+1
211.99	4.126E+1
212.36	4.612E+1
212.74	3.398E+1
213.11	7.282E+0
213.49	1.942E+1
213.87	2.913E+1
214.24	1.214E+1
214.62	2.184E+1
214.99	-6.554E+1
215.37	6.796E+1
215.74	3.398E+1
216.12	9.709E+0
216.49	-1.456E+1
216.87	1.699E+1
217.24	4.854E+0
217.62	4.612E+1
217.99	4.369E+1
218.37	5.097E+1
218.74	-7.282E+0
219.11	-3.155E+1
219.49	-7.767E+1
219.86	1.699E+1
220.24	-8.738E+1
220.61	2.427E+0
220.99	6.554E+1
221.36	5.340E+1
221.74	7.524E+1
222.11	-6.311E+1
222.49	-7.282E+1
222.86	1.092E+2
223.23	-5.583E+1
223.61	1.699E+1
223.98	3.155E+1
224.36	2.184E+1
224.73	1.117E+2
225.11	-8.010E+1
225.48	4.369E+1
225.85	3.155E+1
226.23	7.282E+0
226.60	-2.670E+1
226.98	2.427E+1
227.35	6.554E+1
227.72	-1.214E+1
228.10	1.068E+2
228.47	7.524E+1
228.84	1.044E+2
229.22	3.884E+1
229.59	2.427E+1
229.97	-1.456E+1
230.34	-7.282E+0
230.71	9.709E+1
231.09	1.456E+1
231.46	5.583E+1
231.83	-8.495E+1
232.21	3.398E+1
232.58	-2.913E+1
232.95	1.699E+1
233.33	4.369E+1
233.70	2.184E+1
234.07	-5.583E+1
234.45	-4.854E+1
234.82	1.214E+1
235.19	2.670E+1
235.57	-7.767E+1
235.94	-7.282E+1
236.31	-4.854E+0
236.69	7.282E+1
237.06	0.000E+0
237.43	5.825E+1
237.80	1.214E+1
238.18	5.097E+1
238.55	1.286E+2
238.92	7.282E+1
239.30	-1.942E+1
239.67	-5.825E+1
240.04	7.039E+1
240.41	1.262E+2
240.79	4.612E+1
241.16	8.738E+1
241.53	-2.913E+1
241.90	9.952E+1
242.28	3.398E+1
242.65	3.398E+1
243.02	5.825E+1
243.39	-1.068E+2
243.77	3.884E+1
244.14	-5.097E+1
244.51	-1.214E+1
244.88	7.282E+1
245.25	5.340E+1
245.63	4.854E+0
246.00	-7.524E+1
246.37	-3.641E+1
246.74	1.699E+1
247.11	1.335E+2
247.49	-4.612E+1
247.86	1.699E+1
248.23	8.495E+1
248.60	0.000E+0
248.97	2.427E+0
249.35	2.670E+1
249.72	-9.709E+0
250.09	2.913E+1
250.46	-4.854E+0
250.83	8.253E+1
251.20	2.184E+1
251.58	-3.398E+1
251.95	-1.456E+1
252.32	-4.126E+1
252.69	-2.670E+1
253.06	-3.398E+1
253.43	-2.670E+1
253.80	6.068E+1
254.17	3.155E+1
254.55	2.670E+1
254.92	-7.282E+0
255.29	9.709E+0
255.66	7.767E+1
256.03	-4.854E+1
256.40	-2.427E+1
256.77	-2.184E+1
257.14	-9.709E+0
257.51	2.427E+1
257.88	8.738E+1
258.26	7.282E+0
258.63	4.612E+1
259.00	1.019E+2
259.37	2.670E+1
259.74	-3.884E+1
260.11	-8.738E+1
260.48	-2.427E+1
260.85	-4.612E+1
261.22	-5.825E+1
261.59	4.369E+1
261.96	-5.340E+1
262.33	2.184E+1
262.70	-5.825E+1
263.07	-1.456E+1
263.44	1.699E+1
263.81	-5.097E+1
264.18	-2.670E+1
264.55	5.340E+1
264.92	-1.214E+1
265.29	0.000E+0
265.66	3.884E+1
266.03	7.039E+1
266.40	9.952E+1
266.77	-2.184E+1
267.14	-4.369E+1
267.51	7.767E+1
267.88	1.044E+2
268.25	2.427E+1
268.62	9.952E+1
268.99	5.097E+1
269.36	3.884E+1
269.73	-3.884E+1
270.10	1.214E+1
270.47	3.641E+1
270.84	3.398E+1
271.21	1.942E+1
271.58	7.282E+1
271.95	-6.554E+1
272.32	-2.670E+1
272.69	6.068E+1
273.06	8.253E+1
273.43	7.524E+1
273.80	7.282E+1
274.17	-9.709E+0
274.53	-2.184E+1
274.90	8.495E+1
275.27	9.466E+1
275.64	2.427E+0
276.01	-1.456E+1
276.38	3.884E+1
276.75	-7.282E+0
277.12	-5.825E+1
277.49	-6.311E+1
277.86	-1.699E+1
278.22	-7.282E+1
278.59	3.641E+1
278.96	2.427E+1
279.33	4.126E+1
279.70	3.155E+1
280.07	1.214E+1
280.44	8.981E+1
280.80	1.699E+1
281.17	1.214E+1
281.54	4.369E+1
281.91	7.282E+0
282.28	-4.854E+0
282.65	-4.854E+0
283.02	1.092E+2
283.38	3.155E+1
283.75	-5.825E+1
284.12	3.641E+1
284.49	7.282E+0
284.86	-5.340E+1
285.22	-5.340E+1
285.59	-1.990E+2
285.96	7.767E+1
286.33	2.427E+1
286.70	1.214E+1
287.06	-7.282E+0
287.43	2.184E+1
287.80	4.854E+0
288.17	1.214E+1
288.53	-5.340E+1
288.90	7.767E+1
289.27	9.709E+0
289.64	7.524E+1
290.01	3.884E+1
290.37	2.670E+1
290.74	1.942E+1
291.11	5.825E+1
291.48	1.699E+1
291.84	4.369E+1
292.21	7.767E+1
292.58	9.709E+0
292.94	4.369E+1
293.31	4.126E+1
293.68	6.068E+1
294.05	-6.311E+1
294.41	1.942E+1
294.78	-4.126E+1
295.15	2.427E+0
295.51	9.466E+1
295.88	5.583E+1
296.25	5.825E+1
296.61	-2.670E+1
296.98	-3.398E+1
297.35	5.097E+1
297.72	1.044E+2
298.08	-9.709E+0
298.45	1.044E+2
298.82	3.155E+1
299.18	-3.884E+1
299.55	6.311E+1
299.91	8.253E+1
300.28	-9.709E+0
300.65	6.068E+1
301.01	-4.854E+1
301.38	5.583E+1
301.75	-9.952E+1
302.11	5.825E+1
302.48	-7.282E+0
302.85	3.884E+1
303.21	2.184E+1
303.58	7.282E+0
303.94	0.000E+0
304.31	2.184E+1
304.68	0.000E+0
305.04	1.699E+1
305.41	-7.524E+1
305.77	-6.311E+1
306.14	-8.253E+1
306.51	3.884E+1
306.87	2.427E+1
307.24	-5.825E+1
307.60	1.699E+1
307.97	2.184E+1
308.33	6.796E+1
308.70	3.155E+1
309.07	4.369E+1
309.43	-2.427E+0
309.80	9.709E+1
310.16	9.709E+0
310.53	1.942E+1
310.89	2.184E+1
311.26	1.432E+2
311.62	3.884E+1
311.99	-8.738E+1
312.35	5.340E+1
312.72	2.427E+0
313.08	7.282E+0
313.45	0.000E+0
313.81	4.369E+1
314.18	-6.554E+1
314.54	3.641E+1
314.91	-7.767E+1
315.27	4.369E+1
315.64	-4.612E+1
316.00	7.524E+1
316.37	1.942E+1
316.73	-6.311E+1
317.10	-2.670E+1
317.46	1.214E+1
317.83	-1.214E+1
318.19	5.340E+1
318.56	-2.670E+1
318.92	-3.155E+1
319.28	3.155E+1
319.65	-2.913E+1
320.01	-2.184E+1
320.38	5.583E+1
320.74	-2.184E+1
321.11	1.214E+1
321.47	1.456E+1
321.83	2.184E+1
322.20	-4.369E+1
322.56	-4.126E+1
322.93	1.117E+2
323.29	-2.427E+0
323.66	-4.369E+1
324.02	-4.126E+1
324.38	-4.369E+1
324.75	9.466E+1
325.11	0.000E+0
325.47	5.583E+1
325.84	5.097E+1
326.20	-2.184E+1
326.57	-9.709E+0
326.93	-3.398E+1
327.29	7.524E+1
327.66	3.155E+1
328.02	0.000E+0
328.38	-5.340E+1
328.75	4.612E+1
329.11	-8.253E+1
329.47	5.583E+1
329.84	-3.398E+1
330.20	-2.184E+1
330.56	4.612E+1
330.93	-5.583E+1
331.29	7.039E+1
331.65	2.184E+1
332.02	-3.155E+1
332.38	-3.155E+1
332.74	8.981E+1
333.10	1.214E+1
333.47	-2.184E+1
333.83	-7.282E+1
334.19	1.578E+2
334.56	5.583E+1
334.92	-3.641E+1
335.28	2.913E+1
335.64	-4.612E+1
336.01	3.398E+1
336.37	-7.282E+0
336.73	1.942E+1
337.09	-5.340E+1
337.46	2.427E+0
337.82	-1.699E+1
338.18	2.184E+1
338.54	2.913E+1
338.91	-4.126E+1
339.27	2.913E+1
339.63	2.913E+1
339.99	2.427E+1
340.36	-3.884E+1
340.72	9.709E+0
341.08	-9.223E+1
341.44	4.854E+0
341.80	-2.184E+1
342.17	-2.427E+1
342.53	-3.398E+1
342.89	-2.427E+0
343.25	-4.612E+1
343.61	0.000E+0
343.98	2.184E+1
344.34	2.184E+1
344.70	-8.010E+1
345.06	6.796E+1
345.42	6.311E+1
345.78	-7.039E+1
346.14	6.554E+1
346.51	3.155E+1
346.87	-2.913E+1
347.23	-5.097E+1
347.59	-9.709E+0
347.95	3.155E+1
348.31	-1.942E+1
348.67	1.262E+2
349.04	0.000E+0
349.40	8.253E+1
349.76	-6.068E+1
350.12	1.359E+2
350.48	9.709E+0
350.84	5.340E+1
351.20	2.184E+1
351.56	1.214E+2
351.92	-3.884E+1
352.28	-1.456E+1
352.65	8.010E+1
353.01	8.495E+1
353.37	-7.282E+0
353.73	7.282E+1
354.09	4.126E+1
354.45	-3.641E+1
354.81	-1.699E+1
355.17	3.398E+1
355.53	8.495E+1
355.89	1.141E+2
356.25	7.524E+1
356.61	1.942E+1
356.97	1.286E+2
357.33	1.456E+1
357.69	1.214E+1
358.05	4.854E+1
358.41	3.398E+1
358.77	-1.214E+1
359.13	1.723E+2
359.49	4.369E+1
359.85	7.282E+1
360.21	7.039E+1
360.57	4.612E+1
360.93	8.010E+1
361.29	2.184E+1
361.65	1.214E+1
362.01	5.825E+1
362.37	6.311E+1
362.73	8.010E+1
363.09	8.981E+1
363.45	9.223E+1
363.81	8.253E+1
364.17	3.641E+1
364.53	3.641E+1
364.89	6.796E+1
365.25	2.427E+0
365.61	5.097E+1
365.97	1.699E+1
366.33	2.913E+1
366.69	3.398E+1
367.05	-7.282E+0
367.40	6.796E+1
367.76	-7.282E+0
368.12	1.019E+2
368.48	5.097E+1
368.84	5.583E+1
369.20	1.214E+2
369.56	6.796E+1
369.92	8.495E+1
370.28	3.155E+1
370.63	1.408E+2
370.99	2.015E+2
371.35	1.359E+2
371.71	9.466E+1
372.07	1.117E+2
372.43	1.092E+2
372.79	8.253E+1
373.15	9.709E+1
373.50	1.068E+2
373.86	1.578E+2
374.22	2.063E+2
374.58	5.583E+1
374.94	1.165E+2
375.30	1.456E+2
375.65	1.044E+2
376.01	1.723E+2
376.37	4.126E+1
376.73	2.039E+2
377.09	2.233E+2
377.44	1.432E+2
377.80	1.990E+2
378.16	3.228E+2
378.52	2.670E+2
378.88	2.767E+2
379.23	2.791E+2
379.59	2.985E+2
379.95	3.034E+2
380.31	2.791E+2
380.66	2.403E+2
381.02	2.573E+2
381.38	2.403E+2
381.74	2.354E+2
382.09	3.083E+2
382.45	3.034E+2
382.81	3.083E+2
383.17	4.296E+2
383.52	4.660E+2
383.88	4.685E+2
384.24	5.558E+2
384.60	4.782E+2
384.95	6.723E+2
385.31	6.505E+2
385.67	6.748E+2
386.02	7.840E+2
386.38	7.791E+2
386.74	8.447E+2
387.10	9.563E+2
387.45	1.002E+3
387.81	1.119E+3
388.17	1.209E+3
388.52	1.359E+3
388.88	1.459E+3
389.24	1.631E+3
389.59	1.801E+3
389.95	1.871E+3
390.31	2.078E+3
390.66	2.199E+3
391.02	2.466E+3
391.38	2.672E+3
391.73	2.898E+3
392.09	3.049E+3
392.44	3.303E+3
392.80	3.699E+3
393.16	3.939E+3
393.51	4.260E+3
393.87	4.655E+3
394.23	5.114E+3
394.58	5.481E+3
394.94	5.935E+3
395.29	6.456E+3
395.65	6.964E+3
396.01	7.379E+3
396.36	7.886E+3
396.72	8.602E+3
397.07	9.151E+3
397.43	1.018E+4
397.78	1.077E+4
398.14	1.151E+4
398.50	1.240E+4
398.85	1.325E+4
399.21	1.399E+4
399.56	1.514E+4
399.92	1.622E+4
400.27	1.698E+4
400.63	1.824E+4
400.98	1.932E+4
401.34	2.062E+4
401.69	2.163E+4
402.05	2.287E+4
402.40	2.430E+4
402.76	2.554E+4
403.11	2.705E+4
403.47	2.894E+4
403.82	2.941E+4
404.18	3.104E+4
404.53	3.242E+4
404.89	3.475E+4
405.24	3.606E+4
405.60	3.740E+4
405.95	3.926E+4
406.31	4.104E+4
406.66	4.201E+4
407.02	4.327E+4
407.37	4.487E+4
407.73	4.637E+4
408.08	4.778E+4
408.44	4.844E+4
408.79	4.959E+4
409.14	5.045E+4
409.50	5.091E+4
409.85	5.211E+4
410.21	5.294E+4
410.56	5.336E+4
410.92	5.384E+4
411.27	5.392E+4
411.62	5.487E+4
411.98	5.408E+4
412.33	5.416E+4
412.69	5.419E+4
413.04	5.377E+4
413.39	5.275E+4
413.75	5.162E+4
414.10	5.095E+4
414.45	4.982E+4
414.81	4.818E+4
415.16	4.758E+4
415.52	4.626E+4
415.87	4.476E+4
416.22	4.345E+4
416.58	4.200E+4
416.93	4.061E+4
417.28	3.815E+4
417.64	3.678E+4
417.99	3.497E+4
418.34	3.267E+4
418.70	3.117E+4
419.05	2.921E+4
419.40	2.773E+4
419.76	2.576E+4
420.11	2.465E+4
420.46	2.307E+4
420.81	2.195E+4
421.17	2.033E+4
421.52	1.948E+4
421.87	1.874E+4
422.23	1.766E+4
422.58	1.689E+4
422.93	1.601E+4
423.28	1.510E+4
423.64	1.463E+4
423.99	1.367E+4
424.34	1.273E+4
424.69	1.228E+4
425.05	1.125E+4
425.40	1.087E+4
425.75	1.052E+4
426.10	1.003E+4
426.46	9.680E+3
426.81	9.005E+3
427.16	8.568E+3
427.51	8.274E+3
427.87	7.556E+3
428.22	7.335E+3
428.57	6.944E+3
428.92	6.731E+3
429.27	6.471E+3
429.63	5.823E+3
429.98	5.541E+3
430.33	5.151E+3
430.68	5.078E+3
431.03	4.881E+3
431.38	4.631E+3
431.74	4.454E+3
432.09	4.114E+3
432.44	4.252E+3
432.79	3.932E+3
433.14	3.694E+3
433.49	3.435E+3
433.85	3.163E+3
434.20	3.185E+3
434.55	2.884E+3
434.90	2.852E+3
435.25	2.638E+3
435.60	2.381E+3
435.95	2.398E+3
436.30	2.272E+3
436.66	2.024E+3
437.01	2.068E+3
437.36	2.184E+3
437.71	1.947E+3
438.06	1.825E+3
438.41	1.910E+3
438.76	1.655E+3
439.11	1.684E+3
439.46	1.464E+3
439.81	1.481E+3
440.16	1.563E+3
440.52	1.405E+3
440.87	1.245E+3
441.22	1.381E+3
441.57	1.201E+3
441.92	1.296E+3
442.27	1.095E+3
442.62	1.199E+3
442.97	9.345E+2
443.32	1.002E+3
443.67	1.007E+3
444.02	9.782E+2
444.37	8.956E+2
444.72	8.350E+2
445.07	7.961E+2
445.42	8.835E+2
445.77	6.893E+2
446.12	7.209E+2
446.47	7.864E+2
446.82	6.942E+2
447.17	6.456E+2
447.52	6.214E+2
447.87	5.777E+2
448.22	6.214E+2
448.57	5.073E+2
448.92	4.976E+2
449.27	5.437E+2
449.62	5.655E+2
449.97	3.301E+2
450.32	5.413E+2
450.66	4.879E+2
451.01	3.738E+2
451.36	4.442E+2
451.71	3.981E+2
452.06	4.126E+2
452.41	3.471E+2
452.76	3.714E+2
453.11	3.374E+2
453.46	3.592E+2
453.81	2.403E+2
454.16	2.621E+2
454.51	4.029E+2
454.85	3.422E+2
455.20	2.816E+2
455.55	3.786E+2
455.90	2.476E+2
456.25	3.811E+2
456.60	2.743E+2
456.95	2.913E+2
457.30	2.427E+2
457.64	2.403E+2
457.99	2.597E+2
458.34	2.136E+2
458.69	2.767E+2
459.04	1.796E+2
459.39	1.820E+2
459.73	1.651E+2
460.08	1.505E+2
460.43	2.015E+2
460.78	1.238E+2
461.13	1.578E+2
461.48	2.913E+1
461.82	1.141E+2
462.17	2.767E+2
462.52	1.408E+2
462.87	2.136E+2
463.21	2.087E+2
463.56	1.481E+2
463.91	1.529E+2
464.26	1.432E+2
464.61	1.117E+2
464.95	2.549E+2
465.30	1.214E+2
465.65	1.723E+2
466.00	1.748E+2
466.34	2.015E+2
466.69	7.524E+1
467.04	1.699E+1
467.39	1.311E+2
467.73	1.942E+2
468.08	1.214E+2
468.43	1.578E+2
468.77	1.092E+2
469.12	8.981E+1
469.47	1.796E+2
469.82	1.432E+2
470.16	7.282E+1
470.51	1.189E+2
470.86	1.456E+2
471.20	1.044E+2
471.55	8.981E+1
471.90	4.126E+1
472.24	1.189E+2
472.59	9.709E+0
472.94	1.384E+2
473.28	8.495E+1
473.63	8.981E+1
473.98	1.966E+2
474.32	7.282E+1
474.67	5.583E+1
475.02	-1.699E+1
475.36	6.554E+1
475.71	5.583E+1
476.06	4.612E+1
476.40	2.184E+1
476.75	7.039E+1
477.09	1.675E+2
477.44	8.738E+1
477.79	8.010E+1
478.13	-7.282E+0
478.48	-1.214E+1
478.82	8.495E+1
479.17	4.854E+1
479.52	8.010E+1
479.86	-9.709E+0
480.21	-8.981E+1
480.55	1.942E+1
480.90	8.738E+1
481.24	-1.214E+1
481.59	1.068E+2
481.94	5.583E+1
482.28	9.709E+1
482.63	1.748E+2
482.97	8.495E+1
483.32	-4.854E+0
483.66	3.884E+1
484.01	9.709E+0
484.35	2.427E+1
484.70	1.165E+2
485.04	1.238E+2
485.39	4.854E+1
485.73	7.282E+1
486.08	3.155E+1
486.42	3.398E+1
486.77	8.981E+1
487.11	8.738E+1
487.46	3.155E+1
487.80	-1.214E+1
488.15	-3.641E+1
488.49	9.709E+1
488.84	7.767E+1
489.18	1.456E+2
489.53	1.214E+1
489.87	7.039E+1
490.21	1.651E+2
490.56	-1.942E+1
490.90	6.311E+1
491.25	2.913E+1
491.59	4.126E+1
491.94	0.000E+0
492.28	9.709E+0
492.62	6.068E+1
492.97	1.214E+2
493.31	9.223E+1
493.66	4.854E+1
494.00	9.223E+1
494.34	1.092E+2
494.69	1.238E+2
495.03	7.282E+0
495.38	4.369E+1
495.72	6.554E+1
496.06	4.126E+1
496.41	2.670E+1
496.75	1.092E+2
497.09	9.952E+1
497.44	3.155E+1
497.78	2.913E+1
498.13	-7.282E+0
498.47	6.554E+1
498.81	1.942E+1
499.16	1.578E+2
499.50	4.854E+0
499.84	-3.884E+1
500.19	-1.456E+1
500.53	-4.854E+0
500.87	2.427E+1
501.21	4.612E+1
501.56	9.709E+0
501.90	-2.427E+0
502.24	-1.699E+1
502.59	4.126E+1
502.93	5.583E+1
503.27	8.738E+1
503.61	9.223E+1
503.96	4.126E+1
504.30	9.709E+0
504.64	-1.942E+1
504.99	9.709E+0
505.33	8.981E+1
505.67	6.796E+1
506.01	9.223E+1
506.36	5.825E+1
506.70	8.738E+1
507.04	-3.155E+1
507.38	6.796E+1
507.72	7.039E+1
508.07	1.165E+2
508.41	1.456E+1
508.75	9.466E+1
509.09	-5.340E+1
509.44	-6.554E+1
509.78	1.942E+1
510.12	8.981E+1
510.46	-5.825E+1
510.80	7.039E+1
511.14	5.583E+1
511.49	0.000E+0
511.83	8.738E+1
512.17	-4.369E+1
512.51	7.524E+1
512.85	1.141E+2
513.19	5.825E+1
513.54	-3.398E+1
513.88	7.282E+0
514.22	2.913E+1
514.56	-2.670E+1
514.90	4.854E+1
515.24	-3.641E+1
515.58	7.524E+1
515.93	2.427E+1
516.27	4.369E+1
516.61	1.602E+2
516.95	1.214E+1
517.29	1.214E+1
517.63	1.481E+2
517.97	1.214E+1
518.31	-1.214E+1
518.65	4.369E+1
518.99	1.359E+2
519.33	2.670E+1
519.67	1.189E+2
520.02	8.010E+1
520.36	-4.612E+1
520.70	8.253E+1
521.04	-2.184E+1
521.38	1.262E+2
521.72	-8.738E+1
522.06	2.184E+1
522.40	9.952E+1
522.74	3.155E+1
523.08	4.369E+1
523.42	4.854E+0
523.76	3.641E+1
524.10	3.641E+1
524.44	-1.699E+1
524.78	-1.214E+1
525.12	5.097E+1
525.46	1.019E+2
525.80	-5.340E+1
526.14	6.554E+1
526.48	1.141E+2
526.82	5.825E+1
527.16	5.583E+1
527.50	-5.097E+1
527.84	1.262E+2
528.18	6.554E+1
528.52	9.223E+1
528.86	7.039E+1
529.20	7.282E+1
529.54	7.767E+1
529.87	2.427E+0
530.21	1.286E+2
530.55	-3.155E+1
530.89	-2.184E+1
531.23	-3.398E+1
531.57	3.155E+1
531.91	9.466E+1
532.25	1.456E+1
532.59	1.942E+1
532.93	6.068E+1
533.27	-5.583E+1
533.60	0.000E+0
533.94	-3.155E+1
534.28	2.427E+1
534.62	5.340E+1
534.96	5.340E+1
535.30	3.884E+1
535.64	5.825E+1
535.98	-7.282E+0
536.31	5.583E+1
536.65	1.092E+2
536.99	7.282E+1
537.33	1.068E+2
537.67	6.554E+1
538.01	3.155E+1
538.34	-4.854E+0
538.68	7.524E+1
539.02	3.398E+1
539.36	-2.913E+1
539.70	0.000E+0
540.03	7.524E+1
540.37	5.825E+1
540.71	5.097E+1
541.05	-2.913E+1
541.39	5.825E+1
541.72	1.044E+2
542.06	5.340E+1
542.40	-1.286E+2
542.74	3.398E+1
543.07	-5.340E+1
543.41	8.010E+1
543.75	9.952E+1
544.09	7.039E+1
544.42	2.427E+0
544.76	7.282E+0
545.10	2.913E+1
545.44	-1.699E+1
545.77	8.253E+1
546.11	2.913E+1
546.45	4.612E+1
546.78	1.505E+2
547.12	3.155E+1
547.46	1.578E+2
547.80	5.825E+1
548.13	6.554E+1
548.47	-1.481E+2
548.81	1.942E+1
549.14	9.709E+0
549.48	4.854E+0
549.82	2.184E+1
550.15	-1.214E+1
550.49	0.000E+0
550.83	7.282E+1
551.16	1.214E+1
551.50	3.155E+1
551.84	-9.709E+0
552.17	6.796E+1
552.51	5.583E+1
552.84	4.369E+1
553.18	1.214E+1
553.52	3.884E+1
553.85	-2.913E+1
554.19	5.825E+1
554.53	1.189E+2
554.86	-4.854E+0
555.20	1.408E+2
555.53	6.311E+1
555.87	9.223E+1
556.20	4.854E+1
556.54	1.214E+1
556.88	-4.612E+1
557.21	1.214E+1
557.55	6.068E+1
557.88	3.398E+1
558.22	3.641E+1
558.55	3.884E+1
558.89	7.524E+1
559.23	6.311E+1
559.56	-2.184E+1
559.90	-4.369E+1
560.23	1.019E+2
560.57	1.335E+2
560.90	6.068E+1
561.24	3.398E+1
561.57	4.126E+1
561.91	-1.214E+1
562.24	1.602E+2
562.58	1.019E+2
562.91	-2.184E+1
563.25	1.165E+2
563.58	3.398E+1
563.92	8.495E+1
564.25	2.670E+1
564.59	2.670E+1
564.92	-3.398E+1
565.25	2.427E+0
565.59	9.223E+1
565.92	5.583E+1
566.26	5.583E+1
566.59	3.155E+1
566.93	1.092E+2
567.26	2.427E+0
567.60	6.796E+1
567.93	1.262E+2
568.26	3.641E+1
568.60	4.854E+1
568.93	1.651E+2
569.27	-3.884E+1
569.60	9.709E+0
569.93	-7.282E+0
570.27	4.369E+1
570.60	4.854E+0
570.94	9.709E+0
571.27	1.505E+2
571.60	1.044E+2
571.94	1.092E+2
572.27	1.141E+2
572.60	4.854E+1
572.94	-3.641E+1
573.27	2.670E+1
573.60	4.369E+1
573.94	-2.184E+1
574.27	1.942E+1
574.60	5.825E+1
574.94	1.699E+1
575.27	-4.612E+1
575.60	4.369E+1
575.94	1.068E+2
576.27	9.709E+0
576.60	8.010E+1
576.94	2.913E+1
577.27	2.670E+1
577.60	2.427E+1
577.94	4.369E+1
578.27	6.554E+1
578.60	-3.884E+1
578.93	5.583E+1
579.27	3.641E+1
579.60	8.495E+1
579.93	2.427E+0
580.26	2.913E+1
580.60	-7.767E+1
580.93	1.505E+2
581.26	2.913E+1
581.59	4.126E+1
581.93	7.282E+1
582.26	4.369E+1
582.59	5.583E+1
582.92	3.398E+1
583.25	7.524E+1
583.59	2.670E+1
583.92	6.554E+1
584.25	-1.942E+1
584.58	7.039E+1
584.91	6.554E+1
585.25	5.340E+1
585.58	-1.942E+1
585.91	7.282E+1
586.24	1.092E+2
586.57	5.340E+1
586.90	-3.155E+1
587.24	1.019E+2
587.57	3.641E+1
587.90	-4.126E+1
588.23	4.126E+1
588.56	1.942E+1
588.89	-1.699E+1
589.22	1.942E+1
589.56	-2.427E+1
589.89	1.456E+1
590.22	0.000E+0
590.55	-2.427E+0
590.88	2.913E+1
591.21	9.466E+1
591.54	-1.092E+2
591.87	4.854E+0
592.20	6.796E+1
592.53	2.427E+1
592.87	9.952E+1
593.20	5.097E+1
593.53	1.699E+1
593.86	3.398E+1
594.19	1.189E+2
594.52	2.670E+1
594.85	6.554E+1
595.18	5.825E+1
595.51	-4.126E+1
595.84	8.010E+1
596.17	2.427E+1
596.50	5.097E+1
596.83	8.253E+1
597.16	3.641E+1
597.49	1.456E+2
597.82	1.214E+1
598.15	3.398E+1
598.48	-2.184E+1
598.81	6.311E+1
599.14	1.311E+2
599.47	8.495E+1
599.80	-8.495E+1
600.13	4.612E+1
600.46	8.010E+1
600.79	-2.670E+1
601.12	2.184E+1
601.45	2.913E+1
601.78	2.913E+1
602.11	7.524E+1
602.44	2.427E+0
602.77	-1.456E+1
603.10	1.456E+1
603.42	3.398E+1
603.75	1.019E+2
604.08	7.039E+1
604.41	-2.670E+1
604.74	2.184E+1
605.07	7.039E+1
605.40	1.092E+2
605.73	7.282E+0
606.06	7.039E+1
606.39	-9.709E+0
606.71	9.709E+0
607.04	6.068E+1
607.37	1.214E+1
607.70	9.709E+1
608.03	-1.456E+1
608.36	-9.709E+0
608.69	2.184E+1
609.02	3.155E+1
609.34	7.767E+1
609.67	4.126E+1
610.00	4.854E+0
610.33	-2.670E+1
610.66	-1.214E+1
610.98	1.068E+2
611.31	1.699E+1
611.64	8.495E+1
611.97	3.641E+1
612.30	1.019E+2
612.63	-9.709E+0
612.95	3.398E+1
613.28	4.854E+1
613.61	-1.335E+2
613.94	-2.427E+0
614.26	2.427E+1
614.59	2.427E+0
614.92	5.825E+1
615.25	-1.699E+1
615.57	1.238E+2
615.90	-2.427E+0
616.23	-2.670E+1
616.56	5.825E+1
616.88	9.709E+0
617.21	7.039E+1
617.54	-2.427E+0
617.87	2.427E+1
618.19	4.854E+0
618.52	4.854E+0
618.85	0.000E+0
619.17	7.039E+1
619.50	-2.427E+0
619.83	-3.155E+1
620.15	-2.670E+1
620.48	8.253E+1
620.81	-4.612E+1
621.14	1.214E+1
621.46	-2.427E+1
621.79	-2.913E+1
622.11	-5.583E+1
622.44	4.126E+1
622.77	-2.913E+1
623.09	-7.282E+0
623.42	6.796E+1
623.75	5.583E+1
624.07	7.282E+0
624.40	9.709E+0
624.73	-1.214E+1
625.05	-3.398E+1
625.38	-5.097E+1
625.70	2.184E+1
626.03	-2.427E+1
626.36	8.495E+1
626.68	-7.282E+0
627.01	-1.214E+1
627.33	-2.427E+1
627.66	-3.155E+1
627.99	-2.427E+1
628.31	9.709E+0
628.64	1.068E+2
628.96	2.184E+1
629.29	-1.456E+1
629.61	5.097E+1
629.94	4.854E+1
630.26	7.767E+1
630.59	6.068E+1
630.91	2.184E+1
631.24	0.000E+0
631.57	-9.709E+0
631.89	4.854E+1
632.22	2.184E+1
632.54	3.641E+1
632.87	8.253E+1
633.19	5.825E+1
633.52	-5.340E+1
633.84	-6.796E+1
634.16	-1.699E+1
634.49	8.495E+1
634.81	4.854E+1
635.14	5.097E+1
635.46	3.398E+1
635.79	-2.427E+0
636.11	7.524E+1
636.44	-7.282E+1
636.76	5.097E+1
637.09	-1.214E+1
637.41	-1.456E+1
637.73	3.398E+1
638.06	2.670E+1
638.38	-9.709E+0
638.71	7.039E+1
639.03	2.184E+1
639.36	7.524E+1
639.68	5.583E+1
640.00	-1.456E+1
640.33	1.214E+1
640.65	1.699E+1
640.97	-1.456E+1
641.30	5.097E+1
641.62	6.554E+1
641.95	1.068E+2
642.27	7.767E+1
642.59	-2.427E+0
642.92	-4.612E+1
643.24	-8.253E+1
643.56	-7.767E+1
643.89	1.942E+1
644.21	3.398E+1
644.53	7.767E+1
644.86	-5.583E+1
645.18	-1.942E+1
645.50	-4.854E+0
645.83	5.097E+1
646.15	7.767E+1
646.47	1.214E+1
646.80	1.942E+1
647.12	3.641E+1
647.44	9.709E+0
647.76	2.427E+1
648.09	-1.068E+2
648.41	8.253E+1
648.73	-1.068E+2
649.05	-4.369E+1
649.38	1.214E+1
649.70	2.913E+1
650.02	9.466E+1
650.34	3.398E+1
650.67	3.641E+1
650.99	9.466E+1
651.31	-3.884E+1
651.63	-9.709E+0
651.96	3.641E+1
652.28	1.117E+2
652.60	1.456E+1
652.92	1.214E+2
653.24	1.942E+1
653.57	1.699E+1
653.89	2.670E+1
654.21	8.981E+1
654.53	2.670E+1
654.85	-5.340E+1
655.18	2.670E+1
655.50	-4.854E+0
655.82	-5.340E+1
656.14	3.398E+1
656.46	-2.670E+1
656.78	2.913E+1
657.10	-2.184E+1
657.43	-2.427E+0
657.75	-8.981E+1
658.07	-8.738E+1
658.39	4.369E+1
658.71	1.044E+2
659.03	4.369E+1
659.35	-3.398E+1
659.67	-7.282E+1
659.99	-4.126E+1
660.32	-1.456E+1
660.64	1.214E+1
660.96	7.282E+0
661.28	7.524E+1
661.60	1.456E+1
661.92	6.068E+1
662.24	1.942E+1
662.56	2.427E+0
662.88	1.942E+1
663.20	-7.039E+1
663.52	-1.214E+1
663.84	1.456E+1
664.16	-2.427E+0
664.48	5.825E+1
664.80	-2.427E+0
665.12	-2.427E+0
665.44	7.282E+0
665.76	2.913E+1
666.08	-1.456E+1
666.40	-8.738E+1
666.72	2.184E+1
667.04	4.612E+1
667.36	0.000E+0
667.68	5.583E+1
668.00	1.456E+1
668.32	-1.699E+1
668.64	1.189E+2
668.96	-4.854E+1
669.28	-6.554E+1
669.60	-3.641E+1
669.92	-1.189E+2
670.24	-6.554E+1
670.56	-6.796E+1
670.88	-5.340E+1
671.20	8.253E+1
671.52	-3.641E+1
671.84	-1.214E+1
672.16	3.398E+1
672.47	1.214E+1
672.79	-9.952E+1
673.11	-2.184E+1
673.43	1.214E+1
673.75	-3.641E+1
674.07	-1.092E+2
674.39	-8.738E+1
674.71	-1.942E+1
675.03	4.612E+1
675.34	-2.670E+1
675.66	-6.796E+1
675.98	-2.427E+1
676.30	-1.019E+2
676.62	6.311E+1
676.94	4.126E+1
677.25	3.398E+1
677.57	5.583E+1
677.89	-1.699E+1
678.21	6.068E+1
678.53	-2.184E+1
678.85	-6.554E+1
679.16	-2.913E+1
679.48	6.796E+1
679.80	-5.340E+1
680.12	-5.097E+1
680.44	-9.709E+0
680.75	4.854E+0
681.07	-2.913E+1
681.39	2.670E+1
681.71	-2.184E+1
682.02	1.165E+2
682.34	-2.427E+0
682.66	-2.913E+1
682.98	2.184E+1
683.29	-2.670E+1
683.61	-4.854E+0
683.93	7.524E+1
684.25	8.738E+1
684.56	3.641E+1
684.88	-1.456E+1
685.20	5.097E+1
685.51	-9.223E+1
685.83	-7.767E+1
686.15	5.097E+1
686.47	-1.214E+1
686.78	-6.554E+1
687.10	-8.981E+1
687.42	3.884E+1
687.73	-1.165E+2
688.05	1.699E+1
688.37	-1.214E+1
688.68	8.010E+1
689.00	0.000E+0
689.32	3.884E+1
689.63	1.699E+1
689.95	6.068E+1
690.26	1.456E+1
690.58	4.369E+1
690.90	4.369E+1
691.21	-5.583E+1
691.53	-2.670E+1
691.85	2.670E+1
692.16	-2.670E+1
692.48	8.495E+1
692.79	4.854E+0
693.11	8.253E+1
693.42	-2.427E+0
693.74	8.010E+1
694.06	4.369E+1
694.37	9.466E+1
694.69	7.282E+0
695.00	2.913E+1
695.32	-7.039E+1
695.63	-2.184E+1
695.95	-3.155E+1
696.26	-1.214E+1
696.58	9.223E+1
696.90	8.981E+1
697.21	-4.854E+0
697.53	-9.466E+1
697.84	2.670E+1
698.16	-6.068E+1
698.47	-6.068E+1
698.79	-4.612E+1
699.10	1.456E+1
699.42	1.165E+2
699.73	4.612E+1
700.05	-5.583E+1
700.36	-4.854E+1
700.68	2.184E+1
700.99	2.913E+1
701.30	-1.456E+1
701.62	4.854E+1
701.93	4.369E+1
702.25	-4.854E+1
702.56	-1.456E+1
702.88	3.641E+1
703.19	3.884E+1
703.50	2.184E+1
703.82	-6.796E+1
704.13	8.981E+1
704.45	-6.068E+1
704.76	6.311E+1
705.08	-2.670E+1
705.39	-4.369E+1
705.70	9.709E+0
706.02	-8.010E+1
706.33	-4.612E+1
706.64	-4.854E+1
706.96	-6.554E+1
707.27	-9.709E+0
707.59	6.796E+1
707.90	1.432E+2
708.21	2.427E+1
708.53	-4.126E+1
708.84	4.369E+1
709.15	1.117E+2
709.47	5.340E+1
709.78	6.068E+1
710.09	-4.854E+1
710.41	-8.495E+1
710.72	-1.699E+1
711.03	-1.699E+1
711.34	-4.854E+1
711.66	-1.456E+1
711.97	0.000E+0
712.28	9.952E+1
712.60	-6.311E+1
712.91	-9.709E+0
713.22	2.670E+1
713.53	-4.854E+1
713.85	-1.214E+2
714.16	7.282E+0
714.47	2.913E+1
714.78	8.253E+1
715.10	-1.456E+1
715.41	2.427E+0
715.72	8.495E+1
716.03	1.942E+1
716.35	1.214E+1
716.66	1.214E+1
716.97	7.282E+1
717.28	-1.214E+1
717.59	4.854E+0
717.91	-4.612E+1
718.22	-4.126E+1
718.53	2.427E+0
718.84	8.981E+1
719.15	-4.126E+1
719.46	-7.767E+1
719.78	1.262E+2
720.09	-3.884E+1
720.40	3.398E+1
720.71	-3.398E+1
721.02	1.019E+2
721.33	7.767E+1
721.65	1.942E+1
721.96	-7.282E+0
722.27	1.214E+1
722.58	5.097E+1
722.89	3.398E+1
723.20	-1.019E+2
723.51	1.165E+2
723.82	-4.854E+0
724.13	-3.884E+1
724.45	5.097E+1
724.76	8.010E+1
725.07	-4.854E+0
725.38	2.427E+0
725.69	-6.796E+1
726.00	2.913E+1
726.31	2.184E+1
726.62	-1.214E+1
726.93	-7.282E+0
727.24	4.854E+0
727.55	-8.253E+1
727.86	3.398E+1
728.17	4.854E+0
728.48	-1.456E+1
728.79	6.068E+1
729.10	-6.554E+1
729.41	-7.282E+0
729.72	7.282E+0
730.03	-2.670E+1
730.34	2.670E+1
730.65	-2.913E+1
730.96	4.369E+1
731.27	-7.039E+1
731.58	-1.699E+1
731.89	-4.854E+0
732.20	-4.369E+1
732.51	-1.699E+1
732.82	-1.456E+1
733.13	2.427E+1
733.44	1.699E+1
733.75	-2.670E+1
734.06	2.427E+0
734.37	-7.282E+0
734.68	-1.384E+2
734.98	-5.825E+1
735.29	-8.738E+1
735.60	6.554E+1
735.91	-8.495E+1
736.22	6.068E+1
736.53	2.913E+1
736.84	7.282E+1
737.15	1.068E+2
737.46	-6.554E+1
737.77	-5.097E+1
738.07	1.942E+1
738.38	-5.097E+1
738.69	-1.942E+1
739.00	7.282E+0
739.31	2.427E+1
739.62	-9.709E+0
739.92	6.796E+1
740.23	-4.854E+0
740.54	1.214E+1
740.85	8.981E+1
741.16	1.456E+1
741.47	-4.854E+0
741.77	1.214E+1
742.08	-9.952E+1
742.39	4.854E+0
742.70	-6.554E+1
743.01	5.583E+1
743.31	7.039E+1
743.62	-1.699E+1
743.93	7.282E+0
744.24	-1.189E+2
744.54	2.670E+1
744.85	7.767E+1
745.16	1.019E+2
745.47	3.641E+1
745.77	2.670E+1
746.08	7.282E+0
746.39	5.825E+1
746.70	-2.427E+0
747.00	9.709E+0
747.31	-2.427E+0
747.62	-8.495E+1
747.92	-3.884E+1
748.23	-5.097E+1
748.54	-7.282E+1
748.84	-1.141E+2
749.15	-2.913E+1
749.46	9.709E+0
749.76	-9.709E+0
750.07	-5.583E+1
750.38	1.456E+1
750.68	-2.913E+1
750.99	4.854E+0
751.30	-8.253E+1
751.60	2.427E+0
751.91	3.155E+1
752.22	-1.214E+2
752.52	-1.699E+1
752.83	2.184E+1
753.14	4.126E+1
753.44	9.709E+0
753.75	-6.554E+1
754.05	-1.699E+1
754.36	-7.282E+1
754.67	-4.854E+1
754.97	4.854E+0
755.28	3.155E+1
755.58	1.092E+2
755.89	1.214E+1
756.19	-9.223E+1
756.50	2.184E+1
756.81	3.641E+1
757.11	-1.456E+1
757.42	8.738E+1
757.72	-1.214E+1
758.03	3.884E+1
758.33	-2.670E+1
758.64	4.612E+1
758.94	0.000E+0
759.25	1.165E+2
759.55	1.942E+1
759.86	-3.641E+1
760.16	-3.641E+1
760.47	1.456E+1
760.77	4.854E+0
761.08	-3.398E+1
761.38	-2.184E+1
761.69	3.155E+1
761.99	3.641E+1
762.30	-1.214E+1
762.60	-6.554E+1
762.91	8.981E+1
763.21	-5.825E+1
763.51	6.311E+1
763.82	-1.942E+1
764.12	-9.466E+1
764.43	1.456E+1
764.73	1.456E+1
765.04	1.675E+2
765.34	-6.311E+1
765.64	0.000E+0
765.95	-9.466E+1
766.25	-2.184E+1
766.56	7.282E+0
766.86	-7.524E+1
767.16	-6.311E+1
767.47	5.097E+1
767.77	-2.184E+1
768.07	2.670E+1
768.38	-3.641E+1
768.68	7.039E+1
768.98	3.398E+1
769.29	-7.282E+1
769.59	9.709E+1
769.89	7.524E+1
770.20	-3.155E+1
770.50	6.068E+1
770.80	7.039E+1
771.11	9.709E+1
771.41	-4.854E+0
771.71	5.340E+1
772.02	-9.709E+0
772.32	-1.456E+1
772.62	4.854E+1
772.93	4.612E+1
773.23	-2.184E+1
773.53	5.825E+1
773.83	-1.214E+1
774.14	-4.369E+1
774.44	2.427E+1
774.74	-2.184E+1
775.04	1.699E+2
775.35	4.369E+1
775.65	1.699E+1
775.95	5.097E+1
776.25	1.044E+2
776.55	1.044E+2
776.86	-3.155E+1
777.16	3.641E+1
777.46	-9.709E+0
777.76	-7.282E+0
778.06	-8.010E+1
778.37	4.126E+1
778.67	4.854E+1
778.97	-9.709E+0
779.27	5.340E+1
779.57	-1.214E+1
779.88	1.214E+1
780.18	-4.854E+1
780.48	-3.884E+1
780.78	-5.583E+1
781.08	-4.854E+0
781.38	2.427E+1
781.68	5.825E+1
781.98	3.884E+1
782.29	2.913E+1
782.59	1.214E+1
782.89	2.427E+0
783.19	7.767E+1
783.49	-2.427E+1
783.79	3.398E+1
784.09	2.184E+1
784.39	5.340E+1
784.69	2.427E+1
784.99	6.554E+1
785.30	1.699E+1
785.60	-1.214E+1
785.90	3.155E+1
786.20	-3.641E+1
786.50	-1.699E+1
786.80	1.456E+1
787.10	1.529E+2
787.40	-1.942E+1
787.70	-4.854E+0
788.00	1.019E+2
788.30	2.670E+1
788.60	4.854E+0
788.90	4.369E+1
789.20	2.670E+1
789.50	5.097E+1
789.80	0.000E+0
790.10	7.282E+0
790.40	-7.524E+1
790.70	9.952E+1
791.00	1.942E+1
791.30	2.913E+1
791.60	-3.884E+1
791.90	-4.612E+1
792.20	9.466E+1
792.50	-4.369E+1
792.79	9.709E+0
793.09	4.369E+1
793.39	2.427E+0
793.69	-1.359E+2
793.99	-1.529E+2
794.29	-1.942E+1
794.59	-4.126E+1
794.89	4.612E+1
795.19	-4.854E+1
795.49	9.709E+0
795.79	-4.369E+1
796.08	-3.155E+1
796.38	1.456E+1
796.68	9.223E+1
796.98	-7.282E+1
797.28	-7.524E+1
797.58	1.044E+2
797.88	-7.282E+0
798.17	-2.184E+1
798.47	2.184E+1
798.77	-4.126E+1
799.07	1.456E+1
799.37	7.282E+0
799.67	-3.641E+1
799.96	7.282E+0
800.26	4.854E+1
800.56	8.495E+1
800.86	8.495E+1
801.16	-6.554E+1
801.45	4.854E+1
801.75	5.825E+1
802.05	1.238E+2
802.35	9.466E+1
802.64	-1.214E+1
802.94	5.340E+1
803.24	-4.854E+1
803.54	-2.427E+0
803.83	4.126E+1
804.13	4.612E+1
804.43	-7.282E+0
804.73	6.796E+1
805.02	5.340E+1
805.32	-1.505E+2
805.62	-3.155E+1
805.91	-9.709E+0
806.21	1.456E+1
806.51	7.282E+0
806.81	-2.184E+1
807.10	8.738E+1
807.40	-1.602E+2
807.70	1.214E+1
807.99	6.068E+1
808.29	-7.282E+0
808.59	-8.738E+1
808.88	-2.670E+1
809.18	-1.699E+1
809.47	7.524E+1
809.77	-1.214E+1
810.07	3.398E+1
810.36	4.126E+1
810.66	-2.427E+0
810.96	1.165E+2
811.25	8.495E+1
811.55	1.214E+1
811.84	1.699E+1
812.14	-8.495E+1
812.44	7.282E+1
812.73	1.942E+1
813.03	1.456E+1
813.32	6.068E+1
813.62	-1.456E+1
813.91	7.282E+0
814.21	-7.767E+1
814.51	5.583E+1
814.80	3.155E+1
815.10	3.641E+1
815.39	-5.825E+1
815.69	-7.767E+1
815.98	7.039E+1
816.28	3.884E+1
816.57	-4.612E+1
816.87	-1.456E+1
817.16	6.796E+1
817.46	-4.369E+1
817.75	3.398E+1
818.05	-3.398E+1
818.34	-5.583E+1
818.64	1.942E+1
818.93	6.068E+1
819.23	-9.952E+1
819.52	-3.641E+1
819.82	1.214E+1
820.11	-1.456E+1
820.40	-7.039E+1
820.70	1.699E+1
820.99	-9.952E+1
821.29	1.262E+2
821.58	8.010E+1
821.88	3.641E+1
822.17	3.155E+1
822.46	4.369E+1
822.76	1.942E+1
823.05	2.184E+1
823.35	8.495E+1
823.64	-5.825E+1
823.93	-1.214E+1
824.23	9.709E+0
824.52	4.854E+0
824.81	-2.427E+0
825.11	4.854E+0
825.40	2.670E+1
825.69	9.709E+0
825.99	-2.184E+1
826.28	-2.427E+1
826.58	-6.068E+1
826.87	4.854E+1
827.16	6.311E+1
827.45	2.670E+1
827.75	-4.612E+1
828.04	9.709E+0
828.33	6.311E+1
828.63	-5.097E+1
828.92	5.583E+1
829.21	-7.282E+0
829.51	-1.942E+1
829.80	-2.670E+1
830.09	-3.884E+1
830.38	-4.854E+0
830.68	-5.097E+1
830.97	-7.282E+1
831.26	5.340E+1
831.55	-1.456E+1
831.85	-7.282E+0
832.14	-7.282E+0
832.43	-7.039E+1
832.72	-1.214E+1
833.01	6.068E+1
833.31	1.384E+2
833.60	0.000E+0
833.89	-4.854E+0
834.18	-8.010E+1
834.47	4.854E+0
834.77	7.282E+0
835.06	4.854E+0
835.35	4.126E+1
835.64	-9.466E+1
835.93	6.554E+1
836.22	-5.825E+1
836.52	-5.583E+1
836.81	-2.427E+1
837.10	5.340E+1
837.39	-4.369E+1
837.68	-3.884E+1
837.97	-6.068E+1
838.26	1.214E+1
838.55	9.952E+1
838.85	-3.155E+1
839.14	-4.854E+1
839.43	-2.913E+1
839.72	-1.456E+1
840.01	-7.282E+0
840.30	5.097E+1
840.59	-2.913E+1
840.88	-2.427E+1
841.17	-2.184E+1
841.46	-5.583E+1
841.75	-2.670E+1
842.04	9.709E+0
842.33	3.155E+1
842.62	-2.427E+0
842.91	1.117E+2
843.21	-9.466E+1
843.50	5.340E+1
843.79	-1.141E+2
844.08	-1.456E+1
844.37	2.184E+1
844.66	-7.282E+0
844.95	-4.126E+1
845.24	-4.854E+0
845.53	2.670E+1
845.81	-1.699E+1
846.10	5.097E+1
846.39	1.699E+1
846.68	1.214E+1
846.97	-4.369E+1
847.26	1.699E+1
847.55	-7.767E+1
847.84	-5.097E+1
848.13	-4.126E+1
848.42	-1.699E+1
848.71	-2.427E+1
849.00	4.369E+1
849.29	1.019E+2
849.58	3.884E+1
849.87	1.238E+2
850.15	2.184E+1
850.44	8.010E+1
850.73	-2.670E+1
851.02	7.282E+1
851.31	2.670E+1
851.60	-1.141E+2
851.89	-4.369E+1
852.18	-9.709E+0
852.46	-4.612E+1
852.75	7.282E+1
853.04	-4.854E+1
853.33	8.010E+1
853.62	6.311E+1
853.91	2.670E+1
854.19	-2.184E+1
854.48	9.709E+1
854.77	7.282E+0
855.06	-6.068E+1
855.35	8.981E+1
855.63	5.583E+1
855.92	-4.369E+1
856.21	2.184E+1
856.50	9.466E+1
856.79	-5.583E+1
857.07	4.854E+0
857.36	1.214E+1
857.65	1.942E+1
857.94	-7.767E+1
858.22	0.000E+0
858.51	2.427E+0
858.80	-2.427E+1
859.08	-4.854E+1
859.37	-2.913E+1
859.66	-1.942E+1
859.95	1.068E+2
860.23	1.699E+1
860.52	4.854E+1
860.81	-4.369E+1
861.09	0.000E+0
861.38	-1.068E+2
861.67	7.039E+1
861.95	-2.427E+1
862.24	4.612E+1
862.53	4.854E+0
862.81	1.942E+1
863.10	2.427E+0
863.39	-1.214E+1
863.67	4.854E+1
863.96	7.282E+0
864.25	-2.427E+1
864.53	-5.097E+1
864.82	-5.097E+1
865.10	5.340E+1
865.39	-1.942E+1
865.68	-2.184E+1
865.96	3.398E+1
866.25	6.796E+1
866.53	6.796E+1
866.82	6.796E+1