Wavelength	Intensity	Ocean Optics Flame
nm	counts
187.89	3.155E+1
188.27	-8.253E+1
188.64	7.767E+1
189.02	3.641E+1
189.40	-1.456E+1
189.78	4.854E+0
190.15	1.189E+2
190.53	4.369E+1
190.91	-3.155E+1
191.29	6.068E+1
191.66	2.184E+1
192.04	-3.884E+1
192.42	-9.466E+1
192.80	3.398E+1
193.17	5.097E+1
193.55	2.913E+1
193.93	6.796E+1
194.30	1.214E+1
194.68	-1.699E+1
195.06	3.398E+1
195.44	9.709E+0
195.81	-4.854E+1
196.19	1.942E+1
196.57	8.981E+1
196.94	1.699E+1
197.32	7.282E+1
197.70	0.000E+0
198.07	2.427E+1
198.45	-3.398E+1
198.83	-9.709E+0
199.20	-2.184E+1
199.58	3.398E+1
199.96	-2.670E+1
200.33	2.427E+0
200.71	-1.942E+1
201.09	2.427E+0
201.46	1.699E+1
201.84	-2.427E+0
202.22	-1.019E+2
202.59	-9.709E+1
202.97	-1.214E+1
203.34	6.311E+1
203.72	-1.214E+1
204.10	7.282E+0
204.47	6.311E+1
204.85	-2.427E+0
205.23	-9.466E+1
205.60	-3.398E+1
205.98	-7.282E+0
206.35	-8.010E+1
206.73	-1.942E+1
207.11	1.651E+2
207.48	3.641E+1
207.86	-4.854E+1
208.23	1.699E+1
208.61	-4.854E+0
208.98	3.398E+1
209.36	7.767E+1
209.74	-3.884E+1
210.11	7.282E+0
210.49	-1.214E+1
210.86	-2.184E+1
211.24	1.068E+2
211.61	4.854E+1
211.99	-2.184E+1
212.36	1.262E+2
212.74	5.825E+1
213.11	3.884E+1
213.49	7.282E+1
213.87	-9.709E+0
214.24	9.709E+1
214.62	9.223E+1
214.99	7.282E+1
215.37	1.335E+2
215.74	1.019E+2
216.12	9.709E+0
216.49	-1.044E+2
216.87	4.126E+1
217.24	4.369E+1
217.62	-7.039E+1
217.99	1.456E+1
218.37	-3.155E+1
218.74	2.670E+1
219.11	4.126E+1
219.49	2.670E+1
219.86	-7.039E+1
220.24	-8.738E+1
220.61	-2.913E+1
220.99	7.767E+1
221.36	-8.981E+1
221.74	-2.427E+1
222.11	2.913E+1
222.49	-4.854E+1
222.86	2.913E+1
223.23	-4.369E+1
223.61	-8.495E+1
223.98	9.709E+0
224.36	1.311E+2
224.73	-8.253E+1
225.11	3.155E+1
225.48	2.427E+1
225.85	3.884E+1
226.23	-1.699E+1
226.60	-7.282E+0
226.98	5.340E+1
227.35	-7.282E+0
227.72	-4.369E+1
228.10	3.884E+1
228.47	4.126E+1
228.84	1.918E+2
229.22	-2.427E+0
229.59	5.583E+1
229.97	-3.398E+1
230.34	0.000E+0
230.71	8.981E+1
231.09	-7.282E+1
231.46	-5.340E+1
231.83	1.699E+1
232.21	-3.884E+1
232.58	-4.854E+1
232.95	-2.184E+1
233.33	4.612E+1
233.70	-5.825E+1
234.07	-4.854E+0
234.45	-3.884E+1
234.82	-1.699E+1
235.19	8.253E+1
235.57	-1.019E+2
235.94	-1.699E+1
236.31	1.456E+1
236.69	-7.282E+1
237.06	4.612E+1
237.43	-1.214E+1
237.80	6.796E+1
238.18	-1.699E+1
238.55	-2.670E+1
238.92	-7.767E+1
239.30	4.854E+1
239.67	1.214E+2
240.04	2.913E+1
240.41	2.427E+1
240.79	9.223E+1
241.16	-2.427E+1
241.53	1.189E+2
241.90	2.913E+1
242.28	-3.155E+1
242.65	-1.214E+1
243.02	3.641E+1
243.39	-1.262E+2
243.77	4.369E+1
244.14	-2.913E+1
244.51	-1.942E+1
244.88	-9.709E+0
245.25	-1.068E+2
245.63	-2.184E+1
246.00	-9.223E+1
246.37	-5.825E+1
246.74	-2.913E+1
247.11	8.738E+1
247.49	-3.641E+1
247.86	8.495E+1
248.23	-6.796E+1
248.60	1.456E+1
248.97	7.767E+1
249.35	-4.854E+0
249.72	1.214E+1
250.09	-2.427E+1
250.46	-5.097E+1
250.83	6.796E+1
251.20	3.155E+1
251.58	8.981E+1
251.95	3.641E+1
252.32	1.141E+2
252.69	4.854E+1
253.06	1.456E+1
253.43	3.884E+1
253.80	8.981E+1
254.17	-1.456E+1
254.55	-6.796E+1
254.92	-1.432E+2
255.29	1.456E+1
255.66	1.699E+1
256.03	3.155E+1
256.40	0.000E+0
256.77	1.214E+1
257.14	7.039E+1
257.51	-4.369E+1
257.88	-5.583E+1
258.26	4.854E+0
258.63	2.427E+0
259.00	-6.068E+1
259.37	9.466E+1
259.74	-2.427E+1
260.11	9.952E+1
260.48	-5.825E+1
260.85	3.155E+1
261.22	-2.427E+0
261.59	6.068E+1
261.96	1.214E+1
262.33	4.854E+1
262.70	-8.738E+1
263.07	-9.709E+1
263.44	-7.767E+1
263.81	3.641E+1
264.18	8.738E+1
264.55	-3.398E+1
264.92	-1.456E+1
265.29	2.913E+1
265.66	2.427E+1
266.03	-8.253E+1
266.40	-3.641E+1
266.77	2.670E+1
267.14	6.311E+1
267.51	-2.184E+1
267.88	2.670E+1
268.25	-4.854E+1
268.62	-1.699E+1
268.99	1.699E+1
269.36	4.369E+1
269.73	3.641E+1
270.10	-4.369E+1
270.47	1.286E+2
270.84	-4.126E+1
271.21	-6.554E+1
271.58	-6.796E+1
271.95	2.427E+0
272.32	-3.884E+1
272.69	2.427E+1
273.06	-2.670E+1
273.43	4.854E+1
273.80	-2.913E+1
274.17	4.854E+1
274.53	3.155E+1
274.90	3.155E+1
275.27	9.709E+0
275.64	-9.709E+0
276.01	-9.709E+0
276.38	1.311E+2
276.75	1.311E+2
277.12	1.942E+1
277.49	-5.340E+1
277.86	1.456E+1
278.22	1.699E+1
278.59	-8.981E+1
278.96	-6.796E+1
279.33	-8.495E+1
279.70	7.524E+1
280.07	-9.709E+0
280.44	6.068E+1
280.80	7.282E+1
281.17	-4.369E+1
281.54	0.000E+0
281.91	4.369E+1
282.28	-4.126E+1
282.65	-3.641E+1
283.02	3.155E+1
283.38	7.767E+1
283.75	1.044E+2
284.12	6.068E+1
284.49	1.456E+1
284.86	-6.311E+1
285.22	1.553E+2
285.59	0.000E+0
285.96	9.709E+1
286.33	7.524E+1
286.70	1.238E+2
287.06	4.854E+0
287.43	1.942E+1
287.80	3.398E+1
288.17	9.709E+0
288.53	-3.398E+1
288.90	-8.010E+1
289.27	4.854E+0
289.64	8.981E+1
290.01	0.000E+0
290.37	-2.427E+0
290.74	1.214E+1
291.11	3.641E+1
291.48	5.583E+1
291.84	-6.796E+1
292.21	-4.854E+1
292.58	-4.854E+0
292.94	-3.155E+1
293.31	2.427E+0
293.68	-7.282E+1
294.05	3.398E+1
294.41	1.699E+1
294.78	-3.155E+1
295.15	3.398E+1
295.51	3.155E+1
295.88	5.583E+1
296.25	2.427E+1
296.61	2.427E+1
296.98	-1.214E+1
297.35	5.340E+1
297.72	6.068E+1
298.08	8.981E+1
298.45	-7.282E+0
298.82	-1.019E+2
299.18	-3.641E+1
299.55	4.369E+1
299.91	-1.286E+2
300.28	3.641E+1
300.65	1.214E+1
301.01	-7.282E+0
301.38	1.214E+1
301.75	3.884E+1
302.11	-6.068E+1
302.48	3.884E+1
302.85	3.155E+1
303.21	1.942E+1
303.58	1.942E+1
303.94	2.427E+1
304.31	5.825E+1
304.68	2.670E+1
305.04	6.311E+1
305.41	-3.884E+1
305.77	2.670E+1
306.14	1.456E+1
306.51	-6.554E+1
306.87	7.039E+1
307.24	1.359E+2
307.60	2.184E+1
307.97	7.524E+1
308.33	-1.942E+1
308.70	-4.612E+1
309.07	9.223E+1
309.43	-5.340E+1
309.80	-3.641E+1
310.16	-3.398E+1
310.53	4.612E+1
310.89	5.097E+1
311.26	6.068E+1
311.62	-3.884E+1
311.99	-6.554E+1
312.35	8.738E+1
312.72	5.097E+1
313.08	1.651E+2
313.45	7.767E+1
313.81	9.709E+0
314.18	1.942E+1
314.54	4.126E+1
314.91	1.942E+1
315.27	-9.223E+1
315.64	-4.854E+1
316.00	5.825E+1
316.37	0.000E+0
316.73	6.311E+1
317.10	1.214E+1
317.46	8.253E+1
317.83	8.253E+1
318.19	-7.767E+1
318.56	-1.699E+1
318.92	-1.456E+1
319.28	1.699E+1
319.65	6.554E+1
320.01	5.340E+1
320.38	-7.524E+1
320.74	4.126E+1
321.11	-7.282E+0
321.47	-4.854E+1
321.83	-8.495E+1
322.20	-9.709E+0
322.56	7.282E+0
322.93	0.000E+0
323.29	2.427E+1
323.66	-1.699E+1
324.02	-7.767E+1
324.38	-2.427E+1
324.75	4.369E+1
325.11	1.699E+1
325.47	4.854E+0
325.84	-9.709E+0
326.20	8.981E+1
326.57	-5.583E+1
326.93	-2.913E+1
327.29	9.466E+1
327.66	-4.854E+0
328.02	4.854E+1
328.38	4.854E+0
328.75	1.311E+2
329.11	1.214E+1
329.47	-4.126E+1
329.84	-2.913E+1
330.20	7.282E+0
330.56	4.126E+1
330.93	-1.092E+2
331.29	3.398E+1
331.65	2.913E+1
332.02	7.767E+1
332.38	-9.709E+0
332.74	-5.583E+1
333.10	1.699E+1
333.47	0.000E+0
333.83	2.427E+1
334.19	0.000E+0
334.56	7.282E+0
334.92	9.709E+1
335.28	4.854E+0
335.64	-6.068E+1
336.01	5.825E+1
336.37	1.092E+2
336.73	4.854E+1
337.09	3.155E+1
337.46	1.092E+2
337.82	9.223E+1
338.18	6.311E+1
338.54	2.913E+1
338.91	3.641E+1
339.27	-3.641E+1
339.63	-3.155E+1
339.99	-2.670E+1
340.36	-4.854E+0
340.72	7.282E+0
341.08	1.092E+2
341.44	-8.738E+1
341.80	-5.583E+1
342.17	8.010E+1
342.53	3.155E+1
342.89	2.427E+1
343.25	2.427E+1
343.61	6.796E+1
343.98	-6.796E+1
344.34	7.282E+0
344.70	-2.184E+1
345.06	3.155E+1
345.42	-4.854E+0
345.78	-5.340E+1
346.14	7.282E+0
346.51	4.612E+1
346.87	1.286E+2
347.23	-5.097E+1
347.59	8.981E+1
347.95	5.825E+1
348.31	1.699E+1
348.67	1.505E+2
349.04	-4.854E+0
349.40	-7.282E+1
349.76	-4.369E+1
350.12	4.854E+1
350.48	9.466E+1
350.84	8.981E+1
351.20	1.384E+2
351.56	6.068E+1
351.92	-7.282E+1
352.28	-2.184E+1
352.65	7.524E+1
353.01	8.981E+1
353.37	4.612E+1
353.73	1.214E+1
354.09	8.253E+1
354.45	-4.126E+1
354.81	3.641E+1
355.17	3.884E+1
355.53	1.117E+2
355.89	6.554E+1
356.25	9.709E+1
356.61	3.155E+1
356.97	1.117E+2
357.33	1.335E+2
357.69	6.796E+1
358.05	-3.398E+1
358.41	5.583E+1
358.77	-5.097E+1
359.13	1.092E+2
359.49	7.767E+1
359.85	-2.670E+1
360.21	-1.456E+1
360.57	-4.854E+1
360.93	1.214E+1
361.29	-3.884E+1
361.65	7.282E+1
362.01	2.670E+1
362.37	-1.165E+2
362.73	4.854E+0
363.09	1.019E+2
363.45	-7.282E+0
363.81	1.456E+1
364.17	3.884E+1
364.53	7.524E+1
364.89	6.068E+1
365.25	5.583E+1
365.61	-8.981E+1
365.97	-9.709E+1
366.33	1.117E+2
366.69	-7.282E+0
367.05	-1.699E+1
367.40	8.981E+1
367.76	6.796E+1
368.12	5.583E+1
368.48	6.796E+1
368.84	5.825E+1
369.20	4.854E+0
369.56	7.282E+1
369.92	6.796E+1
370.28	1.748E+2
370.63	3.884E+1
370.99	1.384E+2
371.35	1.189E+2
371.71	8.738E+1
372.07	1.311E+2
372.43	7.282E+1
372.79	1.189E+2
373.15	1.141E+2
373.50	-2.427E+1
373.86	1.918E+2
374.22	1.432E+2
374.58	1.311E+2
374.94	5.583E+1
375.30	1.092E+2
375.65	1.432E+2
376.01	2.233E+2
376.37	1.675E+2
376.73	3.107E+2
377.09	3.034E+2
377.44	2.767E+2
377.80	2.427E+2
378.16	3.447E+2
378.52	3.252E+2
378.88	3.180E+2
379.23	4.005E+2
379.59	2.816E+2
379.95	3.665E+2
380.31	4.733E+2
380.66	4.442E+2
381.02	4.587E+2
381.38	5.340E+2
381.74	6.068E+2
382.09	7.233E+2
382.45	7.185E+2
382.81	5.971E+2
383.17	8.301E+2
383.52	8.568E+2
383.88	1.032E+3
384.24	1.053E+3
384.60	1.177E+3
384.95	1.279E+3
385.31	1.614E+3
385.67	1.534E+3
386.02	1.687E+3
386.38	1.806E+3
386.74	2.032E+3
387.10	2.250E+3
387.45	2.549E+3
387.81	2.685E+3
388.17	2.840E+3
388.52	3.090E+3
388.88	3.418E+3
389.24	3.876E+3
389.59	4.168E+3
389.95	4.488E+3
390.31	4.825E+3
390.66	5.262E+3
391.02	5.651E+3
391.38	6.182E+3
391.73	6.799E+3
392.09	7.223E+3
392.44	7.908E+3
392.80	8.607E+3
393.16	8.983E+3
393.51	9.876E+3
393.87	1.037E+4
394.23	1.148E+4
394.58	1.188E+4
394.94	1.301E+4
395.29	1.398E+4
395.65	1.492E+4
396.01	1.582E+4
396.36	1.683E+4
396.72	1.787E+4
397.07	1.864E+4
397.43	2.027E+4
397.78	2.111E+4
398.14	2.221E+4
398.50	2.386E+4
398.85	2.493E+4
399.21	2.597E+4
399.56	2.798E+4
399.92	2.920E+4
400.27	3.030E+4
400.63	3.177E+4
400.98	3.348E+4
401.34	3.483E+4
401.69	3.601E+4
402.05	3.735E+4
402.40	3.875E+4
402.76	4.012E+4
403.11	4.199E+4
403.47	4.383E+4
403.82	4.398E+4
404.18	4.510E+4
404.53	4.585E+4
404.89	4.777E+4
405.24	4.778E+4
405.60	4.864E+4
405.95	4.904E+4
406.31	5.002E+4
406.66	4.947E+4
407.02	4.945E+4
407.37	4.914E+4
407.73	4.850E+4
408.08	4.911E+4
408.44	4.795E+4
408.79	4.695E+4
409.14	4.602E+4
409.50	4.504E+4
409.85	4.324E+4
410.21	4.172E+4
410.56	3.986E+4
410.92	3.846E+4
411.27	3.637E+4
411.62	3.445E+4
411.98	3.242E+4
412.33	3.081E+4
412.69	2.937E+4
413.04	2.736E+4
413.39	2.531E+4
413.75	2.392E+4
414.10	2.247E+4
414.45	2.060E+4
414.81	1.959E+4
415.16	1.849E+4
415.52	1.736E+4
415.87	1.642E+4
416.22	1.523E+4
416.58	1.471E+4
416.93	1.357E+4
417.28	1.304E+4
417.64	1.230E+4
417.99	1.184E+4
418.34	1.125E+4
418.70	1.049E+4
419.05	1.006E+4
419.40	9.493E+3
419.76	9.071E+3
420.11	8.736E+3
420.46	8.403E+3
420.81	8.010E+3
421.17	7.371E+3
421.52	6.978E+3
421.87	6.728E+3
422.23	6.328E+3
422.58	6.141E+3
422.93	5.842E+3
423.28	5.490E+3
423.64	5.418E+3
423.99	4.949E+3
424.34	4.745E+3
424.69	4.563E+3
425.05	4.265E+3
425.40	4.019E+3
425.75	3.799E+3
426.10	3.592E+3
426.46	3.442E+3
426.81	3.209E+3
427.16	2.961E+3
427.51	2.886E+3
427.87	2.757E+3
428.22	2.498E+3
428.57	2.488E+3
428.92	2.228E+3
429.27	2.235E+3
429.63	2.029E+3
429.98	2.136E+3
430.33	1.920E+3
430.68	1.828E+3
431.03	1.731E+3
431.38	1.714E+3
431.74	1.723E+3
432.09	1.575E+3
432.44	1.583E+3
432.79	1.490E+3
433.14	1.444E+3
433.49	1.401E+3
433.85	1.444E+3
434.20	1.141E+3
434.55	1.376E+3
434.90	1.184E+3
435.25	1.119E+3
435.60	9.855E+2
435.95	1.051E+3
436.30	1.019E+3
436.66	9.369E+2
437.01	1.005E+3
437.36	9.005E+2
437.71	9.855E+2
438.06	7.961E+2
438.41	8.422E+2
438.76	6.384E+2
439.11	7.015E+2
439.46	7.112E+2
439.81	7.039E+2
440.16	6.068E+2
440.52	6.117E+2
440.87	5.486E+2
441.22	5.510E+2
441.57	5.850E+2
441.92	6.481E+2
442.27	4.515E+2
442.62	4.879E+2
442.97	5.170E+2
443.32	4.345E+2
443.67	4.053E+2
444.02	4.587E+2
444.37	4.757E+2
444.72	3.325E+2
445.07	3.859E+2
445.42	3.689E+2
445.77	3.155E+2
446.12	3.058E+2
446.47	4.151E+2
446.82	2.500E+2
447.17	2.476E+2
447.52	2.985E+2
447.87	3.325E+2
448.22	1.626E+2
448.57	3.495E+2
448.92	3.568E+2
449.27	2.500E+2
449.62	1.869E+2
449.97	2.257E+2
450.32	1.990E+2
450.66	1.456E+2
451.01	1.286E+2
451.36	2.524E+2
451.71	2.476E+2
452.06	2.015E+2
452.41	2.573E+2
452.76	2.670E+2
453.11	2.427E+2
453.46	1.141E+2
453.81	2.209E+2
454.16	1.918E+2
454.51	3.155E+1
454.85	9.709E+1
455.20	1.165E+2
455.55	1.602E+2
455.90	1.966E+2
456.25	1.092E+2
456.60	2.184E+2
456.95	1.845E+2
457.30	1.432E+2
457.64	7.767E+1
457.99	3.641E+1
458.34	8.495E+1
458.69	1.068E+2
459.04	5.340E+1
459.39	1.408E+2
459.73	1.505E+2
460.08	5.340E+1
460.43	1.651E+2
460.78	1.626E+2
461.13	1.384E+2
461.48	5.097E+1
461.82	1.238E+2
462.17	3.398E+1
462.52	1.578E+2
462.87	8.495E+1
463.21	1.699E+1
463.56	1.238E+2
463.91	7.039E+1
464.26	4.854E+1
464.61	-1.699E+1
464.95	7.282E+1
465.30	3.398E+1
465.65	1.044E+2
466.00	1.165E+2
466.34	9.709E+1
466.69	1.675E+2
467.04	1.189E+2
467.39	6.311E+1
467.73	4.854E+1
468.08	1.456E+1
468.43	1.189E+2
468.77	3.155E+1
469.12	7.524E+1
469.47	6.796E+1
469.82	9.466E+1
470.16	1.117E+2
470.51	9.709E+0
470.86	-2.670E+1
471.20	2.913E+1
471.55	1.165E+2
471.90	3.641E+1
472.24	1.553E+2
472.59	1.820E+2
472.94	-3.398E+1
473.28	-1.165E+2
473.63	6.311E+1
473.98	1.311E+2
474.32	1.456E+1
474.67	4.126E+1
475.02	5.340E+1
475.36	3.641E+1
475.71	5.097E+1
476.06	1.699E+1
476.40	-1.214E+1
476.75	3.641E+1
477.09	8.010E+1
477.44	1.942E+1
477.79	2.670E+1
478.13	-2.913E+1
478.48	2.427E+1
478.82	-7.282E+1
479.17	5.825E+1
479.52	-2.427E+1
479.86	4.854E+1
480.21	2.184E+1
480.55	3.641E+1
480.90	-2.913E+1
481.24	9.952E+1
481.59	5.825E+1
481.94	1.456E+1
482.28	3.641E+1
482.63	-1.942E+1
482.97	8.981E+1
483.32	-6.311E+1
483.66	5.583E+1
484.01	2.427E+1
484.35	1.068E+2
484.70	5.340E+1
485.04	1.214E+1
485.39	-7.767E+1
485.73	-1.699E+1
486.08	6.311E+1
486.42	1.214E+1
486.77	8.738E+1
487.11	7.767E+1
487.46	-1.456E+1
487.80	1.141E+2
488.15	1.189E+2
488.49	-1.942E+1
488.84	-6.311E+1
489.18	1.214E+1
489.53	6.311E+1
489.87	-2.427E+1
490.21	-3.884E+1
490.56	6.068E+1
490.90	6.554E+1
491.25	9.952E+1
491.59	4.126E+1
491.94	4.854E+0
492.28	-7.282E+0
492.62	9.952E+1
492.97	-9.709E+0
493.31	4.612E+1
493.66	1.384E+2
494.00	-4.612E+1
494.34	6.554E+1
494.69	5.340E+1
495.03	7.524E+1
495.38	2.427E+0
495.72	1.189E+2
496.06	-4.854E+0
496.41	1.699E+1
496.75	9.223E+1
497.09	3.398E+1
497.44	2.913E+1
497.78	6.068E+1
498.13	2.427E+0
498.47	8.981E+1
498.81	-7.282E+0
499.16	1.942E+1
499.50	5.097E+1
499.84	-1.456E+1
500.19	5.825E+1
500.53	4.854E+0
500.87	9.709E+0
501.21	9.709E+0
501.56	7.524E+1
501.90	4.369E+1
502.24	5.097E+1
502.59	-2.427E+1
502.93	1.165E+2
503.27	-2.670E+1
503.61	-9.466E+1
503.96	2.427E+1
504.30	-7.282E+0
504.64	7.767E+1
504.99	6.068E+1
505.33	2.184E+1
505.67	1.189E+2
506.01	3.641E+1
506.36	6.311E+1
506.70	-4.612E+1
507.04	1.651E+2
507.38	7.039E+1
507.72	9.709E+1
508.07	-5.583E+1
508.41	4.854E+0
508.75	6.796E+1
509.09	-5.097E+1
509.44	-3.398E+1
509.78	2.184E+1
510.12	2.427E+0
510.46	7.282E+1
510.80	1.456E+1
511.14	1.432E+2
511.49	1.505E+2
511.83	4.854E+1
512.17	-2.427E+0
512.51	1.044E+2
512.85	6.311E+1
513.19	8.495E+1
513.54	2.427E+1
513.88	1.481E+2
514.22	-6.311E+1
514.56	9.466E+1
514.90	-2.670E+1
515.24	2.427E+0
515.58	3.155E+1
515.93	-1.092E+2
516.27	1.553E+2
516.61	-4.854E+0
516.95	9.709E+1
517.29	-2.670E+1
517.63	6.796E+1
517.97	6.796E+1
518.31	2.184E+1
518.65	-1.942E+1
518.99	3.884E+1
519.33	-1.456E+1
519.67	3.398E+1
520.02	2.670E+1
520.36	-1.456E+1
520.70	-4.854E+1
521.04	1.189E+2
521.38	6.068E+1
521.72	-2.427E+0
522.06	-5.583E+1
522.40	1.408E+2
522.74	7.039E+1
523.08	3.398E+1
523.42	5.825E+1
523.76	-4.612E+1
524.10	-3.155E+1
524.44	-2.427E+0
524.78	2.184E+1
525.12	1.893E+2
525.46	9.709E+0
525.80	7.282E+1
526.14	6.796E+1
526.48	9.709E+0
526.82	-7.282E+0
527.16	-3.398E+1
527.50	7.039E+1
527.84	1.068E+2
528.18	7.282E+1
528.52	3.884E+1
528.86	8.010E+1
529.20	2.670E+1
529.54	1.262E+2
529.87	8.981E+1
530.21	9.223E+1
530.55	-2.184E+1
530.89	8.253E+1
531.23	1.456E+1
531.57	6.068E+1
531.91	8.010E+1
532.25	-2.913E+1
532.59	7.282E+0
532.93	-4.126E+1
533.27	1.384E+2
533.60	3.398E+1
533.94	5.825E+1
534.28	1.384E+2
534.62	6.311E+1
534.96	3.641E+1
535.30	1.214E+1
535.64	-4.854E+1
535.98	-9.952E+1
536.31	-3.641E+1
536.65	-1.214E+1
536.99	-9.709E+0
537.33	9.709E+0
537.67	4.126E+1
538.01	2.670E+1
538.34	-4.126E+1
538.68	1.165E+2
539.02	7.282E+1
539.36	3.641E+1
539.70	3.398E+1
540.03	1.553E+2
540.37	-9.709E+0
540.71	1.189E+2
541.05	1.044E+2
541.39	1.214E+1
541.72	8.738E+1
542.06	9.709E+0
542.40	7.039E+1
542.74	-4.369E+1
543.07	6.311E+1
543.41	2.913E+1
543.75	2.427E+1
544.09	1.214E+1
544.42	3.155E+1
544.76	6.068E+1
545.10	-1.068E+2
545.44	9.952E+1
545.77	9.466E+1
546.11	4.612E+1
546.45	9.952E+1
546.78	4.369E+1
547.12	4.369E+1
547.46	6.311E+1
547.80	6.068E+1
548.13	8.010E+1
548.47	2.184E+1
548.81	5.583E+1
549.14	6.068E+1
549.48	6.068E+1
549.82	-1.456E+1
550.15	7.282E+1
550.49	-2.427E+1
550.83	9.952E+1
551.16	1.942E+1
551.50	-2.670E+1
551.84	6.068E+1
552.17	8.010E+1
552.51	3.641E+1
552.84	1.456E+1
553.18	4.369E+1
553.52	2.427E+0
553.85	-4.854E+0
554.19	7.282E+0
554.53	7.039E+1
554.86	1.214E+1
555.20	1.214E+1
555.53	5.583E+1
555.87	-6.554E+1
556.20	-7.282E+1
556.54	1.117E+2
556.88	4.854E+1
557.21	1.699E+1
557.55	-5.583E+1
557.88	7.282E+0
558.22	1.214E+1
558.55	-4.854E+0
558.89	1.699E+1
559.23	1.942E+1
559.56	1.384E+2
559.90	-2.427E+1
560.23	-1.699E+1
560.57	4.612E+1
560.90	-7.767E+1
561.24	-4.854E+1
561.57	2.184E+1
561.91	1.456E+1
562.24	5.097E+1
562.58	4.369E+1
562.91	2.427E+1
563.25	1.456E+1
563.58	-2.427E+0
563.92	2.670E+1
564.25	3.155E+1
564.59	-1.699E+1
564.92	4.126E+1
565.25	3.641E+1
565.59	1.456E+1
565.92	-2.670E+1
566.26	-3.884E+1
566.59	4.126E+1
566.93	4.126E+1
567.26	-1.699E+1
567.60	7.039E+1
567.93	1.311E+2
568.26	6.311E+1
568.60	-3.641E+1
568.93	6.311E+1
569.27	4.854E+0
569.60	-4.612E+1
569.93	-8.981E+1
570.27	-9.709E+0
570.60	2.184E+1
570.94	-2.670E+1
571.27	8.981E+1
571.60	-1.044E+2
571.94	-7.282E+1
572.27	-1.456E+1
572.60	0.000E+0
572.94	7.282E+0
573.27	2.913E+1
573.60	-3.155E+1
573.94	3.641E+1
574.27	0.000E+0
574.60	4.126E+1
574.94	9.709E+0
575.27	1.141E+2
575.60	1.214E+1
575.94	1.068E+2
576.27	-9.709E+1
576.60	8.738E+1
576.94	-1.456E+1
577.27	8.981E+1
577.60	1.456E+1
577.94	6.311E+1
578.27	-4.854E+0
578.60	-1.214E+1
578.93	5.825E+1
579.27	-8.010E+1
579.60	-6.068E+1
579.93	1.699E+1
580.26	6.068E+1
580.60	-7.282E+1
580.93	-2.670E+1
581.26	2.913E+1
581.59	-2.913E+1
581.93	4.854E+0
582.26	-2.184E+1
582.59	-7.039E+1
582.92	1.019E+2
583.25	-1.942E+1
583.59	1.723E+2
583.92	8.495E+1
584.25	1.019E+2
584.58	6.068E+1
584.91	8.253E+1
585.25	6.796E+1
585.58	9.466E+1
585.91	-1.214E+1
586.24	-4.854E+0
586.57	4.126E+1
586.90	2.427E+1
587.24	4.612E+1
587.57	1.456E+1
587.90	2.184E+1
588.23	3.398E+1
588.56	5.097E+1
588.89	4.369E+1
589.22	-1.214E+1
589.56	-4.126E+1
589.89	3.641E+1
590.22	2.913E+1
590.55	1.335E+2
590.88	-1.068E+2
591.21	9.466E+1
591.54	1.117E+2
591.87	-2.913E+1
592.20	2.184E+1
592.53	-4.369E+1
592.87	9.223E+1
593.20	2.184E+1
593.53	-1.019E+2
593.86	6.311E+1
594.19	-8.010E+1
594.52	2.670E+1
594.85	1.699E+1
595.18	-2.670E+1
595.51	-3.641E+1
595.84	-1.214E+1
596.17	7.282E+0
596.50	1.214E+1
596.83	-8.253E+1
597.16	2.184E+1
597.49	7.039E+1
597.82	5.825E+1
598.15	-2.427E+0
598.48	5.097E+1
598.81	-1.214E+1
599.14	-7.767E+1
599.47	5.825E+1
599.80	4.854E+1
600.13	-5.340E+1
600.46	7.282E+1
600.79	5.825E+1
601.12	0.000E+0
601.45	0.000E+0
601.78	2.670E+1
602.11	-1.699E+1
602.44	6.311E+1
602.77	9.709E+0
603.10	-3.884E+1
603.42	1.942E+1
603.75	-5.825E+1
604.08	2.427E+0
604.41	-4.854E+0
604.74	-6.311E+1
605.07	1.456E+1
605.40	4.854E+0
605.73	3.884E+1
606.06	4.612E+1
606.39	8.010E+1
606.71	3.641E+1
607.04	-3.155E+1
607.37	6.311E+1
607.70	2.427E+1
608.03	2.913E+1
608.36	3.398E+1
608.69	1.456E+1
609.02	1.699E+1
609.34	1.214E+1
609.67	4.854E+0
610.00	2.184E+1
610.33	-5.583E+1
610.66	6.311E+1
610.98	-9.709E+0
611.31	1.214E+1
611.64	3.398E+1
611.97	1.019E+2
612.30	9.466E+1
612.63	2.913E+1
612.95	1.117E+2
613.28	1.214E+1
613.61	3.641E+1
613.94	7.282E+0
614.26	9.709E+0
614.59	-1.214E+1
614.92	4.126E+1
615.25	1.335E+2
615.57	1.942E+1
615.90	-3.884E+1
616.23	-2.427E+0
616.56	1.214E+1
616.88	1.942E+1
617.21	5.825E+1
617.54	4.854E+1
617.87	3.884E+1
618.19	4.612E+1
618.52	-1.942E+1
618.85	2.913E+1
619.17	-4.854E+0
619.50	-3.398E+1
619.83	3.398E+1
620.15	-1.942E+1
620.48	3.884E+1
620.81	3.641E+1
621.14	7.524E+1
621.46	-7.282E+0
621.79	2.913E+1
622.11	6.311E+1
622.44	1.699E+1
622.77	3.155E+1
623.09	2.427E+0
623.42	9.709E+0
623.75	-5.097E+1
624.07	-2.913E+1
624.40	-3.641E+1
624.73	-9.466E+1
625.05	-3.884E+1
625.38	7.039E+1
625.70	9.709E+0
626.03	5.825E+1
626.36	8.010E+1
626.68	4.854E+0
627.01	-2.427E+1
627.33	9.223E+1
627.66	4.854E+0
627.99	1.238E+2
628.31	-4.126E+1
628.64	-3.155E+1
628.96	3.641E+1
629.29	5.097E+1
629.61	4.854E+0
629.94	-7.524E+1
630.26	6.554E+1
630.59	3.641E+1
630.91	1.942E+1
631.24	1.699E+1
631.57	3.155E+1
631.89	-3.884E+1
632.22	8.738E+1
632.54	6.796E+1
632.87	1.481E+2
633.19	1.942E+1
633.52	6.311E+1
633.84	-6.311E+1
634.16	7.282E+1
634.49	-2.184E+1
634.81	3.884E+1
635.14	1.699E+1
635.46	8.010E+1
635.79	-9.952E+1
636.11	1.456E+1
636.44	-4.854E+0
636.76	-5.583E+1
637.09	2.913E+1
637.41	1.942E+1
637.73	-3.641E+1
638.06	1.699E+1
638.38	-9.223E+1
638.71	2.913E+1
639.03	-2.913E+1
639.36	5.583E+1
639.68	9.952E+1
640.00	6.554E+1
640.33	1.068E+2
640.65	9.223E+1
640.97	-2.427E+0
641.30	1.117E+2
641.62	-2.427E+0
641.95	7.282E+1
642.27	5.583E+1
642.59	2.913E+1
642.92	-7.282E+0
643.24	-8.010E+1
643.56	1.699E+1
643.89	-1.942E+1
644.21	-5.340E+1
644.53	4.854E+0
644.86	-5.340E+1
645.18	-2.670E+1
645.50	6.311E+1
645.83	1.699E+1
646.15	1.699E+1
646.47	-3.155E+1
646.80	-1.214E+1
647.12	-8.010E+1
647.44	2.427E+0
647.76	-6.554E+1
648.09	-1.456E+1
648.41	8.253E+1
648.73	8.495E+1
649.05	1.141E+2
649.38	2.184E+1
649.70	2.427E+0
650.02	-1.699E+1
650.34	1.068E+2
650.67	-1.699E+1
650.99	6.554E+1
651.31	-1.141E+2
651.63	-4.126E+1
651.96	2.427E+1
652.28	-3.155E+1
652.60	1.942E+1
652.92	-3.155E+1
653.24	1.456E+2
653.57	2.427E+0
653.89	-1.456E+1
654.21	7.767E+1
654.53	-4.854E+0
654.85	7.282E+1
655.18	-2.184E+1
655.50	-1.335E+2
655.82	-7.282E+1
656.14	-1.286E+2
656.46	3.155E+1
656.78	7.282E+1
657.10	7.767E+1
657.43	9.952E+1
657.75	-1.165E+2
658.07	1.456E+1
658.39	-3.641E+1
658.71	-5.340E+1
659.03	-1.141E+2
659.35	-4.854E+0
659.67	-2.670E+1
659.99	7.039E+1
660.32	4.126E+1
660.64	3.641E+1
660.96	1.699E+1
661.28	5.825E+1
661.60	-2.184E+1
661.92	-4.854E+1
662.24	4.612E+1
662.56	-2.184E+1
662.88	-8.738E+1
663.20	1.942E+1
663.52	3.884E+1
663.84	2.913E+1
664.16	-6.554E+1
664.48	-4.854E+0
664.80	-3.398E+1
665.12	-3.398E+1
665.44	5.825E+1
665.76	4.854E+0
666.08	5.583E+1
666.40	-2.427E+0
666.72	-1.214E+1
667.04	9.709E+0
667.36	5.583E+1
667.68	-2.427E+1
668.00	-1.942E+1
668.32	6.554E+1
668.64	1.456E+1
668.96	-4.612E+1
669.28	8.981E+1
669.60	-9.223E+1
669.92	-5.825E+1
670.24	1.699E+1
670.56	-4.126E+1
670.88	-9.709E+0
671.20	-2.670E+1
671.52	4.369E+1
671.84	2.427E+1
672.16	-1.699E+1
672.47	6.311E+1
672.79	5.825E+1
673.11	-5.097E+1
673.43	-4.126E+1
673.75	-7.524E+1
674.07	-2.427E+0
674.39	-4.854E+0
674.71	-2.670E+1
675.03	1.942E+1
675.34	3.398E+1
675.66	-5.825E+1
675.98	-2.427E+0
676.30	5.825E+1
676.62	5.825E+1
676.94	2.670E+1
677.25	-1.942E+1
677.57	-3.155E+1
677.89	-4.854E+1
678.21	8.738E+1
678.53	6.554E+1
678.85	1.456E+1
679.16	3.398E+1
679.48	1.942E+1
679.80	6.311E+1
680.12	-3.884E+1
680.44	2.670E+1
680.75	-5.583E+1
681.07	4.854E+0
681.39	4.612E+1
681.71	5.825E+1
682.02	4.126E+1
682.34	1.942E+1
682.66	1.699E+1
682.98	-5.583E+1
683.29	-2.427E+1
683.61	1.942E+1
683.93	-4.854E+1
684.25	-1.942E+1
684.56	6.554E+1
684.88	-7.524E+1
685.20	-1.942E+1
685.51	-9.709E+0
685.83	-4.369E+1
686.15	-4.854E+0
686.47	8.495E+1
686.78	-7.767E+1
687.10	8.253E+1
687.42	7.282E+0
687.73	-1.214E+1
688.05	4.369E+1
688.37	0.000E+0
688.68	-7.282E+0
689.00	8.010E+1
689.32	6.554E+1
689.63	-8.010E+1
689.95	-2.427E+1
690.26	5.340E+1
690.58	9.952E+1
690.90	-1.141E+2
691.21	6.311E+1
691.53	2.184E+1
691.85	4.126E+1
692.16	-3.884E+1
692.48	-2.427E+0
692.79	1.214E+1
693.11	-4.854E+0
693.42	6.554E+1
693.74	-1.117E+2
694.06	9.709E+0
694.37	5.340E+1
694.69	-2.427E+0
695.00	9.709E+0
695.32	4.612E+1
695.63	-2.427E+1
695.95	-1.214E+1
696.26	-3.155E+1
696.58	0.000E+0
696.90	-1.238E+2
697.21	4.126E+1
697.53	-5.825E+1
697.84	-4.612E+1
698.16	9.709E+0
698.47	0.000E+0
698.79	7.767E+1
699.10	6.311E+1
699.42	1.942E+1
699.73	-4.369E+1
700.05	4.854E+0
700.36	1.359E+2
700.68	6.068E+1
700.99	1.019E+2
701.30	-2.427E+0
701.62	-2.184E+1
701.93	0.000E+0
702.25	-1.214E+1
702.56	-5.583E+1
702.88	2.670E+1
703.19	0.000E+0
703.50	-1.456E+1
703.82	-3.884E+1
704.13	-2.427E+1
704.45	1.942E+1
704.76	4.854E+1
705.08	5.097E+1
705.39	-7.767E+1
705.70	8.981E+1
706.02	-1.456E+1
706.33	9.709E+1
706.64	1.214E+2
706.96	-8.738E+1
707.27	-9.709E+0
707.59	6.068E+1
707.90	-4.854E+1
708.21	-3.155E+1
708.53	-7.282E+1
708.84	3.398E+1
709.15	-4.854E+0
709.47	0.000E+0
709.78	-2.184E+1
710.09	-3.155E+1
710.41	2.427E+0
710.72	6.068E+1
711.03	-4.854E+0
711.34	-3.398E+1
711.66	-2.913E+1
711.97	1.699E+1
712.28	2.913E+1
712.60	-4.612E+1
712.91	-3.155E+1
713.22	-9.709E+1
713.53	-7.282E+0
713.85	-4.369E+1
714.16	-7.767E+1
714.47	2.427E+0
714.78	0.000E+0
715.10	4.126E+1
715.41	-4.126E+1
715.72	-4.854E+0
716.03	5.583E+1
716.35	-2.427E+1
716.66	1.214E+1
716.97	9.466E+1
717.28	1.699E+1
717.59	-1.942E+1
717.91	8.981E+1
718.22	2.184E+1
718.53	7.282E+0
718.84	-3.641E+1
719.15	4.369E+1
719.46	1.699E+1
719.78	3.884E+1
720.09	-2.913E+1
720.40	-2.427E+1
720.71	-1.699E+1
721.02	-4.854E+1
721.33	-8.738E+1
721.65	-3.398E+1
721.96	4.126E+1
722.27	9.709E+0
722.58	4.854E+0
722.89	1.456E+1
723.20	-6.068E+1
723.51	-1.214E+1
723.82	3.398E+1
724.13	-5.097E+1
724.45	-7.039E+1
724.76	2.913E+1
725.07	4.369E+1
725.38	8.010E+1
725.69	4.854E+0
726.00	-4.126E+1
726.31	-4.854E+1
726.62	2.427E+0
726.93	2.427E+1
727.24	-3.155E+1
727.55	-1.699E+1
727.86	0.000E+0
728.17	7.282E+1
728.48	-9.952E+1
728.79	6.068E+1
729.10	0.000E+0
729.41	0.000E+0
729.72	-2.427E+0
730.03	-2.670E+1
730.34	1.214E+1
730.65	5.825E+1
730.96	-9.709E+0
731.27	-2.427E+1
731.58	-1.456E+1
731.89	-7.282E+0
732.20	-4.854E+0
732.51	9.223E+1
732.82	-3.641E+1
733.13	1.092E+2
733.44	-9.466E+1
733.75	1.699E+1
734.06	-5.097E+1
734.37	-1.165E+2
734.68	6.311E+1
734.98	-6.068E+1
735.29	-1.602E+2
735.60	-2.184E+1
735.91	-4.854E+0
736.22	1.699E+1
736.53	-1.456E+1
736.84	-6.068E+1
737.15	2.184E+1
737.46	2.427E+0
737.77	2.184E+1
738.07	3.155E+1
738.38	-5.340E+1
738.69	9.952E+1
739.00	-4.854E+1
739.31	9.709E+0
739.62	6.311E+1
739.92	-1.214E+1
740.23	-4.126E+1
740.54	9.709E+0
740.85	-2.427E+1
741.16	-4.612E+1
741.47	-3.641E+1
741.77	8.253E+1
742.08	4.854E+0
742.39	-1.432E+2
742.70	-9.466E+1
743.01	-1.044E+2
743.31	-2.670E+1
743.62	-9.466E+1
743.93	3.884E+1
744.24	-6.068E+1
744.54	-9.709E+0
744.85	-6.311E+1
745.16	1.214E+1
745.47	5.340E+1
745.77	-9.952E+1
746.08	-7.282E+1
746.39	-2.670E+1
746.70	1.092E+2
747.00	-4.126E+1
747.31	-1.456E+1
747.62	5.097E+1
747.92	2.427E+1
748.23	7.524E+1
748.54	0.000E+0
748.84	-1.214E+1
749.15	3.398E+1
749.46	-6.554E+1
749.76	-1.214E+1
750.07	-2.913E+1
750.38	1.359E+2
750.68	-6.068E+1
750.99	6.311E+1
751.30	6.554E+1
751.60	4.369E+1
751.91	9.709E+0
752.22	4.854E+0
752.52	-7.039E+1
752.83	-6.554E+1
753.14	6.068E+1
753.44	-6.311E+1
753.75	-1.189E+2
754.05	-4.126E+1
754.36	-1.456E+1
754.67	-1.141E+2
754.97	1.214E+1
755.28	1.044E+2
755.58	-1.699E+1
755.89	2.670E+1
756.19	-2.427E+0
756.50	5.340E+1
756.81	4.854E+0
757.11	-3.641E+1
757.42	-1.456E+1
757.72	8.253E+1
758.03	2.670E+1
758.33	2.427E+0
758.64	-4.369E+1
758.94	-4.612E+1
759.25	5.097E+1
759.55	1.141E+2
759.86	1.699E+1
760.16	2.184E+1
760.47	-2.427E+1
760.77	1.068E+2
761.08	9.709E+0
761.38	2.913E+1
761.69	-2.427E+1
761.99	-2.184E+1
762.30	9.709E+0
762.60	0.000E+0
762.91	0.000E+0
763.21	2.427E+0
763.51	-1.214E+1
763.82	-2.913E+1
764.12	-3.884E+1
764.43	-4.854E+1
764.73	-4.854E+0
765.04	-2.670E+1
765.34	5.825E+1
765.64	-1.456E+1
765.95	-7.282E+1
766.25	-9.952E+1
766.56	0.000E+0
766.86	1.942E+1
767.16	2.427E+0
767.47	-7.282E+0
767.77	2.670E+1
768.07	-2.427E+1
768.38	-1.311E+2
768.68	-3.641E+1
768.98	2.913E+1
769.29	-3.398E+1
769.59	-5.097E+1
769.89	-2.670E+1
770.20	-7.282E+0
770.50	0.000E+0
770.80	1.214E+1
771.11	1.384E+2
771.41	4.854E+0
771.71	4.126E+1
772.02	-9.709E+1
772.32	-2.913E+1
772.62	3.155E+1
772.93	2.427E+0
773.23	-4.854E+0
773.53	-1.456E+1
773.83	-6.796E+1
774.14	-9.952E+1
774.44	-7.039E+1
774.74	-1.238E+2
775.04	4.126E+1
775.35	4.854E+0
775.65	3.398E+1
775.95	3.884E+1
776.25	1.942E+1
776.55	5.583E+1
776.86	-1.699E+1
777.16	1.214E+1
777.46	5.825E+1
777.76	-9.709E+0
778.06	-3.398E+1
778.37	-4.854E+1
778.67	1.214E+1
778.97	-4.369E+1
779.27	2.427E+1
779.57	1.214E+1
779.88	1.311E+2
780.18	2.427E+0
780.48	1.699E+1
780.78	-7.039E+1
781.08	4.612E+1
781.38	-4.126E+1
781.68	5.340E+1
781.98	-7.524E+1
782.29	1.699E+1
782.59	-1.699E+1
782.89	-1.456E+1
783.19	1.214E+1
783.49	2.184E+1
783.79	1.699E+1
784.09	1.699E+1
784.39	5.097E+1
784.69	-2.427E+0
784.99	2.913E+1
785.30	9.952E+1
785.60	0.000E+0
785.90	-4.854E+0
786.20	1.942E+1
786.50	2.913E+1
786.80	-1.699E+1
787.10	-1.942E+1
787.40	-1.578E+2
787.70	-6.311E+1
788.00	9.223E+1
788.30	-4.612E+1
788.60	3.884E+1
788.90	4.369E+1
789.20	1.699E+1
789.50	-1.699E+1
789.80	-5.825E+1
790.10	-7.282E+1
790.40	5.583E+1
790.70	4.854E+0
791.00	-5.825E+1
791.30	-5.340E+1
791.60	9.466E+1
791.90	3.398E+1
792.20	-4.612E+1
792.50	5.340E+1
792.79	-7.282E+0
793.09	2.913E+1
793.39	-5.583E+1
793.69	5.825E+1
793.99	-2.427E+0
794.29	1.044E+2
794.59	4.854E+0
794.89	-7.767E+1
795.19	-1.456E+1
795.49	-4.854E+1
795.79	-1.942E+1
796.08	1.699E+1
796.38	1.456E+1
796.68	2.670E+1
796.98	5.825E+1
797.28	5.340E+1
797.58	-5.340E+1
797.88	5.583E+1
798.17	2.427E+0
798.47	-1.456E+1
798.77	-3.641E+1
799.07	-1.214E+1
799.37	-6.554E+1
799.67	-2.427E+0
799.96	1.214E+1
800.26	-3.155E+1
800.56	7.039E+1
800.86	-3.884E+1
801.16	-4.369E+1
801.45	-1.699E+1
801.75	4.612E+1
802.05	5.340E+1
802.35	-4.854E+1
802.64	1.044E+2
802.94	2.427E+1
803.24	-1.141E+2
803.54	2.184E+1
803.83	-3.884E+1
804.13	7.282E+0
804.43	1.214E+1
804.73	-4.612E+1
805.02	7.767E+1
805.32	4.854E+1
805.62	-1.942E+1
805.91	-7.524E+1
806.21	-3.398E+1
806.51	1.942E+1
806.81	2.427E+1
807.10	-5.825E+1
807.40	3.641E+1
807.70	9.466E+1
807.99	-6.796E+1
808.29	2.427E+0
808.59	7.767E+1
808.88	4.126E+1
809.18	9.709E+0
809.47	6.796E+1
809.77	-1.141E+2
810.07	4.854E+0
810.36	-3.398E+1
810.66	-1.456E+1
810.96	-4.369E+1
811.25	-8.010E+1
811.55	-2.427E+0
811.84	7.282E+0
812.14	7.524E+1
812.44	8.981E+1
812.73	3.398E+1
813.03	9.709E+0
813.32	7.282E+0
813.62	5.340E+1
813.91	-7.282E+0
814.21	-7.282E+0
814.51	-2.913E+1
814.80	-5.825E+1
815.10	3.155E+1
815.39	-5.583E+1
815.69	-8.495E+1
815.98	-4.854E+1
816.28	-5.340E+1
816.57	-4.854E+0
816.87	-5.340E+1
817.16	7.282E+0
817.46	0.000E+0
817.75	-1.092E+2
818.05	1.214E+1
818.34	5.583E+1
818.64	-4.854E+1
818.93	-4.854E+0
819.23	-6.068E+1
819.52	-4.126E+1
819.82	-7.282E+1
820.11	1.942E+1
820.40	2.427E+0
820.70	-1.117E+2
820.99	-4.369E+1
821.29	6.554E+1
821.58	1.456E+1
821.88	-4.126E+1
822.17	-1.214E+1
822.46	-3.155E+1
822.76	8.981E+1
823.05	-1.092E+2
823.35	-2.427E+1
823.64	-5.097E+1
823.93	1.408E+2
824.23	1.238E+2
824.52	1.456E+1
824.81	2.184E+1
825.11	-3.155E+1
825.40	7.282E+0
825.69	-1.942E+1
825.99	4.612E+1
826.28	-8.738E+1
826.58	-9.952E+1
826.87	5.340E+1
827.16	0.000E+0
827.45	-4.854E+0
827.75	1.359E+2
828.04	-4.854E+1
828.33	-8.495E+1
828.63	-6.796E+1
828.92	1.238E+2
829.21	1.456E+1
829.51	-6.311E+1
829.80	-1.699E+1
830.09	-9.709E+0
830.38	3.641E+1
830.68	2.427E+0
830.97	2.427E+0
831.26	3.155E+1
831.55	-4.369E+1
831.85	2.427E+0
832.14	1.214E+1
832.43	4.369E+1
832.72	-7.039E+1
833.01	-2.184E+1
833.31	-1.699E+1
833.60	-1.942E+1
833.89	2.427E+0
834.18	-2.427E+1
834.47	-7.767E+1
834.77	-2.427E+0
835.06	-7.767E+1
835.35	-3.641E+1
835.64	-2.427E+0
835.93	-4.369E+1
836.22	8.738E+1
836.52	-7.282E+1
836.81	1.141E+2
837.10	9.709E+0
837.39	3.641E+1
837.68	1.942E+1
837.97	-4.612E+1
838.26	-3.398E+1
838.55	4.854E+0
838.85	-4.854E+1
839.14	-5.340E+1
839.43	-6.796E+1
839.72	2.427E+0
840.01	2.670E+1
840.30	3.398E+1
840.59	9.952E+1
840.88	-2.913E+1
841.17	4.854E+0
841.46	-7.282E+1
841.75	-2.427E+0
842.04	9.709E+0
842.33	-1.456E+1
842.62	-1.189E+2
842.91	5.583E+1
843.21	-5.097E+1
843.50	-7.767E+1
843.79	7.282E+0
844.08	7.039E+1
844.37	-1.699E+1
844.66	7.524E+1
844.95	1.408E+2
845.24	-4.612E+1
845.53	0.000E+0
845.81	-1.456E+1
846.10	-7.524E+1
846.39	6.068E+1
846.68	-8.253E+1
846.97	0.000E+0
847.26	6.068E+1
847.55	-1.942E+1
847.84	7.282E+0
848.13	-1.699E+1
848.42	8.253E+1
848.71	-3.884E+1
849.00	1.942E+1
849.29	-2.427E+0
849.58	8.981E+1
849.87	-4.612E+1
850.15	0.000E+0
850.44	4.369E+1
850.73	2.670E+1
851.02	-6.796E+1
851.31	-1.189E+2
851.60	-5.825E+1
851.89	1.214E+1
852.18	-5.825E+1
852.46	-5.825E+1
852.75	-2.427E+0
853.04	-7.767E+1
853.33	-1.699E+1
853.62	-1.311E+2
853.91	-5.340E+1
854.19	3.641E+1
854.48	-4.854E+0
854.77	-1.117E+2
855.06	1.699E+1
855.35	6.068E+1
855.63	2.184E+1
855.92	3.155E+1
856.21	2.184E+1
856.50	-3.155E+1
856.79	-2.427E+0
857.07	4.854E+0
857.36	1.942E+1
857.65	-7.524E+1
857.94	1.699E+1
858.22	2.184E+1
858.51	2.670E+1
858.80	-1.942E+1
859.08	4.854E+1
859.37	-4.854E+1
859.66	5.097E+1
859.95	-8.010E+1
860.23	4.854E+0
860.52	5.340E+1
860.81	-9.709E+1
861.09	6.796E+1
861.38	-1.942E+1
861.67	-9.466E+1
861.95	2.670E+1
862.24	5.340E+1
862.53	-9.709E+0
862.81	1.408E+2
863.10	-2.427E+1
863.39	-9.952E+1
863.67	2.670E+1
863.96	1.456E+1
864.25	1.214E+1
864.53	8.981E+1
864.82	4.854E+0
865.10	-2.184E+1
865.39	-2.427E+0
865.68	-3.641E+1
865.96	-2.670E+1
866.25	-7.524E+1
866.53	-7.524E+1
866.82	-7.524E+1