Wavelength	Intensity	Ocean Optics Flame
nm	counts
187.89	-5.825E+1
188.27	2.184E+1
188.64	3.155E+1
189.02	-3.884E+1
189.40	4.369E+1
189.78	3.884E+1
190.15	6.311E+1
190.53	-4.854E+0
190.91	-9.223E+1
191.29	-1.214E+1
191.66	2.913E+1
192.04	3.641E+1
192.42	6.068E+1
192.80	-7.282E+0
193.17	-9.709E+0
193.55	-1.942E+1
193.93	1.117E+2
194.30	-1.456E+1
194.68	8.253E+1
195.06	2.427E+1
195.44	1.942E+1
195.81	6.554E+1
196.19	6.554E+1
196.57	-5.583E+1
196.94	9.466E+1
197.32	-5.825E+1
197.70	4.612E+1
198.07	-1.699E+1
198.45	2.427E+1
198.83	-6.796E+1
199.20	-1.456E+1
199.58	3.641E+1
199.96	3.398E+1
200.33	2.184E+1
200.71	9.709E+0
201.09	-3.641E+1
201.46	3.641E+1
201.84	3.641E+1
202.22	-3.641E+1
202.59	-9.223E+1
202.97	4.854E+0
203.34	1.942E+1
203.72	-3.398E+1
204.10	-7.282E+0
204.47	-7.282E+0
204.85	-4.612E+1
205.23	4.369E+1
205.60	3.155E+1
205.98	5.340E+1
206.35	6.796E+1
206.73	-1.456E+1
207.11	6.068E+1
207.48	-1.214E+1
207.86	-2.427E+0
208.23	-8.253E+1
208.61	-8.010E+1
208.98	4.126E+1
209.36	1.214E+1
209.74	7.282E+1
210.11	2.427E+0
210.49	1.019E+2
210.86	-3.155E+1
211.24	-4.126E+1
211.61	-3.155E+1
211.99	0.000E+0
212.36	2.427E+0
212.74	9.466E+1
213.11	2.184E+1
213.49	-4.612E+1
213.87	-8.253E+1
214.24	-7.039E+1
214.62	4.369E+1
214.99	-7.039E+1
215.37	5.583E+1
215.74	-2.670E+1
216.12	-3.641E+1
216.49	-2.184E+1
216.87	1.214E+2
217.24	-6.311E+1
217.62	5.583E+1
217.99	4.126E+1
218.37	-2.427E+1
218.74	-4.612E+1
219.11	1.214E+1
219.49	-1.214E+2
219.86	6.554E+1
220.24	-2.184E+1
220.61	2.913E+1
220.99	1.456E+1
221.36	8.981E+1
221.74	5.825E+1
222.11	1.699E+1
222.49	1.942E+1
222.86	7.282E+0
223.23	7.282E+0
223.61	-3.398E+1
223.98	-2.427E+0
224.36	8.253E+1
224.73	-8.738E+1
225.11	-1.044E+2
225.48	-5.097E+1
225.85	6.796E+1
226.23	-3.641E+1
226.60	-4.854E+1
226.98	9.709E+1
227.35	1.456E+1
227.72	1.942E+1
228.10	0.000E+0
228.47	1.019E+2
228.84	-6.311E+1
229.22	-8.010E+1
229.59	5.825E+1
229.97	-9.709E+0
230.34	6.554E+1
230.71	-9.952E+1
231.09	-2.427E+0
231.46	4.854E+1
231.83	-7.282E+1
232.21	1.942E+1
232.58	-6.554E+1
232.95	-4.369E+1
233.33	-7.767E+1
233.70	2.184E+1
234.07	7.767E+1
234.45	2.913E+1
234.82	7.039E+1
235.19	3.884E+1
235.57	-9.466E+1
235.94	9.709E+0
236.31	9.709E+0
236.69	-6.796E+1
237.06	-5.340E+1
237.43	3.155E+1
237.80	1.408E+2
238.18	2.427E+1
238.55	9.223E+1
238.92	2.184E+1
239.30	5.097E+1
239.67	4.612E+1
240.04	-2.670E+1
240.41	-3.155E+1
240.79	-7.282E+0
241.16	1.359E+2
241.53	1.942E+1
241.90	-3.398E+1
242.28	4.854E+0
242.65	4.854E+1
243.02	-3.398E+1
243.39	-1.942E+1
243.77	-1.699E+1
244.14	3.155E+1
244.51	-1.165E+2
244.88	-3.155E+1
245.25	-2.427E+1
245.63	-7.282E+0
246.00	-6.311E+1
246.37	4.854E+1
246.74	2.184E+1
247.11	6.068E+1
247.49	1.699E+1
247.86	9.466E+1
248.23	-1.456E+1
248.60	4.854E+1
248.97	0.000E+0
249.35	-3.155E+1
249.72	-5.583E+1
250.09	5.097E+1
250.46	4.369E+1
250.83	4.854E+1
251.20	1.942E+1
251.58	5.340E+1
251.95	-9.952E+1
252.32	-1.699E+1
252.69	0.000E+0
253.06	6.796E+1
253.43	7.282E+0
253.80	-1.214E+1
254.17	1.214E+1
254.55	1.456E+1
254.92	4.854E+0
255.29	-2.184E+1
255.66	9.466E+1
256.03	1.408E+2
256.40	5.097E+1
256.77	-1.238E+2
257.14	2.184E+1
257.51	2.670E+1
257.88	4.612E+1
258.26	-2.184E+1
258.63	6.068E+1
259.00	1.189E+2
259.37	4.126E+1
259.74	-9.709E+0
260.11	4.612E+1
260.48	-2.670E+1
260.85	-5.340E+1
261.22	3.155E+1
261.59	-1.942E+1
261.96	1.044E+2
262.33	2.670E+1
262.70	-4.612E+1
263.07	-1.214E+1
263.44	-1.456E+1
263.81	-3.641E+1
264.18	-5.825E+1
264.55	-1.359E+2
264.92	-3.884E+1
265.29	-4.126E+1
265.66	-1.262E+2
266.03	2.427E+1
266.40	6.796E+1
266.77	-4.854E+1
267.14	2.136E+2
267.51	-9.709E+0
267.88	2.184E+1
268.25	3.398E+1
268.62	6.796E+1
268.99	6.311E+1
269.36	5.825E+1
269.73	5.583E+1
270.10	1.384E+2
270.47	-4.854E+0
270.84	7.282E+0
271.21	6.311E+1
271.58	1.214E+1
271.95	-9.709E+0
272.32	-2.670E+1
272.69	-4.369E+1
273.06	-9.952E+1
273.43	-4.612E+1
273.80	-5.825E+1
274.17	2.427E+1
274.53	5.097E+1
274.90	4.854E+1
275.27	6.311E+1
275.64	0.000E+0
276.01	-2.427E+0
276.38	2.427E+1
276.75	-1.942E+1
277.12	7.524E+1
277.49	-1.456E+1
277.86	-4.126E+1
278.22	7.282E+0
278.59	4.369E+1
278.96	4.854E+0
279.33	1.214E+1
279.70	2.670E+1
280.07	7.282E+0
280.44	-8.495E+1
280.80	1.214E+1
281.17	-1.214E+1
281.54	-9.709E+0
281.91	-6.311E+1
282.28	-6.068E+1
282.65	5.825E+1
283.02	9.709E+0
283.38	-9.709E+0
283.75	-7.282E+0
284.12	1.699E+1
284.49	3.884E+1
284.86	1.942E+1
285.22	-4.854E+0
285.59	9.709E+0
285.96	8.010E+1
286.33	4.369E+1
286.70	3.884E+1
287.06	-4.126E+1
287.43	9.709E+0
287.80	-3.155E+1
288.17	-2.427E+0
288.53	8.738E+1
288.90	9.709E+1
289.27	5.825E+1
289.64	1.214E+1
290.01	3.155E+1
290.37	-2.427E+1
290.74	0.000E+0
291.11	1.456E+1
291.48	5.583E+1
291.84	-1.699E+1
292.21	5.583E+1
292.58	-1.942E+1
292.94	4.612E+1
293.31	1.699E+1
293.68	9.709E+0
294.05	7.524E+1
294.41	9.709E+1
294.78	0.000E+0
295.15	-3.398E+1
295.51	-1.019E+2
295.88	7.524E+1
296.25	4.854E+0
296.61	7.767E+1
296.98	8.010E+1
297.35	6.554E+1
297.72	-7.282E+0
298.08	-4.126E+1
298.45	-2.427E+1
298.82	6.068E+1
299.18	1.092E+2
299.55	5.583E+1
299.91	2.184E+1
300.28	8.495E+1
300.65	7.524E+1
301.01	4.854E+1
301.38	7.282E+1
301.75	-3.884E+1
302.11	8.253E+1
302.48	2.670E+1
302.85	3.884E+1
303.21	-7.524E+1
303.58	-1.117E+2
303.94	1.529E+2
304.31	-3.884E+1
304.68	-9.223E+1
305.04	2.913E+1
305.41	-5.097E+1
305.77	8.495E+1
306.14	-2.913E+1
306.51	8.495E+1
306.87	0.000E+0
307.24	6.311E+1
307.60	9.466E+1
307.97	1.117E+2
308.33	-5.825E+1
308.70	4.369E+1
309.07	5.583E+1
309.43	6.554E+1
309.80	5.583E+1
310.16	1.214E+2
310.53	6.554E+1
310.89	4.854E+1
311.26	5.097E+1
311.62	2.427E+0
311.99	8.495E+1
312.35	-1.214E+1
312.72	-3.884E+1
313.08	7.039E+1
313.45	1.214E+1
313.81	1.699E+1
314.18	7.767E+1
314.54	3.884E+1
314.91	-3.155E+1
315.27	1.456E+1
315.64	1.117E+2
316.00	7.282E+1
316.37	2.427E+1
316.73	2.670E+1
317.10	6.554E+1
317.46	3.155E+1
317.83	9.466E+1
318.19	1.214E+1
318.56	1.262E+2
318.92	-3.155E+1
319.28	1.699E+1
319.65	1.942E+1
320.01	3.641E+1
320.38	-4.854E+0
320.74	7.282E+0
321.11	-1.942E+1
321.47	1.942E+1
321.83	-7.282E+0
322.20	9.952E+1
322.56	7.039E+1
322.93	-5.340E+1
323.29	6.311E+1
323.66	1.117E+2
324.02	6.554E+1
324.38	-9.709E+1
324.75	7.282E+0
325.11	-5.097E+1
325.47	2.184E+1
325.84	9.709E+0
326.20	-4.854E+1
326.57	-7.282E+0
326.93	-4.854E+0
327.29	3.398E+1
327.66	5.825E+1
328.02	-1.942E+1
328.38	7.039E+1
328.75	2.184E+1
329.11	5.097E+1
329.47	4.369E+1
329.84	3.398E+1
330.20	6.554E+1
330.56	7.524E+1
330.93	2.184E+1
331.29	9.952E+1
331.65	2.184E+1
332.02	1.044E+2
332.38	-4.854E+0
332.74	-3.155E+1
333.10	-9.709E+0
333.47	1.214E+1
333.83	5.583E+1
334.19	-1.699E+1
334.56	4.369E+1
334.92	2.427E+1
335.28	7.282E+1
335.64	1.044E+2
336.01	-9.223E+1
336.37	-1.214E+1
336.73	-5.097E+1
337.09	-3.641E+1
337.46	1.214E+1
337.82	3.641E+1
338.18	0.000E+0
338.54	1.335E+2
338.91	-1.214E+1
339.27	6.311E+1
339.63	4.369E+1
339.99	9.709E+0
340.36	7.039E+1
340.72	-6.311E+1
341.08	-1.214E+1
341.44	2.427E+0
341.80	-1.456E+1
342.17	-2.670E+1
342.53	3.155E+1
342.89	8.495E+1
343.25	7.039E+1
343.61	-2.427E+0
343.98	9.709E+1
344.34	-1.214E+1
344.70	0.000E+0
345.06	-3.641E+1
345.42	0.000E+0
345.78	5.340E+1
346.14	8.495E+1
346.51	7.282E+1
346.87	3.884E+1
347.23	-2.427E+1
347.59	6.068E+1
347.95	6.068E+1
348.31	7.282E+0
348.67	1.262E+2
349.04	2.184E+1
349.40	9.709E+0
349.76	1.165E+2
350.12	6.311E+1
350.48	4.854E+1
350.84	5.583E+1
351.20	6.311E+1
351.56	1.019E+2
351.92	2.670E+1
352.28	1.068E+2
352.65	1.699E+1
353.01	-1.699E+1
353.37	-4.612E+1
353.73	4.854E+0
354.09	-4.369E+1
354.45	3.398E+1
354.81	3.398E+1
355.17	4.612E+1
355.53	4.612E+1
355.89	7.039E+1
356.25	-2.184E+1
356.61	-7.282E+0
356.97	-4.854E+0
357.33	-2.184E+1
357.69	4.854E+1
358.05	8.495E+1
358.41	-7.767E+1
358.77	3.155E+1
359.13	9.709E+0
359.49	2.427E+1
359.85	3.398E+1
360.21	4.369E+1
360.57	1.966E+2
360.93	1.748E+2
361.29	3.641E+1
361.65	7.524E+1
362.01	1.044E+2
362.37	4.126E+1
362.73	7.767E+1
363.09	1.189E+2
363.45	-1.214E+1
363.81	2.427E+0
364.17	2.427E+1
364.53	4.369E+1
364.89	8.981E+1
365.25	1.214E+2
365.61	1.044E+2
365.97	1.699E+1
366.33	4.612E+1
366.69	1.820E+2
367.05	1.092E+2
367.40	7.282E+1
367.76	7.039E+1
368.12	1.408E+2
368.48	7.524E+1
368.84	2.282E+2
369.20	8.981E+1
369.56	1.456E+2
369.92	7.039E+1
370.28	1.214E+2
370.63	7.524E+1
370.99	4.854E+1
371.35	1.068E+2
371.71	7.039E+1
372.07	1.286E+2
372.43	1.481E+2
372.79	6.796E+1
373.15	1.456E+2
373.50	1.286E+2
373.86	1.262E+2
374.22	2.306E+2
374.58	1.602E+2
374.94	2.184E+2
375.30	2.160E+2
375.65	1.699E+2
376.01	3.034E+2
376.37	1.869E+2
376.73	1.820E+2
377.09	1.772E+2
377.44	3.422E+2
377.80	2.500E+2
378.16	3.277E+2
378.52	3.617E+2
378.88	4.151E+2
379.23	4.320E+2
379.59	3.884E+2
379.95	3.665E+2
380.31	5.316E+2
380.66	4.587E+2
381.02	5.170E+2
381.38	6.311E+2
381.74	6.408E+2
382.09	6.384E+2
382.45	7.888E+2
382.81	8.204E+2
383.17	9.223E+2
383.52	9.029E+2
383.88	1.056E+3
384.24	1.233E+3
384.60	1.284E+3
384.95	1.388E+3
385.31	1.549E+3
385.67	1.743E+3
386.02	1.825E+3
386.38	2.024E+3
386.74	2.121E+3
387.10	2.415E+3
387.45	2.561E+3
387.81	3.034E+3
388.17	3.328E+3
388.52	3.512E+3
388.88	3.738E+3
389.24	4.231E+3
389.59	4.541E+3
389.95	4.811E+3
390.31	5.216E+3
390.66	5.840E+3
391.02	6.352E+3
391.38	6.833E+3
391.73	7.454E+3
392.09	8.010E+3
392.44	8.609E+3
392.80	9.522E+3
393.16	1.033E+4
393.51	1.123E+4
393.87	1.182E+4
394.23	1.260E+4
394.58	1.353E+4
394.94	1.444E+4
395.29	1.571E+4
395.65	1.653E+4
396.01	1.792E+4
396.36	1.916E+4
396.72	2.028E+4
397.07	2.126E+4
397.43	2.265E+4
397.78	2.386E+4
398.14	2.540E+4
398.50	2.715E+4
398.85	2.845E+4
399.21	3.001E+4
399.56	3.214E+4
399.92	3.316E+4
400.27	3.472E+4
400.63	3.659E+4
400.98	3.841E+4
401.34	4.019E+4
401.69	4.166E+4
402.05	4.330E+4
402.40	4.489E+4
402.76	4.617E+4
403.11	4.826E+4
403.47	5.051E+4
403.82	5.061E+4
404.18	5.234E+4
404.53	5.293E+4
404.89	5.472E+4
405.24	5.453E+4
405.60	5.546E+4
405.95	5.537E+4
406.31	5.632E+4
406.66	5.570E+4
407.02	5.576E+4
407.37	5.596E+4
407.73	5.526E+4
408.08	5.525E+4
408.44	5.403E+4
408.79	5.363E+4
409.14	5.252E+4
409.50	5.132E+4
409.85	4.937E+4
410.21	4.734E+4
410.56	4.558E+4
410.92	4.337E+4
411.27	4.131E+4
411.62	3.931E+4
411.98	3.594E+4
412.33	3.395E+4
412.69	3.229E+4
413.04	3.008E+4
413.39	2.801E+4
413.75	2.610E+4
414.10	2.476E+4
414.45	2.304E+4
414.81	2.146E+4
415.16	2.017E+4
415.52	1.887E+4
415.87	1.770E+4
416.22	1.663E+4
416.58	1.577E+4
416.93	1.490E+4
417.28	1.424E+4
417.64	1.351E+4
417.99	1.303E+4
418.34	1.248E+4
418.70	1.168E+4
419.05	1.126E+4
419.40	1.036E+4
419.76	9.910E+3
420.11	9.842E+3
420.46	9.221E+3
420.81	8.823E+3
421.17	8.592E+3
421.52	7.794E+3
421.87	7.563E+3
422.23	7.391E+3
422.58	6.767E+3
422.93	6.612E+3
423.28	6.160E+3
423.64	5.990E+3
423.99	5.384E+3
424.34	5.277E+3
424.69	4.981E+3
425.05	4.566E+3
425.40	4.345E+3
425.75	4.255E+3
426.10	3.774E+3
426.46	3.529E+3
426.81	3.473E+3
427.16	3.269E+3
427.51	3.107E+3
427.87	3.129E+3
428.22	2.735E+3
428.57	2.898E+3
428.92	2.517E+3
429.27	2.413E+3
429.63	2.362E+3
429.98	2.250E+3
430.33	2.027E+3
430.68	2.107E+3
431.03	2.007E+3
431.38	1.922E+3
431.74	1.811E+3
432.09	1.786E+3
432.44	1.738E+3
432.79	1.614E+3
433.14	1.534E+3
433.49	1.512E+3
433.85	1.427E+3
434.20	1.427E+3
434.55	1.437E+3
434.90	1.301E+3
435.25	1.228E+3
435.60	1.238E+3
435.95	1.233E+3
436.30	1.267E+3
436.66	1.024E+3
437.01	1.172E+3
437.36	1.002E+3
437.71	8.932E+2
438.06	7.743E+2
438.41	9.199E+2
438.76	7.913E+2
439.11	8.131E+2
439.46	7.136E+2
439.81	8.034E+2
440.16	7.379E+2
440.52	6.529E+2
440.87	6.990E+2
441.22	6.141E+2
441.57	6.189E+2
441.92	5.437E+2
442.27	4.976E+2
442.62	5.243E+2
442.97	5.097E+2
443.32	3.641E+2
443.67	4.369E+2
444.02	5.631E+2
444.37	4.369E+2
444.72	5.219E+2
445.07	4.151E+2
445.42	4.223E+2
445.77	4.515E+2
446.12	3.252E+2
446.47	3.447E+2
446.82	3.641E+2
447.17	3.811E+2
447.52	3.956E+2
447.87	2.937E+2
448.22	2.306E+2
448.57	1.432E+2
448.92	2.112E+2
449.27	4.029E+2
449.62	2.816E+2
449.97	1.845E+2
450.32	3.131E+2
450.66	3.252E+2
451.01	2.646E+2
451.36	2.136E+2
451.71	2.767E+2
452.06	1.796E+2
452.41	1.918E+2
452.76	2.840E+2
453.11	1.602E+2
453.46	1.044E+2
453.81	1.869E+2
454.16	1.748E+2
454.51	2.039E+2
454.85	-1.214E+1
455.20	1.286E+2
455.55	2.646E+2
455.90	1.699E+2
456.25	3.544E+2
456.60	2.136E+2
456.95	1.286E+2
457.30	1.626E+2
457.64	6.554E+1
457.99	1.044E+2
458.34	1.699E+2
458.69	1.092E+2
459.04	2.306E+2
459.39	4.854E+1
459.73	1.044E+2
460.08	4.126E+1
460.43	1.432E+2
460.78	1.165E+2
461.13	9.223E+1
461.48	1.408E+2
461.82	-2.427E+1
462.17	9.466E+1
462.52	8.253E+1
462.87	1.286E+2
463.21	1.384E+2
463.56	9.952E+1
463.91	6.068E+1
464.26	1.238E+2
464.61	6.554E+1
464.95	6.554E+1
465.30	1.189E+2
465.65	2.913E+1
466.00	1.335E+2
466.34	3.398E+1
466.69	2.427E+1
467.04	1.117E+2
467.39	4.854E+0
467.73	-9.709E+0
468.08	5.097E+1
468.43	1.384E+2
468.77	2.427E+0
469.12	4.612E+1
469.47	8.253E+1
469.82	5.583E+1
470.16	8.738E+1
470.51	2.184E+1
470.86	2.913E+1
471.20	8.495E+1
471.55	2.427E+1
471.90	3.884E+1
472.24	8.253E+1
472.59	2.330E+2
472.94	1.408E+2
473.28	8.981E+1
473.63	6.796E+1
473.98	1.141E+2
474.32	1.456E+1
474.67	4.126E+1
475.02	9.709E+1
475.36	1.456E+1
475.71	1.699E+1
476.06	3.641E+1
476.40	5.583E+1
476.75	-1.456E+1
477.09	7.282E+0
477.44	-4.854E+0
477.79	3.155E+1
478.13	-2.427E+0
478.48	7.039E+1
478.82	-4.612E+1
479.17	2.184E+1
479.52	-3.884E+1
479.86	8.981E+1
480.21	2.427E+1
480.55	1.796E+2
480.90	-2.427E+0
481.24	-2.913E+1
481.59	2.184E+1
481.94	-5.097E+1
482.28	4.126E+1
482.63	6.554E+1
482.97	1.165E+2
483.32	-4.854E+0
483.66	5.583E+1
484.01	1.384E+2
484.35	-6.554E+1
484.70	2.913E+1
485.04	1.189E+2
485.39	1.044E+2
485.73	-1.068E+2
486.08	7.282E+0
486.42	1.068E+2
486.77	2.913E+1
487.11	5.097E+1
487.46	4.369E+1
487.80	1.699E+1
488.15	5.340E+1
488.49	-9.709E+0
488.84	-4.854E+0
489.18	-2.670E+1
489.53	9.709E+0
489.87	-3.155E+1
490.21	4.854E+0
490.56	9.466E+1
490.90	7.282E+0
491.25	8.738E+1
491.59	5.097E+1
491.94	5.583E+1
492.28	-2.427E+0
492.62	4.854E+1
492.97	1.942E+1
493.31	1.165E+2
493.66	-1.456E+1
494.00	-3.155E+1
494.34	4.854E+1
494.69	5.340E+1
495.03	-4.369E+1
495.38	6.068E+1
495.72	1.214E+1
496.06	-2.427E+1
496.41	8.495E+1
496.75	-4.612E+1
497.09	6.796E+1
497.44	1.044E+2
497.78	2.670E+1
498.13	7.282E+0
498.47	-1.456E+1
498.81	4.369E+1
499.16	-1.456E+1
499.50	7.767E+1
499.84	1.044E+2
500.19	1.092E+2
500.53	6.068E+1
500.87	-2.184E+1
501.21	1.019E+2
501.56	5.097E+1
501.90	9.709E+0
502.24	9.709E+0
502.59	1.141E+2
502.93	7.282E+0
503.27	3.641E+1
503.61	8.738E+1
503.96	-1.456E+1
504.30	-7.282E+1
504.64	1.408E+2
504.99	4.854E+0
505.33	-2.913E+1
505.67	7.039E+1
506.01	1.238E+2
506.36	3.155E+1
506.70	8.981E+1
507.04	1.505E+2
507.38	1.214E+1
507.72	-3.155E+1
508.07	2.184E+1
508.41	4.854E+1
508.75	6.554E+1
509.09	3.398E+1
509.44	2.427E+0
509.78	1.019E+2
510.12	-3.398E+1
510.46	2.427E+0
510.80	7.524E+1
511.14	1.092E+2
511.49	5.097E+1
511.83	7.524E+1
512.17	-2.427E+1
512.51	8.738E+1
512.85	-3.398E+1
513.19	2.427E+0
513.54	3.641E+1
513.88	-3.155E+1
514.22	1.456E+1
514.56	1.044E+2
514.90	2.427E+1
515.24	4.369E+1
515.58	-1.699E+1
515.93	-7.282E+0
516.27	-4.854E+1
516.61	1.189E+2
516.95	3.155E+1
517.29	1.214E+1
517.63	7.767E+1
517.97	1.456E+1
518.31	8.981E+1
518.65	4.612E+1
518.99	7.282E+1
519.33	1.699E+2
519.67	1.141E+2
520.02	1.699E+1
520.36	6.068E+1
520.70	7.524E+1
521.04	1.092E+2
521.38	9.952E+1
521.72	2.184E+1
522.06	-3.884E+1
522.40	4.612E+1
522.74	7.767E+1
523.08	-3.398E+1
523.42	5.097E+1
523.76	4.369E+1
524.10	3.884E+1
524.44	6.311E+1
524.78	6.068E+1
525.12	9.466E+1
525.46	8.010E+1
525.80	1.214E+2
526.14	-7.282E+0
526.48	1.165E+2
526.82	1.214E+1
527.16	1.456E+2
527.50	1.699E+1
527.84	8.010E+1
528.18	9.709E+0
528.52	3.398E+1
528.86	5.825E+1
529.20	4.854E+1
529.54	8.010E+1
529.87	4.854E+1
530.21	7.282E+0
530.55	1.408E+2
530.89	5.340E+1
531.23	-3.398E+1
531.57	1.456E+1
531.91	2.184E+1
532.25	1.699E+1
532.59	4.612E+1
532.93	4.126E+1
533.27	2.184E+1
533.60	-2.913E+1
533.94	2.184E+1
534.28	-3.641E+1
534.62	2.427E+0
534.96	3.641E+1
535.30	1.214E+2
535.64	9.709E+1
535.98	8.010E+1
536.31	7.039E+1
536.65	9.709E+1
536.99	-4.126E+1
537.33	8.738E+1
537.67	2.063E+2
538.01	3.641E+1
538.34	-6.311E+1
538.68	-8.981E+1
539.02	1.942E+1
539.36	-1.214E+1
539.70	5.583E+1
540.03	9.952E+1
540.37	1.456E+1
540.71	4.854E+1
541.05	1.189E+2
541.39	7.282E+1
541.72	6.796E+1
542.06	1.432E+2
542.40	1.165E+2
542.74	4.126E+1
543.07	7.039E+1
543.41	5.340E+1
543.75	-5.583E+1
544.09	3.884E+1
544.42	1.359E+2
544.76	6.554E+1
545.10	2.670E+1
545.44	4.854E+1
545.77	8.253E+1
546.11	4.369E+1
546.45	2.670E+1
546.78	5.583E+1
547.12	-4.854E+1
547.46	4.126E+1
547.80	1.044E+2
548.13	1.384E+2
548.47	-4.854E+0
548.81	-9.709E+0
549.14	7.767E+1
549.48	9.709E+0
549.82	4.369E+1
550.15	5.097E+1
550.49	9.709E+0
550.83	4.369E+1
551.16	9.709E+1
551.50	-2.427E+0
551.84	8.253E+1
552.17	9.223E+1
552.51	9.952E+1
552.84	-9.709E+0
553.18	1.578E+2
553.52	-6.554E+1
553.85	2.670E+1
554.19	2.427E+0
554.53	4.854E+0
554.86	3.398E+1
555.20	6.796E+1
555.53	-5.583E+1
555.87	-7.282E+0
556.20	7.524E+1
556.54	8.495E+1
556.88	4.854E+0
557.21	6.311E+1
557.55	3.641E+1
557.88	4.854E+1
558.22	1.165E+2
558.55	4.126E+1
558.89	2.184E+1
559.23	9.709E+0
559.56	1.408E+2
559.90	4.854E+1
560.23	9.223E+1
560.57	1.626E+2
560.90	-4.854E+0
561.24	-2.670E+1
561.57	1.456E+1
561.91	1.699E+1
562.24	-1.699E+1
562.58	5.097E+1
562.91	6.554E+1
563.25	4.612E+1
563.58	-6.068E+1
563.92	4.854E+1
564.25	-2.427E+0
564.59	3.155E+1
564.92	8.738E+1
565.25	-5.340E+1
565.59	7.282E+1
565.92	7.767E+1
566.26	3.155E+1
566.59	-8.738E+1
566.93	1.699E+1
567.26	6.554E+1
567.60	1.019E+2
567.93	2.063E+2
568.26	1.117E+2
568.60	4.612E+1
568.93	1.141E+2
569.27	7.524E+1
569.60	1.019E+2
569.93	7.039E+1
570.27	2.913E+1
570.60	-2.913E+1
570.94	9.223E+1
571.27	9.952E+1
571.60	1.651E+2
571.94	1.456E+1
572.27	9.709E+0
572.60	-7.282E+0
572.94	3.155E+1
573.27	6.796E+1
573.60	3.641E+1
573.94	5.340E+1
574.27	1.092E+2
574.60	5.825E+1
574.94	4.369E+1
575.27	1.456E+1
575.60	5.097E+1
575.94	-3.641E+1
576.27	9.709E+1
576.60	1.286E+2
576.94	7.282E+0
577.27	9.709E+1
577.60	3.641E+1
577.94	5.340E+1
578.27	4.612E+1
578.60	5.097E+1
578.93	8.738E+1
579.27	2.913E+1
579.60	3.641E+1
579.93	5.097E+1
580.26	7.282E+0
580.60	4.854E+1
580.93	1.505E+2
581.26	1.238E+2
581.59	7.282E+0
581.93	7.039E+1
582.26	0.000E+0
582.59	7.282E+0
582.92	1.432E+2
583.25	-1.699E+1
583.59	5.340E+1
583.92	-2.427E+1
584.25	9.709E+0
584.58	-4.854E+1
584.91	3.398E+1
585.25	-1.699E+1
585.58	9.952E+1
585.91	8.253E+1
586.24	1.456E+1
586.57	-2.427E+0
586.90	2.913E+1
587.24	4.612E+1
587.57	-2.184E+1
587.90	9.466E+1
588.23	-2.184E+1
588.56	7.767E+1
588.89	-7.039E+1
589.22	4.612E+1
589.56	-6.554E+1
589.89	6.311E+1
590.22	1.942E+1
590.55	7.524E+1
590.88	8.495E+1
591.21	8.495E+1
591.54	1.238E+2
591.87	6.311E+1
592.20	-2.913E+1
592.53	4.612E+1
592.87	3.155E+1
593.20	-1.942E+1
593.53	4.126E+1
593.86	1.359E+2
594.19	-7.282E+1
594.52	1.044E+2
594.85	4.854E+1
595.18	6.068E+1
595.51	-1.456E+1
595.84	-5.097E+1
596.17	-1.942E+1
596.50	1.311E+2
596.83	1.214E+1
597.16	-5.097E+1
597.49	-3.641E+1
597.82	-6.311E+1
598.15	7.282E+0
598.48	-4.612E+1
598.81	7.767E+1
599.14	4.612E+1
599.47	2.427E+0
599.80	1.359E+2
600.13	1.214E+1
600.46	8.738E+1
600.79	2.427E+1
601.12	7.282E+0
601.45	-5.340E+1
601.78	5.340E+1
602.11	-9.709E+0
602.44	-4.612E+1
602.77	7.282E+0
603.10	5.583E+1
603.42	5.097E+1
603.75	-8.738E+1
604.08	-3.884E+1
604.41	9.466E+1
604.74	9.952E+1
605.07	1.699E+1
605.40	2.913E+1
605.73	-7.767E+1
606.06	2.427E+1
606.39	9.709E+1
606.71	2.913E+1
607.04	9.709E+1
607.37	6.796E+1
607.70	5.583E+1
608.03	-1.456E+1
608.36	3.398E+1
608.69	-4.854E+0
609.02	3.884E+1
609.34	4.126E+1
609.67	2.427E+0
610.00	1.189E+2
610.33	5.097E+1
610.66	-4.854E+0
610.98	-1.214E+1
611.31	7.039E+1
611.64	6.311E+1
611.97	3.155E+1
612.30	-2.670E+1
612.63	-1.214E+1
612.95	6.068E+1
613.28	2.184E+1
613.61	3.884E+1
613.94	-6.796E+1
614.26	4.854E+0
614.59	-9.709E+0
614.92	7.282E+0
615.25	-3.398E+1
615.57	1.456E+1
615.90	2.184E+1
616.23	4.369E+1
616.56	6.554E+1
616.88	7.524E+1
617.21	-4.612E+1
617.54	4.854E+1
617.87	1.214E+1
618.19	9.223E+1
618.52	9.709E+0
618.85	-3.884E+1
619.17	-1.456E+1
619.50	8.253E+1
619.83	-7.282E+0
620.15	6.796E+1
620.48	5.340E+1
620.81	-2.184E+1
621.14	-7.282E+0
621.46	-2.184E+1
621.79	5.825E+1
622.11	1.699E+1
622.44	4.854E+1
622.77	4.854E+0
623.09	1.019E+2
623.42	6.796E+1
623.75	8.495E+1
624.07	4.854E+1
624.40	6.554E+1
624.73	2.670E+1
625.05	1.068E+2
625.38	4.612E+1
625.70	-9.709E+0
626.03	4.612E+1
626.36	7.767E+1
626.68	-2.427E+1
627.01	-3.155E+1
627.33	-3.398E+1
627.66	-1.068E+2
627.99	3.398E+1
628.31	4.126E+1
628.64	7.282E+0
628.96	7.039E+1
629.29	4.369E+1
629.61	-3.155E+1
629.94	-8.253E+1
630.26	5.097E+1
630.59	1.942E+1
630.91	7.039E+1
631.24	5.340E+1
631.57	4.612E+1
631.89	-4.369E+1
632.22	4.854E+1
632.54	-1.942E+1
632.87	1.238E+2
633.19	1.214E+1
633.52	-1.214E+1
633.84	5.340E+1
634.16	6.311E+1
634.49	2.427E+1
634.81	5.340E+1
635.14	-8.495E+1
635.46	-5.097E+1
635.79	3.641E+1
636.11	-2.184E+1
636.44	-2.184E+1
636.76	-3.398E+1
637.09	-5.583E+1
637.41	1.044E+2
637.73	6.554E+1
638.06	3.155E+1
638.38	-7.282E+0
638.71	-2.427E+0
639.03	3.155E+1
639.36	-6.311E+1
639.68	-2.184E+1
640.00	3.641E+1
640.33	4.126E+1
640.65	-4.126E+1
640.97	-1.214E+1
641.30	8.010E+1
641.62	8.010E+1
641.95	2.913E+1
642.27	-1.699E+1
642.59	4.126E+1
642.92	-2.184E+1
643.24	1.456E+1
643.56	-2.913E+1
643.89	1.699E+1
644.21	-3.884E+1
644.53	9.709E+0
644.86	-3.155E+1
645.18	-1.068E+2
645.50	0.000E+0
645.83	1.456E+1
646.15	9.709E+1
646.47	1.214E+1
646.80	2.913E+1
647.12	2.913E+1
647.44	8.010E+1
647.76	7.767E+1
648.09	4.854E+1
648.41	9.223E+1
648.73	7.282E+1
649.05	3.641E+1
649.38	-2.913E+1
649.70	1.942E+1
650.02	3.641E+1
650.34	-4.126E+1
650.67	8.981E+1
650.99	1.942E+2
651.31	4.854E+0
651.63	1.262E+2
651.96	-2.427E+1
652.28	-3.884E+1
652.60	5.825E+1
652.92	6.554E+1
653.24	-1.262E+2
653.57	7.524E+1
653.89	-2.427E+1
654.21	4.854E+1
654.53	1.117E+2
654.85	2.913E+1
655.18	0.000E+0
655.50	-3.641E+1
655.82	-3.398E+1
656.14	7.524E+1
656.46	4.854E+0
656.78	1.456E+1
657.10	-7.282E+1
657.43	7.282E+0
657.75	1.092E+2
658.07	-1.214E+1
658.39	-8.010E+1
658.71	-6.554E+1
659.03	5.340E+1
659.35	-4.369E+1
659.67	1.942E+1
659.99	1.044E+2
660.32	-2.913E+1
660.64	9.952E+1
660.96	-6.068E+1
661.28	4.854E+1
661.60	-5.097E+1
661.92	-3.398E+1
662.24	4.854E+1
662.56	1.214E+1
662.88	-5.340E+1
663.20	1.214E+1
663.52	4.126E+1
663.84	6.796E+1
664.16	-8.981E+1
664.48	8.495E+1
664.80	-1.214E+1
665.12	3.641E+1
665.44	-6.311E+1
665.76	6.796E+1
666.08	7.282E+0
666.40	-3.641E+1
666.72	-2.427E+0
667.04	4.612E+1
667.36	-2.427E+1
667.68	-2.427E+0
668.00	1.942E+1
668.32	2.913E+1
668.64	-4.854E+0
668.96	-5.097E+1
669.28	9.709E+1
669.60	-9.709E+0
669.92	0.000E+0
670.24	8.010E+1
670.56	0.000E+0
670.88	4.854E+0
671.20	-4.854E+0
671.52	-9.709E+0
671.84	5.583E+1
672.16	-4.369E+1
672.47	-2.184E+1
672.79	-2.427E+0
673.11	6.796E+1
673.43	-9.466E+1
673.75	-2.184E+1
674.07	-3.398E+1
674.39	-1.699E+1
674.71	2.913E+1
675.03	8.495E+1
675.34	1.019E+2
675.66	2.427E+0
675.98	4.612E+1
676.30	-3.884E+1
676.62	-7.282E+1
676.94	-1.044E+2
677.25	-2.184E+1
677.57	-5.825E+1
677.89	4.369E+1
678.21	3.641E+1
678.53	1.942E+1
678.85	-5.583E+1
679.16	2.913E+1
679.48	1.214E+1
679.80	6.796E+1
680.12	-1.214E+2
680.44	-4.369E+1
680.75	4.854E+0
681.07	4.369E+1
681.39	1.942E+1
681.71	4.612E+1
682.02	-4.126E+1
682.34	5.097E+1
682.66	-1.699E+1
682.98	-4.854E+1
683.29	3.398E+1
683.61	4.126E+1
683.93	1.942E+1
684.25	6.068E+1
684.56	4.369E+1
684.88	4.126E+1
685.20	3.398E+1
685.51	8.738E+1
685.83	6.068E+1
686.15	-3.641E+1
686.47	-7.039E+1
686.78	-2.670E+1
687.10	4.369E+1
687.42	2.670E+1
687.73	3.398E+1
688.05	1.942E+1
688.37	9.223E+1
688.68	-5.097E+1
689.00	2.670E+1
689.32	6.068E+1
689.63	6.311E+1
689.95	-4.126E+1
690.26	1.699E+1
690.58	1.456E+1
690.90	-2.913E+1
691.21	1.699E+1
691.53	1.699E+1
691.85	-4.126E+1
692.16	-7.282E+0
692.48	1.214E+2
692.79	-9.709E+1
693.11	-9.466E+1
693.42	3.641E+1
693.74	-6.311E+1
694.06	-2.184E+1
694.37	4.369E+1
694.69	-3.641E+1
695.00	-4.854E+0
695.32	8.010E+1
695.63	-4.126E+1
695.95	7.282E+0
696.26	-6.068E+1
696.58	6.068E+1
696.90	1.019E+2
697.21	1.311E+2
697.53	-4.854E+1
697.84	-7.282E+0
698.16	4.369E+1
698.47	2.670E+1
698.79	3.155E+1
699.10	0.000E+0
699.42	-1.699E+1
699.73	-8.010E+1
700.05	-7.282E+1
700.36	1.092E+2
700.68	1.214E+2
700.99	9.709E+0
701.30	-8.010E+1
701.62	6.068E+1
701.93	-1.699E+1
702.25	-4.612E+1
702.56	2.427E+1
702.88	4.126E+1
703.19	5.340E+1
703.50	0.000E+0
703.82	1.699E+1
704.13	2.184E+1
704.45	-2.427E+0
704.76	7.039E+1
705.08	-7.767E+1
705.39	2.184E+1
705.70	2.913E+1
706.02	-1.214E+2
706.33	7.767E+1
706.64	9.709E+0
706.96	5.340E+1
707.27	2.427E+1
707.59	-2.184E+1
707.90	-5.340E+1
708.21	-1.942E+1
708.53	5.097E+1
708.84	1.141E+2
709.15	-2.913E+1
709.47	7.282E+0
709.78	-3.398E+1
710.09	-8.981E+1
710.41	3.398E+1
710.72	8.738E+1
711.03	-1.189E+2
711.34	4.126E+1
711.66	-5.340E+1
711.97	-5.097E+1
712.28	-6.796E+1
712.60	1.578E+2
712.91	-1.117E+2
713.22	-3.155E+1
713.53	0.000E+0
713.85	-1.942E+1
714.16	4.369E+1
714.47	8.981E+1
714.78	4.854E+1
715.10	1.019E+2
715.41	-8.253E+1
715.72	-7.282E+0
716.03	-3.884E+1
716.35	2.913E+1
716.66	-2.427E+0
716.97	3.155E+1
717.28	-5.097E+1
717.59	-2.427E+1
717.91	-4.369E+1
718.22	4.126E+1
718.53	-3.398E+1
718.84	1.456E+1
719.15	5.583E+1
719.46	-5.097E+1
719.78	-3.155E+1
720.09	-7.282E+0
720.40	1.238E+2
720.71	3.398E+1
721.02	7.039E+1
721.33	-9.952E+1
721.65	3.884E+1
721.96	-2.913E+1
722.27	2.670E+1
722.58	8.010E+1
722.89	-2.427E+1
723.20	-4.854E+0
723.51	-1.942E+1
723.82	-2.670E+1
724.13	-2.670E+1
724.45	-7.282E+0
724.76	4.126E+1
725.07	-5.340E+1
725.38	-9.709E+0
725.69	0.000E+0
726.00	-5.340E+1
726.31	-7.039E+1
726.62	7.282E+0
726.93	0.000E+0
727.24	4.369E+1
727.55	-8.010E+1
727.86	1.456E+1
728.17	9.709E+1
728.48	3.398E+1
728.79	5.097E+1
729.10	1.456E+1
729.41	-3.641E+1
729.72	-4.854E+0
730.03	7.282E+0
730.34	4.612E+1
730.65	5.583E+1
730.96	-3.641E+1
731.27	-2.427E+0
731.58	-5.340E+1
731.89	6.554E+1
732.20	-1.214E+1
732.51	8.981E+1
732.82	-9.709E+0
733.13	8.010E+1
733.44	-2.184E+1
733.75	-4.854E+0
734.06	-3.155E+1
734.37	4.854E+1
734.68	8.253E+1
734.98	1.117E+2
735.29	4.612E+1
735.60	2.184E+1
735.91	6.311E+1
736.22	6.068E+1
736.53	-1.214E+1
736.84	4.612E+1
737.15	0.000E+0
737.46	5.097E+1
737.77	3.398E+1
738.07	8.253E+1
738.38	3.641E+1
738.69	-9.709E+0
739.00	0.000E+0
739.31	3.155E+1
739.62	-4.126E+1
739.92	-3.884E+1
740.23	6.311E+1
740.54	1.456E+1
740.85	4.854E+0
741.16	1.044E+2
741.47	-1.553E+2
741.77	4.612E+1
742.08	-3.155E+1
742.39	3.641E+1
742.70	-7.767E+1
743.01	1.699E+2
743.31	1.942E+1
743.62	5.583E+1
743.93	5.583E+1
744.24	-9.709E+0
744.54	-1.699E+1
744.85	3.398E+1
745.16	1.262E+2
745.47	2.427E+1
745.77	1.214E+2
746.08	-9.709E+0
746.39	2.184E+1
746.70	7.767E+1
747.00	-1.214E+1
747.31	-5.097E+1
747.62	3.398E+1
747.92	2.427E+0
748.23	4.854E+0
748.54	1.214E+1
748.84	6.311E+1
749.15	1.214E+1
749.46	3.641E+1
749.76	-5.583E+1
750.07	-2.670E+1
750.38	-7.039E+1
750.68	8.981E+1
750.99	6.796E+1
751.30	9.709E+0
751.60	5.097E+1
751.91	3.884E+1
752.22	8.010E+1
752.52	0.000E+0
752.83	1.165E+2
753.14	2.427E+0
753.44	-1.456E+1
753.75	-4.612E+1
754.05	3.398E+1
754.36	7.282E+1
754.67	9.709E+0
754.97	-3.641E+1
755.28	1.214E+1
755.58	-2.670E+1
755.89	-9.952E+1
756.19	-1.456E+1
756.50	-4.612E+1
756.81	-4.854E+1
757.11	-5.825E+1
757.42	3.398E+1
757.72	9.952E+1
758.03	8.010E+1
758.33	9.709E+0
758.64	4.854E+1
758.94	7.282E+0
759.25	-2.427E+0
759.55	9.709E+0
759.86	7.282E+1
760.16	-2.427E+1
760.47	2.184E+1
760.77	9.466E+1
761.08	-5.825E+1
761.38	-9.952E+1
761.69	1.699E+1
761.99	-4.126E+1
762.30	-5.097E+1
762.60	7.282E+1
762.91	3.641E+1
763.21	-7.282E+1
763.51	1.044E+2
763.82	7.282E+1
764.12	2.184E+1
764.43	2.427E+0
764.73	-4.612E+1
765.04	4.854E+0
765.34	-5.583E+1
765.64	4.854E+0
765.95	-7.039E+1
766.25	1.942E+1
766.56	-2.184E+1
766.86	-4.126E+1
767.16	2.427E+0
767.47	-3.155E+1
767.77	-1.214E+2
768.07	-9.709E+0
768.38	-3.398E+1
768.68	9.466E+1
768.98	3.398E+1
769.29	-7.282E+0
769.59	0.000E+0
769.89	-3.155E+1
770.20	-7.282E+0
770.50	8.010E+1
770.80	-1.699E+1
771.11	-1.456E+1
771.41	-3.155E+1
771.71	3.155E+1
772.02	3.884E+1
772.32	-1.214E+1
772.62	6.554E+1
772.93	3.155E+1
773.23	3.155E+1
773.53	-3.398E+1
773.83	-1.699E+1
774.14	0.000E+0
774.44	2.670E+1
774.74	-2.427E+0
775.04	-4.126E+1
775.35	-1.214E+1
775.65	4.854E+0
775.95	3.155E+1
776.25	6.554E+1
776.55	-8.010E+1
776.86	1.942E+1
777.16	-4.612E+1
777.46	-1.165E+2
777.76	-1.214E+1
778.06	3.398E+1
778.37	1.165E+2
778.67	1.456E+1
778.97	-9.709E+0
779.27	6.311E+1
779.57	9.952E+1
779.88	-1.942E+1
780.18	1.044E+2
780.48	-9.709E+0
780.78	-5.583E+1
781.08	-5.097E+1
781.38	-5.825E+1
781.68	2.670E+1
781.98	-1.117E+2
782.29	-7.282E+0
782.59	5.340E+1
782.89	4.854E+0
783.19	-8.495E+1
783.49	-2.670E+1
783.79	7.282E+1
784.09	-6.554E+1
784.39	-1.092E+2
784.69	2.670E+1
784.99	-9.709E+1
785.30	-7.282E+0
785.60	4.854E+0
785.90	4.854E+0
786.20	5.583E+1
786.50	-1.359E+2
786.80	-7.282E+0
787.10	-7.282E+0
787.40	9.466E+1
787.70	7.282E+1
788.00	9.709E+1
788.30	8.738E+1
788.60	6.554E+1
788.90	1.141E+2
789.20	-7.282E+0
789.50	-2.913E+1
789.80	-7.282E+1
790.10	-2.184E+1
790.40	9.709E+0
790.70	1.456E+1
791.00	-4.854E+1
791.30	8.981E+1
791.60	3.641E+1
791.90	4.854E+0
792.20	-7.524E+1
792.50	6.311E+1
792.79	-1.456E+1
793.09	9.223E+1
793.39	1.699E+1
793.69	-1.117E+2
793.99	-7.524E+1
794.29	3.155E+1
794.59	3.641E+1
794.89	-3.641E+1
795.19	3.641E+1
795.49	-6.554E+1
795.79	2.670E+1
796.08	-2.184E+1
796.38	-4.126E+1
796.68	5.340E+1
796.98	-5.825E+1
797.28	9.709E+0
797.58	-4.612E+1
797.88	-1.214E+1
798.17	6.554E+1
798.47	-1.456E+1
798.77	-3.884E+1
799.07	1.699E+1
799.37	1.942E+1
799.67	4.126E+1
799.96	1.699E+1
800.26	-2.913E+1
800.56	5.097E+1
800.86	3.884E+1
801.16	5.097E+1
801.45	9.709E+0
801.75	1.456E+1
802.05	4.369E+1
802.35	4.854E+0
802.64	4.854E+0
802.94	4.369E+1
803.24	1.286E+2
803.54	6.068E+1
803.83	-4.126E+1
804.13	7.282E+0
804.43	5.097E+1
804.73	9.466E+1
805.02	-1.699E+1
805.32	8.495E+1
805.62	-2.913E+1
805.91	-3.398E+1
806.21	-4.612E+1
806.51	-5.340E+1
806.81	1.456E+2
807.10	4.369E+1
807.40	-1.699E+1
807.70	-2.670E+1
807.99	-1.044E+2
808.29	3.398E+1
808.59	-2.427E+0
808.88	-4.369E+1
809.18	-9.709E+0
809.47	-6.796E+1
809.77	-5.097E+1
810.07	5.097E+1
810.36	-1.044E+2
810.66	1.456E+1
810.96	7.282E+1
811.25	5.825E+1
811.55	9.709E+0
811.84	3.884E+1
812.14	-1.214E+1
812.44	-1.044E+2
812.73	-1.456E+1
813.03	-1.214E+2
813.32	-4.854E+0
813.62	8.010E+1
813.91	2.184E+1
814.21	4.126E+1
814.51	7.039E+1
814.80	-3.641E+1
815.10	-1.456E+1
815.39	7.282E+0
815.69	-2.427E+1
815.98	-7.039E+1
816.28	-7.282E+0
816.57	-2.184E+1
816.87	2.427E+0
817.16	8.010E+1
817.46	-6.554E+1
817.75	-7.282E+0
818.05	-2.427E+1
818.34	4.369E+1
818.64	4.612E+1
818.93	1.699E+1
819.23	1.456E+1
819.52	6.554E+1
819.82	2.427E+0
820.11	9.466E+1
820.40	2.427E+0
820.70	1.214E+1
820.99	2.427E+1
821.29	0.000E+0
821.58	7.282E+0
821.88	3.884E+1
822.17	-3.155E+1
822.46	-2.670E+1
822.76	4.854E+1
823.05	4.126E+1
823.35	6.311E+1
823.64	-7.767E+1
823.93	-2.427E+1
824.23	6.796E+1
824.52	8.981E+1
824.81	-4.126E+1
825.11	-7.282E+1
825.40	4.612E+1
825.69	-9.709E+1
825.99	2.427E+1
826.28	-1.456E+1
826.58	1.699E+1
826.87	-4.854E+1
827.16	-4.854E+0
827.45	7.282E+0
827.75	3.155E+1
828.04	9.709E+0
828.33	4.854E+0
828.63	-2.427E+0
828.92	-4.854E+0
829.21	-1.942E+1
829.51	2.427E+1
829.80	7.282E+0
830.09	-1.942E+1
830.38	7.282E+0
830.68	6.311E+1
830.97	1.384E+2
831.26	-1.699E+1
831.55	-1.456E+1
831.85	2.913E+1
832.14	1.214E+1
832.43	-1.262E+2
832.72	-1.238E+2
833.01	3.155E+1
833.31	-1.019E+2
833.60	0.000E+0
833.89	3.884E+1
834.18	7.282E+0
834.47	2.427E+1
834.77	1.214E+1
835.06	-5.825E+1
835.35	-5.340E+1
835.64	-6.311E+1
835.93	5.097E+1
836.22	3.155E+1
836.52	-3.884E+1
836.81	-3.641E+1
837.10	1.214E+1
837.39	7.282E+0
837.68	6.311E+1
837.97	-7.767E+1
838.26	1.699E+1
838.55	-1.456E+1
838.85	-5.340E+1
839.14	2.670E+1
839.43	-2.913E+1
839.72	-8.253E+1
840.01	-3.155E+1
840.30	4.126E+1
840.59	-7.524E+1
840.88	-7.282E+1
841.17	-3.641E+1
841.46	-8.495E+1
841.75	-3.884E+1
842.04	-4.126E+1
842.33	8.495E+1
842.62	2.184E+1
842.91	8.253E+1
843.21	9.709E+0
843.50	-2.913E+1
843.79	-1.699E+1
844.08	4.612E+1
844.37	8.981E+1
844.66	1.942E+1
844.95	2.913E+1
845.24	4.854E+0
845.53	-7.282E+1
845.81	-1.456E+1
846.10	-9.709E+0
846.39	-6.796E+1
846.68	-4.612E+1
846.97	-6.554E+1
847.26	7.282E+0
847.55	8.253E+1
847.84	5.340E+1
848.13	-1.456E+1
848.42	-1.117E+2
848.71	-4.854E+0
849.00	-1.214E+1
849.29	4.612E+1
849.58	-2.427E+0
849.87	6.068E+1
850.15	2.184E+1
850.44	6.554E+1
850.73	2.184E+1
851.02	3.155E+1
851.31	-7.282E+0
851.60	2.427E+0
851.89	-4.854E+0
852.18	6.311E+1
852.46	4.369E+1
852.75	-2.427E+1
853.04	-7.282E+0
853.33	-1.699E+1
853.62	-3.155E+1
853.91	4.126E+1
854.19	1.214E+1
854.48	5.097E+1
854.77	1.456E+2
855.06	-2.913E+1
855.35	-2.670E+1
855.63	-1.699E+1
855.92	-6.554E+1
856.21	-6.796E+1
856.50	9.709E+0
856.79	-3.398E+1
857.07	-4.854E+0
857.36	-8.253E+1
857.65	3.884E+1
857.94	4.854E+0
858.22	-2.670E+1
858.51	5.583E+1
858.80	-1.699E+1
859.08	0.000E+0
859.37	1.699E+1
859.66	2.427E+0
859.95	-1.189E+2
860.23	-7.767E+1
860.52	2.427E+1
860.81	3.398E+1
861.09	4.612E+1
861.38	4.612E+1
861.67	6.311E+1
861.95	-4.126E+1
862.24	-2.184E+1
862.53	5.583E+1
862.81	1.044E+2
863.10	8.010E+1
863.39	5.340E+1
863.67	-6.311E+1
863.96	-1.456E+1
864.25	5.825E+1
864.53	-1.699E+1
864.82	7.039E+1
865.10	-7.282E+0
865.39	-7.282E+0
865.68	-1.214E+2
865.96	-2.427E+1
866.25	-2.184E+1
866.53	-2.184E+1
866.82	-2.184E+1