Wavelength	Intensity	Ocean Optics Flame
nm	counts
187.89	-2.427E+0
188.27	5.583E+1
188.64	4.126E+1
189.02	-8.981E+1
189.40	-1.044E+2
189.78	5.825E+1
190.15	3.155E+1
190.53	4.854E+0
190.91	-2.427E+0
191.29	7.767E+1
191.66	4.369E+1
192.04	-5.340E+1
192.42	2.184E+1
192.80	2.427E+0
193.17	-2.913E+1
193.55	-4.126E+1
193.93	2.427E+0
194.30	4.854E+0
194.68	6.068E+1
195.06	-4.854E+0
195.44	1.044E+2
195.81	3.641E+1
196.19	-2.670E+1
196.57	4.612E+1
196.94	-3.155E+1
197.32	2.427E+1
197.70	3.398E+1
198.07	1.189E+2
198.45	-1.456E+1
198.83	7.524E+1
199.20	4.612E+1
199.58	-7.282E+0
199.96	0.000E+0
200.33	5.583E+1
200.71	1.214E+1
201.09	4.612E+1
201.46	7.282E+1
201.84	5.340E+1
202.22	1.068E+2
202.59	-1.456E+1
202.97	-6.796E+1
203.34	-7.282E+0
203.72	-1.699E+1
204.10	-6.311E+1
204.47	7.039E+1
204.85	-3.884E+1
205.23	4.854E+0
205.60	7.039E+1
205.98	2.184E+1
206.35	4.854E+0
206.73	7.767E+1
207.11	6.068E+1
207.48	-4.854E+0
207.86	2.670E+1
208.23	3.641E+1
208.61	-4.854E+0
208.98	-4.854E+1
209.36	-6.068E+1
209.74	5.097E+1
210.11	-7.039E+1
210.49	-5.097E+1
210.86	3.884E+1
211.24	-4.369E+1
211.61	2.184E+1
211.99	4.126E+1
212.36	2.427E+1
212.74	2.913E+1
213.11	-5.583E+1
213.49	-1.942E+1
213.87	-3.884E+1
214.24	-3.641E+1
214.62	1.942E+1
214.99	7.282E+0
215.37	9.223E+1
215.74	-2.913E+1
216.12	6.068E+1
216.49	-1.311E+2
216.87	9.709E+1
217.24	1.699E+1
217.62	-4.854E+0
217.99	-7.282E+0
218.37	4.612E+1
218.74	-3.884E+1
219.11	-6.068E+1
219.49	1.238E+2
219.86	-5.825E+1
220.24	4.612E+1
220.61	5.825E+1
220.99	2.184E+1
221.36	7.282E+1
221.74	-4.369E+1
222.11	3.884E+1
222.49	1.942E+1
222.86	-9.709E+0
223.23	1.432E+2
223.61	5.097E+1
223.98	-2.913E+1
224.36	-3.398E+1
224.73	1.942E+1
225.11	-9.709E+0
225.48	3.884E+1
225.85	4.854E+1
226.23	-1.214E+1
226.60	6.796E+1
226.98	2.427E+1
227.35	2.427E+1
227.72	4.854E+0
228.10	-2.913E+1
228.47	-2.427E+1
228.84	-5.097E+1
229.22	7.524E+1
229.59	-8.010E+1
229.97	-3.398E+1
230.34	1.286E+2
230.71	4.369E+1
231.09	-4.854E+0
231.46	-2.427E+0
231.83	-4.612E+1
232.21	8.738E+1
232.58	-6.554E+1
232.95	3.641E+1
233.33	1.942E+1
233.70	-4.369E+1
234.07	-6.796E+1
234.45	-4.612E+1
234.82	6.796E+1
235.19	2.427E+1
235.57	1.214E+1
235.94	1.408E+2
236.31	-6.311E+1
236.69	4.854E+1
237.06	3.641E+1
237.43	6.068E+1
237.80	-3.155E+1
238.18	3.155E+1
238.55	9.709E+1
238.92	1.044E+2
239.30	-6.796E+1
239.67	-9.709E+0
240.04	3.155E+1
240.41	-4.854E+0
240.79	-4.854E+0
241.16	9.709E+0
241.53	-5.825E+1
241.90	-1.529E+2
242.28	6.554E+1
242.65	3.155E+1
243.02	9.223E+1
243.39	-4.854E+0
243.77	5.340E+1
244.14	3.398E+1
244.51	-6.796E+1
244.88	7.524E+1
245.25	8.495E+1
245.63	7.524E+1
246.00	-7.282E+0
246.37	1.942E+1
246.74	-1.214E+1
247.11	-1.942E+1
247.49	1.189E+2
247.86	1.942E+1
248.23	6.311E+1
248.60	-7.282E+1
248.97	-6.311E+1
249.35	4.612E+1
249.72	1.893E+2
250.09	5.583E+1
250.46	6.068E+1
250.83	5.583E+1
251.20	-2.184E+1
251.58	1.189E+2
251.95	2.184E+1
252.32	-1.068E+2
252.69	-7.282E+1
253.06	-6.068E+1
253.43	2.184E+1
253.80	-1.214E+1
254.17	5.340E+1
254.55	3.155E+1
254.92	3.398E+1
255.29	5.097E+1
255.66	2.670E+1
256.03	-1.214E+1
256.40	-2.427E+1
256.77	3.155E+1
257.14	3.398E+1
257.51	2.427E+0
257.88	9.709E+0
258.26	2.670E+1
258.63	8.253E+1
259.00	-7.282E+0
259.37	9.709E+1
259.74	8.253E+1
260.11	-6.311E+1
260.48	-3.155E+1
260.85	-5.097E+1
261.22	-8.253E+1
261.59	4.126E+1
261.96	-7.282E+0
262.33	1.214E+1
262.70	9.223E+1
263.07	3.641E+1
263.44	-6.068E+1
263.81	-3.398E+1
264.18	1.335E+2
264.55	-3.155E+1
264.92	1.311E+2
265.29	7.282E+0
265.66	7.282E+0
266.03	7.282E+0
266.40	-4.126E+1
266.77	8.495E+1
267.14	9.466E+1
267.51	7.524E+1
267.88	1.068E+2
268.25	1.699E+1
268.62	2.670E+1
268.99	7.524E+1
269.36	-1.942E+1
269.73	3.884E+1
270.10	5.825E+1
270.47	-4.126E+1
270.84	-1.699E+1
271.21	2.913E+1
271.58	-4.854E+1
271.95	4.854E+1
272.32	3.398E+1
272.69	4.854E+1
273.06	3.884E+1
273.43	-4.854E+1
273.80	0.000E+0
274.17	-3.641E+1
274.53	2.913E+1
274.90	-3.884E+1
275.27	-7.282E+1
275.64	5.340E+1
276.01	4.126E+1
276.38	3.398E+1
276.75	5.340E+1
277.12	3.155E+1
277.49	2.670E+1
277.86	5.097E+1
278.22	3.155E+1
278.59	-2.427E+0
278.96	9.466E+1
279.33	-5.825E+1
279.70	1.214E+1
280.07	-2.427E+0
280.44	-4.854E+0
280.80	-2.913E+1
281.17	5.825E+1
281.54	-4.369E+1
281.91	2.913E+1
282.28	1.214E+1
282.65	-2.913E+1
283.02	-9.709E+1
283.38	2.427E+0
283.75	6.311E+1
284.12	2.184E+1
284.49	-6.796E+1
284.86	3.884E+1
285.22	4.854E+1
285.59	-2.184E+1
285.96	-3.641E+1
286.33	4.854E+1
286.70	2.913E+1
287.06	7.282E+1
287.43	-2.670E+1
287.80	9.709E+0
288.17	2.913E+1
288.53	-1.019E+2
288.90	-5.097E+1
289.27	-1.699E+1
289.64	-7.767E+1
290.01	7.767E+1
290.37	1.699E+1
290.74	3.398E+1
291.11	6.796E+1
291.48	-7.282E+1
291.84	-7.282E+1
292.21	-1.699E+1
292.58	-2.670E+1
292.94	6.311E+1
293.31	-5.583E+1
293.68	3.641E+1
294.05	2.184E+1
294.41	1.942E+1
294.78	-1.214E+1
295.15	-2.427E+0
295.51	-6.554E+1
295.88	5.825E+1
296.25	4.854E+0
296.61	-1.214E+1
296.98	3.155E+1
297.35	2.427E+0
297.72	-4.369E+1
298.08	1.214E+1
298.45	3.398E+1
298.82	7.282E+1
299.18	-1.359E+2
299.55	-5.097E+1
299.91	3.884E+1
300.28	9.952E+1
300.65	-2.670E+1
301.01	-9.709E+0
301.38	-1.942E+1
301.75	1.214E+2
302.11	8.981E+1
302.48	-4.612E+1
302.85	-1.942E+1
303.21	9.223E+1
303.58	8.010E+1
303.94	3.155E+1
304.31	-4.612E+1
304.68	-1.456E+1
305.04	-5.097E+1
305.41	6.554E+1
305.77	-8.981E+1
306.14	-3.884E+1
306.51	-2.427E+0
306.87	-3.884E+1
307.24	-2.427E+0
307.60	-3.641E+1
307.97	3.398E+1
308.33	-2.427E+0
308.70	7.282E+1
309.07	3.884E+1
309.43	-2.670E+1
309.80	4.612E+1
310.16	6.068E+1
310.53	-1.141E+2
310.89	4.369E+1
311.26	7.524E+1
311.62	6.796E+1
311.99	-3.641E+1
312.35	-2.184E+1
312.72	5.583E+1
313.08	4.369E+1
313.45	-1.456E+1
313.81	-7.282E+0
314.18	2.670E+1
314.54	9.709E+0
314.91	8.981E+1
315.27	5.583E+1
315.64	0.000E+0
316.00	3.398E+1
316.37	-2.427E+1
316.73	6.554E+1
317.10	9.223E+1
317.46	-9.709E+0
317.83	4.126E+1
318.19	7.039E+1
318.56	4.854E+1
318.92	5.097E+1
319.28	-9.223E+1
319.65	-5.583E+1
320.01	1.699E+1
320.38	-6.311E+1
320.74	-2.427E+0
321.11	-2.427E+0
321.47	2.184E+1
321.83	-1.068E+2
322.20	3.155E+1
322.56	5.340E+1
322.93	9.223E+1
323.29	0.000E+0
323.66	-9.709E+0
324.02	3.155E+1
324.38	-2.184E+1
324.75	2.427E+0
325.11	3.884E+1
325.47	2.427E+1
325.84	5.340E+1
326.20	-6.068E+1
326.57	4.854E+1
326.93	-2.913E+1
327.29	1.699E+1
327.66	8.981E+1
328.02	5.340E+1
328.38	0.000E+0
328.75	4.854E+0
329.11	-2.913E+1
329.47	4.126E+1
329.84	-5.583E+1
330.20	5.340E+1
330.56	2.670E+1
330.93	-2.427E+1
331.29	5.097E+1
331.65	-4.369E+1
332.02	1.214E+1
332.38	-4.126E+1
332.74	-4.126E+1
333.10	-2.427E+0
333.47	-1.238E+2
333.83	8.495E+1
334.19	4.126E+1
334.56	5.340E+1
334.92	1.311E+2
335.28	2.913E+1
335.64	5.583E+1
336.01	1.505E+2
336.37	6.068E+1
336.73	7.282E+0
337.09	1.456E+1
337.46	3.641E+1
337.82	1.699E+1
338.18	3.398E+1
338.54	9.709E+0
338.91	-2.184E+1
339.27	8.495E+1
339.63	5.583E+1
339.99	4.612E+1
340.36	8.738E+1
340.72	1.141E+2
341.08	1.117E+2
341.44	4.369E+1
341.80	2.427E+1
342.17	2.913E+1
342.53	1.092E+2
342.89	-7.524E+1
343.25	5.097E+1
343.61	2.670E+1
343.98	9.709E+0
344.34	-1.699E+1
344.70	-1.019E+2
345.06	1.942E+1
345.42	2.427E+1
345.78	4.854E+0
346.14	-9.709E+1
346.51	5.097E+1
346.87	4.854E+1
347.23	2.184E+1
347.59	5.097E+1
347.95	6.311E+1
348.31	7.039E+1
348.67	7.282E+1
349.04	2.184E+1
349.40	1.214E+2
349.76	-8.010E+1
350.12	3.398E+1
350.48	1.699E+1
350.84	-7.524E+1
351.20	5.583E+1
351.56	3.398E+1
351.92	1.214E+1
352.28	5.825E+1
352.65	-4.126E+1
353.01	1.068E+2
353.37	-6.068E+1
353.73	3.884E+1
354.09	1.651E+2
354.45	3.641E+1
354.81	-5.340E+1
355.17	5.097E+1
355.53	-2.427E+1
355.89	-5.340E+1
356.25	2.427E+1
356.61	8.010E+1
356.97	3.155E+1
357.33	6.068E+1
357.69	-1.214E+1
358.05	-2.670E+1
358.41	-4.126E+1
358.77	-2.427E+1
359.13	4.612E+1
359.49	1.214E+1
359.85	-6.311E+1
360.21	5.583E+1
360.57	5.097E+1
360.93	2.427E+0
361.29	-1.214E+1
361.65	4.612E+1
362.01	-9.709E+0
362.37	2.427E+1
362.73	1.456E+1
363.09	8.981E+1
363.45	2.670E+1
363.81	1.068E+2
364.17	4.126E+1
364.53	4.126E+1
364.89	4.126E+1
365.25	-2.670E+1
365.61	4.854E+1
365.97	2.913E+1
366.33	4.854E+1
366.69	4.126E+1
367.05	1.456E+1
367.40	1.359E+2
367.76	9.709E+1
368.12	7.282E+1
368.48	2.427E+1
368.84	5.097E+1
369.20	1.311E+2
369.56	7.282E+1
369.92	9.952E+1
370.28	5.583E+1
370.63	8.495E+1
370.99	8.981E+1
371.35	7.282E+0
371.71	1.117E+2
372.07	1.505E+2
372.43	3.398E+1
372.79	1.092E+2
373.15	1.262E+2
373.50	1.335E+2
373.86	1.384E+2
374.22	8.495E+1
374.58	2.112E+2
374.94	1.505E+2
375.30	1.748E+2
375.65	2.015E+2
376.01	1.651E+2
376.37	2.087E+2
376.73	2.500E+2
377.09	2.913E+2
377.44	2.427E+2
377.80	2.670E+2
378.16	3.471E+2
378.52	3.034E+2
378.88	3.932E+2
379.23	4.563E+2
379.59	4.345E+2
379.95	4.296E+2
380.31	5.655E+2
380.66	4.490E+2
381.02	5.486E+2
381.38	5.364E+2
381.74	6.408E+2
382.09	7.063E+2
382.45	7.767E+2
382.81	6.675E+2
383.17	7.452E+2
383.52	8.544E+2
383.88	8.981E+2
384.24	7.719E+2
384.60	9.563E+2
384.95	1.019E+3
385.31	1.034E+3
385.67	1.201E+3
386.02	1.221E+3
386.38	1.182E+3
386.74	1.379E+3
387.10	1.415E+3
387.45	1.612E+3
387.81	1.653E+3
388.17	1.808E+3
388.52	1.937E+3
388.88	2.080E+3
389.24	2.165E+3
389.59	2.265E+3
389.95	2.580E+3
390.31	2.653E+3
390.66	2.871E+3
391.02	2.913E+3
391.38	3.126E+3
391.73	3.541E+3
392.09	3.721E+3
392.44	3.947E+3
392.80	4.024E+3
393.16	4.534E+3
393.51	4.765E+3
393.87	5.100E+3
394.23	5.464E+3
394.58	5.736E+3
394.94	6.282E+3
395.29	6.614E+3
395.65	7.109E+3
396.01	7.699E+3
396.36	7.927E+3
396.72	8.689E+3
397.07	9.080E+3
397.43	9.901E+3
397.78	1.035E+4
398.14	1.092E+4
398.50	1.175E+4
398.85	1.242E+4
399.21	1.304E+4
399.56	1.397E+4
399.92	1.466E+4
400.27	1.560E+4
400.63	1.648E+4
400.98	1.724E+4
401.34	1.849E+4
401.69	1.909E+4
402.05	2.027E+4
402.40	2.102E+4
402.76	2.215E+4
403.11	2.290E+4
403.47	2.500E+4
403.82	2.523E+4
404.18	2.699E+4
404.53	2.768E+4
404.89	2.996E+4
405.24	3.066E+4
405.60	3.157E+4
405.95	3.346E+4
406.31	3.453E+4
406.66	3.524E+4
407.02	3.684E+4
407.37	3.826E+4
407.73	3.901E+4
408.08	4.073E+4
408.44	4.109E+4
408.79	4.282E+4
409.14	4.389E+4
409.50	4.507E+4
409.85	4.583E+4
410.21	4.772E+4
410.56	4.807E+4
410.92	4.895E+4
411.27	4.988E+4
411.62	5.080E+4
411.98	5.097E+4
412.33	5.156E+4
412.69	5.218E+4
413.04	5.261E+4
413.39	5.216E+4
413.75	5.222E+4
414.10	5.260E+4
414.45	5.259E+4
414.81	5.273E+4
415.16	5.214E+4
415.52	5.146E+4
415.87	5.182E+4
416.22	5.096E+4
416.58	5.067E+4
416.93	5.044E+4
417.28	4.896E+4
417.64	4.824E+4
417.99	4.807E+4
418.34	4.663E+4
418.70	4.561E+4
419.05	4.379E+4
419.40	4.281E+4
419.76	4.122E+4
420.11	4.049E+4
420.46	3.843E+4
420.81	3.654E+4
421.17	3.554E+4
421.52	3.365E+4
421.87	3.262E+4
422.23	3.096E+4
422.58	2.959E+4
422.93	2.829E+4
423.28	2.697E+4
423.64	2.646E+4
423.99	2.470E+4
424.34	2.323E+4
424.69	2.229E+4
425.05	2.108E+4
425.40	2.024E+4
425.75	1.904E+4
426.10	1.826E+4
426.46	1.759E+4
426.81	1.643E+4
427.16	1.558E+4
427.51	1.503E+4
427.87	1.412E+4
428.22	1.369E+4
428.57	1.288E+4
428.92	1.252E+4
429.27	1.175E+4
429.63	1.118E+4
429.98	1.075E+4
430.33	1.026E+4
430.68	9.993E+3
431.03	9.369E+3
431.38	8.733E+3
431.74	8.274E+3
432.09	8.192E+3
432.44	7.850E+3
432.79	7.393E+3
433.14	6.949E+3
433.49	6.439E+3
433.85	6.522E+3
434.20	6.119E+3
434.55	5.736E+3
434.90	5.587E+3
435.25	5.335E+3
435.60	4.905E+3
435.95	4.587E+3
436.30	4.675E+3
436.66	4.517E+3
437.01	4.163E+3
437.36	4.073E+3
437.71	3.857E+3
438.06	3.517E+3
438.41	3.466E+3
438.76	3.384E+3
439.11	3.211E+3
439.46	3.053E+3
439.81	2.901E+3
440.16	2.816E+3
440.52	2.692E+3
440.87	2.539E+3
441.22	2.483E+3
441.57	2.357E+3
441.92	2.388E+3
442.27	2.049E+3
442.62	2.177E+3
442.97	1.915E+3
443.32	1.981E+3
443.67	1.748E+3
444.02	1.748E+3
444.37	1.602E+3
444.72	1.604E+3
445.07	1.641E+3
445.42	1.515E+3
445.77	1.597E+3
446.12	1.422E+3
446.47	1.303E+3
446.82	1.306E+3
447.17	1.267E+3
447.52	1.240E+3
447.87	1.153E+3
448.22	1.051E+3
448.57	1.153E+3
448.92	1.007E+3
449.27	9.612E+2
449.62	9.563E+2
449.97	1.022E+3
450.32	8.058E+2
450.66	8.908E+2
451.01	8.058E+2
451.36	7.112E+2
451.71	6.918E+2
452.06	8.253E+2
452.41	6.626E+2
452.76	7.767E+2
453.11	7.864E+2
453.46	7.160E+2
453.81	6.942E+2
454.16	5.558E+2
454.51	6.602E+2
454.85	6.214E+2
455.20	5.097E+2
455.55	5.558E+2
455.90	5.461E+2
456.25	5.146E+2
456.60	4.320E+2
456.95	4.733E+2
457.30	4.199E+2
457.64	4.175E+2
457.99	4.272E+2
458.34	3.811E+2
458.69	2.549E+2
459.04	3.665E+2
459.39	3.107E+2
459.73	4.466E+2
460.08	3.641E+2
460.43	3.714E+2
460.78	2.816E+2
461.13	2.961E+2
461.48	3.544E+2
461.82	2.840E+2
462.17	3.180E+2
462.52	2.282E+2
462.87	2.597E+2
463.21	3.131E+2
463.56	3.908E+2
463.91	3.544E+2
464.26	2.646E+2
464.61	3.058E+2
464.95	3.519E+2
465.30	2.476E+2
465.65	2.403E+2
466.00	3.252E+2
466.34	2.015E+2
466.69	1.529E+2
467.04	1.723E+2
467.39	2.985E+2
467.73	2.888E+2
468.08	3.374E+2
468.43	1.748E+2
468.77	2.621E+2
469.12	8.010E+1
469.47	1.723E+2
469.82	2.451E+2
470.16	2.718E+2
470.51	2.184E+2
470.86	1.408E+2
471.20	1.189E+2
471.55	2.646E+2
471.90	1.990E+2
472.24	2.306E+2
472.59	1.044E+2
472.94	1.432E+2
473.28	1.869E+2
473.63	1.384E+2
473.98	8.981E+1
474.32	2.767E+2
474.67	1.918E+2
475.02	1.553E+2
475.36	1.505E+2
475.71	1.699E+2
476.06	1.626E+2
476.40	2.160E+2
476.75	7.282E+1
477.09	4.612E+1
477.44	2.209E+2
477.79	9.952E+1
478.13	1.772E+2
478.48	1.238E+2
478.82	1.189E+2
479.17	1.238E+2
479.52	4.854E+1
479.86	2.136E+2
480.21	1.505E+2
480.55	1.044E+2
480.90	2.282E+2
481.24	4.854E+1
481.59	9.223E+1
481.94	3.155E+1
482.28	1.602E+2
482.63	1.966E+2
482.97	1.359E+2
483.32	1.141E+2
483.66	2.670E+1
484.01	-7.282E+0
484.35	1.165E+2
484.70	1.748E+2
485.04	9.709E+1
485.39	9.466E+1
485.73	1.117E+2
486.08	-4.854E+0
486.42	8.253E+1
486.77	7.767E+1
487.11	2.184E+1
487.46	4.612E+1
487.80	1.214E+1
488.15	8.010E+1
488.49	1.019E+2
488.84	9.223E+1
489.18	1.092E+2
489.53	1.238E+2
489.87	1.311E+2
490.21	5.583E+1
490.56	9.952E+1
490.90	8.981E+1
491.25	8.253E+1
491.59	1.675E+2
491.94	1.384E+2
492.28	8.495E+1
492.62	1.626E+2
492.97	8.010E+1
493.31	2.427E+1
493.66	8.253E+1
494.00	3.641E+1
494.34	7.282E+1
494.69	1.481E+2
495.03	3.641E+1
495.38	1.699E+1
495.72	-3.884E+1
496.06	1.044E+2
496.41	9.952E+1
496.75	1.311E+2
497.09	1.044E+2
497.44	-9.709E+0
497.78	0.000E+0
498.13	9.223E+1
498.47	8.981E+1
498.81	5.097E+1
499.16	5.340E+1
499.50	1.456E+1
499.84	7.039E+1
500.19	5.825E+1
500.53	1.019E+2
500.87	9.952E+1
501.21	7.039E+1
501.56	1.214E+2
501.90	-8.738E+1
502.24	1.238E+2
502.59	1.262E+2
502.93	4.612E+1
503.27	-2.670E+1
503.61	3.884E+1
503.96	3.398E+1
504.30	4.854E+0
504.64	4.369E+1
504.99	4.126E+1
505.33	3.398E+1
505.67	6.068E+1
506.01	-7.524E+1
506.36	1.141E+2
506.70	0.000E+0
507.04	4.126E+1
507.38	8.738E+1
507.72	-6.311E+1
508.07	-7.767E+1
508.41	5.825E+1
508.75	6.554E+1
509.09	1.942E+1
509.44	5.583E+1
509.78	4.369E+1
510.12	4.854E+0
510.46	2.427E+0
510.80	1.456E+1
511.14	1.942E+1
511.49	5.097E+1
511.83	5.097E+1
512.17	-4.369E+1
512.51	1.699E+1
512.85	1.942E+1
513.19	1.481E+2
513.54	-7.767E+1
513.88	-6.554E+1
514.22	9.466E+1
514.56	4.854E+0
514.90	4.612E+1
515.24	4.369E+1
515.58	8.010E+1
515.93	-2.913E+1
516.27	1.214E+1
516.61	7.767E+1
516.95	-1.214E+1
517.29	1.384E+2
517.63	9.223E+1
517.97	6.796E+1
518.31	5.825E+1
518.65	4.854E+0
518.99	4.369E+1
519.33	1.432E+2
519.67	9.223E+1
520.02	9.709E+1
520.36	7.524E+1
520.70	9.952E+1
521.04	1.238E+2
521.38	-3.155E+1
521.72	4.854E+0
522.06	1.117E+2
522.40	6.311E+1
522.74	2.670E+1
523.08	2.427E+0
523.42	-2.427E+0
523.76	1.286E+2
524.10	4.612E+1
524.44	1.141E+2
524.78	-9.709E+0
525.12	7.282E+1
525.46	1.214E+1
525.80	1.214E+1
526.14	3.884E+1
526.48	2.427E+1
526.82	5.583E+1
527.16	3.884E+1
527.50	6.311E+1
527.84	-4.854E+0
528.18	1.092E+2
528.52	5.097E+1
528.86	1.214E+2
529.20	4.612E+1
529.54	9.466E+1
529.87	-7.524E+1
530.21	2.427E+0
530.55	6.068E+1
530.89	1.189E+2
531.23	5.825E+1
531.57	-3.398E+1
531.91	1.942E+1
532.25	-3.641E+1
532.59	2.427E+0
532.93	4.854E+1
533.27	9.952E+1
533.60	8.253E+1
533.94	-2.427E+0
534.28	4.854E+0
534.62	5.825E+1
534.96	1.553E+2
535.30	7.524E+1
535.64	3.641E+1
535.98	-8.981E+1
536.31	7.767E+1
536.65	4.854E+1
536.99	1.456E+1
537.33	4.126E+1
537.67	4.854E+0
538.01	6.311E+1
538.34	6.311E+1
538.68	1.238E+2
539.02	2.670E+1
539.36	1.578E+2
539.70	6.554E+1
540.03	-4.126E+1
540.37	6.796E+1
540.71	7.282E+1
541.05	2.184E+1
541.39	3.155E+1
541.72	2.670E+1
542.06	5.340E+1
542.40	7.524E+1
542.74	5.097E+1
543.07	3.641E+1
543.41	-3.155E+1
543.75	2.670E+1
544.09	1.092E+2
544.42	3.155E+1
544.76	8.981E+1
545.10	-1.019E+2
545.44	5.825E+1
545.77	-1.699E+1
546.11	-1.699E+1
546.45	3.155E+1
546.78	1.286E+2
547.12	-2.427E+1
547.46	1.117E+2
547.80	9.466E+1
548.13	6.554E+1
548.47	0.000E+0
548.81	-2.427E+0
549.14	-2.427E+0
549.48	2.184E+1
549.82	-2.913E+1
550.15	-9.709E+0
550.49	-2.184E+1
550.83	9.223E+1
551.16	3.398E+1
551.50	2.913E+1
551.84	8.253E+1
552.17	1.505E+2
552.51	6.068E+1
552.84	-2.670E+1
553.18	7.282E+1
553.52	1.214E+1
553.85	1.214E+1
554.19	0.000E+0
554.53	7.039E+1
554.86	2.427E+0
555.20	7.282E+1
555.53	5.583E+1
555.87	2.427E+1
556.20	8.738E+1
556.54	9.709E+0
556.88	7.524E+1
557.21	3.155E+1
557.55	2.427E+0
557.88	9.709E+0
558.22	3.398E+1
558.55	6.311E+1
558.89	-5.583E+1
559.23	5.825E+1
559.56	-6.796E+1
559.90	-7.039E+1
560.23	-4.126E+1
560.57	1.456E+2
560.90	-4.854E+1
561.24	8.738E+1
561.57	9.223E+1
561.91	5.825E+1
562.24	2.427E+1
562.58	1.456E+1
562.91	-3.398E+1
563.25	7.282E+0
563.58	3.398E+1
563.92	-1.214E+1
564.25	1.214E+1
564.59	2.184E+1
564.92	-3.641E+1
565.25	-7.282E+0
565.59	-1.214E+1
565.92	5.097E+1
566.26	8.495E+1
566.59	-4.854E+0
566.93	4.854E+0
567.26	1.942E+1
567.60	9.952E+1
567.93	-4.854E+1
568.26	8.495E+1
568.60	6.554E+1
568.93	-2.427E+1
569.27	7.767E+1
569.60	-4.854E+0
569.93	6.796E+1
570.27	-2.427E+1
570.60	7.524E+1
570.94	1.165E+2
571.27	-4.612E+1
571.60	1.262E+2
571.94	1.044E+2
572.27	7.282E+1
572.60	-6.311E+1
572.94	1.456E+1
573.27	2.427E+1
573.60	4.854E+1
573.94	6.554E+1
574.27	-1.699E+1
574.60	8.010E+1
574.94	-1.699E+1
575.27	3.398E+1
575.60	6.068E+1
575.94	2.913E+1
576.27	1.019E+2
576.60	-8.010E+1
576.94	-2.184E+1
577.27	6.311E+1
577.60	8.253E+1
577.94	1.699E+1
578.27	-1.942E+1
578.60	-8.010E+1
578.93	-4.612E+1
579.27	-2.427E+0
579.60	6.554E+1
579.93	4.854E+0
580.26	8.010E+1
580.60	4.854E+1
580.93	-7.282E+1
581.26	-4.612E+1
581.59	2.184E+1
581.93	-1.092E+2
582.26	-9.709E+0
582.59	4.612E+1
582.92	7.767E+1
583.25	-3.155E+1
583.59	-2.913E+1
583.92	-2.913E+1
584.25	-2.670E+1
584.58	4.854E+1
584.91	-9.466E+1
585.25	2.913E+1
585.58	1.456E+1
585.91	-3.641E+1
586.24	-7.282E+1
586.57	1.675E+2
586.90	1.942E+1
587.24	1.141E+2
587.57	-2.427E+1
587.90	1.214E+1
588.23	9.709E+0
588.56	4.854E+0
588.89	4.612E+1
589.22	1.214E+1
589.56	-3.155E+1
589.89	0.000E+0
590.22	5.583E+1
590.55	1.214E+1
590.88	4.126E+1
591.21	1.068E+2
591.54	5.825E+1
591.87	-4.854E+1
592.20	-2.184E+1
592.53	-4.612E+1
592.87	1.456E+1
593.20	-6.311E+1
593.53	-4.369E+1
593.86	1.141E+2
594.19	6.068E+1
594.52	-1.699E+1
594.85	3.641E+1
595.18	1.214E+1
595.51	-5.097E+1
595.84	4.854E+1
596.17	-8.738E+1
596.50	-1.044E+2
596.83	-1.214E+1
597.16	7.039E+1
597.49	-4.369E+1
597.82	9.223E+1
598.15	6.554E+1
598.48	-2.670E+1
598.81	2.670E+1
599.14	2.670E+1
599.47	-3.641E+1
599.80	8.495E+1
600.13	9.223E+1
600.46	9.466E+1
600.79	3.641E+1
601.12	4.126E+1
601.45	7.039E+1
601.78	3.641E+1
602.11	-9.709E+0
602.44	7.282E+1
602.77	5.340E+1
603.10	7.039E+1
603.42	-2.427E+0
603.75	-8.738E+1
604.08	1.214E+1
604.41	-3.155E+1
604.74	9.466E+1
605.07	9.952E+1
605.40	-7.767E+1
605.73	2.670E+1
606.06	-1.699E+1
606.39	0.000E+0
606.71	4.854E+0
607.04	-9.709E+0
607.37	1.699E+1
607.70	1.456E+1
608.03	-3.398E+1
608.36	-1.699E+1
608.69	1.456E+1
609.02	4.854E+0
609.34	-1.699E+1
609.67	7.039E+1
610.00	-1.335E+2
610.33	1.214E+1
610.66	4.612E+1
610.98	-4.854E+0
611.31	1.068E+2
611.64	-5.825E+1
611.97	2.184E+1
612.30	-3.398E+1
612.63	5.097E+1
612.95	6.311E+1
613.28	-3.884E+1
613.61	9.709E+1
613.94	1.044E+2
614.26	-7.282E+0
614.59	-2.427E+0
614.92	-4.854E+1
615.25	1.456E+1
615.57	4.369E+1
615.90	4.854E+1
616.23	9.709E+1
616.56	3.398E+1
616.88	4.612E+1
617.21	-7.524E+1
617.54	-4.369E+1
617.87	-7.767E+1
618.19	1.214E+1
618.52	-1.699E+1
618.85	4.612E+1
619.17	5.097E+1
619.50	2.427E+1
619.83	-7.524E+1
620.15	4.126E+1
620.48	3.398E+1
620.81	5.583E+1
621.14	-2.427E+0
621.46	8.981E+1
621.79	4.126E+1
622.11	3.155E+1
622.44	6.068E+1
622.77	1.286E+2
623.09	-1.942E+1
623.42	-3.398E+1
623.75	6.796E+1
624.07	1.335E+2
624.40	6.068E+1
624.73	6.796E+1
625.05	7.039E+1
625.38	1.553E+2
625.70	6.068E+1
626.03	-5.583E+1
626.36	8.738E+1
626.68	-9.466E+1
627.01	5.340E+1
627.33	5.825E+1
627.66	7.767E+1
627.99	9.709E+1
628.31	6.796E+1
628.64	3.155E+1
628.96	8.253E+1
629.29	-6.311E+1
629.61	3.398E+1
629.94	-1.456E+1
630.26	3.641E+1
630.59	-1.699E+1
630.91	3.641E+1
631.24	2.184E+1
631.57	4.126E+1
631.89	1.942E+1
632.22	-9.709E+0
632.54	4.126E+1
632.87	9.952E+1
633.19	7.282E+1
633.52	3.884E+1
633.84	1.942E+1
634.16	3.641E+1
634.49	8.738E+1
634.81	8.010E+1
635.14	-1.117E+2
635.46	-5.825E+1
635.79	8.981E+1
636.11	-9.223E+1
636.44	4.854E+0
636.76	-4.612E+1
637.09	0.000E+0
637.41	-2.670E+1
637.73	8.010E+1
638.06	-2.184E+1
638.38	1.456E+1
638.71	2.913E+1
639.03	1.092E+2
639.36	3.641E+1
639.68	1.019E+2
640.00	-2.184E+1
640.33	3.398E+1
640.65	-7.282E+0
640.97	2.427E+0
641.30	4.612E+1
641.62	9.709E+1
641.95	1.214E+1
642.27	-1.214E+1
642.59	5.825E+1
642.92	4.369E+1
643.24	1.068E+2
643.56	8.253E+1
643.89	5.340E+1
644.21	-1.456E+1
644.53	8.981E+1
644.86	3.398E+1
645.18	2.184E+1
645.50	-2.184E+1
645.83	8.981E+1
646.15	-4.854E+0
646.47	-1.044E+2
646.80	4.854E+0
647.12	-5.340E+1
647.44	7.039E+1
647.76	7.039E+1
648.09	9.709E+0
648.41	9.952E+1
648.73	3.155E+1
649.05	-9.709E+0
649.38	4.854E+1
649.70	9.709E+1
650.02	3.155E+1
650.34	7.524E+1
650.67	-4.854E+0
650.99	6.796E+1
651.31	2.427E+1
651.63	7.524E+1
651.96	8.738E+1
652.28	-1.189E+2
652.60	-2.913E+1
652.92	-4.612E+1
653.24	8.495E+1
653.57	-4.854E+1
653.89	2.184E+1
654.21	0.000E+0
654.53	4.854E+1
654.85	8.981E+1
655.18	-4.369E+1
655.50	-6.311E+1
655.82	-3.398E+1
656.14	-1.942E+1
656.46	3.155E+1
656.78	-5.097E+1
657.10	-1.699E+1
657.43	4.612E+1
657.75	-1.019E+2
658.07	1.286E+2
658.39	-4.612E+1
658.71	9.466E+1
659.03	2.913E+1
659.35	6.068E+1
659.67	-6.554E+1
659.99	3.155E+1
660.32	6.796E+1
660.64	-2.913E+1
660.96	2.913E+1
661.28	1.699E+1
661.60	-2.913E+1
661.92	-1.456E+1
662.24	2.427E+1
662.56	3.398E+1
662.88	4.126E+1
663.20	3.398E+1
663.52	-3.641E+1
663.84	2.670E+1
664.16	2.670E+1
664.48	1.456E+1
664.80	5.097E+1
665.12	-5.825E+1
665.44	-3.398E+1
665.76	1.214E+1
666.08	-7.282E+0
666.40	3.398E+1
666.72	3.398E+1
667.04	5.097E+1
667.36	2.184E+1
667.68	-6.554E+1
668.00	6.068E+1
668.32	7.524E+1
668.64	4.854E+1
668.96	3.398E+1
669.28	8.495E+1
669.60	1.456E+1
669.92	2.184E+1
670.24	1.553E+2
670.56	2.427E+0
670.88	-8.738E+1
671.20	7.039E+1
671.52	3.641E+1
671.84	-7.767E+1
672.16	8.495E+1
672.47	7.767E+1
672.79	-7.282E+1
673.11	-7.282E+0
673.43	-4.854E+1
673.75	-3.155E+1
674.07	1.456E+1
674.39	-1.699E+1
674.71	-5.097E+1
675.03	-1.942E+1
675.34	3.398E+1
675.66	5.583E+1
675.98	3.155E+1
676.30	2.427E+1
676.62	-7.282E+1
676.94	2.427E+0
677.25	4.126E+1
677.57	-8.010E+1
677.89	-4.126E+1
678.21	-2.427E+0
678.53	-4.854E+1
678.85	6.796E+1
679.16	-5.340E+1
679.48	6.554E+1
679.80	1.456E+1
680.12	3.884E+1
680.44	-6.796E+1
680.75	-7.039E+1
681.07	6.068E+1
681.39	-2.427E+0
681.71	-5.825E+1
682.02	1.456E+1
682.34	7.524E+1
682.66	-8.253E+1
682.98	-3.641E+1
683.29	4.854E+1
683.61	-1.214E+1
683.93	-1.117E+2
684.25	2.427E+0
684.56	9.466E+1
684.88	7.282E+1
685.20	9.709E+0
685.51	7.039E+1
685.83	-2.427E+0
686.15	-1.699E+1
686.47	4.126E+1
686.78	-1.456E+1
687.10	-3.398E+1
687.42	6.068E+1
687.73	-1.141E+2
688.05	-5.097E+1
688.37	-1.699E+1
688.68	-4.126E+1
689.00	-1.699E+1
689.32	-5.340E+1
689.63	-3.398E+1
689.95	5.097E+1
690.26	5.097E+1
690.58	1.699E+1
690.90	-2.670E+1
691.21	-4.126E+1
691.53	-8.253E+1
691.85	2.913E+1
692.16	1.699E+1
692.48	3.398E+1
692.79	-1.699E+1
693.11	-1.092E+2
693.42	-8.253E+1
693.74	4.126E+1
694.06	2.427E+0
694.37	-4.854E+1
694.69	-3.155E+1
695.00	1.699E+1
695.32	3.884E+1
695.63	-1.019E+2
695.95	7.282E+1
696.26	2.427E+0
696.58	-5.097E+1
696.90	4.854E+0
697.21	4.126E+1
697.53	7.524E+1
697.84	-1.942E+1
698.16	7.282E+1
698.47	5.583E+1
698.79	-7.039E+1
699.10	5.825E+1
699.42	-2.913E+1
699.73	8.495E+1
700.05	2.913E+1
700.36	-3.884E+1
700.68	-2.913E+1
700.99	2.427E+1
701.30	4.854E+0
701.62	1.456E+1
701.93	-5.340E+1
702.25	1.942E+1
702.56	3.155E+1
702.88	-1.699E+1
703.19	6.068E+1
703.50	1.214E+1
703.82	3.884E+1
704.13	-2.427E+1
704.45	9.709E+0
704.76	1.456E+1
705.08	-2.427E+0
705.39	-3.884E+1
705.70	-1.214E+1
706.02	-4.369E+1
706.33	-7.282E+0
706.64	7.767E+1
706.96	3.884E+1
707.27	-6.796E+1
707.59	5.583E+1
707.90	4.369E+1
708.21	1.117E+2
708.53	1.408E+2
708.84	-3.884E+1
709.15	-5.340E+1
709.47	2.670E+1
709.78	1.335E+2
710.09	5.097E+1
710.41	1.456E+1
710.72	3.641E+1
711.03	8.010E+1
711.34	5.097E+1
711.66	-4.854E+0
711.97	-5.097E+1
712.28	-2.913E+1
712.60	-5.097E+1
712.91	1.214E+1
713.22	5.097E+1
713.53	-2.427E+0
713.85	2.427E+1
714.16	-3.641E+1
714.47	4.612E+1
714.78	4.369E+1
715.10	7.282E+1
715.41	1.214E+1
715.72	2.427E+1
716.03	9.709E+1
716.35	8.010E+1
716.66	1.699E+1
716.97	-1.141E+2
717.28	-3.155E+1
717.59	3.398E+1
717.91	1.456E+1
718.22	2.184E+1
718.53	1.092E+2
718.84	9.709E+0
719.15	-2.670E+1
719.46	-3.641E+1
719.78	1.942E+1
720.09	-1.699E+1
720.40	2.427E+1
720.71	5.583E+1
721.02	5.825E+1
721.33	6.796E+1
721.65	4.854E+1
721.96	5.583E+1
722.27	8.253E+1
722.58	-7.767E+1
722.89	4.369E+1
723.20	-3.398E+1
723.51	-6.554E+1
723.82	-1.214E+1
724.13	2.913E+1
724.45	-1.214E+1
724.76	4.126E+1
725.07	-2.913E+1
725.38	1.481E+2
725.69	1.456E+1
726.00	-6.311E+1
726.31	3.398E+1
726.62	-4.854E+1
726.93	-4.854E+0
727.24	-1.699E+1
727.55	-2.670E+1
727.86	-7.524E+1
728.17	-3.398E+1
728.48	-2.427E+0
728.79	-6.068E+1
729.10	4.369E+1
729.41	-9.709E+0
729.72	-2.184E+1
730.03	-1.942E+1
730.34	-1.699E+1
730.65	-8.010E+1
730.96	4.854E+0
731.27	-2.913E+1
731.58	1.456E+1
731.89	4.854E+1
732.20	1.068E+2
732.51	2.670E+1
732.82	-3.398E+1
733.13	-1.699E+1
733.44	4.369E+1
733.75	-2.913E+1
734.06	3.155E+1
734.37	-4.612E+1
734.68	-2.670E+1
734.98	-5.583E+1
735.29	-3.884E+1
735.60	-1.311E+2
735.91	-9.709E+1
736.22	-1.214E+1
736.53	-3.398E+1
736.84	-6.311E+1
737.15	-3.641E+1
737.46	9.709E+0
737.77	-3.398E+1
738.07	7.524E+1
738.38	-1.699E+1
738.69	-7.282E+1
739.00	3.884E+1
739.31	2.427E+0
739.62	1.117E+2
739.92	-4.126E+1
740.23	2.184E+1
740.54	-2.427E+1
740.85	4.854E+0
741.16	-2.184E+1
741.47	2.184E+1
741.77	1.942E+1
742.08	3.641E+1
742.39	5.583E+1
742.70	-1.214E+1
743.01	-1.699E+1
743.31	7.767E+1
743.62	-4.854E+0
743.93	2.913E+1
744.24	2.427E+1
744.54	-9.709E+0
744.85	-8.738E+1
745.16	-4.612E+1
745.47	-1.942E+1
745.77	5.583E+1
746.08	-3.398E+1
746.39	-2.913E+1
746.70	7.524E+1
747.00	-3.884E+1
747.31	6.796E+1
747.62	2.670E+1
747.92	-1.456E+1
748.23	3.641E+1
748.54	8.253E+1
748.84	-3.398E+1
749.15	4.854E+0
749.46	-3.155E+1
749.76	2.913E+1
750.07	2.184E+1
750.38	9.952E+1
750.68	-4.126E+1
750.99	-4.369E+1
751.30	4.369E+1
751.60	-7.767E+1
751.91	6.068E+1
752.22	-5.825E+1
752.52	-2.670E+1
752.83	-9.466E+1
753.14	0.000E+0
753.44	6.311E+1
753.75	-4.854E+0
754.05	0.000E+0
754.36	4.854E+0
754.67	6.311E+1
754.97	-1.214E+1
755.28	-2.184E+1
755.58	-6.796E+1
755.89	2.427E+0
756.19	-5.097E+1
756.50	-3.398E+1
756.81	-3.155E+1
757.11	5.340E+1
757.42	4.126E+1
757.72	-2.427E+0
758.03	-3.155E+1
758.33	2.670E+1
758.64	-2.427E+0
758.94	3.398E+1
759.25	-2.670E+1
759.55	3.884E+1
759.86	-3.884E+1
760.16	-1.699E+1
760.47	7.039E+1
760.77	5.825E+1
761.08	-2.913E+1
761.38	-6.796E+1
761.69	6.554E+1
761.99	3.641E+1
762.30	-4.854E+0
762.60	-3.398E+1
762.91	3.884E+1
763.21	-2.427E+1
763.51	5.825E+1
763.82	2.184E+1
764.12	-2.427E+0
764.43	0.000E+0
764.73	-8.495E+1
765.04	1.942E+1
765.34	4.854E+1
765.64	5.583E+1
765.95	-8.738E+1
766.25	-3.155E+1
766.56	3.398E+1
766.86	2.427E+1
767.16	2.184E+1
767.47	0.000E+0
767.77	-1.699E+1
768.07	4.612E+1
768.38	8.981E+1
768.68	5.583E+1
768.98	-1.456E+1
769.29	-4.612E+1
769.59	2.670E+1
769.89	2.913E+1
770.20	-1.117E+2
770.50	-5.583E+1
770.80	-5.097E+1
771.11	2.913E+1
771.41	-1.456E+1
771.71	-1.699E+1
772.02	3.884E+1
772.32	3.884E+1
772.62	-2.913E+1
772.93	6.554E+1
773.23	-2.184E+1
773.53	-3.398E+1
773.83	-5.825E+1
774.14	-4.854E+0
774.44	-4.612E+1
774.74	2.913E+1
775.04	1.141E+2
775.35	5.340E+1
775.65	4.126E+1
775.95	-4.854E+0
776.25	-2.913E+1
776.55	-2.427E+1
776.86	-4.612E+1
777.16	-4.854E+1
777.46	5.583E+1
777.76	2.427E+1
778.06	4.126E+1
778.37	-4.854E+0
778.67	9.709E+0
778.97	1.214E+2
779.27	-7.282E+0
779.57	-1.214E+1
779.88	-2.670E+1
780.18	-1.019E+2
780.48	-2.670E+1
780.78	2.184E+1
781.08	-3.155E+1
781.38	-2.913E+1
781.68	-8.495E+1
781.98	-5.097E+1
782.29	-4.126E+1
782.59	7.282E+0
782.89	-3.398E+1
783.19	4.612E+1
783.49	-5.583E+1
783.79	-4.854E+1
784.09	-3.641E+1
784.39	7.282E+0
784.69	1.699E+1
784.99	1.214E+1
785.30	4.369E+1
785.60	4.612E+1
785.90	-2.184E+1
786.20	2.184E+1
786.50	7.524E+1
786.80	7.524E+1
787.10	-5.825E+1
787.40	-8.253E+1
787.70	5.097E+1
788.00	-8.495E+1
788.30	-1.942E+1
788.60	8.738E+1
788.90	-8.981E+1
789.20	7.767E+1
789.50	2.184E+1
789.80	-4.854E+0
790.10	8.738E+1
790.40	6.311E+1
790.70	1.942E+1
791.00	3.884E+1
791.30	2.427E+0
791.60	4.854E+1
791.90	2.670E+1
792.20	1.456E+1
792.50	-6.311E+1
792.79	-5.583E+1
793.09	-4.854E+0
793.39	-2.913E+1
793.69	-2.427E+0
793.99	1.335E+2
794.29	1.942E+1
794.59	3.641E+1
794.89	-4.854E+0
795.19	9.952E+1
795.49	5.340E+1
795.79	0.000E+0
796.08	1.214E+1
796.38	-8.981E+1
796.68	-9.709E+0
796.98	8.010E+1
797.28	4.369E+1
797.58	-3.884E+1
797.88	-2.670E+1
798.17	-9.709E+1
798.47	1.214E+1
798.77	-1.432E+2
799.07	-2.427E+1
799.37	-4.854E+1
799.67	4.854E+1
799.96	-2.427E+1
800.26	-6.311E+1
800.56	5.583E+1
800.86	-9.709E+0
801.16	2.913E+1
801.45	2.670E+1
801.75	-7.039E+1
802.05	4.126E+1
802.35	4.369E+1
802.64	-1.942E+1
802.94	-3.641E+1
803.24	-4.854E+1
803.54	-2.427E+1
803.83	-1.699E+1
804.13	5.825E+1
804.43	-6.311E+1
804.73	1.456E+1
805.02	-7.524E+1
805.32	-9.709E+0
805.62	-2.427E+1
805.91	-6.068E+1
806.21	7.039E+1
806.51	-5.825E+1
806.81	9.223E+1
807.10	1.723E+2
807.40	-2.427E+1
807.70	-2.427E+1
807.99	-6.796E+1
808.29	-5.583E+1
808.59	-8.495E+1
808.88	-7.282E+0
809.18	4.612E+1
809.47	1.262E+2
809.77	3.398E+1
810.07	5.340E+1
810.36	-1.942E+1
810.66	-2.913E+1
810.96	1.942E+1
811.25	2.184E+1
811.55	-7.524E+1
811.84	7.282E+1
812.14	0.000E+0
812.44	1.942E+1
812.73	-4.612E+1
813.03	-4.854E+0
813.32	7.282E+0
813.62	-9.223E+1
813.91	1.456E+1
814.21	1.165E+2
814.51	-7.039E+1
814.80	-7.282E+0
815.10	3.641E+1
815.39	-7.282E+0
815.69	-4.854E+1
815.98	-8.495E+1
816.28	-5.583E+1
816.57	5.583E+1
816.87	-1.942E+1
817.16	-3.398E+1
817.46	-8.253E+1
817.75	-5.583E+1
818.05	-2.184E+1
818.34	4.854E+0
818.64	5.097E+1
818.93	6.554E+1
819.23	-3.641E+1
819.52	-6.311E+1
819.82	1.214E+1
820.11	9.466E+1
820.40	9.709E+1
820.70	1.214E+1
820.99	-7.282E+0
821.29	-1.699E+1
821.58	2.427E+0
821.88	-7.282E+1
822.17	-4.126E+1
822.46	-2.427E+1
822.76	8.253E+1
823.05	-1.044E+2
823.35	1.092E+2
823.64	7.282E+0
823.93	7.282E+0
824.23	5.097E+1
824.52	1.214E+1
824.81	0.000E+0
825.11	1.942E+1
825.40	-2.913E+1
825.69	-8.495E+1
825.99	7.039E+1
826.28	-2.427E+1
826.58	-1.262E+2
826.87	-5.340E+1
827.16	-3.884E+1
827.45	-8.253E+1
827.75	-7.282E+0
828.04	-9.709E+1
828.33	7.282E+0
828.63	1.456E+1
828.92	8.495E+1
829.21	6.796E+1
829.51	4.854E+1
829.80	2.670E+1
830.09	1.335E+2
830.38	-3.398E+1
830.68	1.456E+1
830.97	-5.340E+1
831.26	-1.214E+1
831.55	8.010E+1
831.85	7.039E+1
832.14	-9.466E+1
832.43	-8.495E+1
832.72	2.427E+1
833.01	-7.039E+1
833.31	-7.524E+1
833.60	3.398E+1
833.89	8.253E+1
834.18	-7.524E+1
834.47	-2.913E+1
834.77	7.039E+1
835.06	-1.092E+2
835.35	-3.155E+1
835.64	5.097E+1
835.93	-1.456E+1
836.22	-4.369E+1
836.52	7.039E+1
836.81	-4.369E+1
837.10	2.670E+1
837.39	2.184E+1
837.68	2.427E+0
837.97	2.184E+1
838.26	1.699E+1
838.55	-1.942E+1
838.85	6.311E+1
839.14	-2.427E+0
839.43	-6.796E+1
839.72	-6.311E+1
840.01	0.000E+0
840.30	2.670E+1
840.59	4.854E+1
840.88	4.854E+0
841.17	3.155E+1
841.46	8.738E+1
841.75	2.670E+1
842.04	4.854E+0
842.33	4.612E+1
842.62	-4.126E+1
842.91	4.854E+1
843.21	-5.825E+1
843.50	-6.068E+1
843.79	-3.398E+1
844.08	2.427E+0
844.37	1.262E+2
844.66	6.796E+1
844.95	-2.184E+1
845.24	4.126E+1
845.53	-8.738E+1
845.81	-1.068E+2
846.10	-9.709E+0
846.39	4.612E+1
846.68	4.126E+1
846.97	-4.854E+0
847.26	-2.427E+1
847.55	-9.709E+0
847.84	-2.913E+1
848.13	-1.699E+1
848.42	6.068E+1
848.71	-7.524E+1
849.00	-2.427E+1
849.29	-7.282E+1
849.58	7.524E+1
849.87	-7.767E+1
850.15	8.253E+1
850.44	2.427E+0
850.73	6.068E+1
851.02	-1.505E+2
851.31	-9.223E+1
851.60	-3.155E+1
851.89	6.796E+1
852.18	-6.068E+1
852.46	3.155E+1
852.75	5.583E+1
853.04	-3.641E+1
853.33	-2.427E+1
853.62	-2.670E+1
853.91	-2.184E+1
854.19	1.214E+2
854.48	1.699E+1
854.77	4.612E+1
855.06	-2.184E+1
855.35	6.068E+1
855.63	-5.583E+1
855.92	0.000E+0
856.21	1.456E+1
856.50	2.913E+1
856.79	6.796E+1
857.07	-4.612E+1
857.36	9.709E+0
857.65	-2.184E+1
857.94	1.942E+1
858.22	5.340E+1
858.51	-1.699E+1
858.80	2.913E+1
859.08	1.214E+1
859.37	4.854E+1
859.66	-4.612E+1
859.95	-3.398E+1
860.23	-6.796E+1
860.52	7.767E+1
860.81	-8.253E+1
861.09	-1.456E+1
861.38	-7.282E+0
861.67	-8.738E+1
861.95	8.253E+1
862.24	-7.524E+1
862.53	5.097E+1
862.81	1.384E+2
863.10	4.854E+1
863.39	-4.612E+1
863.67	3.884E+1
863.96	-7.282E+0
864.25	8.495E+1
864.53	5.340E+1
864.82	3.398E+1
865.10	4.854E+1
865.39	-7.524E+1
865.68	-8.981E+1
865.96	-5.097E+1
866.25	-7.039E+1
866.53	-7.039E+1
866.82	-7.039E+1