Wavelength	Intensity	Ocean Optics Flame
nm	counts
187.89	-5.097E+1
188.27	-1.044E+2
188.64	8.253E+1
189.02	-2.670E+1
189.40	8.981E+1
189.78	-2.670E+1
190.15	6.554E+1
190.53	-2.427E+0
190.91	4.854E+0
191.29	-8.253E+1
191.66	-2.670E+1
192.04	6.068E+1
192.42	-2.184E+1
192.80	-2.184E+1
193.17	-1.214E+1
193.55	-7.282E+0
193.93	7.767E+1
194.30	4.126E+1
194.68	-4.854E+1
195.06	-4.854E+1
195.44	9.709E+0
195.81	0.000E+0
196.19	-1.456E+1
196.57	-1.942E+1
196.94	-2.913E+1
197.32	7.282E+1
197.70	-1.456E+1
198.07	-6.554E+1
198.45	1.456E+1
198.83	2.427E+1
199.20	-3.155E+1
199.58	3.641E+1
199.96	-5.825E+1
200.33	-7.039E+1
200.71	-3.155E+1
201.09	-1.117E+2
201.46	-1.942E+1
201.84	6.311E+1
202.22	7.524E+1
202.59	-5.825E+1
202.97	1.141E+2
203.34	4.854E+1
203.72	-8.495E+1
204.10	4.854E+1
204.47	6.311E+1
204.85	3.884E+1
205.23	4.854E+1
205.60	-4.854E+1
205.98	-2.427E+1
206.35	-2.427E+0
206.73	7.767E+1
207.11	0.000E+0
207.48	-9.709E+0
207.86	-1.699E+1
208.23	2.427E+1
208.61	5.340E+1
208.98	5.825E+1
209.36	-4.854E+0
209.74	3.155E+1
210.11	4.126E+1
210.49	-7.282E+0
210.86	9.709E+0
211.24	-2.670E+1
211.61	7.282E+0
211.99	1.044E+2
212.36	1.481E+2
212.74	-2.427E+1
213.11	1.699E+1
213.49	-1.942E+1
213.87	4.854E+0
214.24	-1.456E+1
214.62	-2.670E+1
214.99	-1.068E+2
215.37	2.427E+1
215.74	2.427E+0
216.12	2.184E+1
216.49	1.019E+2
216.87	1.456E+1
217.24	5.097E+1
217.62	-5.825E+1
217.99	-5.583E+1
218.37	2.427E+0
218.74	-2.670E+1
219.11	1.214E+1
219.49	-2.913E+1
219.86	-7.282E+1
220.24	4.612E+1
220.61	-4.854E+0
220.99	1.189E+2
221.36	9.709E+1
221.74	4.126E+1
222.11	-1.942E+1
222.49	-2.427E+0
222.86	-5.583E+1
223.23	-1.456E+1
223.61	4.854E+1
223.98	5.825E+1
224.36	1.214E+1
224.73	1.068E+2
225.11	-2.184E+1
225.48	4.854E+1
225.85	5.340E+1
226.23	5.583E+1
226.60	5.825E+1
226.98	2.427E+0
227.35	-1.019E+2
227.72	-1.432E+2
228.10	1.699E+1
228.47	-4.854E+0
228.84	-4.369E+1
229.22	8.495E+1
229.59	1.699E+1
229.97	-4.612E+1
230.34	1.286E+2
230.71	7.282E+0
231.09	6.796E+1
231.46	8.253E+1
231.83	8.495E+1
232.21	5.097E+1
232.58	1.044E+2
232.95	5.825E+1
233.33	3.641E+1
233.70	9.952E+1
234.07	-9.223E+1
234.45	-5.825E+1
234.82	9.709E+0
235.19	2.670E+1
235.57	7.524E+1
235.94	-4.612E+1
236.31	-1.456E+1
236.69	4.854E+1
237.06	1.214E+1
237.43	-1.456E+1
237.80	2.184E+1
238.18	-1.699E+1
238.55	2.427E+1
238.92	7.282E+1
239.30	-3.641E+1
239.67	-1.214E+1
240.04	-4.854E+1
240.41	-9.466E+1
240.79	3.155E+1
241.16	1.214E+1
241.53	-4.369E+1
241.90	7.282E+1
242.28	4.369E+1
242.65	8.495E+1
243.02	-1.699E+1
243.39	-1.214E+1
243.77	-3.155E+1
244.14	-6.554E+1
244.51	-7.282E+0
244.88	1.214E+1
245.25	-4.369E+1
245.63	-1.942E+1
246.00	-2.184E+1
246.37	0.000E+0
246.74	6.796E+1
247.11	-4.612E+1
247.49	6.311E+1
247.86	3.155E+1
248.23	5.340E+1
248.60	-3.398E+1
248.97	3.398E+1
249.35	-3.641E+1
249.72	1.699E+1
250.09	4.612E+1
250.46	-2.427E+0
250.83	-5.583E+1
251.20	1.699E+1
251.58	-7.282E+0
251.95	5.340E+1
252.32	-9.709E+0
252.69	-4.854E+1
253.06	9.709E+0
253.43	-7.282E+0
253.80	-2.184E+1
254.17	5.340E+1
254.55	2.427E+1
254.92	1.068E+2
255.29	2.427E+1
255.66	5.340E+1
256.03	-4.126E+1
256.40	5.097E+1
256.77	1.068E+2
257.14	-5.097E+1
257.51	-1.699E+1
257.88	-5.097E+1
258.26	8.981E+1
258.63	4.854E+0
259.00	4.854E+0
259.37	4.854E+1
259.74	5.340E+1
260.11	-4.612E+1
260.48	1.432E+2
260.85	5.583E+1
261.22	4.369E+1
261.59	-3.641E+1
261.96	3.155E+1
262.33	-1.117E+2
262.70	-4.612E+1
263.07	2.670E+1
263.44	-4.854E+1
263.81	4.854E+1
264.18	7.282E+0
264.55	-5.097E+1
264.92	-5.340E+1
265.29	5.340E+1
265.66	8.253E+1
266.03	-2.427E+0
266.40	3.398E+1
266.77	7.282E+0
267.14	-2.670E+1
267.51	-1.699E+1
267.88	-4.854E+1
268.25	1.141E+2
268.62	6.554E+1
268.99	-4.612E+1
269.36	-2.427E+0
269.73	6.796E+1
270.10	-5.340E+1
270.47	9.709E+0
270.84	-1.456E+1
271.21	-2.913E+1
271.58	-3.398E+1
271.95	-2.670E+1
272.32	1.456E+1
272.69	2.670E+1
273.06	-1.117E+2
273.43	7.282E+0
273.80	-2.427E+0
274.17	3.641E+1
274.53	9.709E+0
274.90	-4.126E+1
275.27	-6.311E+1
275.64	-4.126E+1
276.01	9.466E+1
276.38	4.369E+1
276.75	9.223E+1
277.12	-3.641E+1
277.49	-5.825E+1
277.86	-4.612E+1
278.22	-1.214E+1
278.59	5.097E+1
278.96	6.311E+1
279.33	4.854E+0
279.70	-1.117E+2
280.07	-1.699E+1
280.44	4.854E+0
280.80	3.641E+1
281.17	7.039E+1
281.54	-8.010E+1
281.91	-2.427E+1
282.28	1.238E+2
282.65	1.214E+1
283.02	-6.311E+1
283.38	3.155E+1
283.75	2.184E+1
284.12	1.456E+1
284.49	5.825E+1
284.86	-4.612E+1
285.22	5.340E+1
285.59	-5.340E+1
285.96	-5.097E+1
286.33	-1.456E+1
286.70	2.184E+1
287.06	9.466E+1
287.43	-7.039E+1
287.80	7.524E+1
288.17	5.583E+1
288.53	9.709E+0
288.90	9.952E+1
289.27	-2.913E+1
289.64	-2.670E+1
290.01	5.583E+1
290.37	0.000E+0
290.74	4.369E+1
291.11	-2.913E+1
291.48	-3.884E+1
291.84	-8.738E+1
292.21	-2.913E+1
292.58	-3.641E+1
292.94	4.854E+0
293.31	5.825E+1
293.68	1.456E+1
294.05	-9.709E+0
294.41	4.854E+1
294.78	-2.184E+1
295.15	2.913E+1
295.51	2.427E+0
295.88	3.398E+1
296.25	0.000E+0
296.61	-7.524E+1
296.98	-5.340E+1
297.35	-8.010E+1
297.72	2.670E+1
298.08	1.942E+1
298.45	-9.709E+1
298.82	6.554E+1
299.18	-4.126E+1
299.55	9.709E+0
299.91	-4.369E+1
300.28	5.825E+1
300.65	-1.214E+1
301.01	-4.854E+0
301.38	1.068E+2
301.75	-4.126E+1
302.11	5.340E+1
302.48	5.825E+1
302.85	9.952E+1
303.21	2.913E+1
303.58	-1.699E+1
303.94	2.184E+1
304.31	-1.942E+1
304.68	-4.854E+0
305.04	-4.854E+1
305.41	1.699E+1
305.77	-8.738E+1
306.14	-9.223E+1
306.51	2.184E+1
306.87	1.456E+1
307.24	-1.044E+2
307.60	0.000E+0
307.97	-9.466E+1
308.33	-1.214E+1
308.70	1.699E+1
309.07	6.796E+1
309.43	-9.709E+0
309.80	-1.456E+1
310.16	-9.709E+0
310.53	3.884E+1
310.89	-1.117E+2
311.26	-3.398E+1
311.62	4.612E+1
311.99	9.709E+0
312.35	0.000E+0
312.72	-6.554E+1
313.08	5.097E+1
313.45	1.699E+1
313.81	7.282E+1
314.18	-8.253E+1
314.54	2.913E+1
314.91	-2.427E+1
315.27	6.068E+1
315.64	1.699E+1
316.00	3.155E+1
316.37	3.884E+1
316.73	1.214E+1
317.10	7.282E+0
317.46	-2.670E+1
317.83	2.670E+1
318.19	-8.738E+1
318.56	-9.709E+0
318.92	-9.709E+0
319.28	-2.427E+1
319.65	-8.010E+1
320.01	-3.398E+1
320.38	1.214E+2
320.74	-2.427E+1
321.11	8.981E+1
321.47	2.427E+0
321.83	-2.427E+0
322.20	-4.612E+1
322.56	1.092E+2
322.93	8.738E+1
323.29	-2.670E+1
323.66	-7.524E+1
324.02	1.044E+2
324.38	-2.184E+1
324.75	2.427E+1
325.11	-9.223E+1
325.47	1.699E+1
325.84	6.311E+1
326.20	-2.427E+0
326.57	8.495E+1
326.93	1.092E+2
327.29	-4.854E+0
327.66	2.184E+1
328.02	4.854E+0
328.38	-2.913E+1
328.75	6.068E+1
329.11	8.495E+1
329.47	1.044E+2
329.84	3.155E+1
330.20	5.340E+1
330.56	0.000E+0
330.93	1.699E+1
331.29	-9.223E+1
331.65	3.884E+1
332.02	7.282E+0
332.38	2.427E+1
332.74	9.466E+1
333.10	2.184E+1
333.47	1.311E+2
333.83	1.942E+1
334.19	2.063E+2
334.56	-1.942E+1
334.92	2.670E+1
335.28	6.068E+1
335.64	5.340E+1
336.01	1.092E+2
336.37	-3.398E+1
336.73	2.427E+1
337.09	-8.981E+1
337.46	7.282E+0
337.82	4.854E+1
338.18	1.699E+1
338.54	5.583E+1
338.91	1.456E+1
339.27	3.884E+1
339.63	-4.854E+1
339.99	5.340E+1
340.36	5.825E+1
340.72	5.583E+1
341.08	8.253E+1
341.44	-5.825E+1
341.80	-1.214E+1
342.17	-6.796E+1
342.53	6.311E+1
342.89	7.524E+1
343.25	5.825E+1
343.61	3.398E+1
343.98	9.709E+0
344.34	-4.126E+1
344.70	-4.854E+1
345.06	6.796E+1
345.42	8.010E+1
345.78	1.456E+1
346.14	3.884E+1
346.51	-9.709E+0
346.87	1.456E+1
347.23	4.612E+1
347.59	7.282E+0
347.95	1.942E+1
348.31	-4.854E+1
348.67	-2.427E+0
349.04	-9.709E+0
349.40	1.942E+1
349.76	4.854E+1
350.12	8.253E+1
350.48	1.214E+2
350.84	2.913E+1
351.20	-7.767E+1
351.56	9.709E+1
351.92	-7.282E+0
352.28	-3.155E+1
352.65	2.427E+1
353.01	3.884E+1
353.37	5.340E+1
353.73	5.340E+1
354.09	7.767E+1
354.45	3.155E+1
354.81	5.825E+1
355.17	7.524E+1
355.53	1.699E+1
355.89	3.398E+1
356.25	-2.670E+1
356.61	-9.709E+0
356.97	-3.884E+1
357.33	-1.942E+1
357.69	7.524E+1
358.05	-4.854E+0
358.41	1.456E+1
358.77	1.942E+1
359.13	5.340E+1
359.49	3.398E+1
359.85	2.184E+1
360.21	-8.010E+1
360.57	5.340E+1
360.93	4.126E+1
361.29	-1.699E+1
361.65	4.854E+1
362.01	0.000E+0
362.37	2.670E+1
362.73	3.398E+1
363.09	-5.583E+1
363.45	1.456E+1
363.81	5.340E+1
364.17	9.709E+0
364.53	5.583E+1
364.89	3.398E+1
365.25	7.282E+0
365.61	1.335E+2
365.97	5.340E+1
366.33	3.398E+1
366.69	7.524E+1
367.05	9.709E+1
367.40	3.884E+1
367.76	8.010E+1
368.12	1.481E+2
368.48	1.262E+2
368.84	7.767E+1
369.20	1.311E+2
369.56	6.311E+1
369.92	6.554E+1
370.28	4.854E+0
370.63	7.282E+1
370.99	1.044E+2
371.35	9.952E+1
371.71	2.039E+2
372.07	1.723E+2
372.43	9.952E+1
372.79	1.942E+2
373.15	9.952E+1
373.50	1.165E+2
373.86	7.767E+1
374.22	2.306E+2
374.58	1.942E+2
374.94	1.408E+2
375.30	1.699E+2
375.65	2.136E+2
376.01	2.597E+2
376.37	1.942E+2
376.73	2.063E+2
377.09	2.015E+2
377.44	3.252E+2
377.80	3.374E+2
378.16	3.204E+2
378.52	3.884E+2
378.88	2.233E+2
379.23	3.374E+2
379.59	3.738E+2
379.95	4.272E+2
380.31	4.369E+2
380.66	4.757E+2
381.02	5.534E+2
381.38	6.335E+2
381.74	6.311E+2
382.09	6.942E+2
382.45	8.544E+2
382.81	8.301E+2
383.17	8.956E+2
383.52	8.350E+2
383.88	1.070E+3
384.24	1.112E+3
384.60	1.308E+3
384.95	1.413E+3
385.31	1.578E+3
385.67	1.806E+3
386.02	1.697E+3
386.38	1.927E+3
386.74	2.182E+3
387.10	2.357E+3
387.45	2.752E+3
387.81	2.893E+3
388.17	3.386E+3
388.52	3.461E+3
388.88	3.825E+3
389.24	4.129E+3
389.59	4.291E+3
389.95	4.820E+3
390.31	5.158E+3
390.66	5.791E+3
391.02	6.240E+3
391.38	6.680E+3
391.73	7.473E+3
392.09	7.862E+3
392.44	8.799E+3
392.80	9.381E+3
393.16	1.016E+4
393.51	1.100E+4
393.87	1.161E+4
394.23	1.259E+4
394.58	1.323E+4
394.94	1.426E+4
395.29	1.556E+4
395.65	1.642E+4
396.01	1.747E+4
396.36	1.856E+4
396.72	1.962E+4
397.07	2.066E+4
397.43	2.230E+4
397.78	2.373E+4
398.14	2.469E+4
398.50	2.638E+4
398.85	2.751E+4
399.21	2.889E+4
399.56	3.088E+4
399.92	3.265E+4
400.27	3.374E+4
400.63	3.526E+4
400.98	3.724E+4
401.34	3.897E+4
401.69	4.053E+4
402.05	4.163E+4
402.40	4.324E+4
402.76	4.446E+4
403.11	4.640E+4
403.47	4.840E+4
403.82	4.882E+4
404.18	5.066E+4
404.53	5.167E+4
404.89	5.298E+4
405.24	5.320E+4
405.60	5.369E+4
405.95	5.411E+4
406.31	5.473E+4
406.66	5.447E+4
407.02	5.389E+4
407.37	5.426E+4
407.73	5.395E+4
408.08	5.363E+4
408.44	5.273E+4
408.79	5.178E+4
409.14	5.077E+4
409.50	4.965E+4
409.85	4.783E+4
410.21	4.583E+4
410.56	4.402E+4
410.92	4.204E+4
411.27	3.957E+4
411.62	3.766E+4
411.98	3.564E+4
412.33	3.346E+4
412.69	3.200E+4
413.04	2.978E+4
413.39	2.755E+4
413.75	2.590E+4
414.10	2.434E+4
414.45	2.284E+4
414.81	2.117E+4
415.16	1.981E+4
415.52	1.868E+4
415.87	1.753E+4
416.22	1.658E+4
416.58	1.578E+4
416.93	1.506E+4
417.28	1.394E+4
417.64	1.332E+4
417.99	1.270E+4
418.34	1.214E+4
418.70	1.138E+4
419.05	1.055E+4
419.40	1.043E+4
419.76	9.825E+3
420.11	9.838E+3
420.46	8.779E+3
420.81	8.578E+3
421.17	8.160E+3
421.52	7.655E+3
421.87	7.476E+3
422.23	7.024E+3
422.58	6.682E+3
422.93	6.294E+3
423.28	5.978E+3
423.64	5.903E+3
423.99	5.245E+3
424.34	5.087E+3
424.69	4.927E+3
425.05	4.556E+3
425.40	4.238E+3
425.75	3.956E+3
426.10	3.840E+3
426.46	3.566E+3
426.81	3.439E+3
427.16	3.124E+3
427.51	3.168E+3
427.87	2.901E+3
428.22	2.833E+3
428.57	2.733E+3
428.92	2.580E+3
429.27	2.493E+3
429.63	2.316E+3
429.98	2.223E+3
430.33	2.056E+3
430.68	2.080E+3
431.03	1.842E+3
431.38	1.871E+3
431.74	1.728E+3
432.09	1.731E+3
432.44	1.461E+3
432.79	1.500E+3
433.14	1.646E+3
433.49	1.534E+3
433.85	1.517E+3
434.20	1.386E+3
434.55	1.294E+3
434.90	1.269E+3
435.25	1.252E+3
435.60	1.194E+3
435.95	1.199E+3
436.30	1.095E+3
436.66	1.053E+3
437.01	1.141E+3
437.36	9.223E+2
437.71	1.012E+3
438.06	8.350E+2
438.41	7.694E+2
438.76	8.665E+2
439.11	8.884E+2
439.46	7.694E+2
439.81	6.845E+2
440.16	6.626E+2
440.52	6.942E+2
440.87	7.597E+2
441.22	6.262E+2
441.57	6.044E+2
441.92	5.024E+2
442.27	5.170E+2
442.62	5.825E+2
442.97	4.248E+2
443.32	5.219E+2
443.67	4.636E+2
444.02	3.374E+2
444.37	3.932E+2
444.72	4.175E+2
445.07	4.102E+2
445.42	5.073E+2
445.77	4.029E+2
446.12	4.248E+2
446.47	3.738E+2
446.82	4.126E+2
447.17	3.252E+2
447.52	2.888E+2
447.87	3.908E+2
448.22	3.034E+2
448.57	3.277E+2
448.92	1.918E+2
449.27	2.063E+2
449.62	2.379E+2
449.97	2.306E+2
450.32	2.306E+2
450.66	2.282E+2
451.01	3.495E+2
451.36	1.869E+2
451.71	1.456E+2
452.06	1.966E+2
452.41	1.626E+2
452.76	2.233E+2
453.11	1.723E+2
453.46	2.087E+2
453.81	2.282E+2
454.16	1.966E+2
454.51	1.651E+2
454.85	9.466E+1
455.20	2.112E+2
455.55	1.675E+2
455.90	7.039E+1
456.25	1.165E+2
456.60	1.553E+2
456.95	1.990E+2
457.30	2.184E+1
457.64	2.039E+2
457.99	6.311E+1
458.34	5.825E+1
458.69	8.010E+1
459.04	9.709E+1
459.39	1.893E+2
459.73	9.466E+1
460.08	-3.884E+1
460.43	2.136E+2
460.78	1.602E+2
461.13	1.335E+2
461.48	5.340E+1
461.82	1.553E+2
462.17	8.253E+1
462.52	1.286E+2
462.87	7.282E+1
463.21	1.189E+2
463.56	1.068E+2
463.91	1.044E+2
464.26	3.641E+1
464.61	9.952E+1
464.95	9.952E+1
465.30	1.262E+2
465.65	7.767E+1
466.00	4.612E+1
466.34	-7.524E+1
466.69	1.408E+2
467.04	1.699E+2
467.39	1.359E+2
467.73	1.942E+1
468.08	1.019E+2
468.43	2.184E+1
468.77	2.184E+1
469.12	-6.311E+1
469.47	1.214E+2
469.82	7.524E+1
470.16	4.126E+1
470.51	-3.398E+1
470.86	3.155E+1
471.20	1.626E+2
471.55	1.092E+2
471.90	-9.709E+0
472.24	7.282E+0
472.59	0.000E+0
472.94	5.097E+1
473.28	1.820E+2
473.63	6.796E+1
473.98	1.141E+2
474.32	3.398E+1
474.67	-1.699E+1
475.02	5.583E+1
475.36	-1.456E+1
475.71	9.709E+1
476.06	3.641E+1
476.40	2.427E+0
476.75	3.884E+1
477.09	6.068E+1
477.44	1.019E+2
477.79	8.495E+1
478.13	4.854E+1
478.48	5.340E+1
478.82	1.117E+2
479.17	1.214E+1
479.52	4.612E+1
479.86	1.068E+2
480.21	6.554E+1
480.55	7.524E+1
480.90	1.942E+1
481.24	-1.942E+1
481.59	6.311E+1
481.94	5.097E+1
482.28	2.670E+1
482.63	-1.942E+1
482.97	0.000E+0
483.32	8.981E+1
483.66	1.456E+1
484.01	7.039E+1
484.35	7.767E+1
484.70	1.456E+1
485.04	4.612E+1
485.39	1.699E+1
485.73	-8.495E+1
486.08	1.262E+2
486.42	-5.583E+1
486.77	5.097E+1
487.11	1.092E+2
487.46	3.398E+1
487.80	3.398E+1
488.15	2.427E+1
488.49	-6.796E+1
488.84	1.044E+2
489.18	1.214E+1
489.53	-1.699E+1
489.87	-3.155E+1
490.21	-2.427E+1
490.56	-2.184E+1
490.90	1.942E+1
491.25	1.019E+2
491.59	3.641E+1
491.94	5.097E+1
492.28	6.796E+1
492.62	9.709E+1
492.97	6.554E+1
493.31	-1.214E+1
493.66	2.670E+1
494.00	1.456E+1
494.34	-1.942E+1
494.69	2.427E+0
495.03	2.670E+1
495.38	5.583E+1
495.72	4.126E+1
496.06	2.427E+1
496.41	9.952E+1
496.75	1.214E+1
497.09	1.578E+2
497.44	-5.825E+1
497.78	-3.155E+1
498.13	5.825E+1
498.47	1.214E+1
498.81	3.884E+1
499.16	9.223E+1
499.50	-2.184E+1
499.84	6.311E+1
500.19	-5.583E+1
500.53	9.709E+1
500.87	3.155E+1
501.21	3.155E+1
501.56	6.068E+1
501.90	-2.427E+0
502.24	0.000E+0
502.59	4.126E+1
502.93	7.282E+0
503.27	2.427E+1
503.61	-1.044E+2
503.96	-4.854E+0
504.30	9.223E+1
504.64	9.466E+1
504.99	6.068E+1
505.33	4.854E+1
505.67	5.583E+1
506.01	-7.282E+0
506.36	3.155E+1
506.70	2.427E+1
507.04	6.796E+1
507.38	7.282E+1
507.72	1.214E+1
508.07	2.184E+1
508.41	2.670E+1
508.75	2.913E+1
509.09	-2.427E+0
509.44	-5.825E+1
509.78	1.044E+2
510.12	6.796E+1
510.46	9.709E+1
510.80	3.398E+1
511.14	1.262E+2
511.49	2.427E+0
511.83	9.709E+0
512.17	2.427E+1
512.51	1.699E+1
512.85	4.369E+1
513.19	4.369E+1
513.54	5.340E+1
513.88	-2.184E+1
514.22	-7.282E+0
514.56	3.641E+1
514.90	-4.612E+1
515.24	7.282E+0
515.58	8.495E+1
515.93	3.641E+1
516.27	6.068E+1
516.61	-3.398E+1
516.95	2.427E+0
517.29	5.583E+1
517.63	5.583E+1
517.97	-9.709E+1
518.31	7.039E+1
518.65	0.000E+0
518.99	3.155E+1
519.33	3.398E+1
519.67	4.369E+1
520.02	6.311E+1
520.36	4.854E+0
520.70	5.825E+1
521.04	-2.427E+0
521.38	1.214E+1
521.72	1.092E+2
522.06	1.044E+2
522.40	-3.398E+1
522.74	2.913E+1
523.08	7.767E+1
523.42	2.427E+1
523.76	-4.854E+0
524.10	-5.583E+1
524.44	4.854E+0
524.78	2.427E+1
525.12	1.214E+1
525.46	1.432E+2
525.80	6.311E+1
526.14	4.612E+1
526.48	1.699E+1
526.82	-7.039E+1
527.16	1.456E+1
527.50	7.524E+1
527.84	7.767E+1
528.18	1.019E+2
528.52	8.010E+1
528.86	-1.214E+1
529.20	-6.068E+1
529.54	0.000E+0
529.87	5.583E+1
530.21	6.554E+1
530.55	6.554E+1
530.89	1.165E+2
531.23	7.282E+1
531.57	1.214E+1
531.91	8.738E+1
532.25	3.884E+1
532.59	5.340E+1
532.93	9.952E+1
533.27	4.854E+1
533.60	1.019E+2
533.94	6.796E+1
534.28	7.039E+1
534.62	-3.641E+1
534.96	-2.427E+1
535.30	4.612E+1
535.64	5.825E+1
535.98	1.942E+1
536.31	1.238E+2
536.65	-6.068E+1
536.99	3.155E+1
537.33	0.000E+0
537.67	5.825E+1
538.01	2.670E+1
538.34	-4.126E+1
538.68	5.583E+1
539.02	2.913E+1
539.36	4.854E+1
539.70	4.369E+1
540.03	-7.524E+1
540.37	1.214E+1
540.71	-1.942E+1
541.05	3.884E+1
541.39	6.068E+1
541.72	2.184E+1
542.06	7.282E+0
542.40	4.854E+0
542.74	6.311E+1
543.07	-6.068E+1
543.41	-3.398E+1
543.75	-2.913E+1
544.09	-7.282E+0
544.42	5.583E+1
544.76	1.699E+1
545.10	-5.097E+1
545.44	8.253E+1
545.77	2.670E+1
546.11	7.524E+1
546.45	8.010E+1
546.78	3.641E+1
547.12	-2.427E+0
547.46	1.141E+2
547.80	7.039E+1
548.13	2.427E+1
548.47	2.670E+1
548.81	2.913E+1
549.14	1.578E+2
549.48	1.966E+2
549.82	3.155E+1
550.15	5.583E+1
550.49	1.456E+1
550.83	9.709E+0
551.16	7.282E+1
551.50	1.553E+2
551.84	7.039E+1
552.17	1.699E+1
552.51	9.709E+0
552.84	6.068E+1
553.18	1.165E+2
553.52	9.709E+1
553.85	6.554E+1
554.19	8.738E+1
554.53	9.223E+1
554.86	8.253E+1
555.20	1.262E+2
555.53	5.583E+1
555.87	4.854E+1
556.20	1.214E+1
556.54	8.010E+1
556.88	1.456E+1
557.21	3.155E+1
557.55	1.214E+2
557.88	1.092E+2
558.22	5.583E+1
558.55	4.126E+1
558.89	1.019E+2
559.23	5.583E+1
559.56	7.039E+1
559.90	6.796E+1
560.23	-2.913E+1
560.57	1.432E+2
560.90	4.854E+1
561.24	6.311E+1
561.57	-9.709E+0
561.91	1.214E+2
562.24	5.097E+1
562.58	7.767E+1
562.91	7.282E+0
563.25	-5.340E+1
563.58	6.554E+1
563.92	3.884E+1
564.25	6.311E+1
564.59	9.223E+1
564.92	-2.184E+1
565.25	-4.126E+1
565.59	1.942E+1
565.92	-5.097E+1
566.26	1.699E+1
566.59	1.262E+2
566.93	-9.709E+0
567.26	-5.340E+1
567.60	9.466E+1
567.93	3.398E+1
568.26	-1.942E+1
568.60	4.854E+0
568.93	9.466E+1
569.27	-4.854E+0
569.60	5.583E+1
569.93	1.456E+2
570.27	4.612E+1
570.60	7.524E+1
570.94	9.952E+1
571.27	5.097E+1
571.60	2.913E+1
571.94	-4.126E+1
572.27	8.981E+1
572.60	8.981E+1
572.94	7.282E+1
573.27	4.369E+1
573.60	-2.913E+1
573.94	1.942E+1
574.27	-2.427E+0
574.60	-7.524E+1
574.94	4.612E+1
575.27	3.398E+1
575.60	-4.369E+1
575.94	-2.670E+1
576.27	6.068E+1
576.60	5.340E+1
576.94	1.189E+2
577.27	2.184E+1
577.60	2.184E+1
577.94	7.767E+1
578.27	4.612E+1
578.60	5.340E+1
578.93	9.466E+1
579.27	3.398E+1
579.60	6.796E+1
579.93	3.155E+1
580.26	1.189E+2
580.60	2.427E+0
580.93	2.427E+0
581.26	3.398E+1
581.59	4.612E+1
581.93	4.126E+1
582.26	2.184E+1
582.59	-1.699E+1
582.92	-1.699E+1
583.25	8.253E+1
583.59	-3.155E+1
583.92	-4.854E+1
584.25	-1.019E+2
584.58	-4.854E+0
584.91	-2.670E+1
585.25	2.184E+1
585.58	0.000E+0
585.91	5.583E+1
586.24	7.282E+0
586.57	-2.670E+1
586.90	-1.456E+1
587.24	9.709E+0
587.57	8.495E+1
587.90	3.155E+1
588.23	-8.738E+1
588.56	3.155E+1
588.89	5.340E+1
589.22	6.796E+1
589.56	6.068E+1
589.89	4.854E+1
590.22	5.340E+1
590.55	-4.126E+1
590.88	-6.311E+1
591.21	1.214E+1
591.54	4.854E+1
591.87	-3.155E+1
592.20	9.952E+1
592.53	1.214E+1
592.87	1.456E+1
593.20	1.456E+2
593.53	5.340E+1
593.86	-4.126E+1
594.19	8.981E+1
594.52	-7.282E+0
594.85	-5.825E+1
595.18	-4.126E+1
595.51	-3.884E+1
595.84	5.825E+1
596.17	-3.155E+1
596.50	4.854E+1
596.83	1.456E+1
597.16	-4.854E+0
597.49	3.398E+1
597.82	8.738E+1
598.15	-2.427E+1
598.48	2.184E+1
598.81	2.184E+1
599.14	-7.282E+0
599.47	7.282E+1
599.80	2.670E+1
600.13	-5.583E+1
600.46	2.670E+1
600.79	4.612E+1
601.12	-5.583E+1
601.45	7.524E+1
601.78	-3.155E+1
602.11	8.010E+1
602.44	8.738E+1
602.77	-6.068E+1
603.10	8.738E+1
603.42	0.000E+0
603.75	-2.913E+1
604.08	1.456E+1
604.41	1.141E+2
604.74	6.311E+1
605.07	1.505E+2
605.40	-3.884E+1
605.73	-1.699E+1
606.06	3.641E+1
606.39	2.184E+1
606.71	4.126E+1
607.04	-9.709E+0
607.37	8.738E+1
607.70	7.524E+1
608.03	3.398E+1
608.36	-3.884E+1
608.69	3.398E+1
609.02	8.738E+1
609.34	5.340E+1
609.67	2.184E+1
610.00	-3.398E+1
610.33	-9.466E+1
610.66	-2.913E+1
610.98	2.427E+0
611.31	-1.456E+1
611.64	1.044E+2
611.97	3.398E+1
612.30	-1.942E+1
612.63	4.612E+1
612.95	-4.612E+1
613.28	1.214E+1
613.61	5.097E+1
613.94	4.854E+1
614.26	7.039E+1
614.59	2.427E+0
614.92	-7.767E+1
615.25	7.282E+1
615.57	9.709E+1
615.90	-2.427E+0
616.23	4.854E+0
616.56	1.456E+1
616.88	-5.583E+1
617.21	8.253E+1
617.54	2.184E+1
617.87	-1.214E+1
618.19	-1.699E+1
618.52	-9.952E+1
618.85	-2.670E+1
619.17	2.670E+1
619.50	4.369E+1
619.83	9.709E+0
620.15	7.524E+1
620.48	4.126E+1
620.81	4.369E+1
621.14	2.427E+0
621.46	9.223E+1
621.79	2.913E+1
622.11	-5.825E+1
622.44	3.641E+1
622.77	-9.466E+1
623.09	-7.282E+0
623.42	-3.884E+1
623.75	9.223E+1
624.07	-9.709E+0
624.40	-8.738E+1
624.73	-5.583E+1
625.05	4.369E+1
625.38	2.427E+0
625.70	-4.854E+1
626.03	-6.311E+1
626.36	1.942E+1
626.68	3.155E+1
627.01	6.068E+1
627.33	2.913E+1
627.66	-1.214E+1
627.99	4.854E+0
628.31	3.398E+1
628.64	-2.670E+1
628.96	-1.456E+1
629.29	-1.092E+2
629.61	4.612E+1
629.94	2.184E+1
630.26	6.554E+1
630.59	-6.554E+1
630.91	-5.583E+1
631.24	8.495E+1
631.57	-1.942E+1
631.89	2.184E+1
632.22	4.369E+1
632.54	8.981E+1
632.87	6.554E+1
633.19	-1.942E+1
633.52	-1.578E+2
633.84	1.699E+1
634.16	2.670E+1
634.49	4.854E+1
634.81	-1.456E+1
635.14	-2.184E+1
635.46	-1.699E+2
635.79	5.825E+1
636.11	1.942E+1
636.44	-3.641E+1
636.76	2.913E+1
637.09	-1.214E+1
637.41	-3.884E+1
637.73	2.427E+1
638.06	4.369E+1
638.38	-9.709E+0
638.71	3.641E+1
639.03	-1.359E+2
639.36	-5.097E+1
639.68	7.282E+0
640.00	-4.854E+0
640.33	6.311E+1
640.65	9.709E+0
640.97	-1.942E+1
641.30	2.670E+1
641.62	6.068E+1
641.95	6.068E+1
642.27	9.709E+0
642.59	4.854E+0
642.92	3.398E+1
643.24	1.699E+1
643.56	3.641E+1
643.89	1.942E+1
644.21	-1.214E+1
644.53	4.126E+1
644.86	6.311E+1
645.18	5.583E+1
645.50	3.884E+1
645.83	-4.612E+1
646.15	-4.854E+0
646.47	-3.155E+1
646.80	-9.223E+1
647.12	1.456E+1
647.44	-4.126E+1
647.76	-6.554E+1
648.09	5.340E+1
648.41	-2.427E+0
648.73	-8.981E+1
649.05	-7.282E+0
649.38	-7.039E+1
649.70	-3.641E+1
650.02	-6.554E+1
650.34	-2.427E+0
650.67	4.612E+1
650.99	5.340E+1
651.31	1.456E+1
651.63	-9.223E+1
651.96	-4.854E+0
652.28	8.253E+1
652.60	-2.670E+1
652.92	-2.670E+1
653.24	7.524E+1
653.57	-3.155E+1
653.89	-3.641E+1
654.21	-5.825E+1
654.53	-2.427E+1
654.85	-1.141E+2
655.18	8.738E+1
655.50	2.913E+1
655.82	8.738E+1
656.14	8.495E+1
656.46	2.427E+1
656.78	3.398E+1
657.10	7.282E+1
657.43	8.738E+1
657.75	-4.854E+1
658.07	-3.641E+1
658.39	-2.427E+0
658.71	5.097E+1
659.03	2.913E+1
659.35	3.884E+1
659.67	-5.097E+1
659.99	1.214E+1
660.32	-3.155E+1
660.64	2.913E+1
660.96	0.000E+0
661.28	-5.583E+1
661.60	-1.214E+1
661.92	-1.942E+1
662.24	-3.884E+1
662.56	8.253E+1
662.88	-3.155E+1
663.20	4.612E+1
663.52	-4.854E+0
663.84	-4.369E+1
664.16	-3.155E+1
664.48	6.311E+1
664.80	6.311E+1
665.12	3.155E+1
665.44	3.641E+1
665.76	6.554E+1
666.08	-1.699E+1
666.40	3.641E+1
666.72	9.709E+0
667.04	3.155E+1
667.36	3.641E+1
667.68	1.214E+1
668.00	2.184E+1
668.32	1.456E+1
668.64	1.214E+1
668.96	-6.796E+1
669.28	-2.184E+1
669.60	1.699E+1
669.92	-1.214E+1
670.24	2.184E+1
670.56	4.854E+1
670.88	1.699E+1
671.20	-4.369E+1
671.52	-1.942E+1
671.84	-1.942E+1
672.16	3.398E+1
672.47	4.612E+1
672.79	-2.427E+0
673.11	2.427E+1
673.43	2.913E+1
673.75	3.155E+1
674.07	-2.913E+1
674.39	1.456E+1
674.71	-2.184E+1
675.03	5.825E+1
675.34	1.092E+2
675.66	1.942E+1
675.98	3.155E+1
676.30	-2.670E+1
676.62	-4.854E+0
676.94	-1.214E+1
677.25	2.427E+1
677.57	-2.427E+0
677.89	4.369E+1
678.21	4.126E+1
678.53	-3.884E+1
678.85	-2.184E+1
679.16	-9.709E+0
679.48	-8.981E+1
679.80	-2.427E+0
680.12	-1.068E+2
680.44	5.583E+1
680.75	5.340E+1
681.07	4.369E+1
681.39	-2.427E+1
681.71	-1.942E+1
682.02	-9.709E+0
682.34	-2.670E+1
682.66	3.641E+1
682.98	1.214E+1
683.29	2.427E+1
683.61	-6.311E+1
683.93	4.854E+0
684.25	3.641E+1
684.56	-6.554E+1
684.88	-6.068E+1
685.20	-1.214E+1
685.51	-1.214E+1
685.83	-1.092E+2
686.15	-2.184E+1
686.47	9.466E+1
686.78	-6.311E+1
687.10	8.738E+1
687.42	-1.942E+1
687.73	-1.699E+1
688.05	-3.398E+1
688.37	7.282E+0
688.68	-8.253E+1
689.00	-2.427E+1
689.32	4.126E+1
689.63	8.981E+1
689.95	-6.554E+1
690.26	2.184E+1
690.58	-1.141E+2
690.90	-2.184E+1
691.21	-4.126E+1
691.53	-1.214E+1
691.85	2.184E+1
692.16	-4.854E+0
692.48	-5.340E+1
692.79	-1.456E+1
693.11	9.223E+1
693.42	-1.942E+1
693.74	2.670E+1
694.06	-3.155E+1
694.37	-3.155E+1
694.69	5.097E+1
695.00	7.282E+1
695.32	1.044E+2
695.63	-3.641E+1
695.95	-1.942E+1
696.26	-2.913E+1
696.58	1.214E+1
696.90	4.126E+1
697.21	1.359E+2
697.53	1.456E+1
697.84	-1.456E+1
698.16	8.253E+1
698.47	0.000E+0
698.79	1.942E+1
699.10	-1.214E+1
699.42	9.952E+1
699.73	9.952E+1
700.05	-3.884E+1
700.36	6.311E+1
700.68	-3.155E+1
700.99	3.641E+1
701.30	-7.039E+1
701.62	-6.311E+1
701.93	-5.583E+1
702.25	1.456E+1
702.56	2.913E+1
702.88	4.369E+1
703.19	2.184E+1
703.50	-3.884E+1
703.82	-2.427E+0
704.13	-8.738E+1
704.45	2.184E+1
704.76	-4.126E+1
705.08	-4.854E+0
705.39	2.427E+1
705.70	4.854E+0
706.02	-1.699E+1
706.33	-4.126E+1
706.64	-2.184E+1
706.96	-2.184E+1
707.27	7.524E+1
707.59	-4.854E+0
707.90	-1.214E+1
708.21	-1.699E+1
708.53	-4.612E+1
708.84	-2.913E+1
709.15	2.670E+1
709.47	-2.427E+1
709.78	-4.612E+1
710.09	2.427E+0
710.41	-5.825E+1
710.72	7.282E+0
711.03	-5.097E+1
711.34	-1.141E+2
711.66	-3.398E+1
711.97	-4.854E+0
712.28	-2.427E+0
712.60	-6.068E+1
712.91	4.612E+1
713.22	2.184E+1
713.53	2.670E+1
713.85	1.117E+2
714.16	-1.456E+1
714.47	2.184E+1
714.78	4.854E+0
715.10	-4.369E+1
715.41	-3.155E+1
715.72	7.039E+1
716.03	1.942E+1
716.35	7.282E+0
716.66	-2.184E+1
716.97	-8.253E+1
717.28	-5.340E+1
717.59	9.709E+0
717.91	2.427E+1
718.22	-5.583E+1
718.53	1.699E+1
718.84	1.699E+1
719.15	4.369E+1
719.46	-7.039E+1
719.78	-2.427E+0
720.09	4.854E+1
720.40	1.942E+1
720.71	3.155E+1
721.02	-1.141E+2
721.33	-7.767E+1
721.65	-8.738E+1
721.96	7.767E+1
722.27	2.913E+1
722.58	3.155E+1
722.89	2.427E+1
723.20	0.000E+0
723.51	2.427E+1
723.82	-7.282E+1
724.13	-6.554E+1
724.45	1.214E+1
724.76	-2.913E+1
725.07	5.583E+1
725.38	-7.282E+0
725.69	1.214E+1
726.00	-2.184E+1
726.31	-7.282E+1
726.62	0.000E+0
726.93	4.854E+0
727.24	-2.427E+0
727.55	-9.709E+0
727.86	7.282E+0
728.17	-1.942E+1
728.48	2.670E+1
728.79	7.282E+0
729.10	-3.884E+1
729.41	7.282E+0
729.72	8.253E+1
730.03	6.796E+1
730.34	-2.184E+1
730.65	3.884E+1
730.96	2.427E+0
731.27	-1.092E+2
731.58	-1.456E+1
731.89	-1.311E+2
732.20	8.253E+1
732.51	-1.699E+1
732.82	3.884E+1
733.13	4.126E+1
733.44	-1.699E+1
733.75	-5.097E+1
734.06	3.641E+1
734.37	-2.913E+1
734.68	1.699E+1
734.98	2.427E+0
735.29	1.214E+1
735.60	-4.854E+1
735.91	-2.913E+1
736.22	-5.340E+1
736.53	-3.641E+1
736.84	-2.913E+1
737.15	-4.854E+0
737.46	-4.369E+1
737.77	-3.155E+1
738.07	9.709E+0
738.38	3.398E+1
738.69	-3.155E+1
739.00	5.583E+1
739.31	2.184E+1
739.62	-3.398E+1
739.92	-7.524E+1
740.23	-5.825E+1
740.54	6.554E+1
740.85	-4.854E+0
741.16	7.282E+0
741.47	-5.340E+1
741.77	-6.311E+1
742.08	-6.068E+1
742.39	-1.214E+1
742.70	-2.427E+0
743.01	4.126E+1
743.31	4.126E+1
743.62	-9.709E+0
743.93	0.000E+0
744.24	7.524E+1
744.54	-4.612E+1
744.85	-1.456E+1
745.16	9.709E+0
745.47	6.311E+1
745.77	-5.097E+1
746.08	-7.282E+0
746.39	2.427E+0
746.70	4.854E+0
747.00	1.214E+1
747.31	-7.282E+0
747.62	2.670E+1
747.92	3.641E+1
748.23	-3.155E+1
748.54	6.796E+1
748.84	-3.398E+1
749.15	-4.126E+1
749.46	-8.495E+1
749.76	1.456E+1
750.07	1.942E+1
750.38	1.335E+2
750.68	-5.583E+1
750.99	-4.369E+1
751.30	2.427E+0
751.60	3.398E+1
751.91	8.981E+1
752.22	5.097E+1
752.52	4.612E+1
752.83	-4.126E+1
753.14	-1.141E+2
753.44	-4.612E+1
753.75	4.854E+0
754.05	-9.223E+1
754.36	1.384E+2
754.67	1.456E+1
754.97	-9.709E+0
755.28	-1.214E+1
755.58	1.699E+1
755.89	-8.253E+1
756.19	-1.699E+1
756.50	6.796E+1
756.81	-4.612E+1
757.11	-1.456E+1
757.42	-2.184E+1
757.72	8.253E+1
758.03	-4.854E+1
758.33	7.039E+1
758.64	1.699E+1
758.94	5.340E+1
759.25	3.641E+1
759.55	-4.854E+1
759.86	2.913E+1
760.16	-1.068E+2
760.47	1.044E+2
760.77	-1.699E+1
761.08	-9.709E+0
761.38	7.767E+1
761.69	-5.340E+1
761.99	2.427E+1
762.30	-6.554E+1
762.60	-4.369E+1
762.91	4.854E+0
763.21	-3.641E+1
763.51	2.184E+1
763.82	1.044E+2
764.12	-6.554E+1
764.43	-6.554E+1
764.73	3.398E+1
765.04	-5.825E+1
765.34	3.641E+1
765.64	1.456E+1
765.95	5.340E+1
766.25	2.184E+1
766.56	5.340E+1
766.86	-1.699E+1
767.16	7.039E+1
767.47	-1.699E+1
767.77	-2.913E+1
768.07	-1.699E+1
768.38	3.641E+1
768.68	-7.282E+1
768.98	-5.097E+1
769.29	-3.884E+1
769.59	4.854E+1
769.89	1.019E+2
770.20	-3.155E+1
770.50	-3.641E+1
770.80	-9.709E+0
771.11	-5.825E+1
771.41	-5.097E+1
771.71	-4.126E+1
772.02	-4.369E+1
772.32	-9.709E+0
772.62	4.369E+1
772.93	3.398E+1
773.23	-4.854E+1
773.53	1.699E+1
773.83	9.709E+0
774.14	-2.670E+1
774.44	-8.010E+1
774.74	-9.709E+1
775.04	1.456E+1
775.35	4.854E+0
775.65	-4.854E+0
775.95	-2.184E+1
776.25	2.427E+1
776.55	-4.126E+1
776.86	-2.427E+0
777.16	-7.282E+0
777.46	2.427E+1
777.76	1.699E+1
778.06	1.262E+2
778.37	-5.097E+1
778.67	-4.369E+1
778.97	1.214E+1
779.27	1.141E+2
779.57	1.942E+1
779.88	-4.854E+1
780.18	7.524E+1
780.48	-4.369E+1
780.78	9.466E+1
781.08	4.854E+0
781.38	2.913E+1
781.68	-6.068E+1
781.98	-6.068E+1
782.29	4.369E+1
782.59	-3.641E+1
782.89	-9.709E+0
783.19	-5.583E+1
783.49	4.369E+1
783.79	-3.155E+1
784.09	5.583E+1
784.39	-7.767E+1
784.69	-2.427E+0
784.99	-5.097E+1
785.30	-4.612E+1
785.60	4.612E+1
785.90	-5.340E+1
786.20	-1.456E+1
786.50	-7.282E+0
786.80	6.796E+1
787.10	-8.253E+1
787.40	-7.039E+1
787.70	9.466E+1
788.00	1.456E+1
788.30	-4.369E+1
788.60	-6.068E+1
788.90	5.340E+1
789.20	2.913E+1
789.50	2.184E+1
789.80	-1.214E+1
790.10	1.214E+1
790.40	5.097E+1
790.70	-6.796E+1
791.00	4.854E+0
791.30	-7.282E+1
791.60	-1.942E+1
791.90	-3.641E+1
792.20	9.709E+0
792.50	3.641E+1
792.79	5.583E+1
793.09	8.738E+1
793.39	-6.311E+1
793.69	3.884E+1
793.99	7.767E+1
794.29	-6.068E+1
794.59	-9.709E+0
794.89	-1.214E+1
795.19	-7.282E+1
795.49	9.709E+0
795.79	-6.311E+1
796.08	-4.854E+0
796.38	-1.699E+1
796.68	-2.184E+1
796.98	-4.369E+1
797.28	-3.641E+1
797.58	1.214E+1
797.88	2.184E+1
798.17	-3.884E+1
798.47	8.010E+1
798.77	4.369E+1
799.07	6.554E+1
799.37	4.369E+1
799.67	-4.854E+1
799.96	-3.155E+1
800.26	2.670E+1
800.56	-2.913E+1
800.86	-1.214E+1
801.16	-5.825E+1
801.45	-7.282E+0
801.75	1.699E+1
802.05	4.854E+1
802.35	1.384E+2
802.64	3.884E+1
802.94	3.155E+1
803.24	1.214E+1
803.54	-2.913E+1
803.83	-5.340E+1
804.13	4.854E+0
804.43	8.981E+1
804.73	-7.039E+1
805.02	9.709E+1
805.32	-1.699E+1
805.62	7.039E+1
805.91	-4.126E+1
806.21	-4.854E+0
806.51	-2.427E+1
806.81	2.427E+0
807.10	-2.913E+1
807.40	-2.913E+1
807.70	-1.286E+2
807.99	-7.282E+0
808.29	-3.884E+1
808.59	-8.738E+1
808.88	3.398E+1
809.18	-1.699E+1
809.47	-4.612E+1
809.77	-2.427E+1
810.07	-9.709E+1
810.36	-7.524E+1
810.66	7.282E+0
810.96	2.670E+1
811.25	-2.184E+1
811.55	-4.854E+0
811.84	7.767E+1
812.14	-6.796E+1
812.44	2.670E+1
812.73	3.641E+1
813.03	-5.583E+1
813.32	-2.913E+1
813.62	4.854E+0
813.91	6.311E+1
814.21	-6.311E+1
814.51	-2.427E+0
814.80	6.796E+1
815.10	-2.184E+1
815.39	4.126E+1
815.69	-3.641E+1
815.98	-4.612E+1
816.28	9.709E+0
816.57	8.010E+1
816.87	-3.398E+1
817.16	-7.039E+1
817.46	-6.068E+1
817.75	4.854E+0
818.05	2.427E+0
818.34	-3.155E+1
818.64	-4.612E+1
818.93	2.184E+1
819.23	-7.039E+1
819.52	1.699E+1
819.82	3.155E+1
820.11	-8.010E+1
820.40	3.155E+1
820.70	2.427E+1
820.99	7.524E+1
821.29	-7.282E+1
821.58	-3.641E+1
821.88	4.369E+1
822.17	-1.699E+1
822.46	-1.942E+1
822.76	6.068E+1
823.05	1.942E+1
823.35	2.184E+1
823.64	-9.952E+1
823.93	-4.854E+1
824.23	1.942E+1
824.52	9.709E+0
824.81	-2.913E+1
825.11	-2.427E+0
825.40	-9.709E+0
825.69	-4.854E+0
825.99	-7.767E+1
826.28	-6.311E+1
826.58	1.456E+1
826.87	6.311E+1
827.16	2.427E+0
827.45	5.340E+1
827.75	3.155E+1
828.04	-6.554E+1
828.33	2.427E+0
828.63	-2.670E+1
828.92	7.282E+0
829.21	-7.039E+1
829.51	-6.554E+1
829.80	-7.039E+1
830.09	-1.456E+1
830.38	1.942E+1
830.68	7.282E+0
830.97	3.155E+1
831.26	-5.825E+1
831.55	-7.524E+1
831.85	-2.913E+1
832.14	2.427E+1
832.43	2.427E+0
832.72	4.854E+0
833.01	7.767E+1
833.31	-4.854E+0
833.60	-5.583E+1
833.89	-9.709E+0
834.18	2.670E+1
834.47	2.913E+1
834.77	-1.699E+1
835.06	4.369E+1
835.35	-5.340E+1
835.64	-7.767E+1
835.93	-1.505E+2
836.22	-1.456E+2
836.52	3.155E+1
836.81	-2.184E+1
837.10	-1.942E+1
837.39	7.282E+0
837.68	-8.738E+1
837.97	1.942E+1
838.26	-3.155E+1
838.55	2.427E+1
838.85	2.913E+1
839.14	-3.398E+1
839.43	1.456E+1
839.72	1.092E+2
840.01	2.427E+0
840.30	-2.913E+1
840.59	-8.010E+1
840.88	2.427E+0
841.17	4.126E+1
841.46	-7.039E+1
841.75	4.369E+1
842.04	3.641E+1
842.33	9.709E+0
842.62	-7.282E+1
842.91	-1.214E+1
843.21	-1.214E+1
843.50	3.884E+1
843.79	4.854E+1
844.08	7.282E+0
844.37	-4.854E+1
844.66	-1.214E+2
844.95	-4.369E+1
845.24	9.709E+0
845.53	6.068E+1
845.81	-4.854E+1
846.10	-9.466E+1
846.39	-8.981E+1
846.68	1.456E+1
846.97	1.942E+1
847.26	4.854E+0
847.55	3.155E+1
847.84	-1.068E+2
848.13	-1.214E+1
848.42	-3.884E+1
848.71	-2.427E+0
849.00	-1.942E+1
849.29	1.262E+2
849.58	1.699E+1
849.87	3.398E+1
850.15	5.097E+1
850.44	6.311E+1
850.73	3.884E+1
851.02	1.117E+2
851.31	3.155E+1
851.60	-8.738E+1
851.89	7.039E+1
852.18	2.427E+1
852.46	5.583E+1
852.75	-9.709E+0
853.04	4.854E+0
853.33	-3.155E+1
853.62	-4.126E+1
853.91	-4.612E+1
854.19	0.000E+0
854.48	-2.184E+1
854.77	3.641E+1
855.06	-1.189E+2
855.35	2.670E+1
855.63	9.709E+0
855.92	-2.427E+1
856.21	4.854E+0
856.50	2.427E+0
856.79	8.495E+1
857.07	2.427E+1
857.36	3.641E+1
857.65	-4.612E+1
857.94	-3.884E+1
858.22	-1.869E+2
858.51	2.184E+1
858.80	-8.981E+1
859.08	-8.981E+1
859.37	3.884E+1
859.66	9.709E+0
859.95	1.214E+1
860.23	1.699E+1
860.52	2.184E+1
860.81	-1.019E+2
861.09	4.854E+0
861.38	-6.554E+1
861.67	1.602E+2
861.95	6.068E+1
862.24	-2.427E+0
862.53	-3.641E+1
862.81	-6.068E+1
863.10	-2.427E+0
863.39	-9.709E+0
863.67	-1.019E+2
863.96	4.854E+1
864.25	-1.456E+1
864.53	-3.398E+1
864.82	9.709E+0
865.10	9.952E+1
865.39	-5.340E+1
865.68	-2.184E+1
865.96	1.044E+2
866.25	-4.854E+1
866.53	-4.854E+1
866.82	-4.854E+1