Wavelength	Intensity	Ocean Optics Flame
nm	counts
187.89	9.466E+1
188.27	-3.884E+1
188.64	5.340E+1
189.02	-4.612E+1
189.40	3.398E+1
189.78	5.825E+1
190.15	2.913E+1
190.53	-1.214E+1
190.91	-1.019E+2
191.29	-4.612E+1
191.66	-1.456E+1
192.04	-3.398E+1
192.42	3.641E+1
192.80	-5.097E+1
193.17	-2.184E+1
193.55	2.184E+1
193.93	-4.126E+1
194.30	4.369E+1
194.68	0.000E+0
195.06	-6.311E+1
195.44	-1.214E+1
195.81	9.709E+0
196.19	-3.155E+1
196.57	-4.854E+0
196.94	1.238E+2
197.32	3.884E+1
197.70	4.369E+1
198.07	-4.369E+1
198.45	3.641E+1
198.83	-5.097E+1
199.20	3.398E+1
199.58	-7.039E+1
199.96	-2.427E+0
200.33	1.942E+1
200.71	-7.282E+1
201.09	-2.427E+0
201.46	-2.427E+0
201.84	4.854E+0
202.22	5.825E+1
202.59	-4.126E+1
202.97	9.466E+1
203.34	-8.010E+1
203.72	5.583E+1
204.10	-2.913E+1
204.47	2.670E+1
204.85	-3.155E+1
205.23	-1.699E+1
205.60	1.214E+1
205.98	3.884E+1
206.35	-1.214E+1
206.73	9.952E+1
207.11	-4.612E+1
207.48	5.825E+1
207.86	-7.282E+1
208.23	0.000E+0
208.61	2.427E+1
208.98	1.092E+2
209.36	-1.456E+1
209.74	2.427E+0
210.11	1.262E+2
210.49	-1.092E+2
210.86	-5.825E+1
211.24	3.155E+1
211.61	-2.427E+0
211.99	-1.942E+1
212.36	8.495E+1
212.74	0.000E+0
213.11	1.942E+1
213.49	6.068E+1
213.87	2.427E+1
214.24	6.068E+1
214.62	-4.854E+0
214.99	-2.913E+1
215.37	8.495E+1
215.74	4.612E+1
216.12	6.068E+1
216.49	2.427E+0
216.87	8.253E+1
217.24	1.214E+1
217.62	2.427E+1
217.99	-1.286E+2
218.37	5.097E+1
218.74	-2.427E+0
219.11	-1.699E+1
219.49	8.981E+1
219.86	4.854E+1
220.24	1.262E+2
220.61	5.340E+1
220.99	1.699E+1
221.36	6.796E+1
221.74	1.942E+1
222.11	7.282E+1
222.49	-5.583E+1
222.86	1.699E+1
223.23	1.456E+1
223.61	9.709E+0
223.98	8.981E+1
224.36	2.427E+0
224.73	0.000E+0
225.11	-5.583E+1
225.48	-2.913E+1
225.85	-1.699E+1
226.23	-1.699E+1
226.60	2.427E+1
226.98	-2.427E+0
227.35	-4.854E+0
227.72	-5.825E+1
228.10	4.612E+1
228.47	-2.670E+1
228.84	-2.184E+1
229.22	4.612E+1
229.59	5.825E+1
229.97	2.427E+1
230.34	2.427E+0
230.71	2.427E+0
231.09	4.126E+1
231.46	-9.709E+1
231.83	6.554E+1
232.21	7.282E+1
232.58	-4.126E+1
232.95	-9.709E+0
233.33	-9.709E+0
233.70	-7.282E+0
234.07	-4.126E+1
234.45	4.854E+1
234.82	8.253E+1
235.19	-7.282E+1
235.57	7.524E+1
235.94	4.369E+1
236.31	3.398E+1
236.69	-4.126E+1
237.06	-3.155E+1
237.43	-2.427E+1
237.80	7.039E+1
238.18	5.583E+1
238.55	-2.427E+1
238.92	2.427E+0
239.30	-2.670E+1
239.67	-2.670E+1
240.04	-9.709E+0
240.41	2.670E+1
240.79	1.335E+2
241.16	1.699E+1
241.53	-9.223E+1
241.90	-3.398E+1
242.28	1.699E+1
242.65	7.767E+1
243.02	2.184E+1
243.39	7.039E+1
243.77	9.466E+1
244.14	3.884E+1
244.51	6.796E+1
244.88	-1.942E+1
245.25	7.282E+0
245.63	-1.942E+1
246.00	6.311E+1
246.37	-4.854E+0
246.74	1.942E+1
247.11	6.796E+1
247.49	5.340E+1
247.86	-3.155E+1
248.23	1.699E+1
248.60	8.738E+1
248.97	0.000E+0
249.35	6.068E+1
249.72	3.155E+1
250.09	4.126E+1
250.46	6.311E+1
250.83	9.223E+1
251.20	7.282E+0
251.58	-3.398E+1
251.95	-3.155E+1
252.32	5.097E+1
252.69	6.554E+1
253.06	1.699E+1
253.43	2.670E+1
253.80	-4.854E+1
254.17	1.456E+1
254.55	1.044E+2
254.92	-4.854E+1
255.29	5.340E+1
255.66	-3.884E+1
256.03	6.068E+1
256.40	-7.039E+1
256.77	6.311E+1
257.14	-3.641E+1
257.51	-3.884E+1
257.88	-1.214E+1
258.26	-1.214E+1
258.63	-1.699E+1
259.00	5.583E+1
259.37	-7.767E+1
259.74	7.767E+1
260.11	2.427E+0
260.48	-2.427E+1
260.85	6.068E+1
261.22	9.709E+0
261.59	9.709E+1
261.96	-1.141E+2
262.33	2.184E+1
262.70	-5.340E+1
263.07	4.854E+1
263.44	-7.767E+1
263.81	4.126E+1
264.18	7.282E+0
264.55	1.286E+2
264.92	-6.311E+1
265.29	-1.942E+1
265.66	-1.699E+1
266.03	-2.184E+1
266.40	6.796E+1
266.77	7.282E+0
267.14	1.456E+1
267.51	2.184E+1
267.88	-2.427E+0
268.25	5.825E+1
268.62	1.311E+2
268.99	6.554E+1
269.36	5.097E+1
269.73	-4.854E+0
270.10	2.427E+1
270.47	4.126E+1
270.84	1.456E+1
271.21	-8.495E+1
271.58	1.214E+1
271.95	5.097E+1
272.32	3.641E+1
272.69	2.184E+1
273.06	-4.126E+1
273.43	1.699E+1
273.80	-2.427E+1
274.17	1.214E+1
274.53	0.000E+0
274.90	-8.253E+1
275.27	-6.068E+1
275.64	7.524E+1
276.01	2.913E+1
276.38	1.456E+1
276.75	4.126E+1
277.12	-9.709E+0
277.49	4.612E+1
277.86	-8.738E+1
278.22	5.583E+1
278.59	-6.796E+1
278.96	2.913E+1
279.33	1.481E+2
279.70	-6.796E+1
280.07	4.612E+1
280.44	-1.942E+1
280.80	4.369E+1
281.17	9.709E+0
281.54	7.767E+1
281.91	-2.670E+1
282.28	9.709E+1
282.65	-3.641E+1
283.02	-3.884E+1
283.38	0.000E+0
283.75	-8.495E+1
284.12	-6.311E+1
284.49	-1.699E+1
284.86	3.398E+1
285.22	5.825E+1
285.59	3.155E+1
285.96	2.427E+0
286.33	1.699E+1
286.70	9.466E+1
287.06	-7.767E+1
287.43	2.427E+1
287.80	-9.709E+0
288.17	8.010E+1
288.53	3.641E+1
288.90	4.369E+1
289.27	-8.495E+1
289.64	6.796E+1
290.01	1.214E+1
290.37	3.884E+1
290.74	-5.583E+1
291.11	1.335E+2
291.48	-5.825E+1
291.84	2.913E+1
292.21	4.369E+1
292.58	8.495E+1
292.94	4.612E+1
293.31	3.398E+1
293.68	-1.456E+1
294.05	-9.952E+1
294.41	5.583E+1
294.78	-6.311E+1
295.15	1.044E+2
295.51	5.097E+1
295.88	2.670E+1
296.25	9.466E+1
296.61	3.155E+1
296.98	1.019E+2
297.35	1.748E+2
297.72	1.384E+2
298.08	1.214E+1
298.45	-7.282E+0
298.82	1.699E+1
299.18	-6.311E+1
299.55	-4.854E+1
299.91	-2.670E+1
300.28	3.641E+1
300.65	3.641E+1
301.01	7.282E+0
301.38	2.913E+1
301.75	-1.214E+1
302.11	2.427E+1
302.48	1.214E+1
302.85	0.000E+0
303.21	-4.854E+0
303.58	3.398E+1
303.94	2.427E+0
304.31	1.456E+1
304.68	6.311E+1
305.04	4.612E+1
305.41	-2.184E+1
305.77	-6.311E+1
306.14	-3.641E+1
306.51	2.184E+1
306.87	1.311E+2
307.24	-2.184E+1
307.60	-1.699E+1
307.97	-6.796E+1
308.33	-1.699E+1
308.70	6.554E+1
309.07	3.398E+1
309.43	2.427E+0
309.80	1.456E+1
310.16	6.554E+1
310.53	7.282E+0
310.89	-7.282E+0
311.26	2.913E+1
311.62	-2.427E+0
311.99	9.466E+1
312.35	6.796E+1
312.72	1.068E+2
313.08	-4.854E+1
313.45	-2.184E+1
313.81	2.913E+1
314.18	-3.884E+1
314.54	-8.738E+1
314.91	-4.854E+1
315.27	2.913E+1
315.64	0.000E+0
316.00	-4.854E+0
316.37	-4.369E+1
316.73	-6.796E+1
317.10	-5.340E+1
317.46	2.427E+1
317.83	3.641E+1
318.19	2.184E+1
318.56	8.738E+1
318.92	7.039E+1
319.28	6.554E+1
319.65	-5.340E+1
320.01	5.825E+1
320.38	7.767E+1
320.74	1.214E+1
321.11	-2.670E+1
321.47	7.282E+0
321.83	0.000E+0
322.20	5.825E+1
322.56	-5.583E+1
322.93	-2.913E+1
323.29	1.068E+2
323.66	-9.709E+0
324.02	-8.253E+1
324.38	-4.854E+0
324.75	-5.825E+1
325.11	-1.942E+1
325.47	-3.884E+1
325.84	-7.282E+0
326.20	4.126E+1
326.57	2.427E+1
326.93	5.340E+1
327.29	2.427E+1
327.66	1.019E+2
328.02	5.583E+1
328.38	7.282E+0
328.75	-1.699E+1
329.11	1.432E+2
329.47	5.583E+1
329.84	9.466E+1
330.20	6.068E+1
330.56	3.884E+1
330.93	9.709E+0
331.29	-1.942E+1
331.65	3.641E+1
332.02	9.223E+1
332.38	5.340E+1
332.74	5.825E+1
333.10	-4.854E+0
333.47	4.369E+1
333.83	-1.092E+2
334.19	2.184E+1
334.56	4.369E+1
334.92	-2.184E+1
335.28	5.583E+1
335.64	2.913E+1
336.01	-3.641E+1
336.37	-5.583E+1
336.73	1.699E+1
337.09	-5.340E+1
337.46	4.369E+1
337.82	5.340E+1
338.18	1.068E+2
338.54	2.184E+1
338.91	-2.427E+0
339.27	7.039E+1
339.63	6.068E+1
339.99	1.456E+1
340.36	-1.456E+1
340.72	-5.097E+1
341.08	-1.942E+1
341.44	5.825E+1
341.80	-5.097E+1
342.17	6.554E+1
342.53	-9.709E+1
342.89	-3.398E+1
343.25	8.253E+1
343.61	-2.427E+1
343.98	-7.282E+1
344.34	-1.942E+1
344.70	5.583E+1
345.06	6.068E+1
345.42	-7.282E+0
345.78	4.126E+1
346.14	2.427E+1
346.51	-7.282E+0
346.87	-4.612E+1
347.23	9.466E+1
347.59	9.709E+0
347.95	-3.155E+1
348.31	1.214E+1
348.67	1.942E+1
349.04	2.427E+1
349.40	-1.456E+1
349.76	-9.709E+0
350.12	8.981E+1
350.48	6.796E+1
350.84	7.524E+1
351.20	8.010E+1
351.56	6.311E+1
351.92	9.709E+1
352.28	4.369E+1
352.65	-8.981E+1
353.01	2.670E+1
353.37	5.583E+1
353.73	1.214E+2
354.09	1.699E+1
354.45	9.709E+0
354.81	-6.796E+1
355.17	4.126E+1
355.53	1.092E+2
355.89	9.709E+0
356.25	8.253E+1
356.61	0.000E+0
356.97	6.068E+1
357.33	1.238E+2
357.69	4.854E+1
358.05	1.699E+1
358.41	6.311E+1
358.77	7.524E+1
359.13	1.456E+1
359.49	1.214E+2
359.85	-7.282E+0
360.21	-1.699E+1
360.57	-3.641E+1
360.93	9.952E+1
361.29	-3.155E+1
361.65	-3.641E+1
362.01	2.913E+1
362.37	-7.039E+1
362.73	-4.854E+0
363.09	3.398E+1
363.45	1.214E+1
363.81	1.359E+2
364.17	6.554E+1
364.53	5.583E+1
364.89	3.641E+1
365.25	-6.554E+1
365.61	1.456E+2
365.97	0.000E+0
366.33	5.097E+1
366.69	5.097E+1
367.05	-3.155E+1
367.40	8.738E+1
367.76	7.767E+1
368.12	9.952E+1
368.48	2.209E+2
368.84	6.311E+1
369.20	1.942E+1
369.56	1.068E+2
369.92	3.155E+1
370.28	2.282E+2
370.63	5.583E+1
370.99	4.854E+0
371.35	1.359E+2
371.71	5.340E+1
372.07	1.772E+2
372.43	1.456E+2
372.79	1.092E+2
373.15	1.117E+2
373.50	-2.427E+0
373.86	1.675E+2
374.22	1.456E+2
374.58	1.214E+1
374.94	1.578E+2
375.30	1.772E+2
375.65	1.529E+2
376.01	1.699E+2
376.37	1.432E+2
376.73	1.505E+2
377.09	2.500E+2
377.44	1.723E+2
377.80	1.869E+2
378.16	2.767E+2
378.52	2.694E+2
378.88	2.597E+2
379.23	3.447E+2
379.59	2.500E+2
379.95	3.277E+2
380.31	2.913E+2
380.66	2.840E+2
381.02	4.345E+2
381.38	3.714E+2
381.74	3.398E+2
382.09	5.291E+2
382.45	3.981E+2
382.81	4.612E+2
383.17	4.199E+2
383.52	5.534E+2
383.88	6.287E+2
384.24	7.039E+2
384.60	7.597E+2
384.95	7.986E+2
385.31	8.155E+2
385.67	8.617E+2
386.02	9.442E+2
386.38	1.010E+3
386.74	1.087E+3
387.10	1.136E+3
387.45	1.228E+3
387.81	1.335E+3
388.17	1.403E+3
388.52	1.481E+3
388.88	1.718E+3
389.24	1.760E+3
389.59	2.100E+3
389.95	2.168E+3
390.31	2.522E+3
390.66	2.490E+3
391.02	2.677E+3
391.38	2.903E+3
391.73	3.153E+3
392.09	3.464E+3
392.44	3.648E+3
392.80	4.044E+3
393.16	4.267E+3
393.51	4.680E+3
393.87	5.068E+3
394.23	5.447E+3
394.58	5.828E+3
394.94	6.255E+3
395.29	6.859E+3
395.65	7.374E+3
396.01	7.626E+3
396.36	8.311E+3
396.72	9.083E+3
397.07	9.376E+3
397.43	1.028E+4
397.78	1.112E+4
398.14	1.186E+4
398.50	1.264E+4
398.85	1.371E+4
399.21	1.418E+4
399.56	1.544E+4
399.92	1.631E+4
400.27	1.742E+4
400.63	1.828E+4
400.98	1.921E+4
401.34	2.014E+4
401.69	2.141E+4
402.05	2.265E+4
402.40	2.383E+4
402.76	2.509E+4
403.11	2.712E+4
403.47	2.848E+4
403.82	2.925E+4
404.18	3.085E+4
404.53	3.207E+4
404.89	3.427E+4
405.24	3.470E+4
405.60	3.668E+4
405.95	3.787E+4
406.31	4.017E+4
406.66	4.095E+4
407.02	4.197E+4
407.37	4.361E+4
407.73	4.468E+4
408.08	4.688E+4
408.44	4.725E+4
408.79	4.803E+4
409.14	4.967E+4
409.50	5.018E+4
409.85	5.120E+4
410.21	5.144E+4
410.56	5.232E+4
410.92	5.286E+4
411.27	5.364E+4
411.62	5.422E+4
411.98	5.392E+4
412.33	5.407E+4
412.69	5.393E+4
413.04	5.380E+4
413.39	5.322E+4
413.75	5.214E+4
414.10	5.198E+4
414.45	5.105E+4
414.81	4.962E+4
415.16	4.915E+4
415.52	4.830E+4
415.87	4.740E+4
416.22	4.586E+4
416.58	4.486E+4
416.93	4.334E+4
417.28	4.161E+4
417.64	4.004E+4
417.99	3.885E+4
418.34	3.635E+4
418.70	3.476E+4
419.05	3.296E+4
419.40	3.134E+4
419.76	2.962E+4
420.11	2.829E+4
420.46	2.635E+4
420.81	2.533E+4
421.17	2.416E+4
421.52	2.250E+4
421.87	2.170E+4
422.23	2.026E+4
422.58	1.905E+4
422.93	1.814E+4
423.28	1.763E+4
423.64	1.674E+4
423.99	1.593E+4
424.34	1.483E+4
424.69	1.412E+4
425.05	1.339E+4
425.40	1.285E+4
425.75	1.220E+4
426.10	1.128E+4
426.46	1.131E+4
426.81	1.054E+4
427.16	9.740E+3
427.51	9.478E+3
427.87	8.629E+3
428.22	8.478E+3
428.57	8.236E+3
428.92	7.629E+3
429.27	7.486E+3
429.63	6.847E+3
429.98	6.522E+3
430.33	6.151E+3
430.68	6.172E+3
431.03	5.791E+3
431.38	5.682E+3
431.74	5.240E+3
432.09	4.905E+3
432.44	4.796E+3
432.79	4.391E+3
433.14	4.153E+3
433.49	3.993E+3
433.85	3.762E+3
434.20	3.719E+3
434.55	3.505E+3
434.90	3.136E+3
435.25	3.141E+3
435.60	2.886E+3
435.95	2.738E+3
436.30	2.757E+3
436.66	2.660E+3
437.01	2.464E+3
437.36	2.374E+3
437.71	2.301E+3
438.06	2.306E+3
438.41	2.063E+3
438.76	2.022E+3
439.11	1.939E+3
439.46	1.956E+3
439.81	1.774E+3
440.16	1.745E+3
440.52	1.879E+3
440.87	1.583E+3
441.22	1.580E+3
441.57	1.527E+3
441.92	1.371E+3
442.27	1.323E+3
442.62	1.286E+3
442.97	1.160E+3
443.32	1.216E+3
443.67	1.165E+3
444.02	1.073E+3
444.37	1.138E+3
444.72	9.782E+2
445.07	8.981E+2
445.42	1.049E+3
445.77	9.102E+2
446.12	8.641E+2
446.47	8.956E+2
446.82	8.228E+2
447.17	6.311E+2
447.52	8.107E+2
447.87	6.553E+2
448.22	7.185E+2
448.57	7.015E+2
448.92	6.262E+2
449.27	6.481E+2
449.62	5.995E+2
449.97	6.311E+2
450.32	5.364E+2
450.66	4.199E+2
451.01	4.952E+2
451.36	4.903E+2
451.71	4.563E+2
452.06	4.272E+2
452.41	5.316E+2
452.76	4.466E+2
453.11	4.782E+2
453.46	3.058E+2
453.81	3.447E+2
454.16	3.228E+2
454.51	4.126E+2
454.85	3.495E+2
455.20	2.500E+2
455.55	3.374E+2
455.90	3.398E+2
456.25	3.083E+2
456.60	3.204E+2
456.95	2.937E+2
457.30	2.573E+2
457.64	2.282E+2
457.99	3.301E+2
458.34	2.670E+2
458.69	1.942E+2
459.04	2.451E+2
459.39	2.985E+2
459.73	1.845E+2
460.08	2.015E+2
460.43	1.845E+2
460.78	1.966E+2
461.13	1.529E+2
461.48	1.602E+2
461.82	2.621E+2
462.17	2.039E+2
462.52	1.408E+2
462.87	2.379E+2
463.21	2.500E+2
463.56	1.942E+2
463.91	2.087E+2
464.26	1.238E+2
464.61	2.354E+2
464.95	1.675E+2
465.30	2.476E+2
465.65	1.529E+2
466.00	1.748E+2
466.34	1.019E+2
466.69	1.432E+2
467.04	2.257E+2
467.39	1.165E+2
467.73	1.456E+1
468.08	9.466E+1
468.43	1.578E+2
468.77	1.456E+2
469.12	9.223E+1
469.47	1.675E+2
469.82	1.723E+2
470.16	2.913E+1
470.51	2.427E+1
470.86	1.918E+2
471.20	9.223E+1
471.55	1.845E+2
471.90	9.223E+1
472.24	1.092E+2
472.59	3.155E+1
472.94	9.952E+1
473.28	1.262E+2
473.63	1.481E+2
473.98	1.262E+2
474.32	1.019E+2
474.67	8.981E+1
475.02	1.505E+2
475.36	9.952E+1
475.71	9.223E+1
476.06	7.524E+1
476.40	2.427E+1
476.75	8.495E+1
477.09	1.262E+2
477.44	5.583E+1
477.79	1.602E+2
478.13	9.466E+1
478.48	4.369E+1
478.82	5.340E+1
479.17	3.398E+1
479.52	8.495E+1
479.86	7.524E+1
480.21	3.641E+1
480.55	7.039E+1
480.90	6.554E+1
481.24	9.223E+1
481.59	1.529E+2
481.94	-3.398E+1
482.28	1.214E+2
482.63	4.369E+1
482.97	2.184E+1
483.32	8.495E+1
483.66	7.039E+1
484.01	4.612E+1
484.35	8.010E+1
484.70	1.335E+2
485.04	-1.699E+1
485.39	3.155E+1
485.73	7.282E+0
486.08	7.524E+1
486.42	4.854E+1
486.77	-1.214E+1
487.11	2.670E+1
487.46	1.238E+2
487.80	-2.427E+0
488.15	9.709E+0
488.49	7.282E+1
488.84	1.699E+1
489.18	6.311E+1
489.53	6.068E+1
489.87	3.884E+1
490.21	-1.214E+1
490.56	3.641E+1
490.90	1.238E+2
491.25	1.214E+1
491.59	-1.942E+1
491.94	1.942E+1
492.28	1.456E+1
492.62	-2.913E+1
492.97	1.359E+2
493.31	4.369E+1
493.66	6.796E+1
494.00	2.670E+1
494.34	6.311E+1
494.69	0.000E+0
495.03	8.981E+1
495.38	4.854E+0
495.72	-4.612E+1
496.06	8.495E+1
496.41	0.000E+0
496.75	-4.854E+0
497.09	6.068E+1
497.44	-2.427E+0
497.78	3.155E+1
498.13	-1.456E+1
498.47	1.699E+1
498.81	-2.913E+1
499.16	2.184E+1
499.50	1.286E+2
499.84	7.282E+0
500.19	5.825E+1
500.53	0.000E+0
500.87	9.709E+0
501.21	3.884E+1
501.56	1.699E+1
501.90	8.738E+1
502.24	9.709E+0
502.59	4.369E+1
502.93	1.942E+1
503.27	2.184E+1
503.61	-1.456E+1
503.96	6.311E+1
504.30	5.097E+1
504.64	9.223E+1
504.99	1.699E+1
505.33	8.010E+1
505.67	8.495E+1
506.01	4.369E+1
506.36	4.612E+1
506.70	5.583E+1
507.04	6.796E+1
507.38	-3.641E+1
507.72	2.427E+0
508.07	5.583E+1
508.41	2.184E+1
508.75	1.651E+2
509.09	1.189E+2
509.44	-9.709E+0
509.78	4.854E+1
510.12	3.155E+1
510.46	9.709E+1
510.80	7.524E+1
511.14	9.709E+1
511.49	3.398E+1
511.83	-2.427E+1
512.17	-2.913E+1
512.51	2.670E+1
512.85	3.884E+1
513.19	5.097E+1
513.54	-2.427E+0
513.88	8.253E+1
514.22	9.709E+0
514.56	-1.456E+1
514.90	-1.942E+1
515.24	3.398E+1
515.58	-2.670E+1
515.93	3.884E+1
516.27	1.214E+1
516.61	-4.369E+1
516.95	4.612E+1
517.29	7.767E+1
517.63	4.369E+1
517.97	-9.709E+0
518.31	2.184E+1
518.65	2.427E+0
518.99	2.427E+1
519.33	1.238E+2
519.67	4.854E+1
520.02	6.554E+1
520.36	-5.340E+1
520.70	9.952E+1
521.04	9.709E+0
521.38	5.340E+1
521.72	1.189E+2
522.06	1.092E+2
522.40	4.369E+1
522.74	5.340E+1
523.08	-3.155E+1
523.42	2.913E+1
523.76	1.699E+1
524.10	-2.427E+0
524.44	8.495E+1
524.78	-2.427E+0
525.12	1.942E+1
525.46	-7.282E+0
525.80	1.335E+2
526.14	2.427E+0
526.48	4.854E+0
526.82	-2.427E+1
527.16	3.155E+1
527.50	8.495E+1
527.84	6.554E+1
528.18	2.427E+0
528.52	3.641E+1
528.86	9.709E+0
529.20	3.884E+1
529.54	6.068E+1
529.87	7.767E+1
530.21	7.282E+0
530.55	4.854E+1
530.89	7.282E+1
531.23	-1.699E+1
531.57	4.854E+1
531.91	3.155E+1
532.25	8.253E+1
532.59	1.214E+1
532.93	-4.854E+1
533.27	9.223E+1
533.60	5.583E+1
533.94	1.699E+1
534.28	-1.699E+1
534.62	-1.456E+1
534.96	7.039E+1
535.30	4.126E+1
535.64	9.709E+1
535.98	1.214E+2
536.31	4.126E+1
536.65	1.214E+1
536.99	1.068E+2
537.33	0.000E+0
537.67	5.583E+1
538.01	3.641E+1
538.34	4.369E+1
538.68	-1.456E+1
539.02	1.068E+2
539.36	1.699E+1
539.70	-7.282E+0
540.03	-4.612E+1
540.37	1.044E+2
540.71	-2.913E+1
541.05	1.748E+2
541.39	5.097E+1
541.72	-7.282E+0
542.06	7.282E+0
542.40	1.456E+1
542.74	-3.884E+1
543.07	-2.427E+1
543.41	7.039E+1
543.75	4.854E+0
544.09	-3.641E+1
544.42	-1.456E+1
544.76	1.384E+2
545.10	1.408E+2
545.44	1.384E+2
545.77	5.340E+1
546.11	-2.670E+1
546.45	4.126E+1
546.78	1.699E+1
547.12	-2.427E+0
547.46	-5.097E+1
547.80	4.369E+1
548.13	2.184E+1
548.47	8.495E+1
548.81	8.253E+1
549.14	4.126E+1
549.48	1.189E+2
549.82	-1.214E+1
550.15	-7.282E+0
550.49	6.554E+1
550.83	7.282E+0
551.16	-6.311E+1
551.50	3.155E+1
551.84	-4.126E+1
552.17	1.214E+1
552.51	-1.214E+1
552.84	2.670E+1
553.18	6.068E+1
553.52	4.612E+1
553.85	2.913E+1
554.19	5.583E+1
554.53	1.553E+2
554.86	9.709E+0
555.20	3.641E+1
555.53	5.340E+1
555.87	3.884E+1
556.20	6.796E+1
556.54	-6.796E+1
556.88	7.282E+1
557.21	-7.282E+0
557.55	4.854E+1
557.88	3.398E+1
558.22	-3.884E+1
558.55	2.184E+1
558.89	7.767E+1
559.23	4.854E+1
559.56	9.952E+1
559.90	-1.942E+1
560.23	3.398E+1
560.57	-9.709E+0
560.90	-1.942E+1
561.24	-2.427E+0
561.57	-1.942E+1
561.91	2.427E+0
562.24	3.884E+1
562.58	1.068E+2
562.91	6.311E+1
563.25	1.068E+2
563.58	5.097E+1
563.92	8.253E+1
564.25	4.369E+1
564.59	5.583E+1
564.92	-4.854E+1
565.25	3.884E+1
565.59	1.189E+2
565.92	-4.612E+1
566.26	-3.398E+1
566.59	2.913E+1
566.93	-1.456E+1
567.26	-9.709E+0
567.60	-2.427E+1
567.93	8.010E+1
568.26	-9.709E+0
568.60	-4.126E+1
568.93	7.767E+1
569.27	1.189E+2
569.60	5.097E+1
569.93	1.942E+1
570.27	-3.641E+1
570.60	4.854E+1
570.94	2.184E+1
571.27	0.000E+0
571.60	2.427E+1
571.94	4.854E+1
572.27	5.340E+1
572.60	1.214E+2
572.94	9.709E+1
573.27	-2.670E+1
573.60	-2.427E+1
573.94	2.427E+0
574.27	7.039E+1
574.60	-1.456E+1
574.94	2.427E+1
575.27	9.952E+1
575.60	-9.709E+0
575.94	5.583E+1
576.27	1.699E+1
576.60	-7.039E+1
576.94	3.398E+1
577.27	-2.913E+1
577.60	-3.398E+1
577.94	7.039E+1
578.27	-3.155E+1
578.60	6.554E+1
578.93	-7.282E+1
579.27	-1.214E+1
579.60	1.456E+1
579.93	1.262E+2
580.26	1.942E+1
580.60	8.495E+1
580.93	0.000E+0
581.26	8.495E+1
581.59	-1.019E+2
581.93	0.000E+0
582.26	-5.583E+1
582.59	-3.398E+1
582.92	-8.253E+1
583.25	-1.214E+1
583.59	4.369E+1
583.92	3.155E+1
584.25	6.068E+1
584.58	6.554E+1
584.91	-1.214E+1
585.25	-2.427E+0
585.58	2.670E+1
585.91	2.670E+1
586.24	1.214E+1
586.57	1.942E+1
586.90	-4.126E+1
587.24	-3.398E+1
587.57	4.612E+1
587.90	4.612E+1
588.23	3.884E+1
588.56	6.554E+1
588.89	-2.184E+1
589.22	-2.913E+1
589.56	4.854E+0
589.89	1.165E+2
590.22	1.602E+2
590.55	0.000E+0
590.88	8.738E+1
591.21	1.335E+2
591.54	3.884E+1
591.87	-6.554E+1
592.20	-3.398E+1
592.53	8.738E+1
592.87	-4.369E+1
593.20	1.456E+1
593.53	-6.796E+1
593.86	-5.097E+1
594.19	-1.068E+2
594.52	-4.126E+1
594.85	-5.097E+1
595.18	4.854E+0
595.51	-3.398E+1
595.84	9.709E+1
596.17	3.884E+1
596.50	4.854E+1
596.83	3.155E+1
597.16	-5.097E+1
597.49	4.369E+1
597.82	1.602E+2
598.15	7.767E+1
598.48	-2.670E+1
598.81	5.825E+1
599.14	5.583E+1
599.47	1.214E+1
599.80	-9.709E+0
600.13	8.981E+1
600.46	-6.796E+1
600.79	9.709E+1
601.12	-2.184E+1
601.45	9.223E+1
601.78	6.068E+1
602.11	0.000E+0
602.44	3.398E+1
602.77	1.214E+1
603.10	7.524E+1
603.42	2.427E+1
603.75	4.369E+1
604.08	1.189E+2
604.41	8.495E+1
604.74	4.369E+1
605.07	-1.699E+1
605.40	3.155E+1
605.73	-2.670E+1
606.06	-3.398E+1
606.39	-2.670E+1
606.71	2.913E+1
607.04	1.942E+1
607.37	-4.369E+1
607.70	7.282E+0
608.03	-1.942E+1
608.36	4.854E+1
608.69	4.854E+0
609.02	-6.554E+1
609.34	1.699E+1
609.67	1.942E+1
610.00	5.340E+1
610.33	6.554E+1
610.66	-1.942E+1
610.98	1.214E+1
611.31	1.117E+2
611.64	-8.010E+1
611.97	0.000E+0
612.30	1.214E+2
612.63	1.165E+2
612.95	-7.039E+1
613.28	-2.670E+1
613.61	-5.825E+1
613.94	-2.670E+1
614.26	1.117E+2
614.59	7.524E+1
614.92	-4.126E+1
615.25	7.767E+1
615.57	2.427E+1
615.90	-1.699E+1
616.23	5.097E+1
616.56	2.427E+0
616.88	8.253E+1
617.21	7.039E+1
617.54	1.456E+1
617.87	4.854E+1
618.19	8.981E+1
618.52	7.039E+1
618.85	7.282E+0
619.17	7.282E+0
619.50	-9.709E+0
619.83	3.155E+1
620.15	2.184E+1
620.48	8.981E+1
620.81	-9.709E+0
621.14	4.854E+0
621.46	-8.495E+1
621.79	6.554E+1
622.11	2.427E+1
622.44	8.253E+1
622.77	-2.427E+0
623.09	4.369E+1
623.42	-1.699E+1
623.75	8.010E+1
624.07	6.554E+1
624.40	-4.369E+1
624.73	-6.554E+1
625.05	4.369E+1
625.38	9.709E+0
625.70	8.981E+1
626.03	7.524E+1
626.36	6.311E+1
626.68	-8.010E+1
627.01	-6.796E+1
627.33	3.398E+1
627.66	-2.427E+0
627.99	3.641E+1
628.31	3.641E+1
628.64	-4.854E+1
628.96	8.981E+1
629.29	0.000E+0
629.61	-7.524E+1
629.94	-1.456E+1
630.26	1.942E+1
630.59	1.578E+2
630.91	1.942E+1
631.24	-7.524E+1
631.57	2.184E+1
631.89	-3.884E+1
632.22	8.981E+1
632.54	-4.854E+0
632.87	5.825E+1
633.19	9.952E+1
633.52	-8.253E+1
633.84	-3.398E+1
634.16	5.097E+1
634.49	3.884E+1
634.81	-4.369E+1
635.14	1.092E+2
635.46	2.184E+1
635.79	5.583E+1
636.11	-8.738E+1
636.44	-4.126E+1
636.76	2.427E+0
637.09	4.126E+1
637.41	-1.942E+1
637.73	-6.796E+1
638.06	-2.427E+1
638.38	2.427E+0
638.71	2.913E+1
639.03	0.000E+0
639.36	-4.854E+1
639.68	-6.554E+1
640.00	2.913E+1
640.33	1.942E+1
640.65	-5.825E+1
640.97	3.398E+1
641.30	-2.427E+1
641.62	5.340E+1
641.95	7.767E+1
642.27	-2.913E+1
642.59	2.427E+0
642.92	4.612E+1
643.24	3.641E+1
643.56	5.340E+1
643.89	3.398E+1
644.21	-2.184E+1
644.53	-7.039E+1
644.86	2.184E+1
645.18	7.282E+0
645.50	-5.583E+1
645.83	5.825E+1
646.15	2.427E+1
646.47	-3.641E+1
646.80	3.155E+1
647.12	0.000E+0
647.44	-9.709E+0
647.76	-2.427E+0
648.09	5.340E+1
648.41	-4.369E+1
648.73	1.456E+1
649.05	5.340E+1
649.38	4.854E+0
649.70	1.238E+2
650.02	-7.524E+1
650.34	3.641E+1
650.67	4.612E+1
650.99	-3.641E+1
651.31	3.398E+1
651.63	-1.432E+2
651.96	-3.155E+1
652.28	8.253E+1
652.60	6.796E+1
652.92	7.039E+1
653.24	-1.214E+1
653.57	2.913E+1
653.89	8.010E+1
654.21	-4.854E+0
654.53	-2.670E+1
654.85	5.825E+1
655.18	4.854E+0
655.50	1.456E+1
655.82	-1.214E+1
656.14	-3.884E+1
656.46	1.942E+1
656.78	-3.155E+1
657.10	4.126E+1
657.43	-2.427E+0
657.75	7.767E+1
658.07	4.369E+1
658.39	9.466E+1
658.71	6.311E+1
659.03	0.000E+0
659.35	-6.796E+1
659.67	2.670E+1
659.99	-8.253E+1
660.32	6.554E+1
660.64	1.359E+2
660.96	2.427E+1
661.28	-7.282E+0
661.60	-6.554E+1
661.92	-3.155E+1
662.24	-3.884E+1
662.56	-1.699E+1
662.88	-4.612E+1
663.20	5.340E+1
663.52	-6.311E+1
663.84	-4.854E+1
664.16	-2.184E+1
664.48	-3.155E+1
664.80	4.612E+1
665.12	-2.670E+1
665.44	-2.913E+1
665.76	3.398E+1
666.08	1.505E+2
666.40	4.612E+1
666.72	-1.335E+2
667.04	-3.398E+1
667.36	-3.155E+1
667.68	-9.466E+1
668.00	2.913E+1
668.32	1.359E+2
668.64	-4.126E+1
668.96	3.641E+1
669.28	3.641E+1
669.60	4.369E+1
669.92	6.311E+1
670.24	9.223E+1
670.56	-7.282E+0
670.88	1.214E+1
671.20	-7.282E+0
671.52	1.699E+1
671.84	-6.068E+1
672.16	-1.456E+1
672.47	-2.184E+1
672.79	5.097E+1
673.11	1.699E+1
673.43	6.554E+1
673.75	-1.214E+1
674.07	0.000E+0
674.39	-3.398E+1
674.71	4.369E+1
675.03	7.282E+1
675.34	2.427E+0
675.66	4.854E+0
675.98	7.039E+1
676.30	5.097E+1
676.62	-2.427E+0
676.94	-7.282E+0
677.25	-4.126E+1
677.57	1.189E+2
677.89	-8.981E+1
678.21	2.427E+0
678.53	-3.398E+1
678.85	5.825E+1
679.16	2.670E+1
679.48	9.223E+1
679.80	7.282E+1
680.12	-4.612E+1
680.44	-1.942E+1
680.75	4.369E+1
681.07	-3.641E+1
681.39	2.670E+1
681.71	-8.981E+1
682.02	2.427E+1
682.34	-7.524E+1
682.66	9.709E+1
682.98	6.554E+1
683.29	-9.709E+0
683.61	-6.554E+1
683.93	4.369E+1
684.25	4.369E+1
684.56	-5.825E+1
684.88	-7.767E+1
685.20	3.884E+1
685.51	9.466E+1
685.83	2.184E+1
686.15	-4.854E+1
686.47	-9.709E+0
686.78	-7.282E+1
687.10	-8.253E+1
687.42	7.282E+1
687.73	4.854E+1
688.05	4.369E+1
688.37	-2.184E+1
688.68	2.427E+0
689.00	-2.670E+1
689.32	4.369E+1
689.63	2.427E+0
689.95	1.699E+1
690.26	-6.554E+1
690.58	1.141E+2
690.90	-2.184E+1
691.21	-6.311E+1
691.53	4.612E+1
691.85	2.427E+1
692.16	-4.369E+1
692.48	-1.141E+2
692.79	6.554E+1
693.11	9.709E+0
693.42	2.184E+1
693.74	-2.670E+1
694.06	5.340E+1
694.37	-3.398E+1
694.69	1.456E+1
695.00	1.942E+1
695.32	-2.427E+0
695.63	5.097E+1
695.95	8.010E+1
696.26	-1.699E+1
696.58	-6.311E+1
696.90	-3.884E+1
697.21	-3.155E+1
697.53	7.767E+1
697.84	-9.709E+0
698.16	8.495E+1
698.47	1.942E+1
698.79	6.068E+1
699.10	1.942E+1
699.42	-9.709E+1
699.73	4.126E+1
700.05	-4.854E+0
700.36	-2.913E+1
700.68	6.311E+1
700.99	3.398E+1
701.30	7.524E+1
701.62	-2.670E+1
701.93	-4.369E+1
702.25	6.068E+1
702.56	4.126E+1
702.88	7.282E+0
703.19	-9.709E+0
703.50	3.155E+1
703.82	-4.126E+1
704.13	4.369E+1
704.45	-1.019E+2
704.76	-8.738E+1
705.08	9.709E+0
705.39	0.000E+0
705.70	-4.612E+1
706.02	-3.641E+1
706.33	-2.913E+1
706.64	1.456E+1
706.96	9.223E+1
707.27	-1.942E+1
707.59	4.612E+1
707.90	-1.068E+2
708.21	-5.097E+1
708.53	5.583E+1
708.84	1.942E+1
709.15	7.767E+1
709.47	8.738E+1
709.78	3.155E+1
710.09	-1.214E+1
710.41	0.000E+0
710.72	-3.884E+1
711.03	1.456E+1
711.34	-8.010E+1
711.66	1.214E+1
711.97	5.340E+1
712.28	-5.340E+1
712.60	4.612E+1
712.91	2.427E+0
713.22	-1.942E+1
713.53	-2.670E+1
713.85	3.641E+1
714.16	9.709E+0
714.47	-3.155E+1
714.78	-4.854E+0
715.10	-5.583E+1
715.41	7.282E+1
715.72	1.942E+1
716.03	2.184E+1
716.35	-1.214E+1
716.66	-3.155E+1
716.97	2.184E+1
717.28	4.854E+1
717.59	5.097E+1
717.91	-5.097E+1
718.22	-2.427E+0
718.53	-4.612E+1
718.84	-4.854E+1
719.15	4.612E+1
719.46	-6.796E+1
719.78	-5.097E+1
720.09	-1.408E+2
720.40	2.427E+1
720.71	3.398E+1
721.02	-9.709E+1
721.33	-4.854E+1
721.65	3.155E+1
721.96	5.097E+1
722.27	5.583E+1
722.58	4.369E+1
722.89	-2.913E+1
723.20	-5.097E+1
723.51	-6.554E+1
723.82	-1.068E+2
724.13	1.699E+1
724.45	7.767E+1
724.76	-1.456E+1
725.07	2.670E+1
725.38	2.427E+1
725.69	4.126E+1
726.00	3.398E+1
726.31	-6.068E+1
726.62	-1.699E+1
726.93	8.495E+1
727.24	5.340E+1
727.55	-4.612E+1
727.86	1.456E+1
728.17	-4.854E+0
728.48	-9.952E+1
728.79	-1.699E+1
729.10	9.952E+1
729.41	1.286E+2
729.72	9.952E+1
730.03	1.068E+2
730.34	2.427E+0
730.65	-2.913E+1
730.96	4.854E+0
731.27	-2.427E+0
731.58	-5.340E+1
731.89	-2.913E+1
732.20	-4.369E+1
732.51	-1.214E+1
732.82	-1.092E+2
733.13	-8.981E+1
733.44	2.913E+1
733.75	2.670E+1
734.06	-1.214E+1
734.37	-4.369E+1
734.68	1.699E+1
734.98	-3.884E+1
735.29	4.854E+0
735.60	1.214E+1
735.91	-7.282E+0
736.22	7.767E+1
736.53	7.767E+1
736.84	2.184E+1
737.15	-1.165E+2
737.46	4.126E+1
737.77	4.854E+0
738.07	4.369E+1
738.38	-2.427E+1
738.69	8.253E+1
739.00	-4.612E+1
739.31	-1.699E+1
739.62	-1.384E+2
739.92	-1.699E+1
740.23	1.044E+2
740.54	-2.913E+1
740.85	-2.913E+1
741.16	4.854E+0
741.47	7.767E+1
741.77	-2.427E+0
742.08	2.913E+1
742.39	1.262E+2
742.70	-5.583E+1
743.01	-4.369E+1
743.31	-4.612E+1
743.62	-4.369E+1
743.93	1.942E+1
744.24	3.155E+1
744.54	6.068E+1
744.85	-4.369E+1
745.16	2.670E+1
745.47	1.553E+2
745.77	-2.184E+1
746.08	1.699E+1
746.39	-4.126E+1
746.70	-9.709E+0
747.00	4.854E+0
747.31	3.641E+1
747.62	9.952E+1
747.92	2.670E+1
748.23	-5.825E+1
748.54	-7.039E+1
748.84	2.427E+1
749.15	-4.854E+1
749.46	0.000E+0
749.76	-7.282E+1
750.07	-2.427E+0
750.38	-7.524E+1
750.68	3.398E+1
750.99	3.398E+1
751.30	-7.524E+1
751.60	-1.456E+1
751.91	-6.311E+1
752.22	1.214E+1
752.52	1.214E+1
752.83	-6.311E+1
753.14	7.282E+0
753.44	1.699E+1
753.75	5.097E+1
754.05	5.340E+1
754.36	-1.699E+1
754.67	-1.699E+1
754.97	8.495E+1
755.28	7.282E+1
755.58	8.981E+1
755.89	-3.884E+1
756.19	-4.612E+1
756.50	4.854E+1
756.81	-5.583E+1
757.11	1.699E+1
757.42	-5.825E+1
757.72	-3.155E+1
758.03	-9.709E+1
758.33	-1.942E+1
758.64	1.262E+2
758.94	4.369E+1
759.25	2.427E+0
759.55	-1.942E+1
759.86	-1.942E+1
760.16	2.427E+1
760.47	-7.282E+0
760.77	-5.097E+1
761.08	1.456E+1
761.38	9.223E+1
761.69	-3.155E+1
761.99	-2.427E+0
762.30	1.262E+2
762.60	3.155E+1
762.91	7.282E+0
763.21	-7.524E+1
763.51	-9.952E+1
763.82	-4.854E+0
764.12	-1.942E+1
764.43	-6.311E+1
764.73	5.583E+1
765.04	1.165E+2
765.34	1.286E+2
765.64	-5.340E+1
765.95	9.466E+1
766.25	9.709E+1
766.56	3.398E+1
766.86	-5.097E+1
767.16	-2.427E+0
767.47	-7.282E+0
767.77	1.942E+1
768.07	5.097E+1
768.38	-2.427E+1
768.68	-7.524E+1
768.98	4.854E+0
769.29	-5.340E+1
769.59	7.282E+1
769.89	2.427E+0
770.20	1.942E+1
770.50	-4.612E+1
770.80	1.214E+1
771.11	-5.583E+1
771.41	-2.670E+1
771.71	-4.854E+1
772.02	3.641E+1
772.32	1.699E+1
772.62	-1.699E+1
772.93	5.097E+1
773.23	-7.767E+1
773.53	-4.854E+0
773.83	-7.039E+1
774.14	-3.155E+1
774.44	-5.097E+1
774.74	1.456E+1
775.04	1.092E+2
775.35	1.092E+2
775.65	4.126E+1
775.95	-5.825E+1
776.25	-9.466E+1
776.55	-1.699E+1
776.86	4.854E+0
777.16	-2.670E+1
777.46	-5.825E+1
777.76	9.466E+1
778.06	1.942E+1
778.37	-4.126E+1
778.67	4.854E+0
778.97	4.854E+1
779.27	7.524E+1
779.57	5.340E+1
779.88	6.068E+1
780.18	6.068E+1
780.48	7.767E+1
780.78	2.184E+1
781.08	4.612E+1
781.38	1.214E+1
781.68	0.000E+0
781.98	-9.709E+1
782.29	-5.097E+1
782.59	6.554E+1
782.89	-1.214E+2
783.19	-2.427E+1
783.49	-2.427E+1
783.79	-4.369E+1
784.09	2.184E+1
784.39	1.335E+2
784.69	-1.699E+1
784.99	2.670E+1
785.30	-8.495E+1
785.60	4.854E+1
785.90	-2.913E+1
786.20	-3.884E+1
786.50	3.641E+1
786.80	-5.340E+1
787.10	-3.398E+1
787.40	-3.884E+1
787.70	-3.398E+1
788.00	5.583E+1
788.30	6.554E+1
788.60	-2.670E+1
788.90	7.767E+1
789.20	-6.554E+1
789.50	1.456E+1
789.80	-9.952E+1
790.10	3.155E+1
790.40	5.825E+1
790.70	5.097E+1
791.00	4.126E+1
791.30	-4.612E+1
791.60	8.253E+1
791.90	-9.709E+0
792.20	7.282E+0
792.50	-2.184E+1
792.79	8.010E+1
793.09	2.184E+1
793.39	4.369E+1
793.69	-2.427E+1
793.99	8.495E+1
794.29	-6.796E+1
794.59	2.670E+1
794.89	-1.214E+1
795.19	-2.184E+1
795.49	4.126E+1
795.79	5.825E+1
796.08	7.282E+0
796.38	7.039E+1
796.68	-1.117E+2
796.98	-1.456E+1
797.28	-4.854E+1
797.58	6.311E+1
797.88	-1.699E+1
798.17	-1.286E+2
798.47	2.670E+1
798.77	6.311E+1
799.07	-2.670E+1
799.37	-6.068E+1
799.67	-4.369E+1
799.96	4.126E+1
800.26	2.184E+1
800.56	-4.854E+1
800.86	-4.369E+1
801.16	4.612E+1
801.45	3.884E+1
801.75	-4.126E+1
802.05	4.369E+1
802.35	-7.282E+0
802.64	2.913E+1
802.94	4.854E+0
803.24	6.311E+1
803.54	2.184E+1
803.83	2.670E+1
804.13	9.709E+0
804.43	-1.214E+1
804.73	-6.554E+1
805.02	-4.126E+1
805.32	-2.427E+0
805.62	6.796E+1
805.91	9.223E+1
806.21	-9.709E+0
806.51	1.942E+1
806.81	1.456E+1
807.10	-3.398E+1
807.40	-8.981E+1
807.70	1.456E+1
807.99	-2.913E+1
808.29	-4.612E+1
808.59	-6.554E+1
808.88	-4.612E+1
809.18	-2.184E+1
809.47	-1.942E+1
809.77	-3.155E+1
810.07	1.214E+1
810.36	6.554E+1
810.66	-1.311E+2
810.96	7.282E+1
811.25	-3.398E+1
811.55	-8.981E+1
811.84	7.767E+1
812.14	1.699E+1
812.44	7.282E+0
812.73	1.699E+1
813.03	-3.884E+1
813.32	4.854E+1
813.62	5.340E+1
813.91	1.699E+1
814.21	-5.825E+1
814.51	4.369E+1
814.80	8.738E+1
815.10	-7.039E+1
815.39	1.699E+1
815.69	-4.854E+0
815.98	4.612E+1
816.28	-7.282E+1
816.57	-4.854E+0
816.87	-6.554E+1
817.16	-6.554E+1
817.46	-8.981E+1
817.75	-5.583E+1
818.05	-3.641E+1
818.34	5.340E+1
818.64	-7.282E+0
818.93	-1.456E+1
819.23	4.612E+1
819.52	-7.282E+0
819.82	4.126E+1
820.11	-1.214E+1
820.40	4.126E+1
820.70	9.709E+0
820.99	1.068E+2
821.29	-2.670E+1
821.58	1.044E+2
821.88	2.184E+1
822.17	6.311E+1
822.46	2.427E+1
822.76	-3.641E+1
823.05	-5.825E+1
823.35	4.369E+1
823.64	3.641E+1
823.93	8.981E+1
824.23	-8.253E+1
824.52	-6.796E+1
824.81	-7.524E+1
825.11	2.913E+1
825.40	6.068E+1
825.69	-3.641E+1
825.99	-4.854E+0
826.28	6.068E+1
826.58	2.427E+1
826.87	8.253E+1
827.16	-5.097E+1
827.45	-7.282E+0
827.75	-5.825E+1
828.04	-5.583E+1
828.33	-2.184E+1
828.63	-7.282E+0
828.92	4.612E+1
829.21	-9.709E+0
829.51	-1.456E+1
829.80	-9.709E+0
830.09	-9.709E+0
830.38	-2.670E+1
830.68	-2.913E+1
830.97	1.699E+1
831.26	4.854E+1
831.55	4.854E+0
831.85	-7.524E+1
832.14	1.942E+1
832.43	-4.854E+0
832.72	2.913E+1
833.01	2.427E+0
833.31	9.709E+0
833.60	-1.456E+1
833.89	1.189E+2
834.18	4.369E+1
834.47	-1.456E+1
834.77	-2.427E+1
835.06	-3.641E+1
835.35	-1.456E+1
835.64	4.612E+1
835.93	-3.641E+1
836.22	-7.282E+0
836.52	-5.825E+1
836.81	1.189E+2
837.10	0.000E+0
837.39	-1.699E+1
837.68	1.214E+1
837.97	-4.854E+0
838.26	-1.942E+1
838.55	-9.709E+0
838.85	2.913E+1
839.14	-4.612E+1
839.43	-1.699E+1
839.72	-6.311E+1
840.01	9.223E+1
840.30	-6.796E+1
840.59	4.854E+0
840.88	1.553E+2
841.17	3.641E+1
841.46	-5.583E+1
841.75	-5.825E+1
842.04	-1.699E+1
842.33	5.340E+1
842.62	-4.126E+1
842.91	1.214E+1
843.21	-4.854E+0
843.50	-1.699E+1
843.79	-8.010E+1
844.08	1.456E+1
844.37	3.398E+1
844.66	7.282E+0
844.95	4.126E+1
845.24	3.398E+1
845.53	-1.214E+1
845.81	-8.495E+1
846.10	2.427E+1
846.39	7.282E+0
846.68	1.214E+1
846.97	-1.359E+2
847.26	3.398E+1
847.55	1.699E+1
847.84	-5.583E+1
848.13	5.825E+1
848.42	0.000E+0
848.71	5.097E+1
849.00	4.612E+1
849.29	4.854E+0
849.58	-9.709E+0
849.87	2.427E+1
850.15	0.000E+0
850.44	-2.913E+1
850.73	7.282E+0
851.02	4.854E+1
851.31	-7.282E+0
851.60	1.942E+1
851.89	1.942E+1
852.18	-1.311E+2
852.46	2.913E+1
852.75	-6.311E+1
853.04	-2.913E+1
853.33	-4.854E+0
853.62	-2.670E+1
853.91	5.340E+1
854.19	9.952E+1
854.48	4.854E+0
854.77	5.097E+1
855.06	-3.884E+1
855.35	-5.097E+1
855.63	1.456E+1
855.92	5.097E+1
856.21	5.097E+1
856.50	4.854E+0
856.79	-9.709E+0
857.07	3.155E+1
857.36	2.913E+1
857.65	3.155E+1
857.94	6.554E+1
858.22	1.068E+2
858.51	2.184E+1
858.80	-9.709E+0
859.08	4.854E+0
859.37	-4.854E+0
859.66	4.369E+1
859.95	3.155E+1
860.23	-1.456E+1
860.52	9.952E+1
860.81	1.699E+1
861.09	7.282E+0
861.38	4.126E+1
861.67	7.039E+1
861.95	2.670E+1
862.24	-3.641E+1
862.53	6.311E+1
862.81	-9.709E+0
863.10	1.214E+1
863.39	-9.709E+0
863.67	-9.223E+1
863.96	2.184E+1
864.25	-4.369E+1
864.53	-9.709E+1
864.82	5.340E+1
865.10	4.126E+1
865.39	-2.427E+1
865.68	4.126E+1
865.96	-8.253E+1
866.25	-5.583E+1
866.53	-5.583E+1
866.82	-5.583E+1