Wavelength	Intensity	Ocean Optics Flame
nm	counts
187.89	-3.641E+1
188.27	-2.427E+0
188.64	1.044E+2
189.02	-8.010E+1
189.40	-1.214E+1
189.78	3.155E+1
190.15	9.952E+1
190.53	2.427E+0
190.91	7.039E+1
191.29	7.039E+1
191.66	6.068E+1
192.04	-3.884E+1
192.42	7.282E+0
192.80	-6.796E+1
193.17	2.427E+0
193.55	1.214E+1
193.93	6.311E+1
194.30	2.184E+1
194.68	-1.456E+1
195.06	1.165E+2
195.44	-3.884E+1
195.81	2.670E+1
196.19	5.583E+1
196.57	5.583E+1
196.94	-6.796E+1
197.32	-9.709E+0
197.70	-7.767E+1
198.07	9.709E+0
198.45	4.369E+1
198.83	8.738E+1
199.20	1.019E+2
199.58	-2.427E+1
199.96	-3.884E+1
200.33	7.524E+1
200.71	3.884E+1
201.09	-7.282E+0
201.46	3.641E+1
201.84	8.253E+1
202.22	7.282E+1
202.59	4.369E+1
202.97	-5.097E+1
203.34	5.340E+1
203.72	-8.495E+1
204.10	2.427E+0
204.47	5.097E+1
204.85	-3.155E+1
205.23	4.126E+1
205.60	1.214E+1
205.98	-1.214E+1
206.35	6.796E+1
206.73	1.456E+1
207.11	-9.709E+0
207.48	1.456E+1
207.86	-1.942E+1
208.23	-4.854E+1
208.61	5.583E+1
208.98	-5.340E+1
209.36	-2.670E+1
209.74	8.738E+1
210.11	4.854E+0
210.49	7.282E+0
210.86	5.583E+1
211.24	-4.612E+1
211.61	-2.913E+1
211.99	-2.670E+1
212.36	5.825E+1
212.74	1.214E+1
213.11	-1.019E+2
213.49	1.456E+1
213.87	-9.709E+0
214.24	-9.709E+1
214.62	1.214E+1
214.99	-6.554E+1
215.37	4.126E+1
215.74	-6.311E+1
216.12	-1.456E+1
216.49	-2.913E+1
216.87	5.097E+1
217.24	2.427E+1
217.62	3.641E+1
217.99	-5.097E+1
218.37	-8.738E+1
218.74	-6.311E+1
219.11	-5.097E+1
219.49	1.578E+2
219.86	-8.495E+1
220.24	4.854E+0
220.61	4.612E+1
220.99	3.641E+1
221.36	8.495E+1
221.74	4.854E+0
222.11	8.010E+1
222.49	2.427E+1
222.86	5.097E+1
223.23	8.010E+1
223.61	8.010E+1
223.98	7.524E+1
224.36	-6.068E+1
224.73	5.097E+1
225.11	6.554E+1
225.48	-9.709E+0
225.85	8.495E+1
226.23	5.340E+1
226.60	1.214E+2
226.98	1.481E+2
227.35	1.942E+1
227.72	7.282E+0
228.10	2.670E+1
228.47	-9.466E+1
228.84	-1.019E+2
229.22	2.427E+1
229.59	-1.699E+1
229.97	1.092E+2
230.34	6.796E+1
230.71	1.214E+1
231.09	-2.184E+1
231.46	-9.709E+0
231.83	-9.952E+1
232.21	4.854E+1
232.58	-4.854E+0
232.95	1.942E+1
233.33	1.262E+2
233.70	6.068E+1
234.07	-4.854E+0
234.45	-1.044E+2
234.82	2.427E+1
235.19	1.117E+2
235.57	-4.369E+1
235.94	1.092E+2
236.31	-4.854E+0
236.69	1.384E+2
237.06	8.010E+1
237.43	2.184E+1
237.80	-9.709E+0
238.18	-2.427E+0
238.55	3.398E+1
238.92	8.738E+1
239.30	4.854E+0
239.67	0.000E+0
240.04	-8.253E+1
240.41	1.214E+1
240.79	-4.854E+0
241.16	7.524E+1
241.53	2.913E+1
241.90	-8.981E+1
242.28	-3.398E+1
242.65	4.126E+1
243.02	1.189E+2
243.39	-5.825E+1
243.77	2.670E+1
244.14	2.184E+1
244.51	0.000E+0
244.88	4.612E+1
245.25	1.068E+2
245.63	8.495E+1
246.00	3.155E+1
246.37	9.709E+0
246.74	-3.641E+1
247.11	-7.767E+1
247.49	-7.282E+0
247.86	-7.282E+1
248.23	4.369E+1
248.60	-2.427E+0
248.97	6.311E+1
249.35	6.068E+1
249.72	1.141E+2
250.09	8.981E+1
250.46	-2.670E+1
250.83	8.495E+1
251.20	-2.913E+1
251.58	9.223E+1
251.95	4.854E+0
252.32	-1.165E+2
252.69	-4.854E+1
253.06	-9.709E+0
253.43	-1.699E+1
253.80	7.282E+0
254.17	5.340E+1
254.55	2.913E+1
254.92	7.767E+1
255.29	9.952E+1
255.66	1.699E+1
256.03	1.699E+1
256.40	-4.369E+1
256.77	6.796E+1
257.14	2.913E+1
257.51	7.524E+1
257.88	1.456E+1
258.26	2.427E+0
258.63	1.942E+1
259.00	-2.913E+1
259.37	1.044E+2
259.74	5.583E+1
260.11	-3.641E+1
260.48	5.825E+1
260.85	-4.369E+1
261.22	-1.456E+1
261.59	3.155E+1
261.96	-3.155E+1
262.33	1.019E+2
262.70	3.641E+1
263.07	1.214E+1
263.44	-4.126E+1
263.81	-7.524E+1
264.18	6.068E+1
264.55	-2.184E+1
264.92	8.010E+1
265.29	8.981E+1
265.66	5.097E+1
266.03	-4.854E+0
266.40	3.641E+1
266.77	1.044E+2
267.14	9.223E+1
267.51	8.253E+1
267.88	8.495E+1
268.25	2.184E+1
268.62	3.155E+1
268.99	1.214E+1
269.36	-6.068E+1
269.73	-2.184E+1
270.10	-1.699E+1
270.47	-8.738E+1
270.84	-4.854E+1
271.21	5.825E+1
271.58	-3.641E+1
271.95	0.000E+0
272.32	-4.854E+0
272.69	9.709E+1
273.06	3.884E+1
273.43	9.709E+0
273.80	-4.369E+1
274.17	-3.155E+1
274.53	3.398E+1
274.90	4.854E+0
275.27	-6.796E+1
275.64	8.981E+1
276.01	-5.825E+1
276.38	2.427E+0
276.75	6.554E+1
277.12	1.456E+1
277.49	4.369E+1
277.86	-4.854E+0
278.22	-5.825E+1
278.59	-2.184E+1
278.96	5.097E+1
279.33	1.699E+1
279.70	3.155E+1
280.07	4.854E+1
280.44	3.398E+1
280.80	-2.670E+1
281.17	4.854E+1
281.54	-2.427E+1
281.91	6.311E+1
282.28	3.641E+1
282.65	-4.369E+1
283.02	-2.913E+1
283.38	-7.282E+0
283.75	7.282E+0
284.12	-1.117E+2
284.49	-3.155E+1
284.86	7.282E+1
285.22	2.427E+1
285.59	-2.184E+1
285.96	1.214E+1
286.33	1.456E+1
286.70	5.097E+1
287.06	8.495E+1
287.43	-5.097E+1
287.80	-3.884E+1
288.17	8.010E+1
288.53	-2.670E+1
288.90	-9.709E+0
289.27	0.000E+0
289.64	9.709E+0
290.01	7.524E+1
290.37	6.068E+1
290.74	8.738E+1
291.11	1.117E+2
291.48	7.767E+1
291.84	4.126E+1
292.21	7.282E+1
292.58	9.709E+0
292.94	9.952E+1
293.31	-9.709E+1
293.68	3.398E+1
294.05	-3.155E+1
294.41	6.796E+1
294.78	-1.942E+1
295.15	-4.854E+1
295.51	3.155E+1
295.88	8.495E+1
296.25	4.369E+1
296.61	5.340E+1
296.98	-4.854E+1
297.35	-3.155E+1
297.72	-2.184E+1
298.08	1.699E+1
298.45	-1.214E+1
298.82	8.738E+1
299.18	-6.554E+1
299.55	-1.214E+1
299.91	-7.039E+1
300.28	3.884E+1
300.65	-9.709E+0
301.01	3.884E+1
301.38	-6.311E+1
301.75	4.369E+1
302.11	-9.223E+1
302.48	-1.942E+1
302.85	2.427E+1
303.21	3.155E+1
303.58	-2.670E+1
303.94	2.427E+0
304.31	-5.340E+1
304.68	3.641E+1
305.04	-5.583E+1
305.41	1.481E+2
305.77	1.214E+1
306.14	1.214E+1
306.51	-4.854E+0
306.87	7.282E+0
307.24	-2.427E+1
307.60	-7.767E+1
307.97	1.699E+1
308.33	1.286E+2
308.70	9.466E+1
309.07	5.583E+1
309.43	7.282E+1
309.80	-2.427E+1
310.16	6.311E+1
310.53	-1.456E+1
310.89	3.884E+1
311.26	6.554E+1
311.62	8.010E+1
311.99	3.641E+1
312.35	4.126E+1
312.72	2.427E+1
313.08	-6.796E+1
313.45	2.427E+0
313.81	3.884E+1
314.18	0.000E+0
314.54	-4.612E+1
314.91	1.117E+2
315.27	7.524E+1
315.64	4.369E+1
316.00	2.427E+1
316.37	-5.097E+1
316.73	2.670E+1
317.10	4.854E+1
317.46	-1.214E+1
317.83	6.068E+1
318.19	3.155E+1
318.56	1.942E+1
318.92	3.398E+1
319.28	-8.495E+1
319.65	3.641E+1
320.01	7.524E+1
320.38	0.000E+0
320.74	1.699E+1
321.11	1.141E+2
321.47	3.398E+1
321.83	-7.282E+1
322.20	9.709E+0
322.56	1.068E+2
322.93	1.456E+1
323.29	-2.184E+1
323.66	-7.282E+0
324.02	9.709E+0
324.38	2.427E+1
324.75	7.282E+0
325.11	1.456E+1
325.47	9.709E+0
325.84	4.854E+0
326.20	-7.282E+0
326.57	1.141E+2
326.93	4.612E+1
327.29	6.796E+1
327.66	-6.068E+1
328.02	2.184E+1
328.38	-4.126E+1
328.75	-1.942E+1
329.11	-6.796E+1
329.47	4.854E+0
329.84	-8.010E+1
330.20	7.282E+0
330.56	4.369E+1
330.93	-1.456E+2
331.29	-4.126E+1
331.65	4.126E+1
332.02	2.427E+1
332.38	7.524E+1
332.74	-3.398E+1
333.10	3.398E+1
333.47	-3.398E+1
333.83	4.126E+1
334.19	2.184E+1
334.56	-2.184E+1
334.92	7.039E+1
335.28	6.068E+1
335.64	8.253E+1
336.01	1.019E+2
336.37	-4.126E+1
336.73	2.670E+1
337.09	7.039E+1
337.46	-1.699E+1
337.82	7.524E+1
338.18	7.282E+0
338.54	8.738E+1
338.91	1.699E+1
339.27	1.359E+2
339.63	1.214E+1
339.99	1.019E+2
340.36	3.398E+1
340.72	6.554E+1
341.08	1.651E+2
341.44	4.612E+1
341.80	-4.126E+1
342.17	9.466E+1
342.53	1.044E+2
342.89	-1.019E+2
343.25	-4.854E+0
343.61	4.612E+1
343.98	5.583E+1
344.34	2.913E+1
344.70	-4.126E+1
345.06	-2.184E+1
345.42	1.456E+1
345.78	-1.456E+1
346.14	-4.369E+1
346.51	7.524E+1
346.87	1.942E+1
347.23	6.554E+1
347.59	-1.214E+1
347.95	1.384E+2
348.31	1.019E+2
348.67	3.884E+1
349.04	-2.427E+1
349.40	1.044E+2
349.76	9.709E+0
350.12	1.699E+1
350.48	3.884E+1
350.84	-7.039E+1
351.20	3.641E+1
351.56	1.165E+2
351.92	8.495E+1
352.28	4.369E+1
352.65	-2.427E+1
353.01	9.709E+0
353.37	-3.398E+1
353.73	-3.155E+1
354.09	1.214E+1
354.45	6.068E+1
354.81	-7.282E+1
355.17	1.189E+2
355.53	1.117E+2
355.89	-2.670E+1
356.25	6.554E+1
356.61	4.126E+1
356.97	4.612E+1
357.33	7.282E+0
357.69	1.942E+1
358.05	2.184E+1
358.41	-1.214E+1
358.77	7.282E+0
359.13	5.340E+1
359.49	-4.854E+1
359.85	-4.854E+0
360.21	-7.282E+0
360.57	8.253E+1
360.93	-1.214E+1
361.29	-3.884E+1
361.65	-3.155E+1
362.01	8.010E+1
362.37	5.097E+1
362.73	-2.427E+0
363.09	9.709E+1
363.45	6.068E+1
363.81	1.214E+1
364.17	6.796E+1
364.53	4.126E+1
364.89	6.311E+1
365.25	4.854E+0
365.61	-2.427E+0
365.97	6.311E+1
366.33	1.214E+2
366.69	8.010E+1
367.05	-2.670E+1
367.40	8.495E+1
367.76	6.554E+1
368.12	-1.699E+1
368.48	1.456E+1
368.84	4.612E+1
369.20	4.612E+1
369.56	1.044E+2
369.92	4.854E+1
370.28	7.282E+0
370.63	2.913E+1
370.99	1.092E+2
371.35	1.359E+2
371.71	1.068E+2
372.07	7.767E+1
372.43	7.767E+1
372.79	5.583E+1
373.15	1.311E+2
373.50	1.699E+2
373.86	1.748E+2
374.22	1.456E+2
374.58	1.796E+2
374.94	1.044E+2
375.30	2.209E+2
375.65	2.573E+2
376.01	1.699E+2
376.37	1.723E+2
376.73	2.282E+2
377.09	2.767E+2
377.44	2.694E+2
377.80	2.743E+2
378.16	3.252E+2
378.52	2.500E+2
378.88	3.665E+2
379.23	3.471E+2
379.59	3.786E+2
379.95	3.665E+2
380.31	4.369E+2
380.66	3.908E+2
381.02	4.418E+2
381.38	5.000E+2
381.74	5.704E+2
382.09	5.194E+2
382.45	6.796E+2
382.81	5.704E+2
383.17	7.743E+2
383.52	7.573E+2
383.88	7.743E+2
384.24	6.990E+2
384.60	8.544E+2
384.95	8.544E+2
385.31	1.015E+3
385.67	1.090E+3
386.02	1.175E+3
386.38	1.189E+3
386.74	1.248E+3
387.10	1.328E+3
387.45	1.410E+3
387.81	1.602E+3
388.17	1.609E+3
388.52	1.803E+3
388.88	1.949E+3
389.24	1.947E+3
389.59	2.243E+3
389.95	2.408E+3
390.31	2.665E+3
390.66	2.786E+3
391.02	2.915E+3
391.38	2.942E+3
391.73	3.393E+3
392.09	3.590E+3
392.44	3.825E+3
392.80	4.090E+3
393.16	4.539E+3
393.51	4.920E+3
393.87	5.204E+3
394.23	5.544E+3
394.58	5.862E+3
394.94	6.265E+3
395.29	6.595E+3
395.65	7.228E+3
396.01	7.821E+3
396.36	8.175E+3
396.72	8.813E+3
397.07	9.274E+3
397.43	1.011E+4
397.78	1.059E+4
398.14	1.116E+4
398.50	1.197E+4
398.85	1.285E+4
399.21	1.367E+4
399.56	1.468E+4
399.92	1.555E+4
400.27	1.625E+4
400.63	1.744E+4
400.98	1.826E+4
401.34	1.928E+4
401.69	1.979E+4
402.05	2.117E+4
402.40	2.225E+4
402.76	2.312E+4
403.11	2.467E+4
403.47	2.669E+4
403.82	2.669E+4
404.18	2.849E+4
404.53	2.959E+4
404.89	3.162E+4
405.24	3.316E+4
405.60	3.365E+4
405.95	3.531E+4
406.31	3.690E+4
406.66	3.755E+4
407.02	3.888E+4
407.37	4.035E+4
407.73	4.114E+4
408.08	4.327E+4
408.44	4.391E+4
408.79	4.504E+4
409.14	4.609E+4
409.50	4.724E+4
409.85	4.820E+4
410.21	4.893E+4
410.56	5.014E+4
410.92	5.069E+4
411.27	5.118E+4
411.62	5.227E+4
411.98	5.222E+4
412.33	5.238E+4
412.69	5.309E+4
413.04	5.293E+4
413.39	5.259E+4
413.75	5.271E+4
414.10	5.262E+4
414.45	5.218E+4
414.81	5.208E+4
415.16	5.149E+4
415.52	5.098E+4
415.87	5.053E+4
416.22	4.930E+4
416.58	4.872E+4
416.93	4.790E+4
417.28	4.673E+4
417.64	4.563E+4
417.99	4.509E+4
418.34	4.322E+4
418.70	4.150E+4
419.05	3.986E+4
419.40	3.832E+4
419.76	3.634E+4
420.11	3.561E+4
420.46	3.334E+4
420.81	3.216E+4
421.17	3.069E+4
421.52	2.894E+4
421.87	2.772E+4
422.23	2.666E+4
422.58	2.510E+4
422.93	2.381E+4
423.28	2.271E+4
423.64	2.197E+4
423.99	2.061E+4
424.34	1.958E+4
424.69	1.875E+4
425.05	1.734E+4
425.40	1.683E+4
425.75	1.610E+4
426.10	1.509E+4
426.46	1.445E+4
426.81	1.360E+4
427.16	1.285E+4
427.51	1.232E+4
427.87	1.161E+4
428.22	1.138E+4
428.57	1.074E+4
428.92	1.026E+4
429.27	9.913E+3
429.63	9.291E+3
429.98	8.413E+3
430.33	8.435E+3
430.68	8.206E+3
431.03	7.515E+3
431.38	7.277E+3
431.74	6.765E+3
432.09	6.636E+3
432.44	6.554E+3
432.79	6.053E+3
433.14	5.682E+3
433.49	5.587E+3
433.85	5.036E+3
434.20	4.913E+3
434.55	4.687E+3
434.90	4.507E+3
435.25	4.255E+3
435.60	4.104E+3
435.95	3.786E+3
436.30	3.694E+3
436.66	3.551E+3
437.01	3.602E+3
437.36	3.386E+3
437.71	3.117E+3
438.06	2.998E+3
438.41	2.871E+3
438.76	2.704E+3
439.11	2.507E+3
439.46	2.466E+3
439.81	2.286E+3
440.16	2.422E+3
440.52	2.172E+3
440.87	2.090E+3
441.22	2.053E+3
441.57	1.988E+3
441.92	1.949E+3
442.27	1.765E+3
442.62	1.699E+3
442.97	1.590E+3
443.32	1.675E+3
443.67	1.430E+3
444.02	1.527E+3
444.37	1.417E+3
444.72	1.320E+3
445.07	1.231E+3
445.42	1.274E+3
445.77	1.328E+3
446.12	1.180E+3
446.47	1.092E+3
446.82	1.121E+3
447.17	1.032E+3
447.52	1.010E+3
447.87	9.685E+2
448.22	9.151E+2
448.57	9.054E+2
448.92	7.767E+2
449.27	8.107E+2
449.62	8.107E+2
449.97	8.325E+2
450.32	8.277E+2
450.66	6.748E+2
451.01	6.578E+2
451.36	6.287E+2
451.71	6.165E+2
452.06	5.583E+2
452.41	4.976E+2
452.76	6.165E+2
453.11	5.947E+2
453.46	5.316E+2
453.81	5.316E+2
454.16	5.219E+2
454.51	4.782E+2
454.85	4.005E+2
455.20	4.418E+2
455.55	4.393E+2
455.90	3.447E+2
456.25	4.685E+2
456.60	3.519E+2
456.95	4.296E+2
457.30	3.180E+2
457.64	3.325E+2
457.99	4.199E+2
458.34	3.495E+2
458.69	2.524E+2
459.04	3.835E+2
459.39	2.718E+2
459.73	3.471E+2
460.08	4.175E+2
460.43	2.427E+2
460.78	3.034E+2
461.13	3.350E+2
461.48	3.714E+2
461.82	2.961E+2
462.17	1.408E+2
462.52	1.942E+2
462.87	2.646E+2
463.21	3.398E+2
463.56	2.451E+2
463.91	2.597E+2
464.26	1.699E+2
464.61	3.228E+2
464.95	2.087E+2
465.30	2.233E+2
465.65	1.408E+2
466.00	2.354E+2
466.34	2.257E+2
466.69	2.694E+2
467.04	2.427E+2
467.39	2.500E+2
467.73	3.155E+2
468.08	2.524E+2
468.43	1.214E+2
468.77	2.670E+2
469.12	8.981E+1
469.47	1.432E+2
469.82	1.748E+2
470.16	1.335E+2
470.51	1.626E+2
470.86	1.214E+2
471.20	1.335E+2
471.55	1.311E+2
471.90	2.282E+2
472.24	1.214E+2
472.59	9.952E+1
472.94	2.282E+2
473.28	1.966E+2
473.63	7.524E+1
473.98	8.010E+1
474.32	1.820E+2
474.67	1.966E+2
475.02	1.117E+2
475.36	1.432E+2
475.71	5.825E+1
476.06	1.869E+2
476.40	1.068E+2
476.75	1.044E+2
477.09	9.952E+1
477.44	1.019E+2
477.79	4.854E+1
478.13	1.311E+2
478.48	1.602E+2
478.82	4.854E+1
479.17	2.427E+0
479.52	8.738E+1
479.86	1.626E+2
480.21	1.529E+2
480.55	1.165E+2
480.90	1.092E+2
481.24	1.068E+2
481.59	4.126E+1
481.94	1.456E+1
482.28	5.340E+1
482.63	2.015E+2
482.97	1.651E+2
483.32	-2.184E+1
483.66	1.335E+2
484.01	7.524E+1
484.35	1.578E+2
484.70	1.165E+2
485.04	-3.398E+1
485.39	8.010E+1
485.73	-1.699E+1
486.08	6.796E+1
486.42	8.738E+1
486.77	6.068E+1
487.11	1.408E+2
487.46	9.466E+1
487.80	1.214E+2
488.15	6.796E+1
488.49	1.165E+2
488.84	-7.282E+0
489.18	9.952E+1
489.53	1.044E+2
489.87	6.311E+1
490.21	5.825E+1
490.56	-1.456E+1
490.90	1.772E+2
491.25	0.000E+0
491.59	7.524E+1
491.94	1.262E+2
492.28	5.583E+1
492.62	1.529E+2
492.97	4.854E+1
493.31	1.214E+1
493.66	1.311E+2
494.00	1.626E+2
494.34	4.854E+0
494.69	6.311E+1
495.03	8.010E+1
495.38	-3.155E+1
495.72	5.340E+1
496.06	7.039E+1
496.41	1.432E+2
496.75	1.044E+2
497.09	1.384E+2
497.44	1.092E+2
497.78	1.699E+1
498.13	8.010E+1
498.47	8.981E+1
498.81	1.942E+1
499.16	-3.641E+1
499.50	7.524E+1
499.84	4.612E+1
500.19	6.311E+1
500.53	3.884E+1
500.87	9.709E+1
501.21	2.184E+1
501.56	6.554E+1
501.90	4.126E+1
502.24	4.854E+1
502.59	5.340E+1
502.93	6.554E+1
503.27	1.942E+1
503.61	1.068E+2
503.96	9.709E+0
504.30	2.427E+0
504.64	8.253E+1
504.99	-4.854E+1
505.33	-9.709E+0
505.67	4.369E+1
506.01	-4.854E+0
506.36	8.010E+1
506.70	-4.369E+1
507.04	-7.282E+1
507.38	4.126E+1
507.72	6.068E+1
508.07	-3.641E+1
508.41	3.155E+1
508.75	-4.612E+1
509.09	7.039E+1
509.44	4.612E+1
509.78	1.214E+1
510.12	1.214E+1
510.46	2.913E+1
510.80	2.913E+1
511.14	8.253E+1
511.49	4.612E+1
511.83	2.184E+1
512.17	-8.253E+1
512.51	4.854E+1
512.85	2.427E+0
513.19	1.068E+2
513.54	-6.311E+1
513.88	-7.282E+0
514.22	1.262E+2
514.56	-2.913E+1
514.90	1.942E+1
515.24	4.126E+1
515.58	3.641E+1
515.93	-1.942E+1
516.27	7.282E+1
516.61	1.117E+2
516.95	7.282E+1
517.29	5.340E+1
517.63	1.019E+2
517.97	1.578E+2
518.31	4.126E+1
518.65	2.670E+1
518.99	6.068E+1
519.33	7.039E+1
519.67	4.854E+1
520.02	2.427E+0
520.36	6.796E+1
520.70	1.456E+1
521.04	1.019E+2
521.38	-2.427E+1
521.72	8.738E+1
522.06	-4.854E+0
522.40	8.010E+1
522.74	2.184E+1
523.08	8.010E+1
523.42	-3.884E+1
523.76	1.481E+2
524.10	5.583E+1
524.44	1.117E+2
524.78	1.942E+1
525.12	-4.854E+1
525.46	7.524E+1
525.80	-2.670E+1
526.14	9.466E+1
526.48	9.709E+0
526.82	1.456E+1
527.16	2.184E+1
527.50	2.913E+1
527.84	-1.699E+1
528.18	-3.398E+1
528.52	1.092E+2
528.86	4.854E+0
529.20	1.699E+2
529.54	7.767E+1
529.87	2.184E+1
530.21	2.184E+1
530.55	6.068E+1
530.89	3.155E+1
531.23	3.398E+1
531.57	-4.854E+0
531.91	-2.427E+1
532.25	-2.670E+1
532.59	2.670E+1
532.93	2.184E+1
533.27	1.384E+2
533.60	4.612E+1
533.94	3.641E+1
534.28	-3.641E+1
534.62	3.398E+1
534.96	4.854E+1
535.30	2.427E+0
535.64	3.641E+1
535.98	1.214E+1
536.31	3.155E+1
536.65	8.738E+1
536.99	8.981E+1
537.33	-1.699E+1
537.67	2.184E+1
538.01	2.184E+1
538.34	1.214E+2
538.68	4.126E+1
539.02	1.699E+1
539.36	6.554E+1
539.70	1.384E+2
540.03	4.126E+1
540.37	3.641E+1
540.71	3.398E+1
541.05	-4.854E+1
541.39	1.214E+2
541.72	3.398E+1
542.06	6.068E+1
542.40	7.524E+1
542.74	4.854E+1
543.07	1.286E+2
543.41	-4.612E+1
543.75	3.884E+1
544.09	8.981E+1
544.42	1.359E+2
544.76	-9.709E+0
545.10	7.524E+1
545.44	7.767E+1
545.77	-2.670E+1
546.11	1.942E+1
546.45	2.427E+1
546.78	6.554E+1
547.12	6.311E+1
547.46	5.825E+1
547.80	7.282E+1
548.13	2.184E+1
548.47	-8.495E+1
548.81	1.578E+2
549.14	9.709E+0
549.48	8.981E+1
549.82	-9.466E+1
550.15	-1.456E+1
550.49	-9.709E+0
550.83	-4.854E+1
551.16	2.913E+1
551.50	4.369E+1
551.84	2.427E+0
552.17	1.553E+2
552.51	8.738E+1
552.84	3.884E+1
553.18	5.097E+1
553.52	2.670E+1
553.85	4.854E+0
554.19	4.854E+0
554.53	4.369E+1
554.86	4.369E+1
555.20	-1.214E+1
555.53	8.010E+1
555.87	-2.427E+0
556.20	2.184E+1
556.54	7.039E+1
556.88	0.000E+0
557.21	6.796E+1
557.55	2.427E+1
557.88	-2.670E+1
558.22	4.612E+1
558.55	-5.340E+1
558.89	-1.456E+1
559.23	1.238E+2
559.56	6.796E+1
559.90	9.223E+1
560.23	-2.670E+1
560.57	9.952E+1
560.90	-1.699E+1
561.24	6.311E+1
561.57	1.335E+2
561.91	3.641E+1
562.24	-1.942E+1
562.58	8.981E+1
562.91	-2.670E+1
563.25	-2.184E+1
563.58	5.340E+1
563.92	-2.427E+1
564.25	7.524E+1
564.59	-3.641E+1
564.92	9.952E+1
565.25	2.184E+1
565.59	-2.184E+1
565.92	2.913E+1
566.26	2.184E+1
566.59	-4.369E+1
566.93	-1.456E+1
567.26	-5.825E+1
567.60	9.709E+0
567.93	1.214E+1
568.26	2.670E+1
568.60	2.670E+1
568.93	3.398E+1
569.27	3.398E+1
569.60	7.282E+1
569.93	-1.942E+1
570.27	1.456E+1
570.60	5.097E+1
570.94	4.612E+1
571.27	-1.699E+1
571.60	6.311E+1
571.94	1.699E+1
572.27	2.184E+1
572.60	0.000E+0
572.94	4.854E+0
573.27	-2.670E+1
573.60	-3.398E+1
573.94	1.335E+2
574.27	-4.854E+0
574.60	1.044E+2
574.94	5.340E+1
575.27	6.068E+1
575.60	3.155E+1
575.94	2.427E+0
576.27	5.583E+1
576.60	-6.554E+1
576.94	6.554E+1
577.27	2.427E+1
577.60	-1.942E+1
577.94	-3.641E+1
578.27	-6.554E+1
578.60	-6.068E+1
578.93	2.184E+1
579.27	7.767E+1
579.60	2.427E+1
579.93	9.223E+1
580.26	7.039E+1
580.60	1.505E+2
580.93	-4.369E+1
581.26	-7.524E+1
581.59	-1.699E+1
581.93	-1.214E+1
582.26	3.155E+1
582.59	4.126E+1
582.92	8.253E+1
583.25	1.699E+1
583.59	-1.942E+1
583.92	-6.311E+1
584.25	-4.854E+0
584.58	1.044E+2
584.91	-2.670E+1
585.25	3.398E+1
585.58	-3.641E+1
585.91	-2.184E+1
586.24	-2.913E+1
586.57	7.039E+1
586.90	4.612E+1
587.24	4.612E+1
587.57	-2.670E+1
587.90	-3.884E+1
588.23	-3.884E+1
588.56	2.427E+1
588.89	2.427E+0
589.22	1.214E+1
589.56	-1.942E+1
589.89	7.282E+1
590.22	2.184E+1
590.55	-4.854E+0
590.88	-2.427E+0
591.21	5.825E+1
591.54	5.097E+1
591.87	-5.583E+1
592.20	-1.699E+1
592.53	6.796E+1
592.87	-1.456E+1
593.20	-5.825E+1
593.53	3.398E+1
593.86	6.311E+1
594.19	1.408E+2
594.52	-4.126E+1
594.85	3.398E+1
595.18	4.612E+1
595.51	3.641E+1
595.84	-1.699E+1
596.17	-7.282E+0
596.50	-8.495E+1
596.83	1.456E+1
597.16	2.184E+1
597.49	-2.913E+1
597.82	3.398E+1
598.15	-3.155E+1
598.48	-2.184E+1
598.81	2.670E+1
599.14	9.709E+0
599.47	5.583E+1
599.80	5.097E+1
600.13	1.699E+1
600.46	3.641E+1
600.79	2.427E+1
601.12	2.913E+1
601.45	3.398E+1
601.78	5.097E+1
602.11	4.854E+1
602.44	1.044E+2
602.77	9.709E+0
603.10	3.155E+1
603.42	3.884E+1
603.75	-1.165E+2
604.08	4.126E+1
604.41	5.340E+1
604.74	-7.282E+0
605.07	1.165E+2
605.40	1.942E+1
605.73	6.554E+1
606.06	2.184E+1
606.39	-3.641E+1
606.71	-4.854E+0
607.04	4.369E+1
607.37	8.010E+1
607.70	-3.884E+1
608.03	7.282E+0
608.36	5.097E+1
608.69	3.155E+1
609.02	4.612E+1
609.34	3.884E+1
609.67	3.155E+1
610.00	-2.670E+1
610.33	2.427E+0
610.66	2.427E+0
610.98	-6.796E+1
611.31	6.796E+1
611.64	-5.340E+1
611.97	7.282E+0
612.30	2.670E+1
612.63	7.282E+1
612.95	1.359E+2
613.28	7.282E+0
613.61	-1.214E+1
613.94	2.670E+1
614.26	-5.097E+1
614.59	3.884E+1
614.92	1.456E+1
615.25	3.155E+1
615.57	6.796E+1
615.90	-1.141E+2
616.23	5.825E+1
616.56	2.670E+1
616.88	3.398E+1
617.21	-1.214E+2
617.54	-1.214E+1
617.87	-1.019E+2
618.19	-8.981E+1
618.52	3.155E+1
618.85	2.670E+1
619.17	-6.554E+1
619.50	-2.427E+0
619.83	0.000E+0
620.15	7.039E+1
620.48	8.253E+1
620.81	-3.641E+1
621.14	-7.282E+0
621.46	-4.854E+0
621.79	2.670E+1
622.11	-1.214E+1
622.44	3.398E+1
622.77	1.553E+2
623.09	1.214E+1
623.42	2.427E+0
623.75	3.641E+1
624.07	9.952E+1
624.40	6.311E+1
624.73	7.767E+1
625.05	6.796E+1
625.38	5.097E+1
625.70	7.767E+1
626.03	7.282E+0
626.36	-5.340E+1
626.68	-9.709E+0
627.01	7.524E+1
627.33	7.767E+1
627.66	6.554E+1
627.99	1.189E+2
628.31	-3.398E+1
628.64	-9.709E+1
628.96	-4.369E+1
629.29	-7.282E+1
629.61	1.068E+2
629.94	7.524E+1
630.26	1.214E+2
630.59	-1.214E+1
630.91	7.524E+1
631.24	5.825E+1
631.57	5.583E+1
631.89	4.612E+1
632.22	4.126E+1
632.54	2.670E+1
632.87	1.553E+2
633.19	5.583E+1
633.52	-2.427E+0
633.84	1.942E+1
634.16	4.369E+1
634.49	8.253E+1
634.81	2.184E+1
635.14	-1.942E+1
635.46	-5.340E+1
635.79	1.699E+1
636.11	7.282E+0
636.44	4.854E+1
636.76	-5.825E+1
637.09	-6.554E+1
637.41	-9.709E+0
637.73	3.155E+1
638.06	-5.825E+1
638.38	4.854E+0
638.71	4.854E+1
639.03	1.165E+2
639.36	2.427E+0
639.68	3.398E+1
640.00	-4.612E+1
640.33	-6.311E+1
640.65	-2.913E+1
640.97	7.767E+1
641.30	1.699E+1
641.62	5.097E+1
641.95	3.155E+1
642.27	-2.427E+1
642.59	5.825E+1
642.92	0.000E+0
643.24	1.384E+2
643.56	4.369E+1
643.89	4.126E+1
644.21	-5.340E+1
644.53	9.709E+0
644.86	-2.184E+1
645.18	7.039E+1
645.50	-3.398E+1
645.83	8.010E+1
646.15	0.000E+0
646.47	-2.184E+1
646.80	-7.282E+1
647.12	3.155E+1
647.44	5.583E+1
647.76	9.223E+1
648.09	2.670E+1
648.41	7.039E+1
648.73	-1.699E+1
649.05	7.282E+0
649.38	8.981E+1
649.70	3.641E+1
650.02	-1.214E+1
650.34	7.282E+0
650.67	-1.456E+1
650.99	4.612E+1
651.31	-1.214E+1
651.63	9.223E+1
651.96	9.223E+1
652.28	-8.010E+1
652.60	-1.456E+1
652.92	-8.738E+1
653.24	-3.641E+1
653.57	6.068E+1
653.89	2.427E+0
654.21	-6.554E+1
654.53	2.913E+1
654.85	1.456E+2
655.18	1.942E+1
655.50	-1.942E+1
655.82	-4.612E+1
656.14	-1.456E+1
656.46	2.913E+1
656.78	3.884E+1
657.10	-8.738E+1
657.43	1.456E+1
657.75	-1.214E+1
658.07	1.942E+1
658.39	8.738E+1
658.71	5.825E+1
659.03	-2.670E+1
659.35	1.214E+2
659.67	-2.913E+1
659.99	-4.369E+1
660.32	2.427E+1
660.64	-7.282E+0
660.96	1.044E+2
661.28	4.854E+0
661.60	-1.699E+1
661.92	-2.670E+1
662.24	-2.184E+1
662.56	-9.709E+0
662.88	8.010E+1
663.20	-2.427E+1
663.52	-6.796E+1
663.84	-5.097E+1
664.16	2.427E+1
664.48	-4.854E+0
664.80	3.155E+1
665.12	5.825E+1
665.44	-1.456E+1
665.76	3.641E+1
666.08	-7.524E+1
666.40	-2.427E+1
666.72	1.942E+1
667.04	-1.699E+1
667.36	-9.709E+0
667.68	4.126E+1
668.00	4.612E+1
668.32	8.738E+1
668.64	1.456E+1
668.96	5.825E+1
669.28	5.583E+1
669.60	-2.184E+1
669.92	3.884E+1
670.24	4.126E+1
670.56	5.825E+1
670.88	-1.359E+2
671.20	1.068E+2
671.52	1.311E+2
671.84	-9.709E+0
672.16	1.117E+2
672.47	9.709E+1
672.79	1.942E+1
673.11	-6.554E+1
673.43	-4.854E+1
673.75	-2.184E+1
674.07	7.282E+1
674.39	4.854E+0
674.71	-1.699E+1
675.03	7.282E+1
675.34	1.942E+1
675.66	2.184E+1
675.98	-3.641E+1
676.30	4.126E+1
676.62	-4.126E+1
676.94	-1.942E+1
677.25	5.825E+1
677.57	7.282E+0
677.89	-9.709E+0
678.21	-2.427E+0
678.53	2.427E+1
678.85	1.942E+1
679.16	3.398E+1
679.48	6.311E+1
679.80	-7.767E+1
680.12	1.214E+1
680.44	-1.942E+1
680.75	-3.641E+1
681.07	-2.670E+1
681.39	-3.398E+1
681.71	-2.427E+1
682.02	4.854E+1
682.34	2.427E+1
682.66	-3.398E+1
682.98	7.282E+0
683.29	-1.699E+1
683.61	-2.427E+1
683.93	2.670E+1
684.25	-2.427E+0
684.56	9.223E+1
684.88	-5.825E+1
685.20	-3.641E+1
685.51	1.699E+1
685.83	-9.709E+0
686.15	2.184E+1
686.47	1.942E+1
686.78	-6.796E+1
687.10	-7.039E+1
687.42	-4.854E+0
687.73	-1.141E+2
688.05	-4.854E+1
688.37	-4.854E+0
688.68	-1.189E+2
689.00	3.641E+1
689.32	2.913E+1
689.63	-9.709E+0
689.95	3.155E+1
690.26	2.670E+1
690.58	-7.767E+1
690.90	1.456E+1
691.21	-3.884E+1
691.53	-3.884E+1
691.85	1.044E+2
692.16	1.942E+1
692.48	3.641E+1
692.79	8.738E+1
693.11	-4.369E+1
693.42	1.699E+1
693.74	-8.738E+1
694.06	-2.913E+1
694.37	3.398E+1
694.69	2.427E+0
695.00	6.554E+1
695.32	-1.942E+1
695.63	-1.117E+2
695.95	6.554E+1
696.26	1.456E+1
696.58	2.427E+0
696.90	-1.942E+1
697.21	-1.699E+1
697.53	5.825E+1
697.84	-7.524E+1
698.16	8.010E+1
698.47	5.825E+1
698.79	-2.427E+0
699.10	2.913E+1
699.42	7.039E+1
699.73	8.010E+1
700.05	7.282E+1
700.36	3.398E+1
700.68	9.709E+0
700.99	5.340E+1
701.30	-7.282E+0
701.62	2.670E+1
701.93	-2.670E+1
702.25	2.427E+1
702.56	1.699E+1
702.88	7.282E+1
703.19	-9.223E+1
703.50	-2.427E+0
703.82	5.097E+1
704.13	8.981E+1
704.45	-7.282E+0
704.76	5.583E+1
705.08	0.000E+0
705.39	1.165E+2
705.70	-4.854E+0
706.02	-7.524E+1
706.33	-7.524E+1
706.64	6.311E+1
706.96	2.427E+1
707.27	-1.044E+2
707.59	-1.699E+1
707.90	3.884E+1
708.21	8.010E+1
708.53	9.466E+1
708.84	-2.184E+1
709.15	-7.039E+1
709.47	3.398E+1
709.78	1.189E+2
710.09	0.000E+0
710.41	-1.019E+2
710.72	9.952E+1
711.03	8.010E+1
711.34	5.340E+1
711.66	1.456E+1
711.97	-7.282E+0
712.28	-3.641E+1
712.60	2.427E+0
712.91	-7.282E+0
713.22	8.010E+1
713.53	-3.884E+1
713.85	4.612E+1
714.16	-4.369E+1
714.47	-9.952E+1
714.78	-1.456E+1
715.10	1.359E+2
715.41	-9.223E+1
715.72	6.554E+1
716.03	1.068E+2
716.35	1.699E+1
716.66	7.767E+1
716.97	-5.583E+1
717.28	1.942E+1
717.59	4.854E+0
717.91	-4.126E+1
718.22	8.738E+1
718.53	7.524E+1
718.84	1.456E+1
719.15	-4.126E+1
719.46	1.044E+2
719.78	4.854E+0
720.09	-4.854E+0
720.40	-7.524E+1
720.71	-4.369E+1
721.02	-3.641E+1
721.33	-2.184E+1
721.65	-3.641E+1
721.96	3.398E+1
722.27	7.039E+1
722.58	-5.583E+1
722.89	3.884E+1
723.20	-2.670E+1
723.51	6.068E+1
723.82	-3.155E+1
724.13	2.670E+1
724.45	-4.854E+0
724.76	5.825E+1
725.07	-6.796E+1
725.38	2.670E+1
725.69	7.282E+0
726.00	-3.641E+1
726.31	-2.427E+1
726.62	-2.913E+1
726.93	-9.952E+1
727.24	-2.427E+1
727.55	-4.854E+1
727.86	-4.612E+1
728.17	0.000E+0
728.48	-2.184E+1
728.79	-6.554E+1
729.10	1.456E+1
729.41	-1.942E+1
729.72	-3.398E+1
730.03	-4.369E+1
730.34	-4.369E+1
730.65	-5.583E+1
730.96	6.311E+1
731.27	3.641E+1
731.58	2.427E+0
731.89	-4.612E+1
732.20	-7.282E+0
732.51	-7.282E+0
732.82	2.670E+1
733.13	2.670E+1
733.44	7.282E+0
733.75	-1.456E+1
734.06	-2.913E+1
734.37	-9.709E+1
734.68	-3.398E+1
734.98	-1.214E+2
735.29	-4.612E+1
735.60	-9.709E+1
735.91	-4.369E+1
736.22	-6.068E+1
736.53	-2.184E+1
736.84	-8.738E+1
737.15	-1.117E+2
737.46	-7.039E+1
737.77	4.854E+1
738.07	7.282E+0
738.38	9.709E+0
738.69	2.670E+1
739.00	6.311E+1
739.31	3.398E+1
739.62	2.427E+1
739.92	9.709E+0
740.23	2.913E+1
740.54	-7.282E+0
740.85	-3.641E+1
741.16	2.184E+1
741.47	-1.942E+1
741.77	3.398E+1
742.08	6.554E+1
742.39	1.456E+1
742.70	-9.709E+0
743.01	1.942E+1
743.31	5.583E+1
743.62	-8.253E+1
743.93	4.612E+1
744.24	4.369E+1
744.54	-6.796E+1
744.85	-7.039E+1
745.16	6.554E+1
745.47	-7.282E+0
745.77	5.097E+1
746.08	-3.398E+1
746.39	-1.699E+1
746.70	4.369E+1
747.00	-1.456E+1
747.31	-2.427E+0
747.62	-3.155E+1
747.92	6.554E+1
748.23	8.981E+1
748.54	-1.214E+1
748.84	1.942E+1
749.15	1.117E+2
749.46	-2.427E+1
749.76	-4.612E+1
750.07	8.981E+1
750.38	4.854E+0
750.68	-5.583E+1
750.99	-2.184E+1
751.30	1.456E+1
751.60	-7.767E+1
751.91	-2.427E+0
752.22	2.427E+0
752.52	-1.942E+1
752.83	1.699E+1
753.14	-7.282E+1
753.44	3.155E+1
753.75	5.825E+1
754.05	1.456E+1
754.36	-2.184E+1
754.67	2.184E+1
754.97	4.369E+1
755.28	3.398E+1
755.58	-9.466E+1
755.89	2.670E+1
756.19	-1.699E+1
756.50	-3.155E+1
756.81	-3.155E+1
757.11	4.854E+1
757.42	2.427E+1
757.72	-4.854E+1
758.03	1.942E+1
758.33	-6.554E+1
758.64	8.253E+1
758.94	-2.184E+1
759.25	-3.884E+1
759.55	5.825E+1
759.86	3.155E+1
760.16	7.282E+0
760.47	8.010E+1
760.77	1.942E+1
761.08	-2.427E+1
761.38	-2.184E+1
761.69	2.913E+1
761.99	7.282E+0
762.30	-1.456E+1
762.60	7.039E+1
762.91	-2.670E+1
763.21	7.767E+1
763.51	7.282E+1
763.82	-3.641E+1
764.12	1.699E+1
764.43	3.155E+1
764.73	-1.942E+1
765.04	2.184E+1
765.34	1.019E+2
765.64	1.238E+2
765.95	-8.010E+1
766.25	-4.854E+0
766.56	-6.796E+1
766.86	-3.641E+1
767.16	5.097E+1
767.47	-1.214E+1
767.77	-3.641E+1
768.07	-9.709E+0
768.38	-2.913E+1
768.68	8.010E+1
768.98	-6.068E+1
769.29	1.214E+1
769.59	-6.311E+1
769.89	-2.427E+1
770.20	-5.583E+1
770.50	2.427E+1
770.80	-4.612E+1
771.11	4.126E+1
771.41	-1.699E+1
771.71	-4.854E+0
772.02	-6.068E+1
772.32	-6.068E+1
772.62	4.854E+0
772.93	2.913E+1
773.23	-7.282E+0
773.53	-6.311E+1
773.83	-6.554E+1
774.14	-4.612E+1
774.44	-4.369E+1
774.74	1.699E+1
775.04	1.092E+2
775.35	0.000E+0
775.65	2.184E+1
775.95	-3.155E+1
776.25	-3.155E+1
776.55	1.214E+1
776.86	-8.253E+1
777.16	5.825E+1
777.46	6.554E+1
777.76	-2.913E+1
778.06	-8.495E+1
778.37	-7.039E+1
778.67	-7.767E+1
778.97	6.311E+1
779.27	-1.942E+1
779.57	-7.524E+1
779.88	-2.913E+1
780.18	-2.913E+1
780.48	-4.126E+1
780.78	2.913E+1
781.08	-2.913E+1
781.38	-3.398E+1
781.68	-4.854E+1
781.98	-5.340E+1
782.29	-5.340E+1
782.59	4.854E+1
782.89	7.282E+0
783.19	5.340E+1
783.49	-4.126E+1
783.79	-3.641E+1
784.09	4.854E+0
784.39	-4.854E+0
784.69	7.282E+0
784.99	3.884E+1
785.30	4.854E+1
785.60	7.524E+1
785.90	-1.214E+1
786.20	-6.068E+1
786.50	2.427E+1
786.80	3.884E+1
787.10	-2.913E+1
787.40	-1.942E+1
787.70	7.767E+1
788.00	-1.699E+1
788.30	1.942E+1
788.60	5.340E+1
788.90	-3.884E+1
789.20	7.767E+1
789.50	7.282E+0
789.80	-2.913E+1
790.10	8.010E+1
790.40	1.456E+2
790.70	2.913E+1
791.00	-2.427E+0
791.30	-3.398E+1
791.60	1.456E+1
791.90	2.427E+1
792.20	-4.369E+1
792.50	-1.092E+2
792.79	-1.699E+1
793.09	3.641E+1
793.39	5.583E+1
793.69	-5.583E+1
793.99	1.019E+2
794.29	9.709E+0
794.59	5.583E+1
794.89	5.825E+1
795.19	4.369E+1
795.49	-1.699E+1
795.79	0.000E+0
796.08	-1.699E+1
796.38	-1.456E+2
796.68	-7.039E+1
796.98	1.481E+2
797.28	1.262E+2
797.58	-8.253E+1
797.88	-4.854E+0
798.17	-1.019E+2
798.47	2.427E+0
798.77	-7.767E+1
799.07	6.068E+1
799.37	-1.214E+1
799.67	-2.184E+1
799.96	1.942E+1
800.26	-9.709E+0
800.56	-2.670E+1
800.86	1.214E+1
801.16	1.456E+1
801.45	8.253E+1
801.75	-7.282E+1
802.05	-2.913E+1
802.35	-9.709E+1
802.64	-2.670E+1
802.94	-2.184E+1
803.24	2.427E+0
803.54	4.369E+1
803.83	-7.767E+1
804.13	1.189E+2
804.43	-8.495E+1
804.73	-3.398E+1
805.02	-6.068E+1
805.32	-1.408E+2
805.62	-6.554E+1
805.91	-4.369E+1
806.21	8.981E+1
806.51	-4.612E+1
806.81	5.583E+1
807.10	8.738E+1
807.40	1.214E+1
807.70	4.369E+1
807.99	-1.044E+2
808.29	-2.184E+1
808.59	3.398E+1
808.88	-6.311E+1
809.18	1.699E+1
809.47	8.981E+1
809.77	4.126E+1
810.07	-7.524E+1
810.36	-7.524E+1
810.66	4.369E+1
810.96	-7.282E+0
811.25	3.398E+1
811.55	-1.068E+2
811.84	8.495E+1
812.14	4.126E+1
812.44	1.214E+1
812.73	-2.427E+0
813.03	-6.311E+1
813.32	-7.524E+1
813.62	-3.155E+1
813.91	5.340E+1
814.21	8.010E+1
814.51	-8.010E+1
814.80	-3.398E+1
815.10	-2.913E+1
815.39	1.214E+1
815.69	-2.427E+1
815.98	4.126E+1
816.28	-1.699E+1
816.57	4.854E+1
816.87	0.000E+0
817.16	-2.670E+1
817.46	-1.019E+2
817.75	-4.126E+1
818.05	-1.456E+1
818.34	6.796E+1
818.64	6.554E+1
818.93	2.670E+1
819.23	-3.884E+1
819.52	-1.626E+2
819.82	-2.913E+1
820.11	1.456E+1
820.40	1.942E+1
820.70	-1.165E+2
820.99	-1.796E+2
821.29	1.942E+1
821.58	7.282E+0
821.88	4.854E+0
822.17	-7.767E+1
822.46	1.699E+1
822.76	4.854E+0
823.05	-7.282E+1
823.35	6.068E+1
823.64	9.709E+0
823.93	3.398E+1
824.23	-1.214E+1
824.52	-2.427E+0
824.81	-4.369E+1
825.11	5.825E+1
825.40	-9.466E+1
825.69	-2.913E+1
825.99	8.738E+1
826.28	-6.068E+1
826.58	-6.311E+1
826.87	-9.466E+1
827.16	-1.942E+1
827.45	-1.068E+2
827.75	1.942E+1
828.04	7.282E+0
828.33	-2.913E+1
828.63	-6.796E+1
828.92	5.825E+1
829.21	4.854E+1
829.51	6.311E+1
829.80	-2.913E+1
830.09	7.282E+1
830.38	1.942E+1
830.68	1.942E+1
830.97	3.641E+1
831.26	-1.942E+1
831.55	-2.427E+0
831.85	-4.854E+0
832.14	-7.282E+1
832.43	-6.796E+1
832.72	-6.311E+1
833.01	-1.019E+2
833.31	-5.097E+1
833.60	7.282E+0
833.89	1.456E+1
834.18	-4.126E+1
834.47	-2.184E+1
834.77	5.825E+1
835.06	-2.913E+1
835.35	-2.184E+1
835.64	3.884E+1
835.93	-4.854E+0
836.22	-7.767E+1
836.52	6.311E+1
836.81	3.398E+1
837.10	-9.709E+0
837.39	-1.214E+1
837.68	-6.796E+1
837.97	-8.495E+1
838.26	4.126E+1
838.55	-1.456E+1
838.85	3.155E+1
839.14	-7.767E+1
839.43	-8.738E+1
839.72	1.214E+1
840.01	2.427E+0
840.30	2.913E+1
840.59	0.000E+0
840.88	1.942E+1
841.17	-1.456E+1
841.46	8.981E+1
841.75	-9.709E+0
842.04	3.884E+1
842.33	-4.854E+0
842.62	2.427E+0
842.91	-5.340E+1
843.21	-3.884E+1
843.50	6.796E+1
843.79	2.184E+1
844.08	2.427E+1
844.37	4.126E+1
844.66	5.825E+1
844.95	3.398E+1
845.24	3.884E+1
845.53	-7.524E+1
845.81	-6.311E+1
846.10	1.942E+1
846.39	6.068E+1
846.68	5.825E+1
846.97	-7.524E+1
847.26	1.092E+2
847.55	6.311E+1
847.84	2.427E+0
848.13	-3.884E+1
848.42	6.311E+1
848.71	4.612E+1
849.00	6.068E+1
849.29	1.456E+1
849.58	-4.854E+0
849.87	-8.981E+1
850.15	8.495E+1
850.44	2.427E+1
850.73	3.641E+1
851.02	-3.155E+1
851.31	-1.165E+2
851.60	6.068E+1
851.89	6.554E+1
852.18	-2.913E+1
852.46	-3.884E+1
852.75	0.000E+0
853.04	4.369E+1
853.33	-7.282E+0
853.62	-9.709E+1
853.91	2.427E+1
854.19	1.942E+1
854.48	-6.554E+1
854.77	-9.709E+0
855.06	-1.311E+2
855.35	1.214E+1
855.63	-9.709E+0
855.92	-1.044E+2
856.21	1.942E+1
856.50	-2.427E+0
856.79	-9.709E+0
857.07	9.709E+0
857.36	-6.311E+1
857.65	-4.854E+0
857.94	2.913E+1
858.22	7.282E+1
858.51	5.825E+1
858.80	2.427E+0
859.08	6.554E+1
859.37	-1.456E+1
859.66	-6.554E+1
859.95	-7.767E+1
860.23	-1.262E+2
860.52	2.184E+1
860.81	-2.670E+1
861.09	1.456E+1
861.38	2.427E+1
861.67	-4.369E+1
861.95	7.767E+1
862.24	-2.427E+0
862.53	8.495E+1
862.81	8.495E+1
863.10	2.670E+1
863.39	-8.738E+1
863.67	-2.184E+1
863.96	-6.311E+1
864.25	6.796E+1
864.53	-3.884E+1
864.82	3.398E+1
865.10	-1.214E+1
865.39	-5.097E+1
865.68	-6.311E+1
865.96	4.854E+1
866.25	-5.097E+1
866.53	-5.097E+1
866.82	-5.097E+1