Wavelength	Intensity	Ocean Optics Flame
nm	counts
187.89	-7.524E+1
188.27	-5.583E+1
188.64	2.184E+1
189.02	7.524E+1
189.40	0.000E+0
189.78	-2.427E+0
190.15	-4.369E+1
190.53	0.000E+0
190.91	-2.427E+0
191.29	3.884E+1
191.66	-1.699E+1
192.04	1.699E+1
192.42	-4.854E+0
192.80	1.456E+1
193.17	0.000E+0
193.55	-7.282E+0
193.93	1.311E+2
194.30	1.214E+1
194.68	-8.010E+1
195.06	0.000E+0
195.44	-4.854E+1
195.81	7.282E+0
196.19	1.942E+1
196.57	4.369E+1
196.94	8.738E+1
197.32	9.709E+1
197.70	-1.214E+1
198.07	-1.456E+1
198.45	-2.427E+0
198.83	4.854E+1
199.20	-2.427E+1
199.58	1.602E+2
199.96	3.641E+1
200.33	9.709E+0
200.71	-4.854E+0
201.09	9.466E+1
201.46	-2.184E+1
201.84	6.554E+1
202.22	2.913E+1
202.59	1.214E+1
202.97	-8.738E+1
203.34	-4.854E+0
203.72	3.155E+1
204.10	5.340E+1
204.47	7.767E+1
204.85	-1.456E+1
205.23	9.952E+1
205.60	9.709E+0
205.98	-2.427E+0
206.35	8.253E+1
206.73	1.214E+1
207.11	1.699E+1
207.48	-2.913E+1
207.86	-2.427E+0
208.23	-5.097E+1
208.61	2.427E+1
208.98	3.884E+1
209.36	-8.253E+1
209.74	1.141E+2
210.11	3.155E+1
210.49	-3.155E+1
210.86	1.942E+1
211.24	-5.583E+1
211.61	6.311E+1
211.99	-2.913E+1
212.36	3.398E+1
212.74	-2.427E+1
213.11	-7.524E+1
213.49	2.427E+0
213.87	-5.825E+1
214.24	-2.184E+1
214.62	7.039E+1
214.99	9.952E+1
215.37	8.253E+1
215.74	5.340E+1
216.12	4.369E+1
216.49	1.456E+1
216.87	-1.456E+1
217.24	3.155E+1
217.62	-5.097E+1
217.99	-3.155E+1
218.37	-1.214E+1
218.74	5.583E+1
219.11	6.068E+1
219.49	5.340E+1
219.86	-7.282E+0
220.24	4.854E+1
220.61	8.495E+1
220.99	2.913E+1
221.36	7.039E+1
221.74	2.670E+1
222.11	6.311E+1
222.49	-2.427E+1
222.86	4.854E+1
223.23	1.699E+1
223.61	7.282E+0
223.98	-2.427E+0
224.36	2.670E+1
224.73	-6.796E+1
225.11	6.796E+1
225.48	-6.068E+1
225.85	-4.126E+1
226.23	2.427E+0
226.60	-4.854E+0
226.98	-1.456E+1
227.35	1.699E+2
227.72	1.699E+1
228.10	1.068E+2
228.47	3.641E+1
228.84	6.554E+1
229.22	7.282E+0
229.59	1.699E+1
229.97	-2.427E+1
230.34	-3.398E+1
230.71	5.583E+1
231.09	6.554E+1
231.46	7.039E+1
231.83	6.068E+1
232.21	-2.184E+1
232.58	8.253E+1
232.95	-7.039E+1
233.33	4.612E+1
233.70	7.282E+1
234.07	-2.427E+0
234.45	6.068E+1
234.82	-1.699E+1
235.19	-2.427E+0
235.57	7.282E+0
235.94	-7.282E+0
236.31	-4.854E+0
236.69	-8.495E+1
237.06	0.000E+0
237.43	3.155E+1
237.80	5.340E+1
238.18	8.495E+1
238.55	7.282E+0
238.92	1.117E+2
239.30	2.670E+1
239.67	7.039E+1
240.04	7.767E+1
240.41	1.456E+2
240.79	3.155E+1
241.16	3.398E+1
241.53	9.709E+0
241.90	6.796E+1
242.28	-9.709E+0
242.65	1.019E+2
243.02	-6.554E+1
243.39	7.282E+1
243.77	-4.854E+0
244.14	-2.427E+1
244.51	-1.699E+1
244.88	-1.942E+1
245.25	-5.583E+1
245.63	-8.010E+1
246.00	1.092E+2
246.37	8.495E+1
246.74	4.369E+1
247.11	6.796E+1
247.49	6.796E+1
247.86	7.767E+1
248.23	-1.456E+1
248.60	-2.184E+1
248.97	1.942E+1
249.35	1.019E+2
249.72	-6.796E+1
250.09	-4.612E+1
250.46	7.282E+1
250.83	6.311E+1
251.20	6.068E+1
251.58	4.854E+0
251.95	-2.913E+1
252.32	2.184E+1
252.69	-7.282E+0
253.06	6.311E+1
253.43	-9.466E+1
253.80	-1.456E+1
254.17	4.612E+1
254.55	1.942E+1
254.92	-8.495E+1
255.29	-2.670E+1
255.66	9.466E+1
256.03	-1.214E+2
256.40	6.311E+1
256.77	-1.092E+2
257.14	-1.942E+1
257.51	8.738E+1
257.88	-3.155E+1
258.26	-1.699E+1
258.63	8.738E+1
259.00	1.456E+1
259.37	-1.942E+1
259.74	4.854E+1
260.11	4.854E+0
260.48	4.854E+0
260.85	1.214E+1
261.22	-4.854E+0
261.59	1.942E+1
261.96	-4.126E+1
262.33	1.529E+2
262.70	1.699E+1
263.07	5.583E+1
263.44	4.854E+1
263.81	2.184E+1
264.18	-3.641E+1
264.55	3.641E+1
264.92	-7.767E+1
265.29	2.427E+1
265.66	4.854E+0
266.03	-4.854E+1
266.40	-5.097E+1
266.77	-1.456E+2
267.14	-7.282E+0
267.51	1.481E+2
267.88	7.767E+1
268.25	-2.913E+1
268.62	-1.456E+1
268.99	2.670E+1
269.36	1.456E+2
269.73	2.427E+1
270.10	7.767E+1
270.47	8.495E+1
270.84	-2.184E+1
271.21	-4.369E+1
271.58	2.184E+1
271.95	-6.311E+1
272.32	-2.913E+1
272.69	5.097E+1
273.06	6.068E+1
273.43	-1.214E+1
273.80	-8.981E+1
274.17	-5.825E+1
274.53	2.184E+1
274.90	3.398E+1
275.27	1.214E+1
275.64	-4.854E+1
276.01	9.709E+0
276.38	1.214E+1
276.75	-3.641E+1
277.12	-8.981E+1
277.49	-2.913E+1
277.86	-8.738E+1
278.22	5.097E+1
278.59	5.097E+1
278.96	-5.097E+1
279.33	4.854E+0
279.70	6.311E+1
280.07	1.384E+2
280.44	-5.340E+1
280.80	-2.913E+1
281.17	3.641E+1
281.54	8.981E+1
281.91	-5.340E+1
282.28	-1.699E+1
282.65	5.825E+1
283.02	5.583E+1
283.38	-5.583E+1
283.75	1.432E+2
284.12	2.427E+1
284.49	6.796E+1
284.86	-2.184E+1
285.22	8.495E+1
285.59	-6.068E+1
285.96	-1.699E+1
286.33	4.854E+1
286.70	-4.126E+1
287.06	1.141E+2
287.43	1.432E+2
287.80	-2.427E+0
288.17	9.709E+0
288.53	-3.884E+1
288.90	-4.854E+0
289.27	2.427E+1
289.64	-2.427E+0
290.01	4.854E+0
290.37	2.427E+1
290.74	7.524E+1
291.11	-7.524E+1
291.48	1.456E+1
291.84	-2.670E+1
292.21	3.641E+1
292.58	2.427E+0
292.94	9.709E+1
293.31	-3.155E+1
293.68	5.583E+1
294.05	-2.913E+1
294.41	8.010E+1
294.78	7.282E+1
295.15	4.854E+0
295.51	2.184E+1
295.88	-4.369E+1
296.25	1.092E+2
296.61	-2.427E+0
296.98	-7.282E+0
297.35	4.854E+0
297.72	1.699E+1
298.08	3.884E+1
298.45	1.942E+1
298.82	1.019E+2
299.18	7.524E+1
299.55	9.709E+0
299.91	5.825E+1
300.28	-9.709E+0
300.65	-7.524E+1
301.01	9.952E+1
301.38	2.913E+1
301.75	-2.913E+1
302.11	5.825E+1
302.48	2.427E+1
302.85	7.282E+0
303.21	3.398E+1
303.58	2.427E+1
303.94	-4.854E+1
304.31	1.238E+2
304.68	-1.942E+1
305.04	-2.670E+1
305.41	4.126E+1
305.77	9.709E+0
306.14	2.184E+1
306.51	3.398E+1
306.87	3.641E+1
307.24	7.282E+0
307.60	9.709E+1
307.97	-1.456E+1
308.33	-3.641E+1
308.70	-8.010E+1
309.07	-1.214E+1
309.43	1.942E+1
309.80	5.583E+1
310.16	1.699E+1
310.53	3.398E+1
310.89	1.214E+1
311.26	-4.854E+0
311.62	9.709E+0
311.99	3.641E+1
312.35	1.699E+1
312.72	-2.427E+1
313.08	3.155E+1
313.45	-1.068E+2
313.81	1.262E+2
314.18	1.311E+2
314.54	4.126E+1
314.91	-2.184E+1
315.27	4.854E+0
315.64	-5.340E+1
316.00	1.214E+1
316.37	-9.709E+0
316.73	5.097E+1
317.10	4.126E+1
317.46	-1.214E+1
317.83	4.854E+1
318.19	3.884E+1
318.56	-2.427E+1
318.92	4.854E+1
319.28	5.097E+1
319.65	-2.427E+1
320.01	1.942E+1
320.38	1.286E+2
320.74	2.427E+1
321.11	-2.427E+1
321.47	8.981E+1
321.83	-5.340E+1
322.20	1.214E+1
322.56	7.282E+0
322.93	1.214E+1
323.29	1.359E+2
323.66	-1.214E+1
324.02	1.456E+1
324.38	7.282E+1
324.75	3.641E+1
325.11	-9.709E+0
325.47	8.010E+1
325.84	4.126E+1
326.20	9.952E+1
326.57	7.524E+1
326.93	-9.709E+0
327.29	5.097E+1
327.66	4.854E+1
328.02	-7.767E+1
328.38	-4.854E+0
328.75	4.854E+1
329.11	3.398E+1
329.47	4.369E+1
329.84	1.068E+2
330.20	6.554E+1
330.56	0.000E+0
330.93	2.184E+1
331.29	-1.092E+2
331.65	1.019E+2
332.02	3.641E+1
332.38	1.311E+2
332.74	4.854E+1
333.10	5.340E+1
333.47	3.155E+1
333.83	-3.398E+1
334.19	5.097E+1
334.56	6.311E+1
334.92	5.583E+1
335.28	5.825E+1
335.64	7.282E+0
336.01	8.738E+1
336.37	5.097E+1
336.73	1.165E+2
337.09	-7.282E+1
337.46	1.359E+2
337.82	1.456E+2
338.18	9.466E+1
338.54	-4.369E+1
338.91	4.126E+1
339.27	1.408E+2
339.63	2.427E+1
339.99	-1.942E+1
340.36	4.126E+1
340.72	2.427E+1
341.08	3.155E+1
341.44	3.641E+1
341.80	2.427E+1
342.17	2.670E+1
342.53	6.554E+1
342.89	4.126E+1
343.25	-5.583E+1
343.61	6.068E+1
343.98	2.184E+1
344.34	-7.282E+0
344.70	7.282E+0
345.06	6.311E+1
345.42	9.952E+1
345.78	0.000E+0
346.14	4.612E+1
346.51	2.427E+1
346.87	-3.641E+1
347.23	-2.427E+0
347.59	0.000E+0
347.95	3.641E+1
348.31	-7.282E+0
348.67	-7.767E+1
349.04	4.612E+1
349.40	2.913E+1
349.76	1.068E+2
350.12	1.359E+2
350.48	3.884E+1
350.84	1.699E+1
351.20	3.398E+1
351.56	-9.709E+0
351.92	-3.398E+1
352.28	1.214E+2
352.65	4.369E+1
353.01	7.524E+1
353.37	6.796E+1
353.73	5.583E+1
354.09	9.952E+1
354.45	1.238E+2
354.81	2.184E+1
355.17	6.796E+1
355.53	8.253E+1
355.89	-6.796E+1
356.25	4.854E+0
356.61	9.709E+0
356.97	4.854E+0
357.33	-1.214E+1
357.69	-9.709E+0
358.05	4.126E+1
358.41	1.942E+1
358.77	2.184E+1
359.13	6.311E+1
359.49	3.884E+1
359.85	-2.184E+1
360.21	9.709E+1
360.57	4.369E+1
360.93	1.335E+2
361.29	7.282E+1
361.65	1.214E+1
362.01	6.311E+1
362.37	1.432E+2
362.73	1.359E+2
363.09	7.039E+1
363.45	7.039E+1
363.81	-2.184E+1
364.17	-2.427E+1
364.53	5.340E+1
364.89	-4.369E+1
365.25	4.126E+1
365.61	6.796E+1
365.97	1.189E+2
366.33	6.068E+1
366.69	5.097E+1
367.05	9.952E+1
367.40	8.738E+1
367.76	1.311E+2
368.12	3.398E+1
368.48	9.223E+1
368.84	-2.427E+1
369.20	1.311E+2
369.56	1.286E+2
369.92	1.384E+2
370.28	1.335E+2
370.63	1.044E+2
370.99	-2.427E+0
371.35	4.369E+1
371.71	1.092E+2
372.07	1.238E+2
372.43	9.952E+1
372.79	7.039E+1
373.15	1.723E+2
373.50	6.311E+1
373.86	1.626E+2
374.22	1.214E+2
374.58	1.723E+2
374.94	1.262E+2
375.30	2.840E+2
375.65	8.495E+1
376.01	2.791E+2
376.37	2.184E+2
376.73	1.845E+2
377.09	2.233E+2
377.44	1.626E+2
377.80	1.966E+2
378.16	2.549E+2
378.52	2.087E+2
378.88	1.845E+2
379.23	3.228E+2
379.59	3.544E+2
379.95	1.942E+2
380.31	4.636E+2
380.66	3.252E+2
381.02	3.350E+2
381.38	3.568E+2
381.74	4.272E+2
382.09	4.248E+2
382.45	4.102E+2
382.81	4.927E+2
383.17	6.918E+2
383.52	6.456E+2
383.88	5.704E+2
384.24	6.384E+2
384.60	6.432E+2
384.95	6.772E+2
385.31	6.918E+2
385.67	7.743E+2
386.02	7.986E+2
386.38	1.051E+3
386.74	1.066E+3
387.10	1.049E+3
387.45	1.214E+3
387.81	1.330E+3
388.17	1.267E+3
388.52	1.456E+3
388.88	1.694E+3
389.24	1.932E+3
389.59	1.976E+3
389.95	2.095E+3
390.31	2.340E+3
390.66	2.604E+3
391.02	2.816E+3
391.38	2.915E+3
391.73	3.272E+3
392.09	3.408E+3
392.44	3.702E+3
392.80	4.029E+3
393.16	4.442E+3
393.51	4.888E+3
393.87	5.209E+3
394.23	5.680E+3
394.58	6.117E+3
394.94	6.537E+3
395.29	7.090E+3
395.65	7.410E+3
396.01	8.121E+3
396.36	8.748E+3
396.72	9.413E+3
397.07	1.001E+4
397.43	1.095E+4
397.78	1.175E+4
398.14	1.232E+4
398.50	1.336E+4
398.85	1.452E+4
399.21	1.498E+4
399.56	1.647E+4
399.92	1.722E+4
400.27	1.854E+4
400.63	1.907E+4
400.98	2.064E+4
401.34	2.173E+4
401.69	2.294E+4
402.05	2.402E+4
402.40	2.540E+4
402.76	2.703E+4
403.11	2.875E+4
403.47	3.055E+4
403.82	3.139E+4
404.18	3.289E+4
404.53	3.401E+4
404.89	3.709E+4
405.24	3.761E+4
405.60	3.927E+4
405.95	4.151E+4
406.31	4.282E+4
406.66	4.433E+4
407.02	4.522E+4
407.37	4.745E+4
407.73	4.791E+4
408.08	4.984E+4
408.44	5.025E+4
408.79	5.175E+4
409.14	5.285E+4
409.50	5.399E+4
409.85	5.426E+4
410.21	5.507E+4
410.56	5.578E+4
410.92	5.599E+4
411.27	5.648E+4
411.62	5.733E+4
411.98	5.684E+4
412.33	5.698E+4
412.69	5.668E+4
413.04	5.685E+4
413.39	5.593E+4
413.75	5.541E+4
414.10	5.484E+4
414.45	5.418E+4
414.81	5.272E+4
415.16	5.232E+4
415.52	5.129E+4
415.87	5.025E+4
416.22	4.878E+4
416.58	4.723E+4
416.93	4.592E+4
417.28	4.407E+4
417.64	4.256E+4
417.99	4.109E+4
418.34	3.811E+4
418.70	3.660E+4
419.05	3.459E+4
419.40	3.280E+4
419.76	3.095E+4
420.11	2.970E+4
420.46	2.763E+4
420.81	2.634E+4
421.17	2.514E+4
421.52	2.332E+4
421.87	2.244E+4
422.23	2.122E+4
422.58	1.993E+4
422.93	1.878E+4
423.28	1.818E+4
423.64	1.739E+4
423.99	1.632E+4
424.34	1.542E+4
424.69	1.471E+4
425.05	1.368E+4
425.40	1.285E+4
425.75	1.261E+4
426.10	1.178E+4
426.46	1.152E+4
426.81	1.067E+4
427.16	1.029E+4
427.51	9.961E+3
427.87	9.240E+3
428.22	8.927E+3
428.57	8.515E+3
428.92	7.983E+3
429.27	7.782E+3
429.63	7.231E+3
429.98	6.983E+3
430.33	6.660E+3
430.68	6.219E+3
431.03	5.799E+3
431.38	5.646E+3
431.74	5.253E+3
432.09	5.058E+3
432.44	5.012E+3
432.79	4.553E+3
433.14	4.303E+3
433.49	4.257E+3
433.85	4.228E+3
434.20	3.864E+3
434.55	3.563E+3
434.90	3.301E+3
435.25	3.202E+3
435.60	3.114E+3
435.95	3.039E+3
436.30	2.864E+3
436.66	2.714E+3
437.01	2.689E+3
437.36	2.439E+3
437.71	2.495E+3
438.06	2.306E+3
438.41	2.163E+3
438.76	2.107E+3
439.11	2.015E+3
439.46	1.927E+3
439.81	1.891E+3
440.16	1.891E+3
440.52	1.738E+3
440.87	1.668E+3
441.22	1.624E+3
441.57	1.481E+3
441.92	1.527E+3
442.27	1.403E+3
442.62	1.364E+3
442.97	1.337E+3
443.32	1.187E+3
443.67	1.107E+3
444.02	1.167E+3
444.37	1.080E+3
444.72	1.155E+3
445.07	1.066E+3
445.42	8.787E+2
445.77	1.005E+3
446.12	9.855E+2
446.47	7.961E+2
446.82	7.961E+2
447.17	7.500E+2
447.52	7.743E+2
447.87	8.422E+2
448.22	7.719E+2
448.57	7.379E+2
448.92	6.990E+2
449.27	6.456E+2
449.62	6.020E+2
449.97	5.801E+2
450.32	5.534E+2
450.66	5.437E+2
451.01	5.607E+2
451.36	5.000E+2
451.71	4.952E+2
452.06	4.903E+2
452.41	4.175E+2
452.76	3.689E+2
453.11	4.053E+2
453.46	4.223E+2
453.81	3.325E+2
454.16	4.029E+2
454.51	4.126E+2
454.85	3.471E+2
455.20	3.762E+2
455.55	3.519E+2
455.90	3.665E+2
456.25	2.694E+2
456.60	3.131E+2
456.95	2.039E+2
457.30	2.621E+2
457.64	2.840E+2
457.99	3.738E+2
458.34	2.330E+2
458.69	2.621E+2
459.04	1.796E+2
459.39	2.039E+2
459.73	8.495E+1
460.08	2.573E+2
460.43	2.233E+2
460.78	1.335E+2
461.13	2.573E+2
461.48	1.529E+2
461.82	2.451E+2
462.17	2.233E+2
462.52	2.233E+2
462.87	2.549E+2
463.21	2.791E+2
463.56	3.398E+2
463.91	1.553E+2
464.26	2.427E+2
464.61	1.335E+2
464.95	2.451E+2
465.30	1.748E+2
465.65	2.379E+2
466.00	6.796E+1
466.34	5.097E+1
466.69	2.718E+2
467.04	1.456E+2
467.39	1.723E+2
467.73	1.359E+2
468.08	1.165E+2
468.43	9.223E+1
468.77	9.709E+1
469.12	1.918E+2
469.47	1.359E+2
469.82	1.117E+2
470.16	2.451E+2
470.51	7.282E+1
470.86	1.626E+2
471.20	9.709E+1
471.55	9.952E+1
471.90	1.335E+2
472.24	6.554E+1
472.59	1.214E+1
472.94	1.651E+2
473.28	9.952E+1
473.63	1.238E+2
473.98	1.214E+1
474.32	5.340E+1
474.67	1.359E+2
475.02	1.214E+2
475.36	1.845E+2
475.71	3.884E+1
476.06	1.918E+2
476.40	7.767E+1
476.75	1.044E+2
477.09	5.340E+1
477.44	5.340E+1
477.79	1.068E+2
478.13	1.019E+2
478.48	1.869E+2
478.82	4.612E+1
479.17	5.097E+1
479.52	1.359E+2
479.86	5.097E+1
480.21	7.282E+1
480.55	1.529E+2
480.90	1.019E+2
481.24	0.000E+0
481.59	1.481E+2
481.94	7.039E+1
482.28	5.097E+1
482.63	7.282E+0
482.97	2.476E+2
483.32	7.767E+1
483.66	6.068E+1
484.01	1.068E+2
484.35	3.641E+1
484.70	7.039E+1
485.04	9.223E+1
485.39	3.155E+1
485.73	1.262E+2
486.08	2.427E+0
486.42	3.155E+1
486.77	4.612E+1
487.11	8.981E+1
487.46	4.854E+1
487.80	7.039E+1
488.15	6.554E+1
488.49	1.699E+1
488.84	1.456E+1
489.18	-1.456E+1
489.53	1.699E+1
489.87	4.612E+1
490.21	-2.427E+1
490.56	5.583E+1
490.90	4.612E+1
491.25	7.767E+1
491.59	2.427E+1
491.94	2.427E+0
492.28	1.553E+2
492.62	5.340E+1
492.97	5.825E+1
493.31	9.952E+1
493.66	7.282E+0
494.00	1.942E+1
494.34	-1.214E+1
494.69	-2.427E+1
495.03	7.282E+0
495.38	-4.854E+1
495.72	1.117E+2
496.06	1.092E+2
496.41	9.466E+1
496.75	7.039E+1
497.09	1.262E+2
497.44	-2.670E+1
497.78	-1.942E+1
498.13	1.359E+2
498.47	4.854E+1
498.81	6.311E+1
499.16	-7.282E+0
499.50	7.282E+1
499.84	-9.709E+0
500.19	-1.942E+1
500.53	-2.427E+0
500.87	3.155E+1
501.21	1.189E+2
501.56	2.913E+1
501.90	5.825E+1
502.24	5.583E+1
502.59	7.282E+0
502.93	-4.612E+1
503.27	5.825E+1
503.61	1.456E+1
503.96	3.155E+1
504.30	-2.427E+0
504.64	5.097E+1
504.99	-5.340E+1
505.33	4.126E+1
505.67	3.884E+1
506.01	-2.670E+1
506.36	9.223E+1
506.70	-4.612E+1
507.04	1.456E+1
507.38	8.253E+1
507.72	3.155E+1
508.07	1.214E+1
508.41	1.141E+2
508.75	3.155E+1
509.09	-7.282E+0
509.44	8.495E+1
509.78	9.709E+0
510.12	-1.699E+1
510.46	7.524E+1
510.80	6.068E+1
511.14	-6.554E+1
511.49	1.117E+2
511.83	1.675E+2
512.17	-2.184E+1
512.51	5.583E+1
512.85	-7.282E+1
513.19	7.039E+1
513.54	9.466E+1
513.88	-2.670E+1
514.22	2.184E+1
514.56	7.282E+0
514.90	9.709E+0
515.24	6.796E+1
515.58	1.335E+2
515.93	4.126E+1
516.27	1.262E+2
516.61	6.311E+1
516.95	1.456E+2
517.29	2.670E+1
517.63	5.825E+1
517.97	2.913E+1
518.31	-2.427E+0
518.65	1.408E+2
518.99	2.670E+1
519.33	1.942E+1
519.67	-1.019E+2
520.02	4.612E+1
520.36	-2.427E+0
520.70	6.311E+1
521.04	5.340E+1
521.38	1.141E+2
521.72	4.369E+1
522.06	1.456E+2
522.40	9.466E+1
522.74	2.427E+0
523.08	6.311E+1
523.42	7.524E+1
523.76	2.913E+1
524.10	-3.155E+1
524.44	1.675E+2
524.78	1.626E+2
525.12	9.223E+1
525.46	1.359E+2
525.80	2.913E+1
526.14	1.117E+2
526.48	-3.155E+1
526.82	6.554E+1
527.16	5.825E+1
527.50	-9.709E+0
527.84	7.524E+1
528.18	-9.709E+0
528.52	3.641E+1
528.86	4.854E+1
529.20	1.068E+2
529.54	5.340E+1
529.87	5.340E+1
530.21	1.869E+2
530.55	3.398E+1
530.89	1.456E+1
531.23	2.160E+2
531.57	-1.214E+1
531.91	9.709E+0
532.25	1.699E+1
532.59	-6.068E+1
532.93	5.097E+1
533.27	2.670E+1
533.60	9.709E+1
533.94	1.238E+2
534.28	3.641E+1
534.62	-1.456E+1
534.96	8.495E+1
535.30	8.253E+1
535.64	6.796E+1
535.98	1.044E+2
536.31	7.524E+1
536.65	2.913E+1
536.99	5.583E+1
537.33	6.311E+1
537.67	-5.097E+1
538.01	3.884E+1
538.34	1.165E+2
538.68	1.117E+2
539.02	5.583E+1
539.36	4.854E+0
539.70	6.796E+1
540.03	6.796E+1
540.37	4.612E+1
540.71	1.942E+1
541.05	-8.010E+1
541.39	-9.709E+0
541.72	3.884E+1
542.06	1.311E+2
542.40	-5.825E+1
542.74	1.141E+2
543.07	2.427E+1
543.41	-6.311E+1
543.75	9.466E+1
544.09	1.359E+2
544.42	-5.340E+1
544.76	-2.427E+0
545.10	2.184E+1
545.44	2.670E+1
545.77	1.408E+2
546.11	7.524E+1
546.45	4.612E+1
546.78	1.117E+2
547.12	3.398E+1
547.46	7.282E+0
547.80	8.981E+1
548.13	1.942E+1
548.47	-2.184E+1
548.81	8.981E+1
549.14	3.884E+1
549.48	2.184E+1
549.82	1.068E+2
550.15	1.699E+1
550.49	0.000E+0
550.83	-5.340E+1
551.16	1.456E+1
551.50	1.019E+2
551.84	5.825E+1
552.17	8.738E+1
552.51	1.092E+2
552.84	3.641E+1
553.18	1.432E+2
553.52	5.340E+1
553.85	-2.913E+1
554.19	4.854E+1
554.53	2.427E+0
554.86	-2.913E+1
555.20	3.641E+1
555.53	6.311E+1
555.87	8.253E+1
556.20	-4.854E+0
556.54	1.068E+2
556.88	-1.456E+1
557.21	-2.427E+0
557.55	-8.010E+1
557.88	3.641E+1
558.22	-1.456E+1
558.55	1.699E+1
558.89	-6.311E+1
559.23	1.214E+2
559.56	1.602E+2
559.90	8.010E+1
560.23	8.495E+1
560.57	5.583E+1
560.90	-3.155E+1
561.24	6.554E+1
561.57	9.952E+1
561.91	1.141E+2
562.24	2.913E+1
562.58	-1.699E+1
562.91	8.981E+1
563.25	4.369E+1
563.58	5.583E+1
563.92	5.340E+1
564.25	8.738E+1
564.59	-2.184E+1
564.92	1.092E+2
565.25	-7.524E+1
565.59	3.155E+1
565.92	9.223E+1
566.26	4.126E+1
566.59	8.738E+1
566.93	3.641E+1
567.26	4.612E+1
567.60	-2.427E+0
567.93	-2.427E+0
568.26	9.709E+0
568.60	9.709E+0
568.93	0.000E+0
569.27	5.825E+1
569.60	7.524E+1
569.93	7.767E+1
570.27	8.738E+1
570.60	7.282E+1
570.94	-1.311E+2
571.27	1.238E+2
571.60	-2.427E+1
571.94	-2.913E+1
572.27	5.583E+1
572.60	7.524E+1
572.94	6.796E+1
573.27	8.981E+1
573.60	1.068E+2
573.94	-4.126E+1
574.27	1.044E+2
574.60	1.456E+1
574.94	9.952E+1
575.27	-6.311E+1
575.60	1.214E+1
575.94	-2.427E+0
576.27	1.772E+2
576.60	8.738E+1
576.94	1.432E+2
577.27	6.796E+1
577.60	-9.709E+0
577.94	1.699E+1
578.27	1.214E+2
578.60	2.184E+1
578.93	5.825E+1
579.27	5.340E+1
579.60	7.282E+1
579.93	2.184E+1
580.26	6.796E+1
580.60	7.767E+1
580.93	1.699E+1
581.26	8.981E+1
581.59	3.884E+1
581.93	-2.427E+1
582.26	4.369E+1
582.59	-2.427E+0
582.92	-2.427E+0
583.25	5.825E+1
583.59	1.189E+2
583.92	-2.184E+1
584.25	1.214E+2
584.58	9.466E+1
584.91	2.913E+1
585.25	3.398E+1
585.58	-4.854E+0
585.91	7.524E+1
586.24	1.214E+1
586.57	6.796E+1
586.90	5.097E+1
587.24	4.612E+1
587.57	-1.456E+1
587.90	2.427E+1
588.23	-4.854E+0
588.56	-3.155E+1
588.89	2.913E+1
589.22	6.068E+1
589.56	6.554E+1
589.89	-2.670E+1
590.22	2.184E+1
590.55	6.311E+1
590.88	-3.884E+1
591.21	3.398E+1
591.54	1.214E+2
591.87	2.427E+1
592.20	3.641E+1
592.53	-5.825E+1
592.87	-2.184E+1
593.20	-2.427E+0
593.53	6.068E+1
593.86	2.427E+1
594.19	-1.456E+1
594.52	-3.884E+1
594.85	-2.427E+1
595.18	5.583E+1
595.51	8.010E+1
595.84	-2.427E+0
596.17	4.854E+0
596.50	5.583E+1
596.83	8.253E+1
597.16	-3.641E+1
597.49	7.767E+1
597.82	-9.952E+1
598.15	1.699E+1
598.48	1.214E+1
598.81	7.767E+1
599.14	4.369E+1
599.47	9.466E+1
599.80	-9.223E+1
600.13	-3.641E+1
600.46	3.884E+1
600.79	2.427E+0
601.12	8.495E+1
601.45	2.184E+1
601.78	1.044E+2
602.11	-4.854E+1
602.44	1.189E+2
602.77	-3.155E+1
603.10	-2.427E+0
603.42	5.097E+1
603.75	1.553E+2
604.08	1.044E+2
604.41	1.335E+2
604.74	8.495E+1
605.07	-2.184E+1
605.40	3.884E+1
605.73	-6.554E+1
606.06	2.184E+1
606.39	8.495E+1
606.71	5.825E+1
607.04	5.340E+1
607.37	5.097E+1
607.70	1.044E+2
608.03	8.495E+1
608.36	2.913E+1
608.69	-3.641E+1
609.02	8.738E+1
609.34	5.583E+1
609.67	9.709E+1
610.00	4.854E+1
610.33	-9.952E+1
610.66	6.796E+1
610.98	-7.524E+1
611.31	9.709E+1
611.64	6.796E+1
611.97	6.068E+1
612.30	3.398E+1
612.63	7.039E+1
612.95	3.884E+1
613.28	-4.369E+1
613.61	4.126E+1
613.94	4.612E+1
614.26	-6.554E+1
614.59	-4.854E+0
614.92	5.097E+1
615.25	7.282E+0
615.57	-2.427E+0
615.90	-2.913E+1
616.23	2.427E+0
616.56	2.184E+1
616.88	2.427E+0
617.21	0.000E+0
617.54	4.854E+1
617.87	1.942E+1
618.19	1.214E+1
618.52	-3.155E+1
618.85	1.359E+2
619.17	-2.913E+1
619.50	4.854E+0
619.83	-3.155E+1
620.15	-6.068E+1
620.48	1.068E+2
620.81	1.262E+2
621.14	-7.282E+0
621.46	-1.214E+1
621.79	1.699E+1
622.11	5.825E+1
622.44	-4.369E+1
622.77	-7.282E+0
623.09	4.612E+1
623.42	5.340E+1
623.75	-5.340E+1
624.07	1.699E+1
624.40	1.141E+2
624.73	1.481E+2
625.05	2.184E+1
625.38	-6.068E+1
625.70	1.432E+2
626.03	2.913E+1
626.36	5.097E+1
626.68	-3.155E+1
627.01	3.155E+1
627.33	1.044E+2
627.66	6.311E+1
627.99	4.612E+1
628.31	7.767E+1
628.64	8.010E+1
628.96	5.583E+1
629.29	5.583E+1
629.61	-1.699E+1
629.94	-3.398E+1
630.26	4.126E+1
630.59	-9.709E+0
630.91	7.282E+0
631.24	-2.913E+1
631.57	-7.282E+0
631.89	9.466E+1
632.22	2.913E+1
632.54	4.369E+1
632.87	-4.854E+1
633.19	-2.184E+1
633.52	9.709E+0
633.84	-1.117E+2
634.16	1.699E+1
634.49	-1.942E+1
634.81	-6.554E+1
635.14	8.738E+1
635.46	-7.282E+0
635.79	-5.097E+1
636.11	6.311E+1
636.44	2.427E+0
636.76	-4.854E+0
637.09	5.097E+1
637.41	-1.942E+1
637.73	-7.282E+0
638.06	5.097E+1
638.38	5.097E+1
638.71	-6.554E+1
639.03	1.942E+1
639.36	-2.913E+1
639.68	1.214E+1
640.00	1.286E+2
640.33	8.010E+1
640.65	1.117E+2
640.97	1.019E+2
641.30	-2.913E+1
641.62	1.942E+1
641.95	-5.583E+1
642.27	1.092E+2
642.59	-8.010E+1
642.92	-2.427E+1
643.24	-8.253E+1
643.56	4.854E+1
643.89	7.282E+0
644.21	-1.699E+1
644.53	3.641E+1
644.86	2.427E+0
645.18	8.738E+1
645.50	-7.039E+1
645.83	-1.456E+1
646.15	-2.670E+1
646.47	8.495E+1
646.80	7.282E+1
647.12	2.427E+0
647.44	-1.214E+1
647.76	-1.214E+1
648.09	7.282E+0
648.41	2.427E+0
648.73	1.408E+2
649.05	1.529E+2
649.38	-9.466E+1
649.70	1.044E+2
650.02	7.524E+1
650.34	5.583E+1
650.67	7.524E+1
650.99	-6.554E+1
651.31	-3.155E+1
651.63	-1.214E+1
651.96	6.796E+1
652.28	6.068E+1
652.60	-2.913E+1
652.92	-2.670E+1
653.24	2.184E+1
653.57	8.738E+1
653.89	-1.262E+2
654.21	7.282E+1
654.53	3.884E+1
654.85	-1.214E+1
655.18	1.019E+2
655.50	9.709E+0
655.82	-4.612E+1
656.14	-5.825E+1
656.46	6.796E+1
656.78	-3.641E+1
657.10	1.942E+1
657.43	1.796E+2
657.75	-1.942E+1
658.07	3.398E+1
658.39	1.505E+2
658.71	-4.854E+1
659.03	-2.184E+1
659.35	5.340E+1
659.67	7.524E+1
659.99	9.466E+1
660.32	-3.398E+1
660.64	7.767E+1
660.96	5.097E+1
661.28	-7.282E+0
661.60	-8.738E+1
661.92	1.044E+2
662.24	0.000E+0
662.56	4.854E+1
662.88	9.709E+1
663.20	3.398E+1
663.52	3.884E+1
663.84	-2.913E+1
664.16	2.913E+1
664.48	3.398E+1
664.80	-3.641E+1
665.12	8.253E+1
665.44	2.913E+1
665.76	5.825E+1
666.08	1.214E+1
666.40	1.165E+2
666.72	-9.952E+1
667.04	-3.884E+1
667.36	-1.942E+1
667.68	-8.981E+1
668.00	9.709E+1
668.32	6.068E+1
668.64	5.825E+1
668.96	7.767E+1
669.28	7.282E+0
669.60	6.796E+1
669.92	4.126E+1
670.24	8.253E+1
670.56	-3.884E+1
670.88	-1.942E+1
671.20	1.456E+1
671.52	7.282E+1
671.84	5.097E+1
672.16	6.311E+1
672.47	-3.398E+1
672.79	-7.282E+0
673.11	1.044E+2
673.43	5.825E+1
673.75	-1.214E+1
674.07	-3.641E+1
674.39	-4.854E+1
674.71	1.165E+2
675.03	-5.825E+1
675.34	-9.952E+1
675.66	7.282E+0
675.98	1.553E+2
676.30	-1.214E+2
676.62	-4.854E+1
676.94	7.282E+0
677.25	-1.214E+1
677.57	9.709E+1
677.89	5.583E+1
678.21	-3.884E+1
678.53	-3.398E+1
678.85	1.626E+2
679.16	-2.913E+1
679.48	-1.942E+1
679.80	-4.854E+1
680.12	-1.699E+1
680.44	-4.854E+0
680.75	3.398E+1
681.07	1.019E+2
681.39	-7.767E+1
681.71	4.612E+1
682.02	-4.126E+1
682.34	1.699E+1
682.66	-2.427E+0
682.98	3.884E+1
683.29	-7.282E+0
683.61	6.068E+1
683.93	6.554E+1
684.25	8.010E+1
684.56	-4.854E+1
684.88	-1.942E+1
685.20	-8.495E+1
685.51	5.340E+1
685.83	2.913E+1
686.15	7.767E+1
686.47	4.854E+0
686.78	1.044E+2
687.10	8.010E+1
687.42	-5.340E+1
687.73	1.456E+1
688.05	-4.126E+1
688.37	1.456E+1
688.68	-3.641E+1
689.00	5.097E+1
689.32	-2.184E+1
689.63	-3.884E+1
689.95	8.010E+1
690.26	2.427E+1
690.58	9.709E+0
690.90	8.981E+1
691.21	-9.709E+1
691.53	7.039E+1
691.85	-2.184E+1
692.16	-6.311E+1
692.48	2.427E+1
692.79	-4.854E+1
693.11	-3.155E+1
693.42	4.854E+1
693.74	7.524E+1
694.06	6.554E+1
694.37	4.854E+1
694.69	8.981E+1
695.00	7.282E+1
695.32	-9.709E+0
695.63	1.699E+1
695.95	-6.796E+1
696.26	-3.155E+1
696.58	-1.699E+1
696.90	-5.340E+1
697.21	-1.699E+1
697.53	-9.709E+1
697.84	5.340E+1
698.16	9.223E+1
698.47	-8.010E+1
698.79	-3.884E+1
699.10	-1.456E+1
699.42	4.612E+1
699.73	2.670E+1
700.05	1.699E+1
700.36	5.340E+1
700.68	7.282E+0
700.99	1.942E+1
701.30	6.796E+1
701.62	-3.398E+1
701.93	-2.670E+1
702.25	-7.767E+1
702.56	9.709E+0
702.88	1.456E+1
703.19	6.554E+1
703.50	5.340E+1
703.82	4.854E+0
704.13	-9.709E+0
704.45	-2.427E+0
704.76	9.709E+1
705.08	-2.427E+0
705.39	2.184E+1
705.70	9.223E+1
706.02	7.767E+1
706.33	-4.854E+0
706.64	-1.044E+2
706.96	5.583E+1
707.27	7.524E+1
707.59	-1.068E+2
707.90	1.044E+2
708.21	2.427E+1
708.53	6.068E+1
708.84	-1.699E+1
709.15	-9.709E+0
709.47	4.854E+0
709.78	-3.641E+1
710.09	-6.068E+1
710.41	9.223E+1
710.72	-1.942E+1
711.03	-3.641E+1
711.34	2.184E+1
711.66	5.340E+1
711.97	-7.282E+0
712.28	8.253E+1
712.60	7.282E+1
712.91	2.184E+1
713.22	-1.699E+1
713.53	-2.184E+1
713.85	-5.583E+1
714.16	7.282E+0
714.47	3.155E+1
714.78	7.282E+1
715.10	8.010E+1
715.41	4.126E+1
715.72	-9.709E+0
716.03	-5.340E+1
716.35	-7.282E+0
716.66	-7.282E+1
716.97	8.010E+1
717.28	3.884E+1
717.59	-1.214E+1
717.91	-5.825E+1
718.22	2.184E+1
718.53	2.427E+1
718.84	-4.369E+1
719.15	-7.039E+1
719.46	3.884E+1
719.78	-2.913E+1
720.09	-6.068E+1
720.40	-9.466E+1
720.71	1.262E+2
721.02	-4.854E+1
721.33	-8.253E+1
721.65	1.092E+2
721.96	0.000E+0
722.27	4.369E+1
722.58	5.340E+1
722.89	2.184E+1
723.20	1.456E+1
723.51	-4.854E+0
723.82	8.010E+1
724.13	2.427E+0
724.45	5.583E+1
724.76	-4.126E+1
725.07	1.092E+2
725.38	9.466E+1
725.69	4.369E+1
726.00	0.000E+0
726.31	-4.369E+1
726.62	1.311E+2
726.93	1.456E+1
727.24	-4.612E+1
727.55	-5.825E+1
727.86	2.184E+1
728.17	-2.427E+0
728.48	7.039E+1
728.79	4.854E+1
729.10	8.738E+1
729.41	6.554E+1
729.72	7.282E+0
730.03	2.913E+1
730.34	4.854E+1
730.65	-1.942E+1
730.96	-6.554E+1
731.27	-6.554E+1
731.58	-4.854E+0
731.89	-4.854E+1
732.20	3.884E+1
732.51	2.184E+1
732.82	1.699E+1
733.13	7.282E+0
733.44	2.913E+1
733.75	1.214E+2
734.06	-2.670E+1
734.37	-2.427E+1
734.68	-1.699E+1
734.98	-3.398E+1
735.29	6.068E+1
735.60	-3.641E+1
735.91	-1.699E+1
736.22	-1.456E+1
736.53	8.495E+1
736.84	8.738E+1
737.15	-4.126E+1
737.46	4.612E+1
737.77	-1.699E+1
738.07	-4.612E+1
738.38	-7.282E+1
738.69	2.427E+0
739.00	5.097E+1
739.31	7.524E+1
739.62	-8.010E+1
739.92	-4.126E+1
740.23	-2.184E+1
740.54	-7.282E+0
740.85	-1.942E+1
741.16	5.340E+1
741.47	7.282E+0
741.77	4.612E+1
742.08	3.155E+1
742.39	-1.456E+1
742.70	-8.010E+1
743.01	-2.184E+1
743.31	-3.884E+1
743.62	-1.214E+1
743.93	-1.699E+1
744.24	-9.709E+0
744.54	2.670E+1
744.85	-2.913E+1
745.16	5.097E+1
745.47	-3.884E+1
745.77	3.884E+1
746.08	-4.612E+1
746.39	1.019E+2
746.70	2.913E+1
747.00	4.369E+1
747.31	-4.854E+0
747.62	5.097E+1
747.92	2.184E+1
748.23	-3.884E+1
748.54	-4.612E+1
748.84	3.641E+1
749.15	-1.092E+2
749.46	-9.709E+0
749.76	4.854E+1
750.07	9.223E+1
750.38	-4.369E+1
750.68	-4.854E+0
750.99	6.796E+1
751.30	6.796E+1
751.60	2.670E+1
751.91	-4.612E+1
752.22	-2.427E+0
752.52	3.884E+1
752.83	6.311E+1
753.14	-2.427E+1
753.44	-3.884E+1
753.75	1.214E+1
754.05	0.000E+0
754.36	-3.155E+1
754.67	-6.554E+1
754.97	1.456E+1
755.28	-3.398E+1
755.58	-1.165E+2
755.89	-7.524E+1
756.19	-1.699E+1
756.50	2.427E+0
756.81	1.214E+1
757.11	-1.456E+1
757.42	-7.282E+1
757.72	-1.456E+1
758.03	-8.253E+1
758.33	3.155E+1
758.64	6.554E+1
758.94	-4.126E+1
759.25	2.427E+0
759.55	1.214E+1
759.86	1.214E+1
760.16	1.942E+1
760.47	-1.699E+1
760.77	1.456E+1
761.08	3.155E+1
761.38	3.398E+1
761.69	-3.398E+1
761.99	-7.039E+1
762.30	1.699E+1
762.60	2.427E+0
762.91	-5.583E+1
763.21	-4.126E+1
763.51	-2.427E+1
763.82	7.039E+1
764.12	2.184E+1
764.43	2.427E+0
764.73	9.709E+0
765.04	-3.641E+1
765.34	1.432E+2
765.64	-6.068E+1
765.95	-4.369E+1
766.25	-3.398E+1
766.56	-4.854E+0
766.86	7.039E+1
767.16	9.709E+0
767.47	2.670E+1
767.77	-7.282E+0
768.07	2.427E+0
768.38	-9.709E+1
768.68	7.282E+1
768.98	-2.184E+1
769.29	5.097E+1
769.59	5.340E+1
769.89	-6.311E+1
770.20	2.427E+0
770.50	0.000E+0
770.80	-5.340E+1
771.11	2.184E+1
771.41	8.010E+1
771.71	6.311E+1
772.02	-2.427E+1
772.32	1.699E+1
772.62	-3.641E+1
772.93	8.981E+1
773.23	2.427E+0
773.53	7.039E+1
773.83	-1.214E+2
774.14	-5.583E+1
774.44	-2.427E+1
774.74	2.184E+1
775.04	2.427E+0
775.35	5.583E+1
775.65	9.709E+0
775.95	8.495E+1
776.25	1.942E+1
776.55	-8.010E+1
776.86	2.913E+1
777.16	4.854E+0
777.46	0.000E+0
777.76	1.456E+1
778.06	-3.641E+1
778.37	-4.854E+1
778.67	-2.427E+0
778.97	1.456E+1
779.27	4.126E+1
779.57	1.723E+2
779.88	-1.019E+2
780.18	-9.709E+0
780.48	-2.427E+0
780.78	1.019E+2
781.08	8.981E+1
781.38	-2.184E+1
781.68	-6.311E+1
781.98	4.612E+1
782.29	1.335E+2
782.59	-2.427E+1
782.89	-3.155E+1
783.19	-3.641E+1
783.49	2.670E+1
783.79	2.427E+1
784.09	-3.641E+1
784.39	3.398E+1
784.69	7.282E+0
784.99	2.913E+1
785.30	-1.214E+1
785.60	5.583E+1
785.90	-9.952E+1
786.20	2.427E+1
786.50	-2.913E+1
786.80	1.214E+1
787.10	8.738E+1
787.40	2.913E+1
787.70	3.155E+1
788.00	-9.709E+0
788.30	-7.767E+1
788.60	-6.311E+1
788.90	4.854E+0
789.20	-1.942E+1
789.50	-3.398E+1
789.80	9.223E+1
790.10	-8.495E+1
790.40	-6.554E+1
790.70	-7.767E+1
791.00	7.282E+0
791.30	-2.670E+1
791.60	2.184E+1
791.90	4.612E+1
792.20	7.767E+1
792.50	7.282E+0
792.79	-2.427E+0
793.09	-4.126E+1
793.39	-1.942E+1
793.69	-1.456E+1
793.99	-2.913E+1
794.29	-3.884E+1
794.59	2.913E+1
794.89	-1.553E+2
795.19	7.282E+0
795.49	1.456E+1
795.79	-9.709E+0
796.08	6.796E+1
796.38	-1.942E+1
796.68	-6.068E+1
796.98	2.184E+1
797.28	4.369E+1
797.58	1.942E+1
797.88	-8.738E+1
798.17	-2.670E+1
798.47	-6.311E+1
798.77	-1.141E+2
799.07	3.398E+1
799.37	3.884E+1
799.67	-3.155E+1
799.96	8.981E+1
800.26	2.670E+1
800.56	-7.524E+1
800.86	5.825E+1
801.16	-3.398E+1
801.45	-2.913E+1
801.75	-7.039E+1
802.05	4.854E+0
802.35	-1.942E+1
802.64	-2.670E+1
802.94	3.398E+1
803.24	6.068E+1
803.54	1.820E+2
803.83	3.398E+1
804.13	2.427E+0
804.43	1.092E+2
804.73	-4.126E+1
805.02	4.854E+0
805.32	8.981E+1
805.62	7.282E+0
805.91	3.398E+1
806.21	-6.311E+1
806.51	1.141E+2
806.81	-2.184E+1
807.10	3.884E+1
807.40	-4.126E+1
807.70	7.524E+1
807.99	2.184E+1
808.29	-1.699E+1
808.59	-2.913E+1
808.88	9.709E+0
809.18	4.854E+1
809.47	-9.709E+0
809.77	-6.554E+1
810.07	8.253E+1
810.36	0.000E+0
810.66	9.709E+0
810.96	7.767E+1
811.25	1.699E+1
811.55	4.612E+1
811.84	-6.311E+1
812.14	-3.884E+1
812.44	9.709E+0
812.73	-5.097E+1
813.03	-4.854E+0
813.32	1.699E+1
813.62	1.019E+2
813.91	6.311E+1
814.21	1.456E+1
814.51	-7.039E+1
814.80	-2.427E+1
815.10	1.699E+1
815.39	1.214E+1
815.69	-2.184E+1
815.98	2.913E+1
816.28	4.126E+1
816.57	-2.427E+1
816.87	9.709E+0
817.16	-7.282E+0
817.46	4.369E+1
817.75	-7.282E+0
818.05	-7.039E+1
818.34	-8.253E+1
818.64	8.495E+1
818.93	1.214E+1
819.23	-2.427E+0
819.52	-5.340E+1
819.82	1.214E+1
820.11	5.583E+1
820.40	1.068E+2
820.70	6.554E+1
820.99	-8.010E+1
821.29	2.913E+1
821.58	5.583E+1
821.88	1.359E+2
822.17	3.155E+1
822.46	1.092E+2
822.76	4.369E+1
823.05	9.466E+1
823.35	1.942E+1
823.64	-6.796E+1
823.93	5.825E+1
824.23	-6.554E+1
824.52	2.427E+1
824.81	-6.796E+1
825.11	-5.825E+1
825.40	2.913E+1
825.69	5.097E+1
825.99	-5.097E+1
826.28	-6.796E+1
826.58	-3.884E+1
826.87	-1.408E+2
827.16	-1.456E+1
827.45	4.854E+1
827.75	-4.854E+1
828.04	5.825E+1
828.33	-1.699E+1
828.63	7.282E+0
828.92	4.854E+0
829.21	1.456E+1
829.51	0.000E+0
829.80	1.699E+1
830.09	1.456E+1
830.38	-3.155E+1
830.68	7.282E+0
830.97	3.398E+1
831.26	-9.709E+0
831.55	7.524E+1
831.85	-5.340E+1
832.14	7.282E+0
832.43	-5.583E+1
832.72	-2.913E+1
833.01	-7.282E+0
833.31	4.612E+1
833.60	4.854E+0
833.89	2.913E+1
834.18	-3.398E+1
834.47	-1.456E+1
834.77	-1.699E+1
835.06	2.184E+1
835.35	4.854E+0
835.64	3.641E+1
835.93	-2.670E+1
836.22	-1.699E+1
836.52	3.884E+1
836.81	-2.670E+1
837.10	-7.282E+1
837.39	3.884E+1
837.68	-7.282E+0
837.97	-1.942E+1
838.26	-9.709E+0
838.55	-7.524E+1
838.85	-6.311E+1
839.14	2.427E+1
839.43	-9.709E+0
839.72	-1.117E+2
840.01	1.456E+1
840.30	5.097E+1
840.59	1.092E+2
840.88	-1.942E+1
841.17	4.126E+1
841.46	5.583E+1
841.75	4.854E+1
842.04	4.369E+1
842.33	1.942E+1
842.62	7.282E+0
842.91	-1.141E+2
843.21	-9.709E+0
843.50	-7.524E+1
843.79	3.884E+1
844.08	4.854E+1
844.37	3.398E+1
844.66	4.854E+1
844.95	9.709E+0
845.24	-4.854E+0
845.53	1.019E+2
845.81	7.282E+0
846.10	5.825E+1
846.39	1.165E+2
846.68	-5.097E+1
846.97	7.282E+0
847.26	3.398E+1
847.55	5.340E+1
847.84	-1.456E+1
848.13	9.709E+0
848.42	-3.155E+1
848.71	-3.155E+1
849.00	4.612E+1
849.29	6.554E+1
849.58	5.825E+1
849.87	3.884E+1
850.15	-3.641E+1
850.44	0.000E+0
850.73	1.214E+1
851.02	-9.709E+0
851.31	-7.767E+1
851.60	-5.825E+1
851.89	4.854E+0
852.18	7.282E+0
852.46	5.340E+1
852.75	-1.602E+2
853.04	1.942E+1
853.33	-2.184E+1
853.62	4.854E+0
853.91	-1.214E+1
854.19	8.010E+1
854.48	1.019E+2
854.77	-5.097E+1
855.06	2.427E+0
855.35	1.699E+1
855.63	-7.282E+1
855.92	5.583E+1
856.21	-7.282E+0
856.50	4.369E+1
856.79	5.825E+1
857.07	-4.126E+1
857.36	-7.524E+1
857.65	-9.709E+0
857.94	-8.010E+1
858.22	1.456E+1
858.51	5.583E+1
858.80	7.282E+1
859.08	9.709E+0
859.37	1.044E+2
859.66	-7.282E+0
859.95	-9.709E+0
860.23	-6.068E+1
860.52	2.427E+1
860.81	-9.709E+0
861.09	-6.796E+1
861.38	9.709E+1
861.67	7.282E+0
861.95	1.432E+2
862.24	-2.427E+1
862.53	-6.796E+1
862.81	1.068E+2
863.10	-4.126E+1
863.39	-4.369E+1
863.67	7.524E+1
863.96	-7.767E+1
864.25	3.884E+1
864.53	-2.670E+1
864.82	5.583E+1
865.10	-6.068E+1
865.39	-3.398E+1
865.68	-1.942E+1
865.96	-3.641E+1
866.25	-2.913E+1
866.53	-2.913E+1
866.82	-2.913E+1