Wavelength	Intensity	Ocean Optics Flame
nm	counts
187.89	-2.184E+1
188.27	-9.709E+0
188.64	-3.155E+1
189.02	-3.641E+1
189.40	-1.262E+2
189.78	-9.709E+0
190.15	-3.398E+1
190.53	-3.155E+1
190.91	5.340E+1
191.29	9.223E+1
191.66	8.253E+1
192.04	1.214E+1
192.42	4.854E+1
192.80	-3.155E+1
193.17	-1.214E+1
193.55	4.126E+1
193.93	1.117E+2
194.30	4.854E+1
194.68	5.825E+1
195.06	6.554E+1
195.44	2.913E+1
195.81	-1.214E+1
196.19	-4.369E+1
196.57	6.311E+1
196.94	-5.097E+1
197.32	-9.709E+0
197.70	-4.854E+1
198.07	3.641E+1
198.45	1.214E+1
198.83	9.952E+1
199.20	6.311E+1
199.58	9.709E+0
199.96	-4.612E+1
200.33	7.039E+1
200.71	-5.340E+1
201.09	7.039E+1
201.46	8.253E+1
201.84	6.554E+1
202.22	2.427E+0
202.59	-2.184E+1
202.97	-2.670E+1
203.34	3.155E+1
203.72	-2.913E+1
204.10	1.044E+2
204.47	3.155E+1
204.85	-1.214E+2
205.23	1.456E+1
205.60	4.854E+0
205.98	-3.398E+1
206.35	8.738E+1
206.73	-1.214E+1
207.11	-6.554E+1
207.48	-1.214E+1
207.86	7.524E+1
208.23	-5.340E+1
208.61	2.427E+0
208.98	-1.311E+2
209.36	-4.854E+1
209.74	1.238E+2
210.11	-3.155E+1
210.49	1.942E+1
210.86	-3.641E+1
211.24	9.709E+0
211.61	-1.456E+1
211.99	-3.155E+1
212.36	-9.709E+0
212.74	4.854E+1
213.11	-7.282E+1
213.49	-4.126E+1
213.87	2.427E+0
214.24	4.854E+1
214.62	3.398E+1
214.99	-7.039E+1
215.37	7.282E+0
215.74	-2.184E+1
216.12	1.942E+1
216.49	-5.583E+1
216.87	1.165E+2
217.24	-4.612E+1
217.62	-7.282E+1
217.99	1.942E+1
218.37	5.097E+1
218.74	-7.767E+1
219.11	-5.825E+1
219.49	1.384E+2
219.86	-2.427E+1
220.24	-4.854E+0
220.61	-2.913E+1
220.99	-3.398E+1
221.36	1.481E+2
221.74	-1.699E+1
222.11	8.981E+1
222.49	-5.340E+1
222.86	-3.155E+1
223.23	1.019E+2
223.61	7.282E+0
223.98	8.495E+1
224.36	8.495E+1
224.73	4.854E+1
225.11	7.039E+1
225.48	6.068E+1
225.85	8.010E+1
226.23	4.854E+1
226.60	5.825E+1
226.98	7.282E+1
227.35	-1.942E+1
227.72	3.398E+1
228.10	5.340E+1
228.47	8.253E+1
228.84	-1.044E+2
229.22	-9.709E+0
229.59	-8.010E+1
229.97	4.126E+1
230.34	5.097E+1
230.71	7.524E+1
231.09	-3.398E+1
231.46	1.699E+1
231.83	1.214E+1
232.21	5.340E+1
232.58	1.214E+1
232.95	-2.670E+1
233.33	7.282E+1
233.70	-2.913E+1
234.07	-9.952E+1
234.45	-4.612E+1
234.82	-5.583E+1
235.19	1.286E+2
235.57	-9.709E+0
235.94	8.253E+1
236.31	9.709E+0
236.69	2.427E+1
237.06	5.097E+1
237.43	-3.398E+1
237.80	-7.039E+1
238.18	2.913E+1
238.55	1.189E+2
238.92	4.854E+1
239.30	7.282E+0
239.67	-2.913E+1
240.04	-4.854E+0
240.41	-1.942E+1
240.79	-4.369E+1
241.16	4.854E+0
241.53	1.942E+1
241.90	-7.039E+1
242.28	1.456E+1
242.65	-2.427E+0
243.02	3.641E+1
243.39	-1.019E+2
243.77	3.155E+1
244.14	-7.282E+0
244.51	-3.641E+1
244.88	1.456E+1
245.25	2.427E+0
245.63	7.282E+1
246.00	-2.427E+0
246.37	-7.282E+0
246.74	-4.612E+1
247.11	-3.155E+1
247.49	-1.214E+1
247.86	-4.126E+1
248.23	8.253E+1
248.60	-6.554E+1
248.97	4.854E+0
249.35	7.767E+1
249.72	1.165E+2
250.09	4.126E+1
250.46	9.709E+0
250.83	4.126E+1
251.20	-4.854E+0
251.58	7.767E+1
251.95	2.427E+1
252.32	-3.398E+1
252.69	-5.097E+1
253.06	2.184E+1
253.43	0.000E+0
253.80	-1.699E+1
254.17	3.641E+1
254.55	6.311E+1
254.92	9.952E+1
255.29	2.427E+1
255.66	-3.884E+1
256.03	-1.456E+1
256.40	6.068E+1
256.77	5.825E+1
257.14	-1.214E+1
257.51	-6.311E+1
257.88	-3.641E+1
258.26	4.126E+1
258.63	9.709E+0
259.00	2.184E+1
259.37	1.481E+2
259.74	8.738E+1
260.11	-1.214E+1
260.48	0.000E+0
260.85	-1.189E+2
261.22	-7.039E+1
261.59	4.854E+0
261.96	-2.913E+1
262.33	-4.369E+1
262.70	6.311E+1
263.07	-9.709E+0
263.44	-5.097E+1
263.81	-6.311E+1
264.18	8.495E+1
264.55	2.427E+0
264.92	1.359E+2
265.29	8.981E+1
265.66	-4.612E+1
266.03	6.554E+1
266.40	2.913E+1
266.77	1.456E+1
267.14	5.340E+1
267.51	9.709E+0
267.88	5.825E+1
268.25	-4.854E+0
268.62	2.670E+1
268.99	8.010E+1
269.36	3.884E+1
269.73	8.253E+1
270.10	-3.641E+1
270.47	-4.612E+1
270.84	-2.913E+1
271.21	6.796E+1
271.58	-5.583E+1
271.95	-1.942E+1
272.32	-1.214E+1
272.69	4.854E+0
273.06	4.369E+1
273.43	-3.398E+1
273.80	2.913E+1
274.17	-6.068E+1
274.53	2.670E+1
274.90	3.155E+1
275.27	-6.068E+1
275.64	4.854E+1
276.01	-4.369E+1
276.38	3.884E+1
276.75	8.495E+1
277.12	8.495E+1
277.49	2.427E+1
277.86	8.495E+1
278.22	-9.709E+0
278.59	3.155E+1
278.96	-7.282E+1
279.33	-7.039E+1
279.70	3.398E+1
280.07	-3.884E+1
280.44	-7.282E+0
280.80	-8.010E+1
281.17	4.369E+1
281.54	-2.670E+1
281.91	2.427E+1
282.28	2.184E+1
282.65	2.184E+1
283.02	-8.495E+1
283.38	4.854E+0
283.75	-7.282E+0
284.12	6.554E+1
284.49	5.097E+1
284.86	-7.282E+0
285.22	6.068E+1
285.59	4.854E+0
285.96	3.398E+1
286.33	4.612E+1
286.70	-2.427E+0
287.06	8.010E+1
287.43	-9.952E+1
287.80	4.126E+1
288.17	1.117E+2
288.53	-5.340E+1
288.90	-2.427E+0
289.27	3.398E+1
289.64	-1.456E+1
290.01	2.184E+1
290.37	3.155E+1
290.74	4.854E+0
291.11	6.554E+1
291.48	2.427E+0
291.84	1.456E+1
292.21	-1.456E+1
292.58	2.184E+1
292.94	7.282E+1
293.31	3.398E+1
293.68	-2.670E+1
294.05	2.184E+1
294.41	4.854E+0
294.78	7.282E+0
295.15	5.097E+1
295.51	-9.709E+0
295.88	3.884E+1
296.25	-2.184E+1
296.61	6.068E+1
296.98	0.000E+0
297.35	9.709E+0
297.72	-1.942E+1
298.08	5.825E+1
298.45	-1.699E+1
298.82	3.884E+1
299.18	-6.796E+1
299.55	-2.913E+1
299.91	7.767E+1
300.28	2.427E+0
300.65	4.854E+1
301.01	2.913E+1
301.38	-1.942E+1
301.75	6.796E+1
302.11	-3.641E+1
302.48	-9.709E+0
302.85	-3.398E+1
303.21	7.767E+1
303.58	6.311E+1
303.94	9.952E+1
304.31	-9.709E+0
304.68	8.010E+1
305.04	9.709E+0
305.41	8.010E+1
305.77	-1.214E+1
306.14	-9.709E+0
306.51	1.699E+1
306.87	2.913E+1
307.24	6.796E+1
307.60	1.214E+1
307.97	4.854E+1
308.33	1.238E+2
308.70	2.913E+1
309.07	-2.913E+1
309.43	5.097E+1
309.80	-9.709E+0
310.16	8.981E+1
310.53	-5.825E+1
310.89	6.311E+1
311.26	2.427E+0
311.62	8.253E+1
311.99	6.554E+1
312.35	-3.884E+1
312.72	-2.184E+1
313.08	-2.670E+1
313.45	2.670E+1
313.81	-4.854E+1
314.18	4.854E+1
314.54	1.456E+1
314.91	6.068E+1
315.27	1.262E+2
315.64	3.884E+1
316.00	-9.709E+0
316.37	-2.427E+0
316.73	5.097E+1
317.10	8.738E+1
317.46	-2.913E+1
317.83	9.709E+1
318.19	6.068E+1
318.56	5.097E+1
318.92	7.282E+1
319.28	-1.942E+1
319.65	-2.427E+1
320.01	1.214E+1
320.38	2.670E+1
320.74	-1.699E+1
321.11	7.282E+1
321.47	5.097E+1
321.83	-6.554E+1
322.20	-2.670E+1
322.56	-3.641E+1
322.93	3.641E+1
323.29	-8.738E+1
323.66	-1.117E+2
324.02	1.141E+2
324.38	-7.039E+1
324.75	-7.039E+1
325.11	7.767E+1
325.47	2.427E+0
325.84	-7.282E+0
326.20	-2.670E+1
326.57	4.612E+1
326.93	3.398E+1
327.29	2.184E+1
327.66	2.670E+1
328.02	8.495E+1
328.38	-2.184E+1
328.75	-4.126E+1
329.11	-8.010E+1
329.47	-8.253E+1
329.84	-3.398E+1
330.20	1.699E+1
330.56	-6.311E+1
330.93	-1.456E+1
331.29	-4.612E+1
331.65	5.097E+1
332.02	9.709E+0
332.38	6.554E+1
332.74	1.699E+1
333.10	8.010E+1
333.47	-4.854E+1
333.83	1.942E+1
334.19	2.670E+1
334.56	7.767E+1
334.92	-2.427E+0
335.28	6.796E+1
335.64	1.019E+2
336.01	1.384E+2
336.37	9.709E+0
336.73	1.942E+1
337.09	4.854E+1
337.46	-1.699E+1
337.82	4.612E+1
338.18	1.942E+1
338.54	6.796E+1
338.91	-1.942E+1
339.27	5.340E+1
339.63	2.427E+0
339.99	2.427E+1
340.36	2.913E+1
340.72	8.738E+1
341.08	8.981E+1
341.44	6.068E+1
341.80	-1.699E+1
342.17	1.165E+2
342.53	5.825E+1
342.89	-4.612E+1
343.25	4.612E+1
343.61	-4.854E+0
343.98	4.369E+1
344.34	9.709E+1
344.70	-8.253E+1
345.06	5.097E+1
345.42	3.641E+1
345.78	2.670E+1
346.14	-1.942E+1
346.51	9.466E+1
346.87	3.155E+1
347.23	5.340E+1
347.59	2.670E+1
347.95	1.117E+2
348.31	1.990E+2
348.67	2.670E+1
349.04	4.612E+1
349.40	5.583E+1
349.76	-6.068E+1
350.12	2.670E+1
350.48	-2.670E+1
350.84	-9.709E+0
351.20	7.039E+1
351.56	2.427E+1
351.92	1.699E+1
352.28	1.092E+2
352.65	0.000E+0
353.01	7.282E+0
353.37	-1.141E+2
353.73	3.641E+1
354.09	1.481E+2
354.45	5.825E+1
354.81	9.709E+0
355.17	6.311E+1
355.53	4.854E+0
355.89	-4.612E+1
356.25	2.913E+1
356.61	4.854E+1
356.97	-1.214E+1
357.33	4.612E+1
357.69	1.456E+1
358.05	6.311E+1
358.41	1.942E+1
358.77	-6.068E+1
359.13	3.884E+1
359.49	3.641E+1
359.85	9.466E+1
360.21	3.884E+1
360.57	1.019E+2
360.93	2.427E+1
361.29	-5.340E+1
361.65	5.097E+1
362.01	7.282E+1
362.37	9.952E+1
362.73	1.214E+1
363.09	1.141E+2
363.45	9.223E+1
363.81	1.335E+2
364.17	9.223E+1
364.53	-3.398E+1
364.89	4.854E+0
365.25	-3.641E+1
365.61	1.019E+2
365.97	1.699E+1
366.33	8.981E+1
366.69	9.466E+1
367.05	-4.854E+0
367.40	8.010E+1
367.76	1.019E+2
368.12	9.709E+0
368.48	-1.214E+1
368.84	4.612E+1
369.20	1.117E+2
369.56	4.126E+1
369.92	8.738E+1
370.28	2.427E+0
370.63	3.884E+1
370.99	1.578E+2
371.35	6.068E+1
371.71	7.767E+1
372.07	1.238E+2
372.43	7.767E+1
372.79	1.675E+2
373.15	2.160E+2
373.50	1.651E+2
373.86	1.675E+2
374.22	2.330E+2
374.58	1.723E+2
374.94	1.869E+2
375.30	1.553E+2
375.65	1.335E+2
376.01	1.311E+2
376.37	2.184E+2
376.73	1.529E+2
377.09	2.087E+2
377.44	2.136E+2
377.80	2.549E+2
378.16	2.354E+2
378.52	2.257E+2
378.88	2.209E+2
379.23	3.107E+2
379.59	3.495E+2
379.95	3.301E+2
380.31	4.393E+2
380.66	3.083E+2
381.02	4.757E+2
381.38	4.563E+2
381.74	4.563E+2
382.09	5.170E+2
382.45	5.510E+2
382.81	4.757E+2
383.17	5.631E+2
383.52	5.437E+2
383.88	6.044E+2
384.24	4.806E+2
384.60	6.748E+2
384.95	8.350E+2
385.31	8.495E+2
385.67	9.369E+2
386.02	1.114E+3
386.38	1.095E+3
386.74	1.267E+3
387.10	1.158E+3
387.45	1.337E+3
387.81	1.352E+3
388.17	1.556E+3
388.52	1.663E+3
388.88	1.786E+3
389.24	2.002E+3
389.59	2.085E+3
389.95	2.201E+3
390.31	2.376E+3
390.66	2.524E+3
391.02	2.808E+3
391.38	2.968E+3
391.73	3.138E+3
392.09	3.403E+3
392.44	3.752E+3
392.80	3.939E+3
393.16	4.301E+3
393.51	4.621E+3
393.87	5.090E+3
394.23	5.503E+3
394.58	5.971E+3
394.94	6.354E+3
395.29	6.719E+3
395.65	7.027E+3
396.01	7.821E+3
396.36	8.058E+3
396.72	8.818E+3
397.07	9.223E+3
397.43	1.002E+4
397.78	1.082E+4
398.14	1.155E+4
398.50	1.239E+4
398.85	1.285E+4
399.21	1.384E+4
399.56	1.460E+4
399.92	1.563E+4
400.27	1.676E+4
400.63	1.769E+4
400.98	1.867E+4
401.34	1.971E+4
401.69	2.060E+4
402.05	2.173E+4
402.40	2.285E+4
402.76	2.411E+4
403.11	2.533E+4
403.47	2.718E+4
403.82	2.732E+4
404.18	2.937E+4
404.53	3.019E+4
404.89	3.246E+4
405.24	3.318E+4
405.60	3.465E+4
405.95	3.602E+4
406.31	3.795E+4
406.66	3.889E+4
407.02	3.969E+4
407.37	4.162E+4
407.73	4.317E+4
408.08	4.439E+4
408.44	4.501E+4
408.79	4.635E+4
409.14	4.729E+4
409.50	4.827E+4
409.85	4.906E+4
410.21	5.006E+4
410.56	5.059E+4
410.92	5.121E+4
411.27	5.164E+4
411.62	5.290E+4
411.98	5.240E+4
412.33	5.254E+4
412.69	5.312E+4
413.04	5.265E+4
413.39	5.203E+4
413.75	5.137E+4
414.10	5.153E+4
414.45	5.041E+4
414.81	4.998E+4
415.16	4.913E+4
415.52	4.813E+4
415.87	4.791E+4
416.22	4.628E+4
416.58	4.566E+4
416.93	4.396E+4
417.28	4.257E+4
417.64	4.081E+4
417.99	4.019E+4
418.34	3.846E+4
418.70	3.627E+4
419.05	3.502E+4
419.40	3.302E+4
419.76	3.122E+4
420.11	3.027E+4
420.46	2.843E+4
420.81	2.736E+4
421.17	2.557E+4
421.52	2.433E+4
421.87	2.311E+4
422.23	2.237E+4
422.58	2.072E+4
422.93	1.960E+4
423.28	1.869E+4
423.64	1.853E+4
423.99	1.731E+4
424.34	1.613E+4
424.69	1.550E+4
425.05	1.455E+4
425.40	1.375E+4
425.75	1.321E+4
426.10	1.221E+4
426.46	1.202E+4
426.81	1.113E+4
427.16	1.082E+4
427.51	1.029E+4
427.87	9.682E+3
428.22	9.192E+3
428.57	8.728E+3
428.92	8.294E+3
429.27	7.939E+3
429.63	7.520E+3
429.98	7.029E+3
430.33	7.044E+3
430.68	6.643E+3
431.03	6.262E+3
431.38	5.939E+3
431.74	5.592E+3
432.09	5.342E+3
432.44	5.151E+3
432.79	5.005E+3
433.14	4.782E+3
433.49	4.374E+3
433.85	4.277E+3
434.20	3.983E+3
434.55	3.774E+3
434.90	3.551E+3
435.25	3.488E+3
435.60	3.313E+3
435.95	3.141E+3
436.30	3.160E+3
436.66	2.782E+3
437.01	2.786E+3
437.36	2.655E+3
437.71	2.551E+3
438.06	2.468E+3
438.41	2.323E+3
438.76	2.155E+3
439.11	2.100E+3
439.46	1.925E+3
439.81	1.944E+3
440.16	1.905E+3
440.52	1.820E+3
440.87	1.726E+3
441.22	1.660E+3
441.57	1.699E+3
441.92	1.561E+3
442.27	1.483E+3
442.62	1.250E+3
442.97	1.320E+3
443.32	1.243E+3
443.67	1.167E+3
444.02	1.158E+3
444.37	1.158E+3
444.72	1.092E+3
445.07	1.078E+3
445.42	1.027E+3
445.77	1.197E+3
446.12	1.002E+3
446.47	9.054E+2
446.82	9.418E+2
447.17	8.592E+2
447.52	8.228E+2
447.87	8.058E+2
448.22	7.209E+2
448.57	7.524E+2
448.92	7.160E+2
449.27	5.680E+2
449.62	6.990E+2
449.97	6.626E+2
450.32	6.675E+2
450.66	6.287E+2
451.01	4.587E+2
451.36	5.340E+2
451.71	5.364E+2
452.06	5.413E+2
452.41	4.733E+2
452.76	5.461E+2
453.11	5.291E+2
453.46	4.830E+2
453.81	4.782E+2
454.16	3.155E+2
454.51	3.908E+2
454.85	4.685E+2
455.20	3.544E+2
455.55	3.204E+2
455.90	3.617E+2
456.25	3.908E+2
456.60	4.151E+2
456.95	3.714E+2
457.30	1.796E+2
457.64	2.039E+2
457.99	3.762E+2
458.34	1.918E+2
458.69	1.262E+2
459.04	2.743E+2
459.39	2.330E+2
459.73	3.689E+2
460.08	3.228E+2
460.43	1.845E+2
460.78	2.257E+2
461.13	2.621E+2
461.48	2.282E+2
461.82	2.136E+2
462.17	2.476E+2
462.52	2.087E+2
462.87	2.524E+2
463.21	2.160E+2
463.56	2.282E+2
463.91	2.306E+2
464.26	7.524E+1
464.61	2.621E+2
464.95	1.723E+2
465.30	1.966E+2
465.65	1.359E+2
466.00	1.286E+2
466.34	2.136E+2
466.69	1.408E+2
467.04	1.481E+2
467.39	2.330E+2
467.73	2.476E+2
468.08	1.456E+2
468.43	1.044E+2
468.77	2.743E+2
469.12	5.340E+1
469.47	9.952E+1
469.82	2.573E+2
470.16	1.456E+2
470.51	1.165E+2
470.86	4.612E+1
471.20	1.553E+2
471.55	1.432E+2
471.90	1.068E+2
472.24	2.087E+2
472.59	1.262E+2
472.94	1.845E+2
473.28	7.767E+1
473.63	7.767E+1
473.98	9.466E+1
474.32	1.699E+2
474.67	1.214E+2
475.02	6.796E+1
475.36	1.553E+2
475.71	9.466E+1
476.06	1.286E+2
476.40	1.189E+2
476.75	7.282E+1
477.09	1.359E+2
477.44	8.495E+1
477.79	7.282E+1
478.13	1.286E+2
478.48	8.981E+1
478.82	9.709E+0
479.17	3.641E+1
479.52	3.155E+1
479.86	1.408E+2
480.21	1.238E+2
480.55	1.845E+2
480.90	1.699E+2
481.24	5.825E+1
481.59	3.155E+1
481.94	8.253E+1
482.28	8.253E+1
482.63	1.723E+2
482.97	1.505E+2
483.32	3.641E+1
483.66	5.097E+1
484.01	5.583E+1
484.35	8.010E+1
484.70	1.626E+2
485.04	-9.709E+0
485.39	1.942E+1
485.73	6.554E+1
486.08	0.000E+0
486.42	2.427E+1
486.77	3.884E+1
487.11	3.398E+1
487.46	8.253E+1
487.80	3.884E+1
488.15	2.184E+1
488.49	4.854E+1
488.84	-1.699E+1
489.18	1.384E+2
489.53	9.709E+1
489.87	1.214E+2
490.21	3.884E+1
490.56	-2.913E+1
490.90	8.981E+1
491.25	1.456E+1
491.59	5.097E+1
491.94	1.068E+2
492.28	7.767E+1
492.62	2.257E+2
492.97	7.524E+1
493.31	0.000E+0
493.66	7.767E+1
494.00	6.311E+1
494.34	6.068E+1
494.69	1.214E+2
495.03	9.709E+1
495.38	0.000E+0
495.72	-2.670E+1
496.06	4.369E+1
496.41	7.039E+1
496.75	1.117E+2
497.09	1.068E+2
497.44	1.189E+2
497.78	1.529E+2
498.13	9.709E+0
498.47	8.010E+1
498.81	1.117E+2
499.16	-3.641E+1
499.50	-3.155E+1
499.84	2.427E+1
500.19	4.854E+0
500.53	9.952E+1
500.87	7.767E+1
501.21	4.126E+1
501.56	6.068E+1
501.90	-7.282E+0
502.24	1.456E+1
502.59	3.398E+1
502.93	3.641E+1
503.27	1.699E+1
503.61	3.398E+1
503.96	2.670E+1
504.30	-7.282E+0
504.64	1.117E+2
504.99	2.427E+1
505.33	1.141E+2
505.67	-3.884E+1
506.01	3.398E+1
506.36	4.612E+1
506.70	2.427E+0
507.04	-3.398E+1
507.38	1.165E+2
507.72	2.184E+1
508.07	4.854E+0
508.41	-1.456E+1
508.75	6.068E+1
509.09	2.427E+1
509.44	4.612E+1
509.78	5.583E+1
510.12	-4.126E+1
510.46	2.913E+1
510.80	2.184E+1
511.14	5.825E+1
511.49	1.942E+1
511.83	5.825E+1
512.17	-1.262E+2
512.51	2.670E+1
512.85	-2.913E+1
513.19	-2.427E+1
513.54	3.884E+1
513.88	-1.942E+1
514.22	4.612E+1
514.56	9.709E+0
514.90	-2.184E+1
515.24	8.253E+1
515.58	2.913E+1
515.93	3.398E+1
516.27	3.398E+1
516.61	1.553E+2
516.95	2.427E+0
517.29	1.262E+2
517.63	5.583E+1
517.97	1.189E+2
518.31	8.253E+1
518.65	3.641E+1
518.99	0.000E+0
519.33	3.641E+1
519.67	3.884E+1
520.02	4.612E+1
520.36	6.796E+1
520.70	1.019E+2
521.04	1.141E+2
521.38	-5.825E+1
521.72	-1.699E+1
522.06	9.709E+1
522.40	4.612E+1
522.74	1.699E+1
523.08	-9.709E+0
523.42	2.184E+1
523.76	5.825E+1
524.10	1.165E+2
524.44	6.554E+1
524.78	9.223E+1
525.12	-1.699E+1
525.46	1.019E+2
525.80	-2.427E+1
526.14	7.282E+1
526.48	1.141E+2
526.82	7.039E+1
527.16	5.097E+1
527.50	7.039E+1
527.84	7.524E+1
528.18	6.311E+1
528.52	5.825E+1
528.86	8.738E+1
529.20	7.039E+1
529.54	8.010E+1
529.87	2.184E+1
530.21	1.942E+1
530.55	3.884E+1
530.89	1.214E+2
531.23	1.699E+1
531.57	7.767E+1
531.91	-4.854E+0
532.25	6.311E+1
532.59	9.466E+1
532.93	1.699E+1
533.27	1.456E+2
533.60	8.010E+1
533.94	7.282E+0
534.28	8.981E+1
534.62	8.981E+1
534.96	1.019E+2
535.30	4.854E+0
535.64	9.466E+1
535.98	-7.282E+0
536.31	8.010E+1
536.65	6.554E+1
536.99	8.010E+1
537.33	-3.155E+1
537.67	-4.126E+1
538.01	-1.699E+1
538.34	6.554E+1
538.68	3.155E+1
539.02	5.825E+1
539.36	-3.884E+1
539.70	9.952E+1
540.03	-4.126E+1
540.37	2.184E+1
540.71	5.340E+1
541.05	4.854E+0
541.39	-9.709E+0
541.72	-1.214E+1
542.06	1.117E+2
542.40	8.981E+1
542.74	4.612E+1
543.07	1.359E+2
543.41	-5.097E+1
543.75	2.670E+1
544.09	8.738E+1
544.42	7.767E+1
544.76	3.398E+1
545.10	3.398E+1
545.44	1.942E+1
545.77	3.398E+1
546.11	5.340E+1
546.45	3.155E+1
546.78	8.495E+1
547.12	-5.340E+1
547.46	7.524E+1
547.80	1.384E+2
548.13	8.010E+1
548.47	-4.612E+1
548.81	2.427E+0
549.14	4.612E+1
549.48	4.854E+1
549.82	-5.583E+1
550.15	-6.311E+1
550.49	-7.282E+1
550.83	0.000E+0
551.16	3.884E+1
551.50	5.825E+1
551.84	-1.214E+1
552.17	1.189E+2
552.51	1.408E+2
552.84	9.709E+0
553.18	8.738E+1
553.52	7.767E+1
553.85	7.039E+1
554.19	1.699E+1
554.53	8.738E+1
554.86	-9.709E+0
555.20	1.456E+1
555.53	7.039E+1
555.87	2.427E+1
556.20	1.262E+2
556.54	2.427E+1
556.88	9.466E+1
557.21	1.942E+1
557.55	4.612E+1
557.88	-4.854E+0
558.22	3.641E+1
558.55	3.398E+1
558.89	3.398E+1
559.23	8.981E+1
559.56	7.039E+1
559.90	5.340E+1
560.23	-1.092E+2
560.57	1.238E+2
560.90	-2.427E+1
561.24	3.155E+1
561.57	6.068E+1
561.91	-9.709E+0
562.24	4.612E+1
562.58	8.010E+1
562.91	2.670E+1
563.25	-5.340E+1
563.58	8.253E+1
563.92	-5.097E+1
564.25	4.126E+1
564.59	2.913E+1
564.92	1.214E+1
565.25	2.670E+1
565.59	-2.427E+0
565.92	1.723E+2
566.26	3.884E+1
566.59	5.825E+1
566.93	8.010E+1
567.26	4.854E+1
567.60	1.942E+1
567.93	-2.913E+1
568.26	5.825E+1
568.60	-6.311E+1
568.93	2.427E+1
569.27	-4.369E+1
569.60	9.709E+0
569.93	-4.854E+0
570.27	-2.184E+1
570.60	5.583E+1
570.94	6.554E+1
571.27	4.854E+0
571.60	4.126E+1
571.94	4.854E+0
572.27	9.223E+1
572.60	-8.738E+1
572.94	4.612E+1
573.27	-9.709E+0
573.60	-2.184E+1
573.94	1.578E+2
574.27	1.942E+1
574.60	2.913E+1
574.94	2.913E+1
575.27	-1.214E+1
575.60	1.942E+1
575.94	4.854E+0
576.27	1.117E+2
576.60	-3.398E+1
576.94	5.340E+1
577.27	3.884E+1
577.60	1.092E+2
577.94	2.427E+0
578.27	4.612E+1
578.60	4.612E+1
578.93	2.913E+1
579.27	2.427E+0
579.60	0.000E+0
579.93	8.495E+1
580.26	6.068E+1
580.60	7.282E+1
580.93	-1.699E+1
581.26	-3.884E+1
581.59	-3.884E+1
581.93	-6.554E+1
582.26	8.981E+1
582.59	8.010E+1
582.92	5.825E+1
583.25	1.602E+2
583.59	-2.184E+1
583.92	-5.340E+1
584.25	-4.854E+1
584.58	6.311E+1
584.91	-3.155E+1
585.25	3.155E+1
585.58	3.155E+1
585.91	1.942E+1
586.24	-7.039E+1
586.57	-9.709E+0
586.90	1.189E+2
587.24	7.039E+1
587.57	1.942E+1
587.90	1.456E+1
588.23	1.311E+2
588.56	-2.427E+0
588.89	-2.427E+1
589.22	5.825E+1
589.56	7.282E+0
589.89	6.068E+1
590.22	1.214E+1
590.55	6.068E+1
590.88	3.398E+1
591.21	5.340E+1
591.54	7.282E+1
591.87	-4.612E+1
592.20	-3.155E+1
592.53	5.097E+1
592.87	6.554E+1
593.20	2.184E+1
593.53	4.369E+1
593.86	9.466E+1
594.19	1.699E+1
594.52	0.000E+0
594.85	-2.913E+1
595.18	7.282E+0
595.51	-1.214E+1
595.84	-1.214E+1
596.17	1.942E+1
596.50	-3.398E+1
596.83	5.340E+1
597.16	4.126E+1
597.49	2.427E+0
597.82	1.019E+2
598.15	1.699E+1
598.48	-1.699E+1
598.81	6.068E+1
599.14	9.466E+1
599.47	6.554E+1
599.80	1.092E+2
600.13	-9.709E+0
600.46	2.427E+1
600.79	-3.155E+1
601.12	7.282E+1
601.45	6.311E+1
601.78	4.854E+0
602.11	6.068E+1
602.44	-2.427E+1
602.77	6.068E+1
603.10	4.126E+1
603.42	7.039E+1
603.75	6.068E+1
604.08	3.641E+1
604.41	3.641E+1
604.74	1.335E+2
605.07	8.738E+1
605.40	-1.942E+1
605.73	6.311E+1
606.06	6.554E+1
606.39	-3.884E+1
606.71	8.738E+1
607.04	1.942E+1
607.37	1.214E+1
607.70	1.214E+1
608.03	-3.884E+1
608.36	3.398E+1
608.69	-9.709E+0
609.02	1.699E+1
609.34	7.039E+1
609.67	9.709E+0
610.00	-4.612E+1
610.33	4.854E+1
610.66	-7.282E+0
610.98	-2.427E+1
611.31	3.398E+1
611.64	-4.854E+0
611.97	-2.913E+1
612.30	1.214E+1
612.63	8.010E+1
612.95	5.583E+1
613.28	-1.238E+2
613.61	2.913E+1
613.94	1.456E+1
614.26	3.641E+1
614.59	-4.612E+1
614.92	-8.010E+1
615.25	9.709E+0
615.57	7.282E+0
615.90	4.126E+1
616.23	4.126E+1
616.56	7.282E+0
616.88	0.000E+0
617.21	4.369E+1
617.54	-2.670E+1
617.87	-6.068E+1
618.19	-7.282E+0
618.52	3.398E+1
618.85	-2.184E+1
619.17	-4.369E+1
619.50	4.612E+1
619.83	-1.214E+1
620.15	8.010E+1
620.48	9.223E+1
620.81	1.699E+1
621.14	1.189E+2
621.46	5.825E+1
621.79	7.282E+0
622.11	-7.282E+0
622.44	-7.282E+0
622.77	1.214E+2
623.09	-9.709E+0
623.42	-1.214E+1
623.75	-2.427E+1
624.07	6.554E+1
624.40	9.466E+1
624.73	4.369E+1
625.05	9.952E+1
625.38	1.335E+2
625.70	1.699E+1
626.03	-3.398E+1
626.36	-2.184E+1
626.68	2.184E+1
627.01	3.884E+1
627.33	4.612E+1
627.66	6.554E+1
627.99	1.117E+2
628.31	1.214E+2
628.64	-4.369E+1
628.96	3.884E+1
629.29	-1.068E+2
629.61	3.641E+1
629.94	5.097E+1
630.26	8.495E+1
630.59	0.000E+0
630.91	9.709E+1
631.24	-4.612E+1
631.57	8.253E+1
631.89	1.942E+1
632.22	4.854E+1
632.54	5.825E+1
632.87	1.578E+2
633.19	1.578E+2
633.52	-9.709E+0
633.84	-2.427E+1
634.16	4.369E+1
634.49	8.738E+1
634.81	6.796E+1
635.14	-6.311E+1
635.46	-7.039E+1
635.79	-7.282E+0
636.11	-1.214E+2
636.44	8.253E+1
636.76	-2.670E+1
637.09	-1.699E+1
637.41	-2.427E+0
637.73	7.039E+1
638.06	7.282E+0
638.38	-4.369E+1
638.71	-2.427E+1
639.03	9.709E+0
639.36	-2.184E+1
639.68	7.282E+1
640.00	-2.184E+1
640.33	7.524E+1
640.65	-3.884E+1
640.97	2.670E+1
641.30	7.039E+1
641.62	8.738E+1
641.95	4.854E+0
642.27	-4.854E+1
642.59	3.641E+1
642.92	1.699E+1
643.24	7.767E+1
643.56	2.670E+1
643.89	1.456E+1
644.21	2.184E+1
644.53	2.670E+1
644.86	1.117E+2
645.18	5.825E+1
645.50	-3.641E+1
645.83	6.554E+1
646.15	-6.068E+1
646.47	-2.670E+1
646.80	-6.796E+1
647.12	-5.097E+1
647.44	6.311E+1
647.76	1.117E+2
648.09	4.854E+0
648.41	8.253E+1
648.73	5.825E+1
649.05	3.641E+1
649.38	1.189E+2
649.70	1.044E+2
650.02	7.282E+0
650.34	3.884E+1
650.67	-4.369E+1
650.99	-2.184E+1
651.31	7.039E+1
651.63	6.311E+1
651.96	1.262E+2
652.28	-5.097E+1
652.60	9.709E+0
652.92	2.670E+1
653.24	9.952E+1
653.57	8.253E+1
653.89	7.039E+1
654.21	-9.709E+0
654.53	-9.466E+1
654.85	9.223E+1
655.18	-5.097E+1
655.50	1.942E+1
655.82	5.340E+1
656.14	7.282E+0
656.46	-7.039E+1
656.78	1.699E+1
657.10	-2.913E+1
657.43	-2.670E+1
657.75	7.282E+0
658.07	5.825E+1
658.39	-1.699E+1
658.71	1.942E+1
659.03	-1.214E+1
659.35	2.913E+1
659.67	4.854E+0
659.99	-3.155E+1
660.32	6.311E+1
660.64	-7.282E+1
660.96	6.311E+1
661.28	4.126E+1
661.60	1.214E+1
661.92	-4.126E+1
662.24	2.670E+1
662.56	-3.155E+1
662.88	0.000E+0
663.20	2.913E+1
663.52	-5.583E+1
663.84	-2.184E+1
664.16	1.238E+2
664.48	-4.854E+0
664.80	-2.427E+1
665.12	-5.825E+1
665.44	1.942E+1
665.76	7.282E+0
666.08	2.670E+1
666.40	-3.155E+1
666.72	6.311E+1
667.04	-2.427E+1
667.36	-2.427E+1
667.68	-3.884E+1
668.00	1.286E+2
668.32	5.583E+1
668.64	1.699E+1
668.96	-7.282E+0
669.28	-2.427E+1
669.60	4.369E+1
669.92	8.981E+1
670.24	-1.214E+1
670.56	5.340E+1
670.88	-3.641E+1
671.20	7.524E+1
671.52	-2.184E+1
671.84	2.670E+1
672.16	5.583E+1
672.47	2.427E+1
672.79	4.612E+1
673.11	8.495E+1
673.43	-1.214E+1
673.75	-9.466E+1
674.07	3.641E+1
674.39	-3.155E+1
674.71	4.369E+1
675.03	3.155E+1
675.34	-5.097E+1
675.66	1.699E+1
675.98	-4.854E+1
676.30	3.155E+1
676.62	-2.670E+1
676.94	-4.854E+0
677.25	6.068E+1
677.57	-4.854E+1
677.89	-4.854E+0
678.21	-2.913E+1
678.53	5.097E+1
678.85	5.340E+1
679.16	-3.884E+1
679.48	4.126E+1
679.80	-8.738E+1
680.12	5.340E+1
680.44	-1.699E+1
680.75	-9.709E+0
681.07	-1.456E+1
681.39	1.456E+1
681.71	-4.126E+1
682.02	-9.709E+0
682.34	-9.709E+0
682.66	-5.583E+1
682.98	-1.699E+1
683.29	4.854E+1
683.61	4.369E+1
683.93	-2.427E+1
684.25	0.000E+0
684.56	8.010E+1
684.88	9.709E+0
685.20	4.126E+1
685.51	2.184E+1
685.83	3.884E+1
686.15	-9.709E+0
686.47	-1.942E+1
686.78	4.854E+0
687.10	-4.369E+1
687.42	0.000E+0
687.73	-3.884E+1
688.05	2.913E+1
688.37	1.214E+1
688.68	-7.524E+1
689.00	-4.369E+1
689.32	4.854E+0
689.63	-1.068E+2
689.95	-2.427E+0
690.26	-2.913E+1
690.58	-5.097E+1
690.90	-1.044E+2
691.21	1.068E+2
691.53	3.641E+1
691.85	8.253E+1
692.16	2.427E+0
692.48	9.709E+1
692.79	0.000E+0
693.11	-6.554E+1
693.42	-2.670E+1
693.74	-4.854E+0
694.06	1.456E+1
694.37	1.942E+1
694.69	4.854E+0
695.00	4.369E+1
695.32	-7.282E+0
695.63	-1.092E+2
695.95	9.223E+1
696.26	4.126E+1
696.58	-8.981E+1
696.90	-2.670E+1
697.21	-6.311E+1
697.53	8.010E+1
697.84	-1.019E+2
698.16	1.068E+2
698.47	5.825E+1
698.79	2.184E+1
699.10	2.670E+1
699.42	-2.427E+0
699.73	4.854E+0
700.05	2.913E+1
700.36	-2.670E+1
700.68	1.456E+1
700.99	6.068E+1
701.30	-6.554E+1
701.62	5.825E+1
701.93	6.796E+1
702.25	7.039E+1
702.56	1.699E+1
702.88	4.854E+1
703.19	-3.398E+1
703.50	-1.942E+1
703.82	1.699E+1
704.13	-1.214E+1
704.45	1.456E+1
704.76	-2.427E+0
705.08	1.456E+1
705.39	5.097E+1
705.70	-2.184E+1
706.02	-1.214E+1
706.33	-3.155E+1
706.64	4.612E+1
706.96	3.641E+1
707.27	-6.311E+1
707.59	9.709E+0
707.90	8.010E+1
708.21	7.767E+1
708.53	6.311E+1
708.84	1.214E+1
709.15	-3.398E+1
709.47	-4.126E+1
709.78	7.767E+1
710.09	1.214E+1
710.41	-6.068E+1
710.72	1.214E+1
711.03	8.495E+1
711.34	1.311E+2
711.66	-9.709E+1
711.97	2.184E+1
712.28	7.282E+0
712.60	5.340E+1
712.91	-5.583E+1
713.22	8.738E+1
713.53	8.738E+1
713.85	-1.942E+1
714.16	-7.282E+0
714.47	-3.155E+1
714.78	4.854E+0
715.10	2.427E+1
715.41	-4.369E+1
715.72	3.884E+1
716.03	3.398E+1
716.35	-8.495E+1
716.66	-2.427E+0
716.97	-7.524E+1
717.28	-5.825E+1
717.59	1.699E+1
717.91	7.767E+1
718.22	-7.282E+0
718.53	9.952E+1
718.84	4.854E+1
719.15	-2.670E+1
719.46	-4.854E+0
719.78	1.456E+1
720.09	-2.670E+1
720.40	5.340E+1
720.71	4.126E+1
721.02	-2.427E+0
721.33	2.670E+1
721.65	2.427E+1
721.96	7.524E+1
722.27	4.126E+1
722.58	-9.223E+1
722.89	-6.796E+1
723.20	7.282E+0
723.51	2.670E+1
723.82	-8.495E+1
724.13	4.126E+1
724.45	-1.942E+1
724.76	5.583E+1
725.07	-1.044E+2
725.38	3.884E+1
725.69	-9.709E+0
726.00	-4.369E+1
726.31	2.184E+1
726.62	1.019E+2
726.93	-5.340E+1
727.24	4.854E+1
727.55	-2.670E+1
727.86	-2.913E+1
728.17	-7.039E+1
728.48	5.583E+1
728.79	-6.311E+1
729.10	7.282E+1
729.41	3.884E+1
729.72	-2.670E+1
730.03	-9.709E+1
730.34	6.068E+1
730.65	-2.184E+1
730.96	4.369E+1
731.27	8.495E+1
731.58	4.369E+1
731.89	-1.942E+1
732.20	3.884E+1
732.51	7.282E+0
732.82	3.155E+1
733.13	-2.184E+1
733.44	3.398E+1
733.75	-1.942E+1
734.06	-3.641E+1
734.37	2.670E+1
734.68	4.854E+0
734.98	-1.214E+1
735.29	2.913E+1
735.60	-1.456E+1
735.91	-3.641E+1
736.22	4.612E+1
736.53	-1.699E+1
736.84	1.456E+1
737.15	-2.670E+1
737.46	-4.854E+0
737.77	-5.340E+1
738.07	-1.456E+1
738.38	-4.612E+1
738.69	-3.398E+1
739.00	2.427E+0
739.31	8.010E+1
739.62	2.427E+0
739.92	-2.670E+1
740.23	1.214E+1
740.54	-1.699E+1
740.85	-7.767E+1
741.16	-5.583E+1
741.47	-4.369E+1
741.77	8.253E+1
742.08	2.184E+1
742.39	6.796E+1
742.70	5.340E+1
743.01	-1.699E+1
743.31	3.641E+1
743.62	2.184E+1
743.93	-1.942E+1
744.24	2.670E+1
744.54	-5.825E+1
744.85	-6.068E+1
745.16	4.612E+1
745.47	-2.913E+1
745.77	1.238E+2
746.08	1.456E+1
746.39	-1.214E+1
746.70	4.369E+1
747.00	-1.942E+1
747.31	9.709E+0
747.62	-7.039E+1
747.92	-1.942E+1
748.23	8.495E+1
748.54	-4.854E+0
748.84	-2.427E+1
749.15	1.456E+1
749.46	-1.262E+2
749.76	-3.398E+1
750.07	3.641E+1
750.38	3.641E+1
750.68	-3.155E+1
750.99	8.738E+1
751.30	6.068E+1
751.60	-1.141E+2
751.91	-4.854E+0
752.22	6.796E+1
752.52	4.854E+0
752.83	1.699E+1
753.14	3.155E+1
753.44	1.699E+1
753.75	-6.311E+1
754.05	6.554E+1
754.36	1.699E+1
754.67	9.709E+0
754.97	-1.214E+1
755.28	7.282E+0
755.58	-1.456E+1
755.89	-7.282E+0
756.19	-7.282E+1
756.50	2.913E+1
756.81	-1.141E+2
757.11	-2.184E+1
757.42	4.612E+1
757.72	-2.184E+1
758.03	-4.854E+0
758.33	-1.456E+1
758.64	3.398E+1
758.94	-2.184E+1
759.25	-8.495E+1
759.55	-1.214E+1
759.86	7.282E+0
760.16	-5.097E+1
760.47	6.554E+1
760.77	5.825E+1
761.08	1.942E+1
761.38	-3.398E+1
761.69	9.709E+1
761.99	3.884E+1
762.30	-1.456E+1
762.60	6.311E+1
762.91	-7.039E+1
763.21	3.398E+1
763.51	5.340E+1
763.82	-1.214E+1
764.12	5.583E+1
764.43	-1.456E+1
764.73	2.184E+1
765.04	1.214E+1
765.34	5.583E+1
765.64	-2.670E+1
765.95	-9.952E+1
766.25	3.641E+1
766.56	-1.019E+2
766.86	-9.709E+0
767.16	7.767E+1
767.47	-8.495E+1
767.77	-9.952E+1
768.07	2.670E+1
768.38	-5.825E+1
768.68	1.942E+1
768.98	-4.854E+1
769.29	1.456E+1
769.59	1.699E+1
769.89	2.913E+1
770.20	-7.767E+1
770.50	-3.398E+1
770.80	2.670E+1
771.11	5.825E+1
771.41	3.884E+1
771.71	2.427E+1
772.02	-4.612E+1
772.32	-2.427E+1
772.62	1.456E+1
772.93	2.427E+1
773.23	4.126E+1
773.53	1.214E+1
773.83	-7.039E+1
774.14	-7.282E+0
774.44	-3.641E+1
774.74	-2.184E+1
775.04	7.524E+1
775.35	-1.092E+2
775.65	1.141E+2
775.95	-7.282E+1
776.25	-2.184E+1
776.55	4.854E+1
776.86	3.398E+1
777.16	-4.126E+1
777.46	4.612E+1
777.76	1.942E+1
778.06	1.456E+1
778.37	-9.466E+1
778.67	7.282E+0
778.97	7.282E+1
779.27	2.913E+1
779.57	5.097E+1
779.88	2.427E+0
780.18	-5.097E+1
780.48	-5.097E+1
780.78	-2.913E+1
781.08	1.456E+1
781.38	4.854E+1
781.68	-3.398E+1
781.98	-4.854E+1
782.29	-6.796E+1
782.59	1.141E+2
782.89	9.709E+0
783.19	7.282E+0
783.49	-2.913E+1
783.79	-3.398E+1
784.09	-4.126E+1
784.39	4.369E+1
784.69	7.039E+1
784.99	-5.340E+1
785.30	2.670E+1
785.60	3.884E+1
785.90	6.068E+1
786.20	-4.854E+0
786.50	-2.184E+1
786.80	8.495E+1
787.10	-2.913E+1
787.40	6.068E+1
787.70	2.670E+1
788.00	-2.427E+0
788.30	3.398E+1
788.60	6.311E+1
788.90	9.709E+0
789.20	4.126E+1
789.50	5.825E+1
789.80	2.670E+1
790.10	2.670E+1
790.40	6.311E+1
790.70	9.223E+1
791.00	9.223E+1
791.30	-4.612E+1
791.60	6.068E+1
791.90	5.583E+1
792.20	-1.699E+1
792.50	-2.184E+1
792.79	-7.282E+0
793.09	-2.184E+1
793.39	-5.340E+1
793.69	3.398E+1
793.99	8.253E+1
794.29	2.427E+1
794.59	-7.282E+0
794.89	4.612E+1
795.19	2.184E+1
795.49	1.141E+2
795.79	6.554E+1
796.08	-2.427E+1
796.38	-1.189E+2
796.68	-3.398E+1
796.98	2.427E+1
797.28	-1.214E+1
797.58	-8.010E+1
797.88	2.184E+1
798.17	-7.524E+1
798.47	-5.097E+1
798.77	-2.427E+1
799.07	5.340E+1
799.37	0.000E+0
799.67	8.253E+1
799.96	-5.583E+1
800.26	8.010E+1
800.56	-7.282E+0
800.86	-1.068E+2
801.16	2.427E+0
801.45	5.097E+1
801.75	-3.641E+1
802.05	1.942E+1
802.35	-1.942E+1
802.64	2.427E+0
802.94	-1.214E+2
803.24	-6.554E+1
803.54	-9.709E+0
803.83	-9.223E+1
804.13	6.068E+1
804.43	-7.039E+1
804.73	-6.796E+1
805.02	-1.214E+2
805.32	-4.612E+1
805.62	-4.126E+1
805.91	-2.670E+1
806.21	9.709E+0
806.51	-2.184E+1
806.81	-1.214E+1
807.10	1.529E+2
807.40	5.583E+1
807.70	2.913E+1
807.99	-5.825E+1
808.29	-3.155E+1
808.59	-3.155E+1
808.88	-1.699E+1
809.18	5.825E+1
809.47	2.427E+1
809.77	-7.282E+0
810.07	4.612E+1
810.36	2.913E+1
810.66	-4.854E+0
810.96	3.155E+1
811.25	4.369E+1
811.55	3.155E+1
811.84	1.068E+2
812.14	1.214E+1
812.44	-4.612E+1
812.73	-4.126E+1
813.03	4.854E+0
813.32	-4.854E+1
813.62	-2.670E+1
813.91	7.282E+1
814.21	1.044E+2
814.51	-3.155E+1
814.80	0.000E+0
815.10	-3.155E+1
815.39	6.068E+1
815.69	-1.214E+1
815.98	-2.670E+1
816.28	-4.854E+1
816.57	6.554E+1
816.87	4.854E+0
817.16	2.427E+0
817.46	-5.825E+1
817.75	-6.311E+1
818.05	2.427E+0
818.34	7.524E+1
818.64	7.282E+0
818.93	7.767E+1
819.23	-6.554E+1
819.52	1.214E+1
819.82	7.282E+0
820.11	6.796E+1
820.40	3.884E+1
820.70	2.184E+1
820.99	-5.825E+1
821.29	-3.398E+1
821.58	9.709E+1
821.88	1.456E+1
822.17	1.699E+1
822.46	6.311E+1
822.76	7.039E+1
823.05	-3.884E+1
823.35	8.495E+1
823.64	2.427E+0
823.93	-1.699E+1
824.23	9.709E+0
824.52	9.709E+0
824.81	4.126E+1
825.11	2.427E+0
825.40	-2.670E+1
825.69	-2.913E+1
825.99	2.913E+1
826.28	1.699E+1
826.58	-3.155E+1
826.87	-1.699E+1
827.16	-4.369E+1
827.45	-8.738E+1
827.75	4.369E+1
828.04	2.427E+0
828.33	2.427E+1
828.63	-7.039E+1
828.92	5.340E+1
829.21	1.699E+1
829.51	1.699E+1
829.80	-1.699E+1
830.09	1.117E+2
830.38	2.427E+0
830.68	1.699E+1
830.97	2.427E+0
831.26	1.942E+1
831.55	8.981E+1
831.85	5.097E+1
832.14	-1.384E+2
832.43	-8.981E+1
832.72	1.456E+1
833.01	7.039E+1
833.31	-7.039E+1
833.60	1.214E+1
833.89	-1.214E+1
834.18	-7.524E+1
834.47	-8.981E+1
834.77	-4.854E+0
835.06	-1.189E+2
835.35	-4.126E+1
835.64	4.612E+1
835.93	7.282E+1
836.22	-2.184E+1
836.52	9.466E+1
836.81	9.709E+0
837.10	-1.456E+1
837.39	-7.282E+0
837.68	-2.670E+1
837.97	2.913E+1
838.26	9.709E+0
838.55	-3.155E+1
838.85	-5.825E+1
839.14	5.583E+1
839.43	-8.738E+1
839.72	-4.854E+0
840.01	5.583E+1
840.30	8.738E+1
840.59	-2.427E+1
840.88	3.398E+1
841.17	1.699E+1
841.46	2.913E+1
841.75	1.942E+1
842.04	-4.126E+1
842.33	2.670E+1
842.62	-2.427E+1
842.91	5.825E+1
843.21	-1.456E+1
843.50	1.214E+1
843.79	9.709E+0
844.08	-2.184E+1
844.37	4.854E+0
844.66	3.155E+1
844.95	3.884E+1
845.24	-7.767E+1
845.53	-5.097E+1
845.81	-8.495E+1
846.10	4.369E+1
846.39	2.913E+1
846.68	7.767E+1
846.97	6.796E+1
847.26	2.184E+1
847.55	2.184E+1
847.84	-5.340E+1
848.13	-7.282E+1
848.42	6.311E+1
848.71	3.155E+1
849.00	3.398E+1
849.29	7.282E+0
849.58	1.481E+2
849.87	-9.466E+1
850.15	4.854E+1
850.44	3.155E+1
850.73	3.155E+1
851.02	-1.092E+2
851.31	-4.612E+1
851.60	3.398E+1
851.89	2.913E+1
852.18	7.282E+0
852.46	-9.223E+1
852.75	2.670E+1
853.04	2.184E+1
853.33	-4.369E+1
853.62	-3.641E+1
853.91	4.126E+1
854.19	-3.398E+1
854.48	2.670E+1
854.77	2.427E+0
855.06	-7.524E+1
855.35	-2.913E+1
855.63	5.583E+1
855.92	-4.854E+0
856.21	-1.699E+1
856.50	5.097E+1
856.79	1.456E+1
857.07	1.942E+1
857.36	-1.699E+1
857.65	-4.854E+0
857.94	5.097E+1
858.22	5.097E+1
858.51	4.854E+1
858.80	1.942E+1
859.08	-5.583E+1
859.37	9.709E+0
859.66	1.942E+1
859.95	-2.427E+1
860.23	-3.398E+1
860.52	8.738E+1
860.81	-7.282E+1
861.09	-4.854E+0
861.38	7.282E+0
861.67	-1.699E+1
861.95	9.223E+1
862.24	2.427E+0
862.53	1.699E+1
862.81	6.311E+1
863.10	-9.709E+0
863.39	2.427E+0
863.67	-3.398E+1
863.96	-3.884E+1
864.25	1.286E+2
864.53	-4.854E+1
864.82	4.854E+0
865.10	-5.097E+1
865.39	-1.068E+2
865.68	-8.738E+1
865.96	0.000E+0
866.25	-2.427E+0
866.53	-2.427E+0
866.82	-2.427E+0