Wavelength	Intensity	Ocean Optics Flame
nm	counts
187.89	2.913E+1
188.27	-3.155E+1
188.64	-6.554E+1
189.02	2.913E+1
189.40	-1.214E+2
189.78	-3.398E+1
190.15	-4.854E+0
190.53	4.369E+1
190.91	-6.796E+1
191.29	-1.044E+2
191.66	-4.126E+1
192.04	4.126E+1
192.42	-5.097E+1
192.80	5.825E+1
193.17	7.282E+0
193.55	-1.068E+2
193.93	-9.709E+0
194.30	-1.699E+1
194.68	-2.427E+1
195.06	1.942E+1
195.44	3.884E+1
195.81	4.854E+0
196.19	1.286E+2
196.57	-3.641E+1
196.94	8.738E+1
197.32	9.709E+1
197.70	8.495E+1
198.07	5.097E+1
198.45	-8.253E+1
198.83	0.000E+0
199.20	2.427E+1
199.58	-1.214E+1
199.96	1.214E+1
200.33	4.612E+1
200.71	3.884E+1
201.09	2.427E+0
201.46	0.000E+0
201.84	6.554E+1
202.22	9.709E+0
202.59	1.456E+1
202.97	6.311E+1
203.34	-1.942E+1
203.72	1.699E+1
204.10	1.942E+1
204.47	-2.427E+0
204.85	1.141E+2
205.23	3.398E+1
205.60	-5.583E+1
205.98	-1.214E+2
206.35	2.670E+1
206.73	-7.282E+1
207.11	4.126E+1
207.48	3.641E+1
207.86	1.141E+2
208.23	4.612E+1
208.61	1.214E+1
208.98	6.068E+1
209.36	-1.456E+1
209.74	-7.282E+0
210.11	8.981E+1
210.49	3.641E+1
210.86	-3.398E+1
211.24	7.524E+1
211.61	-3.884E+1
211.99	-7.282E+0
212.36	-8.253E+1
212.74	-2.670E+1
213.11	-7.282E+1
213.49	-3.398E+1
213.87	1.942E+1
214.24	4.126E+1
214.62	-1.699E+1
214.99	3.155E+1
215.37	5.583E+1
215.74	6.311E+1
216.12	4.612E+1
216.49	4.854E+1
216.87	1.456E+1
217.24	3.398E+1
217.62	3.641E+1
217.99	2.427E+1
218.37	2.427E+1
218.74	1.335E+2
219.11	-9.466E+1
219.49	4.854E+0
219.86	-3.155E+1
220.24	-1.699E+1
220.61	-4.126E+1
220.99	5.097E+1
221.36	-3.641E+1
221.74	1.068E+2
222.11	7.282E+0
222.49	2.184E+1
222.86	6.554E+1
223.23	5.583E+1
223.61	5.340E+1
223.98	-7.282E+0
224.36	-9.709E+0
224.73	4.126E+1
225.11	-5.825E+1
225.48	4.126E+1
225.85	9.952E+1
226.23	-1.942E+1
226.60	5.825E+1
226.98	4.854E+0
227.35	3.155E+1
227.72	7.767E+1
228.10	2.427E+1
228.47	6.796E+1
228.84	2.184E+1
229.22	-3.398E+1
229.59	9.709E+0
229.97	2.427E+0
230.34	0.000E+0
230.71	-6.311E+1
231.09	-3.641E+1
231.46	-4.369E+1
231.83	-3.155E+1
232.21	4.854E+1
232.58	-3.641E+1
232.95	7.524E+1
233.33	-4.126E+1
233.70	-2.427E+0
234.07	3.884E+1
234.45	1.068E+2
234.82	2.670E+1
235.19	-5.583E+1
235.57	-2.184E+1
235.94	1.942E+1
236.31	0.000E+0
236.69	5.097E+1
237.06	1.699E+1
237.43	1.942E+1
237.80	3.884E+1
238.18	-8.253E+1
238.55	4.369E+1
238.92	-8.253E+1
239.30	4.854E+1
239.67	-6.311E+1
240.04	-2.427E+0
240.41	2.670E+1
240.79	2.427E+0
241.16	-9.709E+1
241.53	1.214E+1
241.90	1.456E+1
242.28	-5.097E+1
242.65	2.670E+1
243.02	-2.913E+1
243.39	-1.529E+2
243.77	4.612E+1
244.14	-2.184E+1
244.51	5.097E+1
244.88	-4.854E+1
245.25	-4.126E+1
245.63	9.709E+0
246.00	-1.699E+1
246.37	8.495E+1
246.74	7.282E+1
247.11	-1.456E+1
247.49	-9.223E+1
247.86	-1.942E+1
248.23	-2.427E+0
248.60	-2.427E+0
248.97	5.583E+1
249.35	-5.097E+1
249.72	-9.709E+0
250.09	-1.214E+1
250.46	7.282E+0
250.83	-2.913E+1
251.20	5.340E+1
251.58	-5.825E+1
251.95	-1.456E+1
252.32	-5.097E+1
252.69	-5.825E+1
253.06	6.068E+1
253.43	4.369E+1
253.80	-2.184E+1
254.17	5.583E+1
254.55	-1.456E+1
254.92	-5.340E+1
255.29	7.039E+1
255.66	-2.427E+0
256.03	-6.311E+1
256.40	-7.039E+1
256.77	-4.126E+1
257.14	3.155E+1
257.51	3.398E+1
257.88	3.155E+1
258.26	9.709E+1
258.63	-1.456E+1
259.00	3.884E+1
259.37	2.184E+1
259.74	-7.282E+0
260.11	-2.427E+1
260.48	6.068E+1
260.85	2.913E+1
261.22	4.126E+1
261.59	3.641E+1
261.96	-4.126E+1
262.33	5.825E+1
262.70	9.709E+0
263.07	-4.126E+1
263.44	4.369E+1
263.81	-2.427E+0
264.18	6.796E+1
264.55	5.340E+1
264.92	-7.767E+1
265.29	1.214E+1
265.66	-5.097E+1
266.03	-8.253E+1
266.40	-2.670E+1
266.77	-1.942E+1
267.14	-7.282E+0
267.51	-1.699E+1
267.88	2.184E+1
268.25	-7.282E+1
268.62	-1.456E+1
268.99	4.612E+1
269.36	2.670E+1
269.73	4.854E+1
270.10	-4.612E+1
270.47	-2.427E+0
270.84	3.641E+1
271.21	5.340E+1
271.58	8.253E+1
271.95	1.699E+1
272.32	7.282E+0
272.69	-3.884E+1
273.06	-7.039E+1
273.43	1.214E+1
273.80	-8.495E+1
274.17	-6.311E+1
274.53	-5.340E+1
274.90	-4.126E+1
275.27	1.335E+2
275.64	4.369E+1
276.01	7.039E+1
276.38	-2.184E+1
276.75	3.155E+1
277.12	-1.456E+1
277.49	4.126E+1
277.86	-1.456E+1
278.22	-1.942E+1
278.59	3.398E+1
278.96	6.068E+1
279.33	5.097E+1
279.70	7.282E+0
280.07	4.369E+1
280.44	-1.092E+2
280.80	-2.427E+1
281.17	6.796E+1
281.54	-1.456E+1
281.91	-5.583E+1
282.28	-5.583E+1
282.65	1.214E+1
283.02	6.311E+1
283.38	-6.554E+1
283.75	9.709E+0
284.12	-3.398E+1
284.49	-4.854E+1
284.86	2.184E+1
285.22	-3.155E+1
285.59	-8.253E+1
285.96	5.583E+1
286.33	7.282E+1
286.70	-3.641E+1
287.06	1.044E+2
287.43	-2.427E+0
287.80	4.612E+1
288.17	-7.282E+0
288.53	3.398E+1
288.90	-2.184E+1
289.27	6.311E+1
289.64	3.155E+1
290.01	-4.612E+1
290.37	2.184E+1
290.74	1.699E+1
291.11	5.583E+1
291.48	-4.854E+0
291.84	-3.641E+1
292.21	8.738E+1
292.58	6.068E+1
292.94	-2.670E+1
293.31	-2.670E+1
293.68	1.456E+1
294.05	-4.854E+1
294.41	3.641E+1
294.78	1.699E+1
295.15	-5.825E+1
295.51	1.699E+1
295.88	4.369E+1
296.25	-4.854E+1
296.61	6.068E+1
296.98	5.825E+1
297.35	-2.670E+1
297.72	1.699E+1
298.08	8.738E+1
298.45	-9.466E+1
298.82	5.340E+1
299.18	-3.884E+1
299.55	8.010E+1
299.91	-7.282E+1
300.28	3.641E+1
300.65	-3.641E+1
301.01	1.456E+1
301.38	6.068E+1
301.75	-2.184E+1
302.11	-2.427E+0
302.48	7.767E+1
302.85	8.010E+1
303.21	-7.767E+1
303.58	3.398E+1
303.94	8.981E+1
304.31	1.068E+2
304.68	-2.913E+1
305.04	-4.854E+0
305.41	-1.214E+1
305.77	0.000E+0
306.14	-3.884E+1
306.51	-1.117E+2
306.87	-5.583E+1
307.24	2.913E+1
307.60	4.854E+1
307.97	1.942E+1
308.33	2.427E+0
308.70	-1.456E+1
309.07	-7.767E+1
309.43	-9.223E+1
309.80	-2.913E+1
310.16	6.554E+1
310.53	-7.039E+1
310.89	-3.884E+1
311.26	2.427E+0
311.62	-2.427E+1
311.99	4.854E+1
312.35	1.942E+1
312.72	1.456E+1
313.08	-4.126E+1
313.45	-5.583E+1
313.81	6.796E+1
314.18	9.223E+1
314.54	1.699E+1
314.91	-1.092E+2
315.27	-7.767E+1
315.64	9.223E+1
316.00	2.184E+1
316.37	4.126E+1
316.73	1.505E+2
317.10	4.854E+1
317.46	2.670E+1
317.83	2.427E+1
318.19	9.952E+1
318.56	7.039E+1
318.92	4.854E+1
319.28	-6.311E+1
319.65	1.214E+1
320.01	5.825E+1
320.38	1.092E+2
320.74	-7.767E+1
321.11	-2.184E+1
321.47	-7.524E+1
321.83	4.369E+1
322.20	3.641E+1
322.56	3.398E+1
322.93	-3.155E+1
323.29	6.311E+1
323.66	-3.155E+1
324.02	6.796E+1
324.38	7.524E+1
324.75	9.709E+0
325.11	-2.184E+1
325.47	7.282E+1
325.84	3.884E+1
326.20	-6.068E+1
326.57	-2.427E+1
326.93	4.369E+1
327.29	7.524E+1
327.66	7.767E+1
328.02	0.000E+0
328.38	6.554E+1
328.75	-2.670E+1
329.11	-7.282E+0
329.47	6.311E+1
329.84	2.427E+1
330.20	-2.427E+1
330.56	1.626E+2
330.93	3.155E+1
331.29	6.068E+1
331.65	2.184E+1
332.02	-2.670E+1
332.38	2.184E+1
332.74	1.044E+2
333.10	-7.282E+0
333.47	8.010E+1
333.83	2.913E+1
334.19	5.825E+1
334.56	9.709E+0
334.92	4.369E+1
335.28	-4.369E+1
335.64	9.223E+1
336.01	-2.427E+1
336.37	2.427E+1
336.73	-7.282E+0
337.09	7.282E+0
337.46	-3.155E+1
337.82	1.238E+2
338.18	-3.641E+1
338.54	-2.427E+0
338.91	7.524E+1
339.27	1.092E+2
339.63	-9.709E+0
339.99	6.311E+1
340.36	1.019E+2
340.72	5.340E+1
341.08	9.709E+1
341.44	7.767E+1
341.80	8.010E+1
342.17	1.214E+1
342.53	8.010E+1
342.89	2.427E+1
343.25	8.253E+1
343.61	6.311E+1
343.98	9.709E+1
344.34	-1.942E+1
344.70	1.335E+2
345.06	1.432E+2
345.42	7.524E+1
345.78	4.854E+0
346.14	-1.456E+1
346.51	-4.854E+0
346.87	-3.884E+1
347.23	2.913E+1
347.59	-7.282E+0
347.95	1.699E+1
348.31	4.126E+1
348.67	1.408E+2
349.04	1.117E+2
349.40	1.019E+2
349.76	3.641E+1
350.12	1.092E+2
350.48	2.184E+1
350.84	-3.155E+1
351.20	-6.554E+1
351.56	-3.155E+1
351.92	4.369E+1
352.28	-4.369E+1
352.65	1.286E+2
353.01	-3.155E+1
353.37	7.282E+0
353.73	-4.612E+1
354.09	-2.670E+1
354.45	3.641E+1
354.81	5.340E+1
355.17	7.282E+1
355.53	5.097E+1
355.89	9.466E+1
356.25	-1.699E+1
356.61	-2.670E+1
356.97	1.141E+2
357.33	7.039E+1
357.69	7.282E+0
358.05	3.155E+1
358.41	-1.699E+1
358.77	9.709E+1
359.13	-1.456E+1
359.49	4.369E+1
359.85	7.039E+1
360.21	1.092E+2
360.57	7.767E+1
360.93	3.155E+1
361.29	6.554E+1
361.65	3.884E+1
362.01	-5.340E+1
362.37	1.311E+2
362.73	6.554E+1
363.09	7.282E+0
363.45	0.000E+0
363.81	5.097E+1
364.17	8.495E+1
364.53	8.738E+1
364.89	6.311E+1
365.25	1.456E+1
365.61	3.398E+1
365.97	7.282E+1
366.33	8.253E+1
366.69	1.238E+2
367.05	1.286E+2
367.40	5.583E+1
367.76	-8.495E+1
368.12	1.214E+1
368.48	1.602E+2
368.84	4.854E+0
369.20	1.117E+2
369.56	4.854E+1
369.92	1.699E+1
370.28	1.238E+2
370.63	8.495E+1
370.99	1.869E+2
371.35	-4.854E+0
371.71	9.709E+1
372.07	1.553E+2
372.43	1.068E+2
372.79	2.160E+2
373.15	2.209E+2
373.50	1.699E+2
373.86	1.165E+2
374.22	2.233E+2
374.58	1.092E+2
374.94	1.723E+2
375.30	2.597E+2
375.65	1.553E+2
376.01	2.087E+2
376.37	1.044E+2
376.73	2.840E+2
377.09	1.432E+2
377.44	2.573E+2
377.80	2.985E+2
378.16	4.102E+2
378.52	3.908E+2
378.88	3.155E+2
379.23	3.519E+2
379.59	4.296E+2
379.95	5.558E+2
380.31	4.903E+2
380.66	4.927E+2
381.02	5.316E+2
381.38	5.971E+2
381.74	7.160E+2
382.09	5.995E+2
382.45	9.685E+2
382.81	6.723E+2
383.17	9.102E+2
383.52	1.046E+3
383.88	1.172E+3
384.24	1.311E+3
384.60	1.347E+3
384.95	1.434E+3
385.31	1.575E+3
385.67	1.757E+3
386.02	1.947E+3
386.38	1.930E+3
386.74	2.235E+3
387.10	2.408E+3
387.45	2.466E+3
387.81	2.862E+3
388.17	3.323E+3
388.52	3.500E+3
388.88	3.767E+3
389.24	4.019E+3
389.59	4.359E+3
389.95	4.748E+3
390.31	5.095E+3
390.66	5.777E+3
391.02	6.068E+3
391.38	6.432E+3
391.73	7.228E+3
392.09	7.687E+3
392.44	8.253E+3
392.80	8.888E+3
393.16	9.799E+3
393.51	1.085E+4
393.87	1.112E+4
394.23	1.207E+4
394.58	1.300E+4
394.94	1.367E+4
395.29	1.472E+4
395.65	1.581E+4
396.01	1.648E+4
396.36	1.742E+4
396.72	1.857E+4
397.07	1.994E+4
397.43	2.093E+4
397.78	2.183E+4
398.14	2.324E+4
398.50	2.499E+4
398.85	2.600E+4
399.21	2.731E+4
399.56	2.945E+4
399.92	3.026E+4
400.27	3.167E+4
400.63	3.319E+4
400.98	3.516E+4
401.34	3.664E+4
401.69	3.769E+4
402.05	3.893E+4
402.40	4.029E+4
402.76	4.184E+4
403.11	4.353E+4
403.47	4.595E+4
403.82	4.553E+4
404.18	4.747E+4
404.53	4.803E+4
404.89	5.000E+4
405.24	4.955E+4
405.60	5.090E+4
405.95	5.133E+4
406.31	5.213E+4
406.66	5.164E+4
407.02	5.159E+4
407.37	5.197E+4
407.73	5.090E+4
408.08	5.102E+4
408.44	5.050E+4
408.79	4.966E+4
409.14	4.853E+4
409.50	4.803E+4
409.85	4.655E+4
410.21	4.511E+4
410.56	4.242E+4
410.92	4.123E+4
411.27	3.918E+4
411.62	3.748E+4
411.98	3.520E+4
412.33	3.368E+4
412.69	3.181E+4
413.04	3.001E+4
413.39	2.818E+4
413.75	2.608E+4
414.10	2.492E+4
414.45	2.352E+4
414.81	2.203E+4
415.16	2.062E+4
415.52	1.913E+4
415.87	1.816E+4
416.22	1.704E+4
416.58	1.615E+4
416.93	1.512E+4
417.28	1.438E+4
417.64	1.365E+4
417.99	1.338E+4
418.34	1.234E+4
418.70	1.169E+4
419.05	1.101E+4
419.40	1.058E+4
419.76	1.004E+4
420.11	9.750E+3
420.46	9.105E+3
420.81	8.614E+3
421.17	8.340E+3
421.52	7.779E+3
421.87	7.546E+3
422.23	7.080E+3
422.58	6.578E+3
422.93	6.529E+3
423.28	6.024E+3
423.64	5.847E+3
423.99	5.592E+3
424.34	5.134E+3
424.69	4.808E+3
425.05	4.556E+3
425.40	4.519E+3
425.75	4.121E+3
426.10	3.879E+3
426.46	3.687E+3
426.81	3.558E+3
427.16	3.299E+3
427.51	3.187E+3
427.87	3.138E+3
428.22	2.886E+3
428.57	2.745E+3
428.92	2.687E+3
429.27	2.646E+3
429.63	2.296E+3
429.98	2.201E+3
430.33	2.158E+3
430.68	2.124E+3
431.03	1.886E+3
431.38	1.973E+3
431.74	1.733E+3
432.09	1.755E+3
432.44	1.714E+3
432.79	1.774E+3
433.14	1.653E+3
433.49	1.517E+3
433.85	1.498E+3
434.20	1.352E+3
434.55	1.379E+3
434.90	1.299E+3
435.25	1.345E+3
435.60	1.134E+3
435.95	1.107E+3
436.30	1.092E+3
436.66	1.044E+3
437.01	1.027E+3
437.36	1.036E+3
437.71	9.660E+2
438.06	8.714E+2
438.41	7.646E+2
438.76	8.884E+2
439.11	8.738E+2
439.46	7.549E+2
439.81	7.670E+2
440.16	6.529E+2
440.52	7.160E+2
440.87	5.534E+2
441.22	5.947E+2
441.57	5.680E+2
441.92	5.486E+2
442.27	5.510E+2
442.62	5.583E+2
442.97	5.316E+2
443.32	4.005E+2
443.67	4.976E+2
444.02	3.786E+2
444.37	4.976E+2
444.72	3.131E+2
445.07	3.714E+2
445.42	4.272E+2
445.77	3.592E+2
446.12	3.544E+2
446.47	3.010E+2
446.82	2.597E+2
447.17	3.398E+2
447.52	3.252E+2
447.87	2.646E+2
448.22	3.204E+2
448.57	2.039E+2
448.92	1.699E+2
449.27	1.286E+2
449.62	1.408E+2
449.97	1.990E+2
450.32	2.816E+2
450.66	2.112E+2
451.01	2.379E+2
451.36	2.500E+2
451.71	2.306E+2
452.06	1.408E+2
452.41	2.816E+2
452.76	1.578E+2
453.11	2.888E+2
453.46	2.743E+2
453.81	1.578E+2
454.16	8.738E+1
454.51	1.626E+2
454.85	1.117E+2
455.20	1.796E+2
455.55	1.553E+2
455.90	1.262E+2
456.25	8.253E+1
456.60	1.286E+2
456.95	1.286E+2
457.30	3.398E+1
457.64	1.068E+2
457.99	6.068E+1
458.34	1.481E+2
458.69	7.767E+1
459.04	1.626E+2
459.39	6.311E+1
459.73	3.884E+1
460.08	1.626E+2
460.43	6.796E+1
460.78	7.282E+0
461.13	9.952E+1
461.48	2.087E+2
461.82	8.495E+1
462.17	8.738E+1
462.52	1.675E+2
462.87	1.214E+2
463.21	-1.699E+1
463.56	6.311E+1
463.91	7.767E+1
464.26	7.524E+1
464.61	1.214E+1
464.95	1.553E+2
465.30	1.626E+2
465.65	0.000E+0
466.00	3.641E+1
466.34	5.825E+1
466.69	1.214E+2
467.04	4.126E+1
467.39	3.884E+1
467.73	-1.942E+1
468.08	3.398E+1
468.43	1.214E+1
468.77	-3.398E+1
469.12	1.117E+2
469.47	7.282E+1
469.82	1.699E+1
470.16	2.427E+0
470.51	5.097E+1
470.86	1.335E+2
471.20	8.010E+1
471.55	5.340E+1
471.90	4.854E+0
472.24	1.578E+2
472.59	7.767E+1
472.94	9.709E+1
473.28	8.010E+1
473.63	-6.554E+1
473.98	7.039E+1
474.32	7.282E+1
474.67	5.825E+1
475.02	1.068E+2
475.36	4.854E+0
475.71	4.612E+1
476.06	1.699E+1
476.40	1.117E+2
476.75	0.000E+0
477.09	6.068E+1
477.44	1.189E+2
477.79	1.699E+1
478.13	3.155E+1
478.48	3.884E+1
478.82	7.767E+1
479.17	1.214E+1
479.52	-7.282E+0
479.86	-8.253E+1
480.21	1.456E+1
480.55	1.019E+2
480.90	1.214E+2
481.24	8.981E+1
481.59	-1.699E+1
481.94	5.583E+1
482.28	7.282E+0
482.63	2.184E+1
482.97	2.913E+1
483.32	4.126E+1
483.66	-3.155E+1
484.01	0.000E+0
484.35	2.670E+1
484.70	3.398E+1
485.04	7.282E+0
485.39	8.495E+1
485.73	7.767E+1
486.08	5.097E+1
486.42	-2.427E+0
486.77	1.942E+1
487.11	9.952E+1
487.46	1.456E+1
487.80	1.092E+2
488.15	2.670E+1
488.49	6.796E+1
488.84	5.097E+1
489.18	9.466E+1
489.53	-2.184E+1
489.87	-4.854E+1
490.21	7.767E+1
490.56	3.641E+1
490.90	2.427E+1
491.25	5.825E+1
491.59	-9.709E+0
491.94	-4.854E+1
492.28	-5.583E+1
492.62	-1.214E+1
492.97	6.796E+1
493.31	-5.340E+1
493.66	-1.456E+1
494.00	-6.796E+1
494.34	0.000E+0
494.69	3.884E+1
495.03	1.141E+2
495.38	4.126E+1
495.72	1.019E+2
496.06	-4.854E+0
496.41	0.000E+0
496.75	-3.884E+1
497.09	5.583E+1
497.44	-2.427E+0
497.78	1.432E+2
498.13	6.311E+1
498.47	-5.340E+1
498.81	-9.709E+1
499.16	1.044E+2
499.50	5.340E+1
499.84	-1.214E+1
500.19	-1.214E+1
500.53	9.709E+0
500.87	-1.214E+1
501.21	-8.495E+1
501.56	-5.825E+1
501.90	-5.340E+1
502.24	4.854E+0
502.59	1.141E+2
502.93	6.068E+1
503.27	4.854E+0
503.61	1.044E+2
503.96	3.155E+1
504.30	-5.340E+1
504.64	-2.427E+0
504.99	1.699E+1
505.33	-3.155E+1
505.67	3.641E+1
506.01	-3.155E+1
506.36	-3.641E+1
506.70	-7.039E+1
507.04	-2.913E+1
507.38	5.097E+1
507.72	4.369E+1
508.07	6.311E+1
508.41	9.223E+1
508.75	4.854E+0
509.09	-1.942E+1
509.44	8.981E+1
509.78	-2.184E+1
510.12	-3.155E+1
510.46	4.612E+1
510.80	-2.913E+1
511.14	-3.398E+1
511.49	5.825E+1
511.83	-6.796E+1
512.17	9.709E+1
512.51	2.913E+1
512.85	7.039E+1
513.19	1.942E+1
513.54	8.253E+1
513.88	1.942E+1
514.22	4.369E+1
514.56	5.583E+1
514.90	9.709E+0
515.24	7.282E+0
515.58	4.854E+0
515.93	8.981E+1
516.27	7.767E+1
516.61	-6.311E+1
516.95	8.981E+1
517.29	8.981E+1
517.63	-2.670E+1
517.97	-1.942E+1
518.31	4.612E+1
518.65	1.699E+1
518.99	-8.010E+1
519.33	1.553E+2
519.67	3.398E+1
520.02	9.709E+0
520.36	5.097E+1
520.70	-3.884E+1
521.04	-4.369E+1
521.38	8.495E+1
521.72	5.340E+1
522.06	7.282E+0
522.40	1.068E+2
522.74	1.335E+2
523.08	2.427E+0
523.42	2.427E+0
523.76	-6.554E+1
524.10	-1.942E+1
524.44	-9.709E+0
524.78	2.670E+1
525.12	8.981E+1
525.46	7.524E+1
525.80	-5.340E+1
526.14	1.456E+1
526.48	2.427E+0
526.82	1.699E+1
527.16	8.495E+1
527.50	1.214E+1
527.84	2.184E+1
528.18	-6.311E+1
528.52	2.427E+1
528.86	-3.884E+1
529.20	-6.311E+1
529.54	1.286E+2
529.87	2.184E+1
530.21	4.612E+1
530.55	-1.942E+1
530.89	1.044E+2
531.23	-2.427E+1
531.57	7.282E+0
531.91	-2.670E+1
532.25	-2.913E+1
532.59	1.044E+2
532.93	7.524E+1
533.27	3.155E+1
533.60	-1.214E+1
533.94	5.340E+1
534.28	8.981E+1
534.62	5.097E+1
534.96	-4.854E+1
535.30	5.340E+1
535.64	3.641E+1
535.98	1.384E+2
536.31	3.641E+1
536.65	9.709E+0
536.99	-1.699E+1
537.33	-5.097E+1
537.67	7.282E+0
538.01	9.466E+1
538.34	4.854E+1
538.68	-7.282E+0
539.02	2.184E+1
539.36	1.942E+1
539.70	4.854E+0
540.03	-3.884E+1
540.37	7.767E+1
540.71	1.335E+2
541.05	-2.427E+1
541.39	2.184E+1
541.72	1.456E+1
542.06	9.223E+1
542.40	5.340E+1
542.74	7.282E+0
543.07	0.000E+0
543.41	5.097E+1
543.75	4.126E+1
544.09	-3.155E+1
544.42	2.913E+1
544.76	5.825E+1
545.10	2.670E+1
545.44	-1.456E+1
545.77	8.010E+1
546.11	1.165E+2
546.45	6.311E+1
546.78	2.913E+1
547.12	-7.282E+0
547.46	1.578E+2
547.80	9.709E+1
548.13	9.466E+1
548.47	3.398E+1
548.81	2.670E+1
549.14	7.282E+0
549.48	9.709E+0
549.82	1.626E+2
550.15	-2.427E+0
550.49	-9.223E+1
550.83	9.466E+1
551.16	1.942E+1
551.50	6.068E+1
551.84	7.039E+1
552.17	7.039E+1
552.51	1.214E+2
552.84	1.456E+1
553.18	-7.282E+0
553.52	8.981E+1
553.85	8.738E+1
554.19	1.384E+2
554.53	-2.184E+1
554.86	-5.097E+1
555.20	1.942E+1
555.53	9.709E+1
555.87	7.039E+1
556.20	1.699E+1
556.54	4.854E+1
556.88	6.311E+1
557.21	6.311E+1
557.55	-3.884E+1
557.88	6.311E+1
558.22	1.456E+1
558.55	-3.641E+1
558.89	1.578E+2
559.23	6.311E+1
559.56	-5.097E+1
559.90	3.155E+1
560.23	7.524E+1
560.57	9.223E+1
560.90	-7.282E+0
561.24	5.340E+1
561.57	-1.068E+2
561.91	5.340E+1
562.24	7.524E+1
562.58	7.039E+1
562.91	7.039E+1
563.25	9.709E+0
563.58	6.554E+1
563.92	9.709E+0
564.25	-2.184E+1
564.59	3.641E+1
564.92	3.884E+1
565.25	1.165E+2
565.59	1.553E+2
565.92	3.155E+1
566.26	7.282E+0
566.59	7.767E+1
566.93	9.223E+1
567.26	-5.825E+1
567.60	2.184E+1
567.93	7.524E+1
568.26	-6.311E+1
568.60	5.097E+1
568.93	1.456E+1
569.27	-5.097E+1
569.60	8.010E+1
569.93	1.384E+2
570.27	1.699E+1
570.60	1.214E+1
570.94	1.408E+2
571.27	-3.155E+1
571.60	7.039E+1
571.94	4.369E+1
572.27	1.165E+2
572.60	-5.097E+1
572.94	-2.427E+0
573.27	3.155E+1
573.60	5.583E+1
573.94	0.000E+0
574.27	-2.184E+1
574.60	-3.155E+1
574.94	2.670E+1
575.27	8.010E+1
575.60	4.369E+1
575.94	-2.913E+1
576.27	-2.184E+1
576.60	7.282E+0
576.94	6.796E+1
577.27	2.427E+0
577.60	-9.709E+0
577.94	-4.369E+1
578.27	1.044E+2
578.60	4.369E+1
578.93	5.340E+1
579.27	8.738E+1
579.60	4.126E+1
579.93	5.825E+1
580.26	-2.427E+0
580.60	7.524E+1
580.93	-9.709E+0
581.26	-1.699E+1
581.59	8.253E+1
581.93	-9.709E+0
582.26	-1.699E+1
582.59	-2.913E+1
582.92	-2.184E+1
583.25	-3.155E+1
583.59	5.825E+1
583.92	6.554E+1
584.25	-4.854E+1
584.58	7.767E+1
584.91	-6.068E+1
585.25	-4.854E+0
585.58	2.913E+1
585.91	-4.369E+1
586.24	1.165E+2
586.57	1.214E+1
586.90	5.097E+1
587.24	1.117E+2
587.57	6.068E+1
587.90	1.942E+1
588.23	0.000E+0
588.56	-4.854E+0
588.89	5.097E+1
589.22	7.767E+1
589.56	3.884E+1
589.89	3.398E+1
590.22	-3.155E+1
590.55	5.825E+1
590.88	3.884E+1
591.21	6.796E+1
591.54	-2.184E+1
591.87	1.942E+1
592.20	6.311E+1
592.53	8.253E+1
592.87	8.738E+1
593.20	-2.184E+1
593.53	8.253E+1
593.86	3.641E+1
594.19	-3.641E+1
594.52	9.223E+1
594.85	-5.825E+1
595.18	-8.010E+1
595.51	-2.427E+1
595.84	6.554E+1
596.17	7.524E+1
596.50	1.942E+1
596.83	1.408E+2
597.16	8.981E+1
597.49	7.282E+0
597.82	1.165E+2
598.15	4.369E+1
598.48	1.699E+1
598.81	3.155E+1
599.14	3.884E+1
599.47	1.456E+1
599.80	-2.427E+0
600.13	1.942E+1
600.46	-2.427E+0
600.79	-6.796E+1
601.12	-1.214E+1
601.45	5.340E+1
601.78	4.854E+1
602.11	6.554E+1
602.44	4.854E+0
602.77	-3.884E+1
603.10	-1.214E+1
603.42	1.942E+1
603.75	-5.340E+1
604.08	2.427E+0
604.41	-1.456E+1
604.74	5.097E+1
605.07	-1.456E+1
605.40	4.126E+1
605.73	-5.825E+1
606.06	-4.126E+1
606.39	8.253E+1
606.71	-4.126E+1
607.04	3.398E+1
607.37	3.884E+1
607.70	-2.427E+0
608.03	1.699E+1
608.36	-3.155E+1
608.69	4.126E+1
609.02	3.884E+1
609.34	-1.942E+1
609.67	4.854E+1
610.00	1.068E+2
610.33	2.427E+1
610.66	-2.427E+1
610.98	-4.854E+0
611.31	3.398E+1
611.64	-4.369E+1
611.97	7.282E+0
612.30	2.184E+1
612.63	4.612E+1
612.95	1.092E+2
613.28	-5.097E+1
613.61	1.214E+1
613.94	-1.214E+1
614.26	3.155E+1
614.59	-5.340E+1
614.92	4.369E+1
615.25	-2.670E+1
615.57	4.612E+1
615.90	1.165E+2
616.23	6.068E+1
616.56	-5.097E+1
616.88	-4.612E+1
617.21	4.854E+1
617.54	8.253E+1
617.87	2.427E+1
618.19	-3.398E+1
618.52	-9.709E+0
618.85	3.884E+1
619.17	-4.126E+1
619.50	1.699E+1
619.83	-7.282E+0
620.15	8.253E+1
620.48	3.398E+1
620.81	-2.913E+1
621.14	2.427E+1
621.46	5.825E+1
621.79	2.184E+1
622.11	9.466E+1
622.44	5.340E+1
622.77	3.641E+1
623.09	8.253E+1
623.42	3.398E+1
623.75	-2.913E+1
624.07	5.583E+1
624.40	4.612E+1
624.73	-2.427E+0
625.05	-6.068E+1
625.38	1.214E+2
625.70	-7.282E+1
626.03	3.398E+1
626.36	-2.427E+0
626.68	-1.699E+1
627.01	4.126E+1
627.33	-1.699E+1
627.66	6.068E+1
627.99	9.466E+1
628.31	4.854E+1
628.64	1.117E+2
628.96	8.495E+1
629.29	-7.282E+0
629.61	-5.340E+1
629.94	6.311E+1
630.26	1.286E+2
630.59	-2.913E+1
630.91	-2.427E+0
631.24	-5.583E+1
631.57	-1.214E+1
631.89	-3.155E+1
632.22	-4.369E+1
632.54	-3.641E+1
632.87	-2.670E+1
633.19	-3.641E+1
633.52	2.184E+1
633.84	-1.214E+1
634.16	-2.184E+1
634.49	-1.942E+1
634.81	-2.427E+1
635.14	2.913E+1
635.46	8.981E+1
635.79	3.155E+1
636.11	0.000E+0
636.44	2.427E+0
636.76	3.884E+1
637.09	2.427E+0
637.41	4.854E+1
637.73	4.369E+1
638.06	7.039E+1
638.38	1.942E+1
638.71	3.641E+1
639.03	1.942E+1
639.36	1.214E+1
639.68	1.942E+1
640.00	6.311E+1
640.33	-3.641E+1
640.65	4.369E+1
640.97	5.340E+1
641.30	1.602E+2
641.62	3.641E+1
641.95	1.141E+2
642.27	-1.699E+1
642.59	-4.126E+1
642.92	-2.670E+1
643.24	-9.709E+0
643.56	9.709E+1
643.89	3.641E+1
644.21	-3.641E+1
644.53	2.427E+0
644.86	1.456E+1
645.18	-6.311E+1
645.50	-3.884E+1
645.83	7.039E+1
646.15	-2.670E+1
646.47	8.010E+1
646.80	5.097E+1
647.12	-9.223E+1
647.44	-3.398E+1
647.76	-4.369E+1
648.09	1.942E+1
648.41	-3.155E+1
648.73	7.282E+0
649.05	-3.641E+1
649.38	1.432E+2
649.70	-1.456E+1
650.02	-6.311E+1
650.34	-1.214E+1
650.67	3.641E+1
650.99	3.398E+1
651.31	-1.214E+1
651.63	-4.612E+1
651.96	-1.286E+2
652.28	2.184E+1
652.60	-1.699E+1
652.92	-1.699E+1
653.24	-4.612E+1
653.57	-3.641E+1
653.89	-3.398E+1
654.21	-2.427E+0
654.53	8.981E+1
654.85	1.699E+1
655.18	-4.854E+0
655.50	-2.184E+1
655.82	5.097E+1
656.14	-4.612E+1
656.46	9.709E+0
656.78	-2.184E+1
657.10	1.238E+2
657.43	-7.282E+1
657.75	2.670E+1
658.07	-7.767E+1
658.39	-2.913E+1
658.71	-2.913E+1
659.03	-4.612E+1
659.35	4.854E+0
659.67	-9.709E+0
659.99	5.825E+1
660.32	-4.854E+0
660.64	-4.369E+1
660.96	3.155E+1
661.28	1.068E+2
661.60	6.311E+1
661.92	-2.427E+0
662.24	7.039E+1
662.56	1.068E+2
662.88	-1.942E+1
663.20	-6.068E+1
663.52	-2.184E+1
663.84	-3.884E+1
664.16	4.854E+0
664.48	-2.427E+1
664.80	-9.709E+0
665.12	4.612E+1
665.44	7.282E+1
665.76	-2.670E+1
666.08	4.126E+1
666.40	1.456E+1
666.72	-3.884E+1
667.04	3.641E+1
667.36	1.262E+2
667.68	2.427E+1
668.00	-4.126E+1
668.32	4.369E+1
668.64	3.884E+1
668.96	-5.340E+1
669.28	-2.184E+1
669.60	-9.223E+1
669.92	-7.524E+1
670.24	3.884E+1
670.56	9.952E+1
670.88	-9.709E+0
671.20	-7.524E+1
671.52	-7.039E+1
671.84	0.000E+0
672.16	2.184E+1
672.47	9.709E+0
672.79	-1.141E+2
673.11	-1.942E+1
673.43	-9.709E+0
673.75	1.335E+2
674.07	4.854E+1
674.39	4.369E+1
674.71	-8.253E+1
675.03	8.738E+1
675.34	3.398E+1
675.66	2.427E+1
675.98	-1.699E+1
676.30	2.184E+1
676.62	-5.340E+1
676.94	3.641E+1
677.25	8.010E+1
677.57	1.335E+2
677.89	8.981E+1
678.21	-4.126E+1
678.53	-1.456E+1
678.85	-1.942E+1
679.16	4.854E+1
679.48	-4.126E+1
679.80	7.282E+0
680.12	7.524E+1
680.44	8.738E+1
680.75	1.942E+1
681.07	0.000E+0
681.39	-4.854E+0
681.71	-6.554E+1
682.02	2.913E+1
682.34	-1.942E+1
682.66	2.913E+1
682.98	3.155E+1
683.29	-5.583E+1
683.61	0.000E+0
683.93	-1.311E+2
684.25	4.854E+0
684.56	-1.699E+1
684.88	1.117E+2
685.20	8.253E+1
685.51	2.427E+0
685.83	5.583E+1
686.15	1.699E+1
686.47	-5.583E+1
686.78	-8.495E+1
687.10	5.583E+1
687.42	-1.699E+1
687.73	-4.612E+1
688.05	-8.010E+1
688.37	4.369E+1
688.68	-6.068E+1
689.00	-9.709E+0
689.32	-2.427E+1
689.63	-4.126E+1
689.95	5.583E+1
690.26	-1.699E+1
690.58	-2.913E+1
690.90	-7.039E+1
691.21	-5.583E+1
691.53	-9.952E+1
691.85	9.709E+1
692.16	-1.942E+1
692.48	2.913E+1
692.79	1.189E+2
693.11	2.184E+1
693.42	-3.884E+1
693.74	-5.340E+1
694.06	-9.709E+0
694.37	-5.340E+1
694.69	-5.825E+1
695.00	0.000E+0
695.32	-5.583E+1
695.63	6.311E+1
695.95	6.068E+1
696.26	6.796E+1
696.58	-1.942E+1
696.90	2.427E+0
697.21	7.524E+1
697.53	-1.214E+1
697.84	7.282E+1
698.16	8.253E+1
698.47	-3.155E+1
698.79	-8.010E+1
699.10	-2.427E+0
699.42	1.044E+2
699.73	-3.641E+1
700.05	2.670E+1
700.36	0.000E+0
700.68	1.699E+1
700.99	2.184E+1
701.30	1.456E+1
701.62	-4.369E+1
701.93	3.884E+1
702.25	-7.282E+0
702.56	-3.398E+1
702.88	-3.641E+1
703.19	-3.155E+1
703.50	-3.398E+1
703.82	4.854E+1
704.13	2.427E+0
704.45	-2.427E+0
704.76	1.189E+2
705.08	-6.068E+1
705.39	6.796E+1
705.70	1.699E+1
706.02	2.670E+1
706.33	1.942E+1
706.64	-4.854E+1
706.96	-2.427E+1
707.27	3.641E+1
707.59	-2.427E+1
707.90	2.913E+1
708.21	-4.369E+1
708.53	1.214E+1
708.84	2.427E+0
709.15	2.427E+0
709.47	0.000E+0
709.78	-5.583E+1
710.09	-3.398E+1
710.41	1.942E+1
710.72	-3.641E+1
711.03	-2.913E+1
711.34	7.039E+1
711.66	2.184E+1
711.97	9.223E+1
712.28	-7.039E+1
712.60	5.340E+1
712.91	-9.709E+0
713.22	-1.942E+1
713.53	-7.524E+1
713.85	-2.184E+1
714.16	7.282E+0
714.47	-4.854E+0
714.78	-2.427E+1
715.10	1.699E+1
715.41	-3.155E+1
715.72	4.612E+1
716.03	3.155E+1
716.35	-3.641E+1
716.66	-9.223E+1
716.97	4.612E+1
717.28	-1.942E+1
717.59	-7.767E+1
717.91	4.854E+0
718.22	-3.641E+1
718.53	6.311E+1
718.84	-1.019E+2
719.15	-2.427E+1
719.46	-2.184E+1
719.78	-1.456E+1
720.09	-6.068E+1
720.40	3.641E+1
720.71	1.238E+2
721.02	-3.155E+1
721.33	-7.282E+0
721.65	-6.554E+1
721.96	4.854E+0
722.27	2.670E+1
722.58	1.214E+1
722.89	-7.767E+1
723.20	-3.398E+1
723.51	-6.068E+1
723.82	5.825E+1
724.13	7.039E+1
724.45	-1.456E+1
724.76	6.554E+1
725.07	-3.641E+1
725.38	3.398E+1
725.69	-1.262E+2
726.00	1.699E+1
726.31	-3.155E+1
726.62	-3.884E+1
726.93	4.126E+1
727.24	9.223E+1
727.55	6.068E+1
727.86	-3.884E+1
728.17	-7.767E+1
728.48	-3.398E+1
728.79	5.583E+1
729.10	7.767E+1
729.41	1.456E+1
729.72	7.282E+1
730.03	2.184E+1
730.34	-6.796E+1
730.65	4.854E+1
730.96	-9.952E+1
731.27	-4.126E+1
731.58	5.097E+1
731.89	8.738E+1
732.20	-2.913E+1
732.51	-2.184E+1
732.82	-5.340E+1
733.13	-3.155E+1
733.44	-9.709E+0
733.75	1.456E+1
734.06	3.641E+1
734.37	3.641E+1
734.68	3.155E+1
734.98	8.253E+1
735.29	-2.184E+1
735.60	-6.068E+1
735.91	-5.825E+1
736.22	3.884E+1
736.53	-3.641E+1
736.84	-3.155E+1
737.15	-3.398E+1
737.46	-1.456E+1
737.77	7.767E+1
738.07	7.039E+1
738.38	-2.670E+1
738.69	-2.184E+1
739.00	5.583E+1
739.31	-2.913E+1
739.62	4.854E+0
739.92	-2.427E+0
740.23	-4.612E+1
740.54	0.000E+0
740.85	3.884E+1
741.16	-6.554E+1
741.47	3.641E+1
741.77	-5.583E+1
742.08	-8.253E+1
742.39	1.942E+1
742.70	1.456E+1
743.01	2.184E+1
743.31	-4.369E+1
743.62	7.282E+0
743.93	-4.854E+0
744.24	3.641E+1
744.54	5.097E+1
744.85	-6.068E+1
745.16	-2.184E+1
745.47	4.126E+1
745.77	-3.884E+1
746.08	-2.427E+0
746.39	2.427E+0
746.70	3.398E+1
747.00	-4.126E+1
747.31	-4.854E+0
747.62	9.466E+1
747.92	1.311E+2
748.23	-7.039E+1
748.54	-4.612E+1
748.84	4.126E+1
749.15	5.097E+1
749.46	-1.214E+1
749.76	2.184E+1
750.07	-5.340E+1
750.38	-1.335E+2
750.68	-7.282E+0
750.99	-3.641E+1
751.30	-3.884E+1
751.60	6.554E+1
751.91	0.000E+0
752.22	9.709E+0
752.52	-4.612E+1
752.83	4.854E+0
753.14	3.398E+1
753.44	3.398E+1
753.75	4.854E+1
754.05	4.612E+1
754.36	-3.155E+1
754.67	-9.952E+1
754.97	-3.641E+1
755.28	5.340E+1
755.58	6.068E+1
755.89	-9.709E+0
756.19	2.427E+1
756.50	-4.369E+1
756.81	-1.141E+2
757.11	-1.456E+1
757.42	1.942E+1
757.72	-2.670E+1
758.03	3.641E+1
758.33	3.884E+1
758.64	2.184E+1
758.94	1.165E+2
759.25	9.223E+1
759.55	-5.340E+1
759.86	-1.408E+2
760.16	2.670E+1
760.47	5.340E+1
760.77	5.583E+1
761.08	-5.583E+1
761.38	-5.097E+1
761.69	-2.427E+1
761.99	1.214E+1
762.30	-1.942E+1
762.60	-2.427E+0
762.91	6.796E+1
763.21	-6.554E+1
763.51	-3.155E+1
763.82	9.709E+0
764.12	-5.340E+1
764.43	4.854E+1
764.73	3.155E+1
765.04	5.825E+1
765.34	7.282E+1
765.64	7.039E+1
765.95	4.854E+0
766.25	1.214E+1
766.56	-1.456E+1
766.86	-5.583E+1
767.16	4.854E+1
767.47	-3.155E+1
767.77	6.311E+1
768.07	6.554E+1
768.38	3.155E+1
768.68	-9.709E+0
768.98	-2.670E+1
769.29	-2.670E+1
769.59	-2.670E+1
769.89	-6.068E+1
770.20	6.796E+1
770.50	1.942E+1
770.80	-7.282E+0
771.11	-7.039E+1
771.41	-3.641E+1
771.71	8.253E+1
772.02	-3.398E+1
772.32	4.854E+0
772.62	6.311E+1
772.93	1.214E+1
773.23	7.282E+0
773.53	-5.583E+1
773.83	-7.282E+0
774.14	-4.612E+1
774.44	5.583E+1
774.74	1.699E+1
775.04	0.000E+0
775.35	4.854E+0
775.65	-7.282E+1
775.95	2.913E+1
776.25	2.184E+1
776.55	4.854E+0
776.86	-3.641E+1
777.16	-6.554E+1
777.46	4.369E+1
777.76	3.641E+1
778.06	-2.670E+1
778.37	-1.214E+1
778.67	-8.010E+1
778.97	5.097E+1
779.27	9.709E+0
779.57	1.214E+1
779.88	8.495E+1
780.18	6.554E+1
780.48	1.456E+1
780.78	2.427E+1
781.08	-9.709E+0
781.38	5.340E+1
781.68	-6.068E+1
781.98	2.184E+1
782.29	-2.670E+1
782.59	-2.913E+1
782.89	1.699E+1
783.19	5.825E+1
783.49	5.097E+1
783.79	-1.942E+1
784.09	4.854E+1
784.39	-3.398E+1
784.69	-6.796E+1
784.99	-1.238E+2
785.30	-3.398E+1
785.60	-8.253E+1
785.90	-3.155E+1
786.20	-4.854E+0
786.50	1.942E+1
786.80	3.641E+1
787.10	-2.670E+1
787.40	-7.282E+0
787.70	-7.282E+0
788.00	-3.884E+1
788.30	-2.670E+1
788.60	3.641E+1
788.90	-3.155E+1
789.20	8.981E+1
789.50	-6.311E+1
789.80	1.214E+1
790.10	-2.184E+1
790.40	-8.981E+1
790.70	-2.913E+1
791.00	3.641E+1
791.30	9.709E+1
791.60	4.126E+1
791.90	9.709E+0
792.20	5.340E+1
792.50	-4.369E+1
792.79	-9.709E+0
793.09	4.369E+1
793.39	1.942E+1
793.69	5.583E+1
793.99	-1.384E+2
794.29	9.709E+0
794.59	4.612E+1
794.89	-6.796E+1
795.19	8.738E+1
795.49	-1.699E+1
795.79	4.369E+1
796.08	1.189E+2
796.38	8.253E+1
796.68	-4.854E+0
796.98	3.155E+1
797.28	2.427E+0
797.58	5.340E+1
797.88	-9.952E+1
798.17	-5.583E+1
798.47	2.427E+0
798.77	-4.369E+1
799.07	2.670E+1
799.37	0.000E+0
799.67	1.942E+1
799.96	-9.223E+1
800.26	-1.238E+2
800.56	-5.583E+1
800.86	-1.165E+2
801.16	-4.854E+0
801.45	2.670E+1
801.75	4.854E+1
802.05	-1.942E+1
802.35	1.456E+1
802.64	-1.092E+2
802.94	-4.126E+1
803.24	-3.884E+1
803.54	-2.427E+1
803.83	2.670E+1
804.13	-5.825E+1
804.43	-4.854E+0
804.73	3.884E+1
805.02	-1.699E+1
805.32	-3.155E+1
805.62	4.854E+0
805.91	-7.282E+0
806.21	-1.456E+1
806.51	-1.699E+1
806.81	-2.670E+1
807.10	4.612E+1
807.40	-3.398E+1
807.70	4.126E+1
807.99	-2.427E+1
808.29	-1.359E+2
808.59	1.456E+1
808.88	3.641E+1
809.18	2.670E+1
809.47	-6.554E+1
809.77	-8.253E+1
810.07	-2.184E+1
810.36	-4.369E+1
810.66	-2.913E+1
810.96	-3.884E+1
811.25	4.612E+1
811.55	-7.039E+1
811.84	1.214E+1
812.14	-6.311E+1
812.44	1.456E+1
812.73	6.068E+1
813.03	-8.981E+1
813.32	-9.709E+0
813.62	-1.335E+2
813.91	-1.238E+2
814.21	-3.398E+1
814.51	1.214E+1
814.80	-4.854E+0
815.10	2.670E+1
815.39	-2.670E+1
815.69	2.427E+0
815.98	-6.068E+1
816.28	-5.583E+1
816.57	-2.427E+1
816.87	-3.641E+1
817.16	1.456E+1
817.46	1.214E+1
817.75	-5.097E+1
818.05	6.554E+1
818.34	1.699E+1
818.64	4.126E+1
818.93	-6.068E+1
819.23	4.854E+1
819.52	-1.699E+1
819.82	3.398E+1
820.11	2.427E+1
820.40	-2.913E+1
820.70	3.398E+1
820.99	-3.884E+1
821.29	-5.097E+1
821.58	-2.184E+1
821.88	4.854E+1
822.17	-2.427E+0
822.46	1.456E+1
822.76	-3.884E+1
823.05	-3.641E+1
823.35	0.000E+0
823.64	6.554E+1
823.93	-2.670E+1
824.23	-4.369E+1
824.52	3.155E+1
824.81	4.854E+0
825.11	-6.796E+1
825.40	-5.340E+1
825.69	-4.126E+1
825.99	-5.825E+1
826.28	-3.155E+1
826.58	4.369E+1
826.87	4.612E+1
827.16	9.709E+0
827.45	1.456E+1
827.75	-4.612E+1
828.04	-2.184E+1
828.33	-9.709E+0
828.63	1.456E+1
828.92	-2.427E+0
829.21	3.884E+1
829.51	-8.738E+1
829.80	5.340E+1
830.09	-1.092E+2
830.38	-6.311E+1
830.68	-1.456E+1
830.97	0.000E+0
831.26	3.641E+1
831.55	4.369E+1
831.85	1.214E+1
832.14	-3.641E+1
832.43	3.884E+1
832.72	2.670E+1
833.01	1.699E+1
833.31	2.670E+1
833.60	-3.155E+1
833.89	2.913E+1
834.18	-1.942E+1
834.47	-4.126E+1
834.77	5.340E+1
835.06	8.010E+1
835.35	9.709E+0
835.64	-2.913E+1
835.93	-1.456E+1
836.22	2.427E+0
836.52	-2.427E+0
836.81	-1.456E+1
837.10	9.709E+0
837.39	-4.612E+1
837.68	2.670E+1
837.97	9.709E+1
838.26	-7.039E+1
838.55	-6.796E+1
838.85	1.456E+1
839.14	7.282E+1
839.43	-1.942E+1
839.72	2.427E+0
840.01	-7.282E+1
840.30	2.670E+1
840.59	2.427E+0
840.88	4.854E+0
841.17	8.253E+1
841.46	-5.097E+1
841.75	-5.097E+1
842.04	-6.311E+1
842.33	1.699E+1
842.62	5.097E+1
842.91	-5.097E+1
843.21	2.913E+1
843.50	-7.039E+1
843.79	-9.709E+0
844.08	7.039E+1
844.37	3.884E+1
844.66	4.854E+0
844.95	-1.699E+1
845.24	8.253E+1
845.53	-3.641E+1
845.81	4.854E+1
846.10	6.554E+1
846.39	-1.942E+1
846.68	-7.524E+1
846.97	5.825E+1
847.26	9.709E+0
847.55	-4.126E+1
847.84	1.117E+2
848.13	1.723E+2
848.42	-3.884E+1
848.71	-2.427E+1
849.00	1.214E+2
849.29	1.699E+1
849.58	1.141E+2
849.87	9.709E+0
850.15	-7.282E+0
850.44	8.981E+1
850.73	2.427E+0
851.02	-9.223E+1
851.31	-4.369E+1
851.60	-7.282E+1
851.89	8.495E+1
852.18	-2.670E+1
852.46	8.010E+1
852.75	-5.097E+1
853.04	-5.583E+1
853.33	7.282E+0
853.62	-1.942E+1
853.91	4.854E+0
854.19	7.282E+1
854.48	7.524E+1
854.77	-5.097E+1
855.06	4.854E+1
855.35	-1.699E+1
855.63	4.612E+1
855.92	-3.155E+1
856.21	3.398E+1
856.50	-3.398E+1
856.79	3.398E+1
857.07	1.432E+2
857.36	-2.670E+1
857.65	5.097E+1
857.94	-4.612E+1
858.22	8.495E+1
858.51	-2.670E+1
858.80	-2.670E+1
859.08	5.340E+1
859.37	4.854E+0
859.66	-3.398E+1
859.95	2.184E+1
860.23	3.641E+1
860.52	-3.641E+1
860.81	6.068E+1
861.09	9.952E+1
861.38	6.311E+1
861.67	-3.398E+1
861.95	1.456E+1
862.24	-8.495E+1
862.53	-6.554E+1
862.81	3.155E+1
863.10	-9.466E+1
863.39	-6.068E+1
863.67	-4.126E+1
863.96	-5.097E+1
864.25	-1.456E+1
864.53	-1.456E+1
864.82	-4.854E+0
865.10	2.427E+1
865.39	-1.092E+2
865.68	-6.554E+1
865.96	3.641E+1
866.25	-1.699E+1
866.53	-1.699E+1
866.82	-1.699E+1