Wavelength	Intensity	Ocean Optics Flame
nm	counts
187.89	2.427E+1
188.27	-1.214E+1
188.64	-3.155E+1
189.02	-9.709E+0
189.40	-4.126E+1
189.78	7.282E+0
190.15	-4.126E+1
190.53	-1.165E+2
190.91	-6.311E+1
191.29	2.184E+1
191.66	0.000E+0
192.04	-4.854E+0
192.42	-4.854E+0
192.80	3.641E+1
193.17	-2.427E+0
193.55	-2.427E+1
193.93	6.554E+1
194.30	8.010E+1
194.68	4.612E+1
195.06	1.335E+2
195.44	-5.583E+1
195.81	-5.097E+1
196.19	-5.825E+1
196.57	-4.854E+0
196.94	-1.214E+1
197.32	2.427E+1
197.70	-8.738E+1
198.07	8.738E+1
198.45	-7.524E+1
198.83	1.214E+1
199.20	2.427E+0
199.58	4.369E+1
199.96	9.709E+0
200.33	-6.796E+1
200.71	-4.126E+1
201.09	-4.612E+1
201.46	2.184E+1
201.84	1.942E+1
202.22	-1.262E+2
202.59	-3.398E+1
202.97	2.427E+0
203.34	0.000E+0
203.72	2.913E+1
204.10	-6.796E+1
204.47	6.554E+1
204.85	5.097E+1
205.23	5.340E+1
205.60	3.398E+1
205.98	1.456E+1
206.35	3.641E+1
206.73	4.612E+1
207.11	8.981E+1
207.48	7.039E+1
207.86	4.612E+1
208.23	-7.282E+0
208.61	2.184E+1
208.98	2.427E+0
209.36	-7.524E+1
209.74	1.092E+2
210.11	-3.155E+1
210.49	-1.141E+2
210.86	9.466E+1
211.24	-2.670E+1
211.61	7.767E+1
211.99	5.340E+1
212.36	1.214E+1
212.74	3.641E+1
213.11	4.126E+1
213.49	-7.282E+1
213.87	2.184E+1
214.24	-1.699E+1
214.62	4.612E+1
214.99	2.427E+0
215.37	6.068E+1
215.74	8.738E+1
216.12	-1.942E+1
216.49	6.796E+1
216.87	-9.709E+0
217.24	8.738E+1
217.62	-6.796E+1
217.99	-3.398E+1
218.37	-8.253E+1
218.74	-5.825E+1
219.11	4.854E+0
219.49	-3.398E+1
219.86	1.214E+1
220.24	1.214E+1
220.61	5.825E+1
220.99	4.612E+1
221.36	4.612E+1
221.74	5.097E+1
222.11	9.223E+1
222.49	1.311E+2
222.86	8.495E+1
223.23	-1.942E+1
223.61	5.825E+1
223.98	5.097E+1
224.36	6.068E+1
224.73	1.092E+2
225.11	-1.942E+1
225.48	-8.738E+1
225.85	2.913E+1
226.23	-8.253E+1
226.60	-2.427E+1
226.98	3.884E+1
227.35	0.000E+0
227.72	2.913E+1
228.10	7.039E+1
228.47	-4.126E+1
228.84	-1.214E+2
229.22	9.709E+0
229.59	-1.942E+1
229.97	2.184E+1
230.34	1.092E+2
230.71	7.524E+1
231.09	-1.214E+2
231.46	-2.427E+1
231.83	-2.427E+1
232.21	-2.427E+1
232.58	-7.524E+1
232.95	-3.641E+1
233.33	5.583E+1
233.70	-1.214E+1
234.07	-7.524E+1
234.45	4.854E+0
234.82	-6.311E+1
235.19	-7.767E+1
235.57	-4.369E+1
235.94	-2.427E+1
236.31	-7.282E+0
236.69	-4.612E+1
237.06	-2.427E+1
237.43	1.141E+2
237.80	8.010E+1
238.18	1.699E+1
238.55	-2.184E+1
238.92	-7.282E+0
239.30	6.554E+1
239.67	-2.427E+0
240.04	6.554E+1
240.41	1.942E+1
240.79	5.583E+1
241.16	-7.282E+0
241.53	-7.282E+0
241.90	4.854E+1
242.28	4.854E+1
242.65	-1.238E+2
243.02	3.155E+1
243.39	-6.554E+1
243.77	-3.884E+1
244.14	4.854E+1
244.51	1.189E+2
244.88	3.641E+1
245.25	-4.854E+1
245.63	0.000E+0
246.00	-6.796E+1
246.37	-1.044E+2
246.74	3.398E+1
247.11	0.000E+0
247.49	9.709E+0
247.86	4.854E+0
248.23	1.117E+2
248.60	7.524E+1
248.97	-2.913E+1
249.35	-1.456E+1
249.72	-9.466E+1
250.09	2.427E+0
250.46	1.189E+2
250.83	5.825E+1
251.20	-2.184E+1
251.58	6.068E+1
251.95	1.214E+1
252.32	1.699E+1
252.69	-1.456E+1
253.06	8.495E+1
253.43	7.767E+1
253.80	7.282E+0
254.17	4.612E+1
254.55	-4.126E+1
254.92	4.369E+1
255.29	-9.709E+1
255.66	-7.282E+0
256.03	-1.942E+1
256.40	4.369E+1
256.77	1.141E+2
257.14	-4.369E+1
257.51	3.884E+1
257.88	1.942E+1
258.26	2.427E+0
258.63	-7.039E+1
259.00	-7.282E+0
259.37	9.709E+0
259.74	-4.369E+1
260.11	-7.282E+0
260.48	3.884E+1
260.85	3.155E+1
261.22	-2.427E+1
261.59	5.583E+1
261.96	2.670E+1
262.33	5.825E+1
262.70	-3.155E+1
263.07	2.427E+0
263.44	4.612E+1
263.81	4.854E+1
264.18	4.369E+1
264.55	1.214E+2
264.92	3.398E+1
265.29	7.282E+1
265.66	7.282E+1
266.03	2.184E+1
266.40	2.427E+0
266.77	5.583E+1
267.14	1.044E+2
267.51	7.282E+0
267.88	4.612E+1
268.25	4.854E+1
268.62	-1.262E+2
268.99	1.189E+2
269.36	8.495E+1
269.73	-7.039E+1
270.10	-1.456E+1
270.47	2.427E+1
270.84	-2.427E+1
271.21	1.359E+2
271.58	7.282E+0
271.95	7.039E+1
272.32	-4.126E+1
272.69	4.126E+1
273.06	1.117E+2
273.43	-1.942E+1
273.80	3.884E+1
274.17	2.670E+1
274.53	-8.495E+1
274.90	1.481E+2
275.27	4.854E+1
275.64	7.282E+1
276.01	-4.369E+1
276.38	-5.097E+1
276.75	-7.282E+0
277.12	8.253E+1
277.49	-1.214E+1
277.86	9.952E+1
278.22	6.554E+1
278.59	7.039E+1
278.96	8.495E+1
279.33	4.854E+0
279.70	1.214E+1
280.07	-7.282E+0
280.44	1.214E+1
280.80	2.427E+1
281.17	-2.670E+1
281.54	-1.699E+1
281.91	1.214E+1
282.28	4.612E+1
282.65	-1.189E+2
283.02	1.092E+2
283.38	2.184E+1
283.75	4.612E+1
284.12	9.952E+1
284.49	3.155E+1
284.86	7.282E+0
285.22	2.913E+1
285.59	-1.408E+2
285.96	5.825E+1
286.33	5.097E+1
286.70	4.369E+1
287.06	-3.398E+1
287.43	2.670E+1
287.80	5.825E+1
288.17	-5.340E+1
288.53	2.184E+1
288.90	-3.155E+1
289.27	5.825E+1
289.64	2.913E+1
290.01	-3.155E+1
290.37	-9.709E+0
290.74	4.854E+1
291.11	6.796E+1
291.48	3.398E+1
291.84	-3.398E+1
292.21	2.427E+1
292.58	1.311E+2
292.94	-9.709E+0
293.31	5.583E+1
293.68	2.427E+0
294.05	4.612E+1
294.41	-4.126E+1
294.78	2.913E+1
295.15	8.253E+1
295.51	6.796E+1
295.88	4.369E+1
296.25	3.884E+1
296.61	1.068E+2
296.98	-3.155E+1
297.35	-2.427E+1
297.72	2.427E+0
298.08	-9.709E+0
298.45	3.884E+1
298.82	-3.884E+1
299.18	3.641E+1
299.55	-3.398E+1
299.91	-1.456E+1
300.28	4.369E+1
300.65	0.000E+0
301.01	-4.369E+1
301.38	-2.184E+1
301.75	3.155E+1
302.11	4.612E+1
302.48	5.825E+1
302.85	-2.184E+1
303.21	2.427E+0
303.58	6.068E+1
303.94	4.854E+0
304.31	6.311E+1
304.68	6.796E+1
305.04	-5.583E+1
305.41	1.456E+1
305.77	5.583E+1
306.14	4.612E+1
306.51	1.456E+1
306.87	-1.214E+1
307.24	1.699E+1
307.60	2.427E+1
307.97	2.427E+1
308.33	2.670E+1
308.70	5.340E+1
309.07	2.913E+1
309.43	-9.952E+1
309.80	5.583E+1
310.16	3.641E+1
310.53	-2.184E+1
310.89	7.282E+1
311.26	-4.854E+0
311.62	6.068E+1
311.99	1.432E+2
312.35	7.282E+0
312.72	5.097E+1
313.08	-2.670E+1
313.45	-2.913E+1
313.81	7.524E+1
314.18	-4.369E+1
314.54	-2.913E+1
314.91	-5.825E+1
315.27	4.854E+1
315.64	-4.854E+1
316.00	7.282E+0
316.37	-7.282E+1
316.73	9.709E+0
317.10	2.427E+1
317.46	5.340E+1
317.83	2.184E+1
318.19	4.126E+1
318.56	-1.311E+2
318.92	1.189E+2
319.28	7.039E+1
319.65	6.311E+1
320.01	6.068E+1
320.38	3.155E+1
320.74	6.796E+1
321.11	8.253E+1
321.47	-4.126E+1
321.83	3.884E+1
322.20	3.641E+1
322.56	1.942E+1
322.93	3.641E+1
323.29	5.340E+1
323.66	0.000E+0
324.02	-5.097E+1
324.38	1.456E+1
324.75	9.709E+0
325.11	-7.282E+0
325.47	-3.884E+1
325.84	1.214E+1
326.20	-3.155E+1
326.57	1.942E+1
326.93	0.000E+0
327.29	4.854E+0
327.66	0.000E+0
328.02	-4.854E+1
328.38	4.854E+0
328.75	3.398E+1
329.11	3.641E+1
329.47	2.427E+1
329.84	8.738E+1
330.20	4.126E+1
330.56	5.097E+1
330.93	-1.699E+1
331.29	1.286E+2
331.65	5.825E+1
332.02	3.398E+1
332.38	2.913E+1
332.74	1.068E+2
333.10	1.456E+1
333.47	2.427E+1
333.83	4.612E+1
334.19	8.738E+1
334.56	6.796E+1
334.92	2.184E+1
335.28	-1.214E+1
335.64	-3.884E+1
336.01	4.854E+1
336.37	2.913E+1
336.73	-4.854E+0
337.09	7.524E+1
337.46	2.913E+1
337.82	-3.398E+1
338.18	-1.214E+2
338.54	4.612E+1
338.91	-1.214E+1
339.27	0.000E+0
339.63	1.432E+2
339.99	3.155E+1
340.36	1.044E+2
340.72	2.913E+1
341.08	-9.709E+0
341.44	-1.456E+1
341.80	1.092E+2
342.17	4.854E+0
342.53	6.311E+1
342.89	-1.942E+1
343.25	1.189E+2
343.61	-2.913E+1
343.98	-1.335E+2
344.34	8.495E+1
344.70	-1.456E+1
345.06	6.554E+1
345.42	1.942E+1
345.78	9.709E+0
346.14	6.068E+1
346.51	5.097E+1
346.87	-8.981E+1
347.23	2.427E+1
347.59	1.505E+2
347.95	7.282E+1
348.31	6.554E+1
348.67	8.495E+1
349.04	7.282E+0
349.40	3.155E+1
349.76	-1.432E+2
350.12	-4.854E+0
350.48	-2.913E+1
350.84	3.641E+1
351.20	8.010E+1
351.56	1.311E+2
351.92	-6.068E+1
352.28	-7.767E+1
352.65	5.340E+1
353.01	1.602E+2
353.37	8.981E+1
353.73	3.398E+1
354.09	9.223E+1
354.45	1.238E+2
354.81	1.699E+1
355.17	6.554E+1
355.53	7.039E+1
355.89	-3.641E+1
356.25	2.184E+1
356.61	3.641E+1
356.97	-6.554E+1
357.33	7.282E+1
357.69	9.709E+1
358.05	2.184E+1
358.41	1.141E+2
358.77	5.825E+1
359.13	6.554E+1
359.49	1.019E+2
359.85	1.553E+2
360.21	4.612E+1
360.57	4.854E+1
360.93	6.068E+1
361.29	-2.184E+1
361.65	0.000E+0
362.01	4.854E+1
362.37	1.068E+2
362.73	5.097E+1
363.09	3.155E+1
363.45	-4.854E+0
363.81	9.223E+1
364.17	1.068E+2
364.53	5.340E+1
364.89	1.748E+2
365.25	4.612E+1
365.61	2.427E+0
365.97	3.884E+1
366.33	-1.699E+1
366.69	1.942E+1
367.05	4.369E+1
367.40	2.670E+1
367.76	2.913E+1
368.12	1.214E+2
368.48	1.505E+2
368.84	8.010E+1
369.20	3.398E+1
369.56	1.068E+2
369.92	8.981E+1
370.28	1.189E+2
370.63	3.641E+1
370.99	1.286E+2
371.35	3.398E+1
371.71	9.466E+1
372.07	9.466E+1
372.43	8.738E+1
372.79	6.311E+1
373.15	4.126E+1
373.50	6.554E+1
373.86	1.068E+2
374.22	1.942E+1
374.58	7.039E+1
374.94	9.223E+1
375.30	1.262E+2
375.65	4.854E+1
376.01	7.767E+1
376.37	1.286E+2
376.73	2.306E+2
377.09	1.165E+2
377.44	1.311E+2
377.80	1.553E+2
378.16	2.549E+2
378.52	2.597E+2
378.88	2.670E+2
379.23	2.840E+2
379.59	9.223E+1
379.95	1.845E+2
380.31	2.087E+2
380.66	1.286E+2
381.02	1.942E+2
381.38	1.626E+2
381.74	2.184E+2
382.09	1.141E+2
382.45	2.476E+2
382.81	2.573E+2
383.17	3.204E+2
383.52	2.888E+2
383.88	3.641E+2
384.24	3.180E+2
384.60	3.617E+2
384.95	4.466E+2
385.31	4.345E+2
385.67	5.801E+2
386.02	5.170E+2
386.38	6.820E+2
386.74	5.583E+2
387.10	6.602E+2
387.45	9.005E+2
387.81	8.592E+2
388.17	8.374E+2
388.52	9.345E+2
388.88	1.068E+3
389.24	1.124E+3
389.59	1.269E+3
389.95	1.323E+3
390.31	1.391E+3
390.66	1.602E+3
391.02	1.794E+3
391.38	1.818E+3
391.73	2.049E+3
392.09	2.153E+3
392.44	2.466E+3
392.80	2.723E+3
393.16	2.927E+3
393.51	3.379E+3
393.87	3.716E+3
394.23	3.879E+3
394.58	4.250E+3
394.94	4.614E+3
395.29	4.981E+3
395.65	5.515E+3
396.01	5.837E+3
396.36	6.301E+3
396.72	7.024E+3
397.07	7.534E+3
397.43	8.126E+3
397.78	8.808E+3
398.14	9.592E+3
398.50	1.044E+4
398.85	1.123E+4
399.21	1.200E+4
399.56	1.331E+4
399.92	1.409E+4
400.27	1.477E+4
400.63	1.577E+4
400.98	1.736E+4
401.34	1.818E+4
401.69	1.927E+4
402.05	2.079E+4
402.40	2.209E+4
402.76	2.316E+4
403.11	2.479E+4
403.47	2.651E+4
403.82	2.736E+4
404.18	2.928E+4
404.53	3.035E+4
404.89	3.266E+4
405.24	3.432E+4
405.60	3.579E+4
405.95	3.759E+4
406.31	3.987E+4
406.66	4.126E+4
407.02	4.299E+4
407.37	4.492E+4
407.73	4.598E+4
408.08	4.810E+4
408.44	4.869E+4
408.79	5.069E+4
409.14	5.198E+4
409.50	5.295E+4
409.85	5.430E+4
410.21	5.529E+4
410.56	5.566E+4
410.92	5.659E+4
411.27	5.717E+4
411.62	5.779E+4
411.98	5.753E+4
412.33	5.781E+4
412.69	5.758E+4
413.04	5.701E+4
413.39	5.635E+4
413.75	5.549E+4
414.10	5.518E+4
414.45	5.405E+4
414.81	5.302E+4
415.16	5.190E+4
415.52	5.051E+4
415.87	4.866E+4
416.22	4.691E+4
416.58	4.532E+4
416.93	4.340E+4
417.28	4.144E+4
417.64	3.902E+4
417.99	3.736E+4
418.34	3.451E+4
418.70	3.197E+4
419.05	2.992E+4
419.40	2.863E+4
419.76	2.634E+4
420.11	2.507E+4
420.46	2.319E+4
420.81	2.163E+4
421.17	2.116E+4
421.52	1.906E+4
421.87	1.834E+4
422.23	1.777E+4
422.58	1.659E+4
422.93	1.541E+4
423.28	1.489E+4
423.64	1.419E+4
423.99	1.367E+4
424.34	1.273E+4
424.69	1.209E+4
425.05	1.163E+4
425.40	1.097E+4
425.75	1.064E+4
426.10	9.915E+3
426.46	9.634E+3
426.81	9.134E+3
427.16	8.629E+3
427.51	8.323E+3
427.87	7.869E+3
428.22	7.287E+3
428.57	7.131E+3
428.92	6.745E+3
429.27	6.507E+3
429.63	6.090E+3
429.98	5.546E+3
430.33	5.604E+3
430.68	5.146E+3
431.03	4.811E+3
431.38	4.694E+3
431.74	4.257E+3
432.09	4.197E+3
432.44	4.029E+3
432.79	3.668E+3
433.14	3.541E+3
433.49	3.318E+3
433.85	3.226E+3
434.20	3.044E+3
434.55	2.954E+3
434.90	2.830E+3
435.25	2.558E+3
435.60	2.512E+3
435.95	2.337E+3
436.30	2.299E+3
436.66	2.289E+3
437.01	2.100E+3
437.36	2.017E+3
437.71	2.019E+3
438.06	1.830E+3
438.41	1.867E+3
438.76	1.794E+3
439.11	1.687E+3
439.46	1.607E+3
439.81	1.590E+3
440.16	1.471E+3
440.52	1.391E+3
440.87	1.461E+3
441.22	1.235E+3
441.57	1.350E+3
441.92	1.235E+3
442.27	1.151E+3
442.62	1.104E+3
442.97	1.155E+3
443.32	1.087E+3
443.67	8.762E+2
444.02	9.782E+2
444.37	1.000E+3
444.72	8.787E+2
445.07	8.884E+2
445.42	8.568E+2
445.77	7.209E+2
446.12	8.592E+2
446.47	6.918E+2
446.82	8.131E+2
447.17	5.704E+2
447.52	6.748E+2
447.87	6.966E+2
448.22	5.121E+2
448.57	6.432E+2
448.92	5.655E+2
449.27	5.413E+2
449.62	6.189E+2
449.97	4.636E+2
450.32	4.199E+2
450.66	5.219E+2
451.01	4.515E+2
451.36	2.961E+2
451.71	3.811E+2
452.06	3.786E+2
452.41	4.248E+2
452.76	4.053E+2
453.11	3.714E+2
453.46	3.277E+2
453.81	3.981E+2
454.16	3.301E+2
454.51	2.864E+2
454.85	2.646E+2
455.20	2.451E+2
455.55	4.078E+2
455.90	3.301E+2
456.25	2.646E+2
456.60	2.524E+2
456.95	2.476E+2
457.30	2.184E+2
457.64	2.816E+2
457.99	1.456E+2
458.34	2.767E+2
458.69	2.597E+2
459.04	2.015E+2
459.39	1.651E+2
459.73	2.184E+2
460.08	1.189E+2
460.43	1.505E+2
460.78	1.335E+2
461.13	2.282E+2
461.48	1.772E+2
461.82	1.675E+2
462.17	1.481E+2
462.52	7.524E+1
462.87	1.384E+2
463.21	2.282E+2
463.56	1.481E+2
463.91	8.738E+1
464.26	9.709E+1
464.61	1.019E+2
464.95	1.529E+2
465.30	2.136E+2
465.65	2.087E+2
466.00	7.767E+1
466.34	8.981E+1
466.69	2.257E+2
467.04	1.893E+2
467.39	8.981E+1
467.73	1.165E+2
468.08	1.602E+2
468.43	1.675E+2
468.77	6.068E+1
469.12	1.723E+2
469.47	4.854E+1
469.82	5.097E+1
470.16	1.553E+2
470.51	4.369E+1
470.86	1.432E+2
471.20	7.767E+1
471.55	3.155E+1
471.90	1.505E+2
472.24	9.952E+1
472.59	-4.126E+1
472.94	1.748E+2
473.28	1.553E+2
473.63	1.092E+2
473.98	6.068E+1
474.32	6.554E+1
474.67	1.602E+2
475.02	1.602E+2
475.36	1.432E+2
475.71	1.651E+2
476.06	7.282E+1
476.40	8.495E+1
476.75	1.141E+2
477.09	6.554E+1
477.44	1.408E+2
477.79	2.427E+0
478.13	4.369E+1
478.48	1.165E+2
478.82	9.709E+1
479.17	3.155E+1
479.52	9.466E+1
479.86	6.554E+1
480.21	7.282E+1
480.55	4.854E+0
480.90	9.466E+1
481.24	9.709E+1
481.59	5.583E+1
481.94	1.189E+2
482.28	-2.670E+1
482.63	-1.699E+1
482.97	-4.854E+0
483.32	2.427E+1
483.66	6.796E+1
484.01	2.427E+1
484.35	5.097E+1
484.70	1.699E+1
485.04	1.699E+1
485.39	-5.340E+1
485.73	7.039E+1
486.08	1.408E+2
486.42	9.952E+1
486.77	7.524E+1
487.11	6.068E+1
487.46	8.495E+1
487.80	6.554E+1
488.15	1.869E+2
488.49	1.068E+2
488.84	1.019E+2
489.18	5.097E+1
489.53	1.893E+2
489.87	-2.184E+1
490.21	1.505E+2
490.56	3.155E+1
490.90	-2.184E+1
491.25	9.952E+1
491.59	-6.796E+1
491.94	9.466E+1
492.28	1.699E+1
492.62	7.524E+1
492.97	-3.155E+1
493.31	9.709E+0
493.66	7.039E+1
494.00	4.612E+1
494.34	7.282E+1
494.69	-2.427E+0
495.03	0.000E+0
495.38	-4.854E+1
495.72	8.253E+1
496.06	-2.427E+0
496.41	6.554E+1
496.75	9.709E+0
497.09	1.019E+2
497.44	7.282E+0
497.78	1.626E+2
498.13	9.466E+1
498.47	1.311E+2
498.81	-6.068E+1
499.16	8.010E+1
499.50	1.068E+2
499.84	2.913E+1
500.19	3.641E+1
500.53	1.068E+2
500.87	-5.583E+1
501.21	-9.709E+0
501.56	4.369E+1
501.90	4.369E+1
502.24	2.427E+1
502.59	9.952E+1
502.93	6.311E+1
503.27	4.612E+1
503.61	7.039E+1
503.96	5.583E+1
504.30	4.369E+1
504.64	2.184E+1
504.99	4.854E+1
505.33	-4.126E+1
505.67	8.981E+1
506.01	-4.126E+1
506.36	5.825E+1
506.70	-8.253E+1
507.04	4.369E+1
507.38	-6.554E+1
507.72	3.398E+1
508.07	8.738E+1
508.41	1.699E+1
508.75	1.189E+2
509.09	4.854E+0
509.44	7.039E+1
509.78	1.456E+1
510.12	1.384E+2
510.46	8.738E+1
510.80	1.214E+1
511.14	4.854E+0
511.49	1.214E+1
511.83	1.335E+2
512.17	7.282E+1
512.51	1.699E+1
512.85	7.524E+1
513.19	-1.456E+1
513.54	-1.214E+1
513.88	5.583E+1
514.22	5.583E+1
514.56	3.641E+1
514.90	-1.699E+1
515.24	1.942E+1
515.58	-1.456E+1
515.93	7.282E+1
516.27	7.282E+0
516.61	3.398E+1
516.95	4.854E+0
517.29	1.189E+2
517.63	2.184E+1
517.97	7.282E+0
518.31	8.010E+1
518.65	5.097E+1
518.99	5.583E+1
519.33	7.767E+1
519.67	3.884E+1
520.02	1.019E+2
520.36	1.262E+2
520.70	1.359E+2
521.04	3.398E+1
521.38	7.282E+1
521.72	5.583E+1
522.06	7.282E+1
522.40	-1.942E+1
522.74	8.495E+1
523.08	-3.155E+1
523.42	7.524E+1
523.76	5.583E+1
524.10	4.854E+1
524.44	6.796E+1
524.78	8.738E+1
525.12	9.952E+1
525.46	8.981E+1
525.80	1.019E+2
526.14	1.651E+2
526.48	5.825E+1
526.82	1.699E+1
527.16	-2.670E+1
527.50	-2.670E+1
527.84	8.738E+1
528.18	2.913E+1
528.52	9.709E+1
528.86	5.340E+1
529.20	7.524E+1
529.54	8.738E+1
529.87	9.223E+1
530.21	1.505E+2
530.55	-3.155E+1
530.89	4.126E+1
531.23	-3.398E+1
531.57	-3.155E+1
531.91	8.495E+1
532.25	-9.466E+1
532.59	1.214E+1
532.93	5.097E+1
533.27	5.340E+1
533.60	8.010E+1
533.94	6.068E+1
534.28	2.670E+1
534.62	-1.432E+2
534.96	2.184E+1
535.30	-7.282E+0
535.64	5.097E+1
535.98	-5.097E+1
536.31	6.311E+1
536.65	7.524E+1
536.99	8.738E+1
537.33	2.913E+1
537.67	7.282E+0
538.01	7.524E+1
538.34	7.282E+0
538.68	-9.709E+0
539.02	9.223E+1
539.36	3.884E+1
539.70	8.981E+1
540.03	-4.369E+1
540.37	-9.709E+0
540.71	8.495E+1
541.05	7.767E+1
541.39	5.825E+1
541.72	-8.495E+1
542.06	4.854E+0
542.40	-3.884E+1
542.74	-1.456E+1
543.07	1.262E+2
543.41	4.854E+1
543.75	-4.126E+1
544.09	1.117E+2
544.42	6.068E+1
544.76	-2.427E+1
545.10	1.019E+2
545.44	-7.282E+0
545.77	6.068E+1
546.11	-1.214E+1
546.45	1.699E+1
546.78	8.981E+1
547.12	2.184E+1
547.46	3.884E+1
547.80	9.709E+0
548.13	1.068E+2
548.47	4.369E+1
548.81	7.767E+1
549.14	6.796E+1
549.48	4.854E+0
549.82	-9.709E+0
550.15	2.670E+1
550.49	8.253E+1
550.83	-3.884E+1
551.16	8.010E+1
551.50	-5.340E+1
551.84	1.335E+2
552.17	6.554E+1
552.51	2.913E+1
552.84	6.796E+1
553.18	4.126E+1
553.52	-6.068E+1
553.85	-4.369E+1
554.19	5.825E+1
554.53	9.709E+0
554.86	9.952E+1
555.20	2.184E+1
555.53	-3.155E+1
555.87	8.253E+1
556.20	8.738E+1
556.54	-3.884E+1
556.88	9.709E+0
557.21	7.767E+1
557.55	1.189E+2
557.88	-9.709E+0
558.22	6.796E+1
558.55	4.854E+0
558.89	8.738E+1
559.23	9.952E+1
559.56	8.738E+1
559.90	4.854E+0
560.23	6.554E+1
560.57	3.398E+1
560.90	-5.583E+1
561.24	4.854E+0
561.57	7.039E+1
561.91	8.010E+1
562.24	3.641E+1
562.58	-3.641E+1
562.91	-8.495E+1
563.25	8.010E+1
563.58	8.495E+1
563.92	7.524E+1
564.25	-8.253E+1
564.59	6.796E+1
564.92	5.097E+1
565.25	-2.913E+1
565.59	6.796E+1
565.92	-2.184E+1
566.26	8.738E+1
566.59	5.583E+1
566.93	-6.311E+1
567.26	1.117E+2
567.60	-1.942E+1
567.93	4.854E+0
568.26	1.214E+1
568.60	7.039E+1
568.93	6.554E+1
569.27	1.456E+2
569.60	1.286E+2
569.93	7.282E+1
570.27	7.282E+1
570.60	6.796E+1
570.94	1.651E+2
571.27	7.767E+1
571.60	-2.427E+0
571.94	9.466E+1
572.27	5.340E+1
572.60	4.369E+1
572.94	1.942E+1
573.27	3.398E+1
573.60	1.942E+1
573.94	1.529E+2
574.27	3.641E+1
574.60	-1.456E+1
574.94	4.126E+1
575.27	2.913E+1
575.60	7.524E+1
575.94	2.670E+1
576.27	3.641E+1
576.60	-2.670E+1
576.94	5.825E+1
577.27	4.612E+1
577.60	4.369E+1
577.94	1.141E+2
578.27	1.602E+2
578.60	-4.854E+0
578.93	6.068E+1
579.27	9.952E+1
579.60	7.282E+1
579.93	8.495E+1
580.26	2.670E+1
580.60	-9.709E+0
580.93	8.253E+1
581.26	6.554E+1
581.59	2.184E+1
581.93	7.282E+1
582.26	2.913E+1
582.59	1.044E+2
582.92	1.699E+1
583.25	-2.427E+1
583.59	2.670E+1
583.92	9.223E+1
584.25	1.044E+2
584.58	7.767E+1
584.91	-7.524E+1
585.25	3.641E+1
585.58	-1.699E+1
585.91	-4.854E+1
586.24	1.068E+2
586.57	4.612E+1
586.90	5.825E+1
587.24	-4.854E+0
587.57	8.738E+1
587.90	-4.854E+0
588.23	-2.184E+1
588.56	-6.311E+1
588.89	1.092E+2
589.22	3.884E+1
589.56	7.039E+1
589.89	1.019E+2
590.22	6.554E+1
590.55	1.456E+1
590.88	4.854E+1
591.21	6.068E+1
591.54	2.427E+0
591.87	3.641E+1
592.20	1.699E+1
592.53	6.796E+1
592.87	4.126E+1
593.20	3.641E+1
593.53	1.214E+1
593.86	-1.456E+1
594.19	0.000E+0
594.52	1.117E+2
594.85	7.039E+1
595.18	6.311E+1
595.51	8.010E+1
595.84	4.369E+1
596.17	-8.495E+1
596.50	-2.427E+0
596.83	2.184E+1
597.16	-4.126E+1
597.49	1.699E+1
597.82	3.155E+1
598.15	7.282E+1
598.48	9.709E+0
598.81	-1.699E+1
599.14	4.612E+1
599.47	5.340E+1
599.80	1.092E+2
600.13	-3.398E+1
600.46	-3.398E+1
600.79	-7.282E+0
601.12	4.612E+1
601.45	7.524E+1
601.78	-3.641E+1
602.11	-1.214E+1
602.44	5.340E+1
602.77	6.068E+1
603.10	1.699E+1
603.42	7.524E+1
603.75	-1.456E+1
604.08	-2.427E+0
604.41	9.709E+0
604.74	3.398E+1
605.07	8.738E+1
605.40	-3.641E+1
605.73	6.068E+1
606.06	5.825E+1
606.39	-7.282E+0
606.71	1.456E+1
607.04	9.223E+1
607.37	1.092E+2
607.70	4.854E+1
608.03	4.369E+1
608.36	6.068E+1
608.69	1.699E+1
609.02	9.223E+1
609.34	1.456E+1
609.67	4.126E+1
610.00	-4.854E+0
610.33	3.884E+1
610.66	1.214E+1
610.98	3.641E+1
611.31	8.253E+1
611.64	-2.670E+1
611.97	-1.942E+1
612.30	5.583E+1
612.63	-2.427E+0
612.95	1.214E+1
613.28	4.854E+1
613.61	-5.825E+1
613.94	6.068E+1
614.26	-2.427E+1
614.59	3.884E+1
614.92	-4.369E+1
615.25	0.000E+0
615.57	-6.796E+1
615.90	8.010E+1
616.23	3.884E+1
616.56	2.184E+1
616.88	4.854E+1
617.21	1.165E+2
617.54	1.019E+2
617.87	-4.854E+0
618.19	5.583E+1
618.52	1.456E+1
618.85	-1.117E+2
619.17	1.214E+1
619.50	1.626E+2
619.83	0.000E+0
620.15	-2.427E+0
620.48	-3.155E+1
620.81	6.554E+1
621.14	-5.825E+1
621.46	1.456E+1
621.79	-6.796E+1
622.11	3.641E+1
622.44	3.398E+1
622.77	3.884E+1
623.09	5.583E+1
623.42	-5.825E+1
623.75	4.126E+1
624.07	7.524E+1
624.40	-5.825E+1
624.73	-2.670E+1
625.05	-2.427E+1
625.38	1.699E+1
625.70	-3.884E+1
626.03	2.913E+1
626.36	6.311E+1
626.68	-6.068E+1
627.01	4.369E+1
627.33	-3.398E+1
627.66	3.398E+1
627.99	4.126E+1
628.31	1.432E+2
628.64	1.141E+2
628.96	1.699E+1
629.29	6.554E+1
629.61	-1.942E+1
629.94	-1.068E+2
630.26	6.796E+1
630.59	4.854E+0
630.91	3.155E+1
631.24	-1.456E+1
631.57	1.942E+1
631.89	2.427E+1
632.22	5.097E+1
632.54	1.335E+2
632.87	-7.282E+0
633.19	4.369E+1
633.52	8.981E+1
633.84	6.554E+1
634.16	4.854E+0
634.49	6.796E+1
634.81	-2.427E+0
635.14	-3.155E+1
635.46	7.039E+1
635.79	2.670E+1
636.11	2.913E+1
636.44	1.456E+1
636.76	-6.068E+1
637.09	1.044E+2
637.41	1.699E+1
637.73	1.214E+2
638.06	-1.699E+1
638.38	2.427E+1
638.71	-5.340E+1
639.03	1.189E+2
639.36	-6.554E+1
639.68	3.641E+1
640.00	3.155E+1
640.33	1.238E+2
640.65	1.019E+2
640.97	-4.369E+1
641.30	-6.796E+1
641.62	9.952E+1
641.95	-2.427E+1
642.27	1.092E+2
642.59	-2.670E+1
642.92	-6.311E+1
643.24	7.039E+1
643.56	-1.699E+1
643.89	-4.854E+0
644.21	5.097E+1
644.53	-2.427E+0
644.86	-2.184E+1
645.18	4.854E+0
645.50	-6.068E+1
645.83	-2.913E+1
646.15	1.602E+2
646.47	-7.282E+0
646.80	-8.010E+1
647.12	1.214E+2
647.44	1.942E+1
647.76	4.126E+1
648.09	6.554E+1
648.41	1.238E+2
648.73	5.583E+1
649.05	-3.884E+1
649.38	-3.641E+1
649.70	4.854E+1
650.02	1.942E+1
650.34	-1.456E+1
650.67	7.282E+1
650.99	3.884E+1
651.31	-3.398E+1
651.63	1.942E+1
651.96	-1.214E+1
652.28	-1.214E+1
652.60	2.913E+1
652.92	4.612E+1
653.24	-7.767E+1
653.57	-4.854E+0
653.89	2.670E+1
654.21	4.854E+1
654.53	2.670E+1
654.85	7.767E+1
655.18	-7.039E+1
655.50	4.126E+1
655.82	1.214E+2
656.14	-3.641E+1
656.46	-9.709E+0
656.78	1.141E+2
657.10	5.825E+1
657.43	5.097E+1
657.75	2.427E+1
658.07	-2.913E+1
658.39	-1.942E+1
658.71	4.369E+1
659.03	7.524E+1
659.35	2.670E+1
659.67	-8.738E+1
659.99	-4.369E+1
660.32	-5.583E+1
660.64	-1.456E+1
660.96	3.884E+1
661.28	5.825E+1
661.60	8.010E+1
661.92	-2.670E+1
662.24	-9.952E+1
662.56	-3.398E+1
662.88	3.398E+1
663.20	2.427E+1
663.52	-2.427E+0
663.84	-7.524E+1
664.16	8.495E+1
664.48	-2.184E+1
664.80	1.699E+1
665.12	6.796E+1
665.44	-3.641E+1
665.76	0.000E+0
666.08	-7.039E+1
666.40	-4.126E+1
666.72	5.340E+1
667.04	3.641E+1
667.36	1.117E+2
667.68	-3.398E+1
668.00	-4.369E+1
668.32	-7.039E+1
668.64	-1.286E+2
668.96	-7.524E+1
669.28	1.214E+1
669.60	1.699E+1
669.92	1.214E+1
670.24	4.126E+1
670.56	-2.670E+1
670.88	6.068E+1
671.20	3.155E+1
671.52	6.311E+1
671.84	9.709E+0
672.16	-5.583E+1
672.47	0.000E+0
672.79	-1.699E+1
673.11	3.155E+1
673.43	-8.253E+1
673.75	8.253E+1
674.07	4.854E+0
674.39	6.068E+1
674.71	4.854E+1
675.03	3.641E+1
675.34	6.068E+1
675.66	-8.010E+1
675.98	6.068E+1
676.30	1.262E+2
676.62	-5.825E+1
676.94	-6.311E+1
677.25	-2.427E+1
677.57	-2.913E+1
677.89	9.709E+0
678.21	-2.427E+1
678.53	-3.641E+1
678.85	-1.214E+1
679.16	6.311E+1
679.48	-2.427E+1
679.80	6.554E+1
680.12	4.854E+1
680.44	-3.398E+1
680.75	-2.427E+0
681.07	4.126E+1
681.39	4.612E+1
681.71	-2.427E+1
682.02	-1.214E+1
682.34	-5.340E+1
682.66	5.583E+1
682.98	1.165E+2
683.29	1.699E+1
683.61	-8.010E+1
683.93	2.184E+1
684.25	4.854E+0
684.56	4.854E+1
684.88	1.456E+1
685.20	-9.709E+1
685.51	7.282E+0
685.83	-5.097E+1
686.15	3.884E+1
686.47	1.918E+2
686.78	4.854E+0
687.10	1.456E+1
687.42	3.884E+1
687.73	6.311E+1
688.05	2.427E+0
688.37	-2.427E+0
688.68	2.427E+0
689.00	6.796E+1
689.32	-5.097E+1
689.63	7.039E+1
689.95	-4.612E+1
690.26	-2.184E+1
690.58	8.738E+1
690.90	-3.155E+1
691.21	-7.524E+1
691.53	2.184E+1
691.85	8.010E+1
692.16	4.854E+0
692.48	2.427E+0
692.79	-5.097E+1
693.11	4.854E+1
693.42	1.311E+2
693.74	-1.214E+1
694.06	1.456E+1
694.37	3.155E+1
694.69	4.854E+1
695.00	-3.641E+1
695.32	-7.282E+0
695.63	-7.282E+0
695.95	-2.184E+1
696.26	0.000E+0
696.58	-4.854E+1
696.90	-1.578E+2
697.21	-8.738E+1
697.53	7.039E+1
697.84	3.884E+1
698.16	9.709E+1
698.47	-2.670E+1
698.79	4.854E+0
699.10	3.641E+1
699.42	1.942E+1
699.73	-2.427E+1
700.05	4.854E+0
700.36	6.068E+1
700.68	-9.709E+0
700.99	2.427E+1
701.30	6.068E+1
701.62	7.282E+0
701.93	-1.699E+1
702.25	-9.709E+0
702.56	2.184E+1
702.88	-2.427E+1
703.19	3.155E+1
703.50	3.155E+1
703.82	3.884E+1
704.13	-3.884E+1
704.45	-8.495E+1
704.76	4.126E+1
705.08	3.884E+1
705.39	1.019E+2
705.70	1.214E+2
706.02	2.184E+1
706.33	4.126E+1
706.64	3.884E+1
706.96	1.189E+2
707.27	3.155E+1
707.59	-7.282E+1
707.90	7.767E+1
708.21	-7.282E+1
708.53	-3.155E+1
708.84	-5.583E+1
709.15	-1.699E+1
709.47	1.117E+2
709.78	7.524E+1
710.09	-1.699E+1
710.41	-4.854E+1
710.72	-1.456E+1
711.03	5.097E+1
711.34	1.408E+2
711.66	-2.670E+1
711.97	-3.884E+1
712.28	1.214E+1
712.60	4.126E+1
712.91	-1.214E+1
713.22	2.427E+0
713.53	1.456E+1
713.85	2.427E+1
714.16	-3.398E+1
714.47	-3.398E+1
714.78	-1.214E+1
715.10	7.039E+1
715.41	-5.583E+1
715.72	-8.010E+1
716.03	6.068E+1
716.35	-5.583E+1
716.66	-5.825E+1
716.97	1.117E+2
717.28	-1.456E+1
717.59	-3.641E+1
717.91	2.913E+1
718.22	5.340E+1
718.53	6.554E+1
718.84	5.583E+1
719.15	4.126E+1
719.46	-7.282E+1
719.78	-7.282E+0
720.09	3.398E+1
720.40	-1.044E+2
720.71	5.583E+1
721.02	5.097E+1
721.33	9.709E+0
721.65	-2.427E+0
721.96	-1.699E+1
722.27	-1.214E+1
722.58	4.369E+1
722.89	2.427E+1
723.20	0.000E+0
723.51	-3.641E+1
723.82	8.010E+1
724.13	-6.068E+1
724.45	1.699E+1
724.76	5.340E+1
725.07	1.942E+1
725.38	-3.398E+1
725.69	1.699E+1
726.00	-7.524E+1
726.31	2.670E+1
726.62	-3.398E+1
726.93	2.427E+0
727.24	3.155E+1
727.55	6.311E+1
727.86	5.097E+1
728.17	-2.184E+1
728.48	-3.398E+1
728.79	-9.223E+1
729.10	-1.699E+1
729.41	6.554E+1
729.72	1.214E+1
730.03	8.495E+1
730.34	-1.699E+1
730.65	3.155E+1
730.96	-5.097E+1
731.27	-1.456E+1
731.58	-5.583E+1
731.89	1.214E+1
732.20	3.155E+1
732.51	-1.214E+1
732.82	5.583E+1
733.13	7.039E+1
733.44	-2.670E+1
733.75	0.000E+0
734.06	-6.311E+1
734.37	7.767E+1
734.68	5.340E+1
734.98	3.398E+1
735.29	3.884E+1
735.60	1.481E+2
735.91	9.709E+0
736.22	-7.039E+1
736.53	1.214E+1
736.84	6.796E+1
737.15	0.000E+0
737.46	-4.854E+0
737.77	-9.709E+0
738.07	3.641E+1
738.38	4.854E+1
738.69	7.767E+1
739.00	1.699E+1
739.31	9.223E+1
739.62	5.340E+1
739.92	0.000E+0
740.23	-5.825E+1
740.54	3.641E+1
740.85	4.612E+1
741.16	8.981E+1
741.47	3.398E+1
741.77	5.825E+1
742.08	-8.738E+1
742.39	-5.583E+1
742.70	7.282E+1
743.01	3.155E+1
743.31	9.223E+1
743.62	1.942E+1
743.93	1.189E+2
744.24	2.427E+0
744.54	0.000E+0
744.85	9.952E+1
745.16	1.456E+1
745.47	3.884E+1
745.77	4.369E+1
746.08	-3.398E+1
746.39	1.456E+1
746.70	-1.214E+1
747.00	3.398E+1
747.31	2.184E+1
747.62	7.282E+0
747.92	-2.427E+0
748.23	-1.214E+1
748.54	7.524E+1
748.84	1.699E+1
749.15	2.184E+1
749.46	-4.854E+0
749.76	2.670E+1
750.07	-2.670E+1
750.38	1.311E+2
750.68	9.709E+0
750.99	7.039E+1
751.30	-5.825E+1
751.60	-1.942E+1
751.91	4.126E+1
752.22	-6.796E+1
752.52	4.126E+1
752.83	-3.884E+1
753.14	-4.854E+0
753.44	-1.214E+1
753.75	7.767E+1
754.05	2.184E+1
754.36	2.913E+1
754.67	-2.427E+0
754.97	-1.942E+1
755.28	5.825E+1
755.58	-4.854E+1
755.89	4.854E+0
756.19	2.670E+1
756.50	5.825E+1
756.81	1.942E+1
757.11	-3.884E+1
757.42	-3.155E+1
757.72	3.398E+1
758.03	5.340E+1
758.33	6.796E+1
758.64	3.884E+1
758.94	-9.709E+0
759.25	-5.583E+1
759.55	3.641E+1
759.86	-4.369E+1
760.16	1.456E+1
760.47	4.854E+1
760.77	2.670E+1
761.08	5.583E+1
761.38	5.097E+1
761.69	7.282E+0
761.99	9.709E+0
762.30	-3.155E+1
762.60	-5.340E+1
762.91	-5.097E+1
763.21	-9.709E+0
763.51	7.282E+1
763.82	5.583E+1
764.12	-3.155E+1
764.43	6.311E+1
764.73	-4.854E+0
765.04	4.612E+1
765.34	-8.253E+1
765.64	9.223E+1
765.95	7.039E+1
766.25	1.699E+1
766.56	-3.398E+1
766.86	-2.427E+0
767.16	-2.427E+0
767.47	-1.699E+1
767.77	4.126E+1
768.07	-7.524E+1
768.38	-1.456E+1
768.68	1.044E+2
768.98	3.884E+1
769.29	-6.068E+1
769.59	7.282E+0
769.89	-8.010E+1
770.20	9.709E+0
770.50	-9.709E+0
770.80	-3.155E+1
771.11	5.825E+1
771.41	-3.641E+1
771.71	-5.825E+1
772.02	-2.913E+1
772.32	0.000E+0
772.62	-4.369E+1
772.93	-2.184E+1
773.23	5.825E+1
773.53	5.340E+1
773.83	-2.913E+1
774.14	9.952E+1
774.44	-7.282E+1
774.74	3.884E+1
775.04	-2.670E+1
775.35	-2.427E+1
775.65	-1.214E+1
775.95	-1.286E+2
776.25	-2.913E+1
776.55	6.068E+1
776.86	2.184E+1
777.16	-5.097E+1
777.46	4.369E+1
777.76	-1.942E+1
778.06	4.126E+1
778.37	-9.952E+1
778.67	7.767E+1
778.97	7.524E+1
779.27	1.214E+2
779.57	-2.427E+0
779.88	3.884E+1
780.18	5.825E+1
780.48	-4.126E+1
780.78	-5.583E+1
781.08	5.825E+1
781.38	9.709E+0
781.68	1.942E+1
781.98	9.709E+0
782.29	1.214E+1
782.59	4.369E+1
782.89	4.369E+1
783.19	-3.884E+1
783.49	5.340E+1
783.79	-4.126E+1
784.09	8.010E+1
784.39	-8.495E+1
784.69	1.456E+1
784.99	6.554E+1
785.30	-6.796E+1
785.60	5.825E+1
785.90	8.010E+1
786.20	2.427E+0
786.50	-1.699E+1
786.80	2.427E+1
787.10	-1.651E+2
787.40	-2.427E+0
787.70	-9.709E+0
788.00	5.097E+1
788.30	1.214E+1
788.60	-4.854E+1
788.90	7.282E+0
789.20	5.340E+1
789.50	3.398E+1
789.80	-2.184E+1
790.10	-4.854E+1
790.40	-1.699E+1
790.70	2.670E+1
791.00	1.044E+2
791.30	3.155E+1
791.60	-6.311E+1
791.90	-2.427E+0
792.20	1.456E+1
792.50	1.942E+1
792.79	1.141E+2
793.09	4.612E+1
793.39	3.641E+1
793.69	7.039E+1
793.99	1.942E+1
794.29	-2.427E+1
794.59	-3.641E+1
794.89	-3.884E+1
795.19	0.000E+0
795.49	4.854E+0
795.79	2.209E+2
796.08	4.854E+0
796.38	-8.738E+1
796.68	1.456E+1
796.98	7.282E+0
797.28	-4.369E+1
797.58	1.699E+1
797.88	-6.796E+1
798.17	-4.612E+1
798.47	-4.369E+1
798.77	3.155E+1
799.07	-1.456E+1
799.37	1.117E+2
799.67	-1.675E+2
799.96	-8.495E+1
800.26	-3.884E+1
800.56	8.981E+1
800.86	-1.699E+1
801.16	2.913E+1
801.45	2.913E+1
801.75	-2.427E+1
802.05	-5.097E+1
802.35	-3.641E+1
802.64	3.398E+1
802.94	-1.456E+1
803.24	-6.554E+1
803.54	3.155E+1
803.83	6.311E+1
804.13	-1.141E+2
804.43	2.670E+1
804.73	2.427E+0
805.02	-1.214E+1
805.32	-9.466E+1
805.62	-4.612E+1
805.91	-5.825E+1
806.21	0.000E+0
806.51	3.155E+1
806.81	4.854E+0
807.10	1.019E+2
807.40	1.117E+2
807.70	7.767E+1
807.99	1.214E+1
808.29	5.583E+1
808.59	6.554E+1
808.88	4.126E+1
809.18	-1.165E+2
809.47	-4.612E+1
809.77	2.427E+1
810.07	2.670E+1
810.36	-7.767E+1
810.66	4.854E+1
810.96	-2.427E+1
811.25	2.184E+1
811.55	-3.884E+1
811.84	-2.913E+1
812.14	-8.738E+1
812.44	4.612E+1
812.73	6.554E+1
813.03	2.427E+1
813.32	1.456E+1
813.62	-9.223E+1
813.91	6.068E+1
814.21	-4.854E+0
814.51	7.524E+1
814.80	3.641E+1
815.10	8.981E+1
815.39	-2.427E+1
815.69	8.495E+1
815.98	5.340E+1
816.28	1.214E+1
816.57	7.282E+0
816.87	-1.214E+1
817.16	-4.854E+0
817.46	2.427E+0
817.75	-9.952E+1
818.05	-3.884E+1
818.34	-1.456E+1
818.64	2.184E+1
818.93	-5.583E+1
819.23	-7.282E+0
819.52	9.223E+1
819.82	7.039E+1
820.11	-2.427E+0
820.40	-4.612E+1
820.70	7.767E+1
820.99	5.583E+1
821.29	-1.456E+1
821.58	-7.524E+1
821.88	7.282E+0
822.17	8.253E+1
822.46	-5.097E+1
822.76	-1.699E+1
823.05	4.854E+1
823.35	4.126E+1
823.64	3.155E+1
823.93	-2.427E+1
824.23	-3.398E+1
824.52	1.456E+1
824.81	1.214E+1
825.11	4.854E+1
825.40	-2.184E+1
825.69	1.384E+2
825.99	-1.141E+2
826.28	2.427E+1
826.58	5.340E+1
826.87	1.214E+1
827.16	-1.214E+1
827.45	2.913E+1
827.75	-3.155E+1
828.04	4.612E+1
828.33	-4.854E+1
828.63	-8.738E+1
828.92	2.913E+1
829.21	4.369E+1
829.51	-3.398E+1
829.80	-1.456E+1
830.09	1.942E+1
830.38	3.398E+1
830.68	-5.583E+1
830.97	7.282E+0
831.26	6.554E+1
831.55	8.253E+1
831.85	-6.554E+1
832.14	-6.311E+1
832.43	-2.427E+0
832.72	-2.184E+1
833.01	-3.155E+1
833.31	1.942E+1
833.60	-8.010E+1
833.89	7.282E+1
834.18	3.884E+1
834.47	-9.709E+0
834.77	-1.942E+1
835.06	-9.466E+1
835.35	4.126E+1
835.64	3.398E+1
835.93	-6.311E+1
836.22	4.854E+0
836.52	-4.854E+0
836.81	3.884E+1
837.10	-4.126E+1
837.39	3.641E+1
837.68	5.097E+1
837.97	7.282E+0
838.26	1.456E+1
838.55	-4.126E+1
838.85	-6.554E+1
839.14	-9.709E+0
839.43	2.670E+1
839.72	7.282E+0
840.01	-1.456E+1
840.30	-2.670E+1
840.59	4.854E+1
840.88	-4.126E+1
841.17	1.456E+1
841.46	3.641E+1
841.75	3.155E+1
842.04	2.427E+1
842.33	1.699E+1
842.62	-2.670E+1
842.91	1.942E+1
843.21	4.369E+1
843.50	3.641E+1
843.79	2.184E+1
844.08	-2.427E+0
844.37	9.709E+0
844.66	-3.641E+1
844.95	-3.884E+1
845.24	-1.068E+2
845.53	3.398E+1
845.81	6.311E+1
846.10	2.427E+1
846.39	2.427E+1
846.68	9.709E+0
846.97	-7.282E+0
847.26	-7.039E+1
847.55	-2.184E+1
847.84	-3.641E+1
848.13	-3.398E+1
848.42	-9.709E+0
848.71	-4.369E+1
849.00	7.282E+1
849.29	6.311E+1
849.58	-5.097E+1
849.87	-7.282E+1
850.15	2.184E+1
850.44	3.641E+1
850.73	-1.214E+1
851.02	-1.942E+1
851.31	-2.670E+1
851.60	0.000E+0
851.89	-7.282E+0
852.18	5.340E+1
852.46	-4.369E+1
852.75	-1.942E+1
853.04	-2.427E+1
853.33	-4.126E+1
853.62	4.126E+1
853.91	-7.282E+0
854.19	9.709E+0
854.48	3.155E+1
854.77	4.612E+1
855.06	5.097E+1
855.35	-3.884E+1
855.63	1.456E+1
855.92	7.282E+0
856.21	-2.913E+1
856.50	3.641E+1
856.79	-6.311E+1
857.07	6.068E+1
857.36	-1.141E+2
857.65	-4.369E+1
857.94	1.189E+2
858.22	1.214E+1
858.51	8.495E+1
858.80	7.282E+1
859.08	4.612E+1
859.37	-6.796E+1
859.66	7.282E+0
859.95	1.699E+1
860.23	-1.481E+2
860.52	6.554E+1
860.81	-2.913E+1
861.09	-9.709E+0
861.38	5.097E+1
861.67	7.282E+0
861.95	-2.670E+1
862.24	1.068E+2
862.53	1.942E+1
862.81	2.427E+0
863.10	-4.126E+1
863.39	7.282E+0
863.67	1.456E+1
863.96	6.796E+1
864.25	2.427E+1
864.53	8.253E+1
864.82	4.126E+1
865.10	7.524E+1
865.39	4.854E+1
865.68	-2.427E+0
865.96	6.068E+1
866.25	-4.854E+1
866.53	-4.854E+1
866.82	-4.854E+1