Wavelength	Intensity	Ocean Optics Flame
nm	counts
187.89	-4.126E+1
188.27	-1.214E+1
188.64	6.068E+1
189.02	8.738E+1
189.40	9.466E+1
189.78	-1.699E+1
190.15	3.884E+1
190.53	-5.097E+1
190.91	1.942E+1
191.29	4.612E+1
191.66	2.184E+1
192.04	8.253E+1
192.42	-1.092E+2
192.80	8.738E+1
193.17	4.854E+1
193.55	1.456E+1
193.93	4.126E+1
194.30	5.097E+1
194.68	-5.825E+1
195.06	-3.398E+1
195.44	-8.981E+1
195.81	1.214E+1
196.19	-7.767E+1
196.57	-1.942E+1
196.94	-7.282E+0
197.32	-4.126E+1
197.70	8.253E+1
198.07	-2.913E+1
198.45	-6.796E+1
198.83	-9.709E+0
199.20	-7.039E+1
199.58	-1.141E+2
199.96	-2.427E+1
200.33	-2.427E+1
200.71	6.311E+1
201.09	-1.699E+1
201.46	3.398E+1
201.84	6.068E+1
202.22	-5.583E+1
202.59	7.524E+1
202.97	4.369E+1
203.34	5.583E+1
203.72	4.854E+0
204.10	7.039E+1
204.47	5.340E+1
204.85	-2.670E+1
205.23	-3.884E+1
205.60	1.044E+2
205.98	1.117E+2
206.35	-7.282E+0
206.73	1.214E+1
207.11	-3.398E+1
207.48	-7.039E+1
207.86	-8.010E+1
208.23	-7.282E+1
208.61	4.612E+1
208.98	-1.723E+2
209.36	-2.427E+0
209.74	9.709E+0
210.11	2.184E+1
210.49	-4.369E+1
210.86	1.699E+1
211.24	-7.039E+1
211.61	6.311E+1
211.99	2.427E+0
212.36	3.641E+1
212.74	3.155E+1
213.11	7.282E+0
213.49	8.981E+1
213.87	7.039E+1
214.24	3.641E+1
214.62	8.010E+1
214.99	-1.942E+1
215.37	-5.825E+1
215.74	-4.369E+1
216.12	-5.340E+1
216.49	-7.767E+1
216.87	4.854E+0
217.24	7.282E+1
217.62	-7.282E+0
217.99	1.044E+2
218.37	-5.825E+1
218.74	3.641E+1
219.11	7.524E+1
219.49	1.942E+1
219.86	6.796E+1
220.24	9.709E+0
220.61	-4.854E+1
220.99	6.554E+1
221.36	-5.340E+1
221.74	-7.282E+1
222.11	1.456E+1
222.49	-5.825E+1
222.86	-9.709E+0
223.23	5.583E+1
223.61	1.578E+2
223.98	-2.184E+1
224.36	6.311E+1
224.73	1.942E+1
225.11	-7.767E+1
225.48	1.942E+1
225.85	2.670E+1
226.23	6.554E+1
226.60	3.398E+1
226.98	-8.738E+1
227.35	3.398E+1
227.72	-3.884E+1
228.10	2.427E+0
228.47	-7.524E+1
228.84	-8.738E+1
229.22	2.184E+1
229.59	-5.340E+1
229.97	4.854E+0
230.34	-2.427E+0
230.71	-7.282E+1
231.09	-1.019E+2
231.46	7.524E+1
231.83	-7.524E+1
232.21	-3.155E+1
232.58	3.641E+1
232.95	3.155E+1
233.33	9.952E+1
233.70	4.369E+1
234.07	-8.981E+1
234.45	-4.612E+1
234.82	-1.456E+1
235.19	3.155E+1
235.57	3.641E+1
235.94	4.854E+0
236.31	4.612E+1
236.69	-8.495E+1
237.06	-9.709E+0
237.43	-5.825E+1
237.80	4.126E+1
238.18	4.369E+1
238.55	4.369E+1
238.92	2.913E+1
239.30	2.913E+1
239.67	4.854E+1
240.04	-4.126E+1
240.41	-1.699E+1
240.79	-2.913E+1
241.16	1.068E+2
241.53	-9.709E+0
241.90	7.282E+0
242.28	5.825E+1
242.65	2.913E+1
243.02	-3.884E+1
243.39	-8.738E+1
243.77	-1.456E+1
244.14	1.068E+2
244.51	-2.913E+1
244.88	-2.913E+1
245.25	2.427E+1
245.63	-1.214E+1
246.00	-3.884E+1
246.37	-1.602E+2
246.74	7.282E+1
247.11	-5.097E+1
247.49	-6.311E+1
247.86	1.311E+2
248.23	1.189E+2
248.60	6.068E+1
248.97	-2.913E+1
249.35	9.466E+1
249.72	6.554E+1
250.09	2.670E+1
250.46	-1.359E+2
250.83	9.709E+0
251.20	1.214E+1
251.58	-2.913E+1
251.95	1.456E+1
252.32	8.738E+1
252.69	0.000E+0
253.06	-3.398E+1
253.43	1.456E+1
253.80	-1.335E+2
254.17	1.262E+2
254.55	2.913E+1
254.92	-6.554E+1
255.29	-3.155E+1
255.66	1.942E+1
256.03	3.884E+1
256.40	1.117E+2
256.77	6.068E+1
257.14	5.340E+1
257.51	3.884E+1
257.88	-1.165E+2
258.26	1.699E+1
258.63	3.155E+1
259.00	-4.612E+1
259.37	6.796E+1
259.74	0.000E+0
260.11	-2.427E+1
260.48	8.981E+1
260.85	1.942E+1
261.22	-9.709E+0
261.59	9.223E+1
261.96	-7.282E+0
262.33	-4.854E+0
262.70	3.398E+1
263.07	4.854E+0
263.44	4.126E+1
263.81	-4.854E+1
264.18	-1.699E+1
264.55	-1.699E+1
264.92	-7.282E+0
265.29	-4.854E+0
265.66	7.282E+1
266.03	-2.184E+1
266.40	-5.583E+1
266.77	-3.155E+1
267.14	2.670E+1
267.51	2.427E+0
267.88	1.699E+1
268.25	6.068E+1
268.62	3.641E+1
268.99	5.825E+1
269.36	2.427E+1
269.73	-9.952E+1
270.10	2.184E+1
270.47	7.282E+1
270.84	-2.913E+1
271.21	-1.699E+1
271.58	-4.126E+1
271.95	-4.854E+0
272.32	-8.495E+1
272.69	5.340E+1
273.06	3.155E+1
273.43	-5.097E+1
273.80	-7.282E+0
274.17	7.767E+1
274.53	4.612E+1
274.90	1.044E+2
275.27	8.253E+1
275.64	-1.456E+1
276.01	-1.942E+1
276.38	-4.369E+1
276.75	9.709E+0
277.12	4.126E+1
277.49	-2.184E+1
277.86	-2.427E+1
278.22	-2.184E+1
278.59	-3.884E+1
278.96	2.670E+1
279.33	4.854E+0
279.70	2.670E+1
280.07	-1.456E+1
280.44	2.427E+1
280.80	-5.097E+1
281.17	2.670E+1
281.54	9.709E+0
281.91	6.068E+1
282.28	5.583E+1
282.65	-9.709E+0
283.02	9.709E+0
283.38	-1.456E+1
283.75	-5.097E+1
284.12	1.141E+2
284.49	3.884E+1
284.86	-1.456E+1
285.22	-7.282E+0
285.59	-1.699E+1
285.96	2.427E+1
286.33	2.427E+1
286.70	-7.282E+0
287.06	2.670E+1
287.43	-7.039E+1
287.80	2.427E+0
288.17	9.952E+1
288.53	-9.709E+0
288.90	-1.942E+1
289.27	3.155E+1
289.64	1.796E+2
290.01	4.369E+1
290.37	-4.369E+1
290.74	9.709E+0
291.11	5.583E+1
291.48	-1.699E+1
291.84	-1.214E+1
292.21	-2.670E+1
292.58	-9.223E+1
292.94	-1.699E+1
293.31	-4.369E+1
293.68	-2.184E+1
294.05	-9.709E+0
294.41	-1.214E+1
294.78	7.282E+1
295.15	-4.612E+1
295.51	8.981E+1
295.88	7.767E+1
296.25	5.825E+1
296.61	5.583E+1
296.98	4.126E+1
297.35	1.505E+2
297.72	1.456E+1
298.08	1.311E+2
298.45	8.010E+1
298.82	3.398E+1
299.18	4.126E+1
299.55	-7.282E+0
299.91	2.184E+1
300.28	2.427E+1
300.65	-4.612E+1
301.01	4.854E+0
301.38	3.641E+1
301.75	-8.981E+1
302.11	2.184E+1
302.48	2.427E+0
302.85	7.524E+1
303.21	-3.641E+1
303.58	-3.884E+1
303.94	-1.311E+2
304.31	-4.126E+1
304.68	-4.854E+0
305.04	6.068E+1
305.41	-1.456E+1
305.77	3.155E+1
306.14	2.670E+1
306.51	-8.495E+1
306.87	0.000E+0
307.24	1.432E+2
307.60	-5.340E+1
307.97	9.952E+1
308.33	-8.010E+1
308.70	5.825E+1
309.07	-2.184E+1
309.43	-1.699E+1
309.80	3.398E+1
310.16	3.641E+1
310.53	-4.854E+1
310.89	-9.709E+0
311.26	5.340E+1
311.62	-5.097E+1
311.99	4.612E+1
312.35	-6.796E+1
312.72	1.214E+2
313.08	-2.670E+1
313.45	-4.612E+1
313.81	5.583E+1
314.18	4.854E+0
314.54	-7.039E+1
314.91	-1.214E+1
315.27	7.767E+1
315.64	8.010E+1
316.00	7.282E+0
316.37	0.000E+0
316.73	-4.369E+1
317.10	3.884E+1
317.46	3.398E+1
317.83	-1.456E+1
318.19	1.456E+1
318.56	-9.952E+1
318.92	3.398E+1
319.28	-2.184E+1
319.65	-3.641E+1
320.01	5.583E+1
320.38	4.369E+1
320.74	2.670E+1
321.11	4.854E+1
321.47	1.238E+2
321.83	-2.427E+0
322.20	5.583E+1
322.56	9.709E+1
322.93	6.311E+1
323.29	-1.456E+1
323.66	2.913E+1
324.02	-5.825E+1
324.38	-9.709E+0
324.75	6.068E+1
325.11	1.214E+1
325.47	3.398E+1
325.84	-9.709E+1
326.20	3.398E+1
326.57	1.092E+2
326.93	-2.913E+1
327.29	1.699E+1
327.66	4.369E+1
328.02	8.981E+1
328.38	2.184E+1
328.75	1.117E+2
329.11	-2.670E+1
329.47	8.981E+1
329.84	-3.884E+1
330.20	-7.282E+0
330.56	7.039E+1
330.93	-1.214E+1
331.29	-6.554E+1
331.65	2.913E+1
332.02	-5.340E+1
332.38	-4.369E+1
332.74	3.641E+1
333.10	3.155E+1
333.47	3.398E+1
333.83	3.641E+1
334.19	-3.155E+1
334.56	-6.068E+1
334.92	-3.884E+1
335.28	5.097E+1
335.64	3.641E+1
336.01	2.427E+0
336.37	-9.709E+0
336.73	1.942E+1
337.09	-2.427E+1
337.46	-2.913E+1
337.82	3.398E+1
338.18	1.456E+1
338.54	2.427E+1
338.91	-2.427E+0
339.27	6.311E+1
339.63	5.097E+1
339.99	7.282E+0
340.36	2.670E+1
340.72	-1.214E+1
341.08	2.184E+1
341.44	-2.913E+1
341.80	-1.942E+1
342.17	9.223E+1
342.53	-7.282E+0
342.89	-4.612E+1
343.25	2.427E+1
343.61	8.738E+1
343.98	7.282E+0
344.34	7.524E+1
344.70	-1.214E+1
345.06	1.214E+1
345.42	4.854E+1
345.78	1.699E+2
346.14	2.913E+1
346.51	-4.369E+1
346.87	5.097E+1
347.23	1.942E+1
347.59	-7.282E+0
347.95	-5.340E+1
348.31	-1.214E+1
348.67	-3.398E+1
349.04	6.311E+1
349.40	-1.214E+1
349.76	3.641E+1
350.12	-3.155E+1
350.48	6.068E+1
350.84	8.010E+1
351.20	1.456E+2
351.56	6.068E+1
351.92	4.369E+1
352.28	1.189E+2
352.65	1.699E+1
353.01	5.340E+1
353.37	3.155E+1
353.73	8.981E+1
354.09	7.039E+1
354.45	9.223E+1
354.81	9.466E+1
355.17	2.913E+1
355.53	4.126E+1
355.89	2.184E+1
356.25	-6.068E+1
356.61	1.699E+1
356.97	0.000E+0
357.33	4.854E+0
357.69	1.286E+2
358.05	8.981E+1
358.41	1.602E+2
358.77	1.942E+1
359.13	7.524E+1
359.49	2.913E+1
359.85	3.641E+1
360.21	3.155E+1
360.57	6.311E+1
360.93	1.262E+2
361.29	-1.456E+1
361.65	-1.456E+1
362.01	-5.097E+1
362.37	3.641E+1
362.73	3.884E+1
363.09	6.068E+1
363.45	1.141E+2
363.81	5.825E+1
364.17	2.670E+1
364.53	8.738E+1
364.89	1.626E+2
365.25	-3.155E+1
365.61	1.068E+2
365.97	5.583E+1
366.33	2.913E+1
366.69	-2.427E+0
367.05	-4.854E+0
367.40	8.253E+1
367.76	4.126E+1
368.12	8.253E+1
368.48	9.223E+1
368.84	1.141E+2
369.20	1.092E+2
369.56	5.825E+1
369.92	5.583E+1
370.28	1.141E+2
370.63	1.117E+2
370.99	5.340E+1
371.35	1.456E+2
371.71	2.913E+1
372.07	1.553E+2
372.43	1.772E+2
372.79	3.155E+1
373.15	1.505E+2
373.50	1.845E+2
373.86	1.068E+2
374.22	2.063E+2
374.58	1.481E+2
374.94	1.772E+2
375.30	2.379E+2
375.65	2.816E+2
376.01	2.524E+2
376.37	2.621E+2
376.73	2.718E+2
377.09	4.248E+2
377.44	2.282E+2
377.80	2.816E+2
378.16	3.107E+2
378.52	3.350E+2
378.88	4.296E+2
379.23	5.024E+2
379.59	3.932E+2
379.95	4.320E+2
380.31	3.908E+2
380.66	4.782E+2
381.02	5.971E+2
381.38	6.335E+2
381.74	7.112E+2
382.09	9.248E+2
382.45	8.277E+2
382.81	9.636E+2
383.17	8.956E+2
383.52	1.066E+3
383.88	1.197E+3
384.24	1.267E+3
384.60	1.233E+3
384.95	1.483E+3
385.31	1.578E+3
385.67	1.670E+3
386.02	1.944E+3
386.38	2.146E+3
386.74	2.274E+3
387.10	2.439E+3
387.45	2.748E+3
387.81	2.769E+3
388.17	3.277E+3
388.52	3.459E+3
388.88	3.738E+3
389.24	4.233E+3
389.59	4.524E+3
389.95	4.842E+3
390.31	5.267E+3
390.66	5.675E+3
391.02	6.097E+3
391.38	6.515E+3
391.73	7.408E+3
392.09	7.634E+3
392.44	8.338E+3
392.80	8.966E+3
393.16	9.631E+3
393.51	1.051E+4
393.87	1.103E+4
394.23	1.195E+4
394.58	1.269E+4
394.94	1.341E+4
395.29	1.411E+4
395.65	1.530E+4
396.01	1.623E+4
396.36	1.697E+4
396.72	1.862E+4
397.07	1.926E+4
397.43	2.061E+4
397.78	2.161E+4
398.14	2.290E+4
398.50	2.409E+4
398.85	2.532E+4
399.21	2.601E+4
399.56	2.811E+4
399.92	2.947E+4
400.27	3.107E+4
400.63	3.236E+4
400.98	3.388E+4
401.34	3.521E+4
401.69	3.694E+4
402.05	3.802E+4
402.40	3.922E+4
402.76	4.060E+4
403.11	4.200E+4
403.47	4.384E+4
403.82	4.365E+4
404.18	4.566E+4
404.53	4.653E+4
404.89	4.832E+4
405.24	4.863E+4
405.60	4.919E+4
405.95	5.015E+4
406.31	5.067E+4
406.66	5.054E+4
407.02	5.018E+4
407.37	5.040E+4
407.73	4.987E+4
408.08	5.075E+4
408.44	4.955E+4
408.79	4.923E+4
409.14	4.863E+4
409.50	4.796E+4
409.85	4.627E+4
410.21	4.507E+4
410.56	4.361E+4
410.92	4.193E+4
411.27	4.032E+4
411.62	3.835E+4
411.98	3.647E+4
412.33	3.409E+4
412.69	3.302E+4
413.04	3.076E+4
413.39	2.881E+4
413.75	2.730E+4
414.10	2.583E+4
414.45	2.437E+4
414.81	2.300E+4
415.16	2.150E+4
415.52	2.026E+4
415.87	1.925E+4
416.22	1.805E+4
416.58	1.679E+4
416.93	1.587E+4
417.28	1.495E+4
417.64	1.419E+4
417.99	1.338E+4
418.34	1.273E+4
418.70	1.212E+4
419.05	1.145E+4
419.40	1.112E+4
419.76	1.034E+4
420.11	9.922E+3
420.46	9.600E+3
420.81	9.024E+3
421.17	8.478E+3
421.52	8.129E+3
421.87	7.879E+3
422.23	7.362E+3
422.58	6.901E+3
422.93	6.689E+3
423.28	6.214E+3
423.64	6.070E+3
423.99	5.813E+3
424.34	5.486E+3
424.69	5.369E+3
425.05	4.777E+3
425.40	4.570E+3
425.75	4.405E+3
426.10	4.087E+3
426.46	4.078E+3
426.81	3.655E+3
427.16	3.522E+3
427.51	3.204E+3
427.87	3.175E+3
428.22	3.049E+3
428.57	2.968E+3
428.92	2.735E+3
429.27	2.617E+3
429.63	2.388E+3
429.98	2.364E+3
430.33	2.252E+3
430.68	2.257E+3
431.03	1.993E+3
431.38	2.005E+3
431.74	1.968E+3
432.09	1.806E+3
432.44	1.813E+3
432.79	1.711E+3
433.14	1.561E+3
433.49	1.527E+3
433.85	1.485E+3
434.20	1.478E+3
434.55	1.381E+3
434.90	1.260E+3
435.25	1.330E+3
435.60	1.238E+3
435.95	1.124E+3
436.30	1.066E+3
436.66	1.163E+3
437.01	1.083E+3
437.36	1.036E+3
437.71	1.066E+3
438.06	9.369E+2
438.41	9.660E+2
438.76	7.986E+2
439.11	8.301E+2
439.46	7.791E+2
439.81	8.083E+2
440.16	7.791E+2
440.52	7.087E+2
440.87	6.481E+2
441.22	7.039E+2
441.57	5.801E+2
441.92	5.049E+2
442.27	5.291E+2
442.62	5.850E+2
442.97	5.510E+2
443.32	5.219E+2
443.67	4.854E+2
444.02	3.811E+2
444.37	3.811E+2
444.72	3.422E+2
445.07	3.884E+2
445.42	4.320E+2
445.77	4.369E+2
446.12	4.102E+2
446.47	3.932E+2
446.82	3.107E+2
447.17	3.859E+2
447.52	3.835E+2
447.87	3.325E+2
448.22	3.083E+2
448.57	3.398E+2
448.92	2.694E+2
449.27	3.422E+2
449.62	2.646E+2
449.97	3.398E+2
450.32	3.301E+2
450.66	3.811E+2
451.01	2.015E+2
451.36	1.966E+2
451.71	2.670E+2
452.06	2.282E+2
452.41	2.257E+2
452.76	1.772E+2
453.11	9.952E+1
453.46	2.209E+2
453.81	1.966E+2
454.16	2.427E+2
454.51	2.136E+2
454.85	1.165E+2
455.20	8.738E+1
455.55	1.092E+2
455.90	1.311E+2
456.25	5.340E+1
456.60	1.942E+2
456.95	6.311E+1
457.30	1.238E+2
457.64	8.010E+1
457.99	8.495E+1
458.34	1.359E+2
458.69	3.155E+1
459.04	1.335E+2
459.39	5.583E+1
459.73	1.092E+2
460.08	4.369E+1
460.43	1.432E+2
460.78	8.495E+1
461.13	1.262E+2
461.48	3.398E+1
461.82	5.583E+1
462.17	1.384E+2
462.52	2.670E+1
462.87	1.165E+2
463.21	-2.184E+1
463.56	3.398E+1
463.91	9.223E+1
464.26	3.641E+1
464.61	1.359E+2
464.95	1.286E+2
465.30	8.495E+1
465.65	8.981E+1
466.00	8.495E+1
466.34	8.738E+1
466.69	1.845E+2
467.04	7.524E+1
467.39	1.602E+2
467.73	-1.214E+1
468.08	5.340E+1
468.43	-1.456E+1
468.77	-2.427E+1
469.12	-2.184E+1
469.47	9.223E+1
469.82	1.044E+2
470.16	-1.214E+1
470.51	1.238E+2
470.86	9.223E+1
471.20	-1.699E+1
471.55	6.311E+1
471.90	1.068E+2
472.24	1.456E+1
472.59	8.010E+1
472.94	-1.068E+2
473.28	7.282E+0
473.63	-1.456E+1
473.98	-4.126E+1
474.32	4.126E+1
474.67	-3.398E+1
475.02	2.427E+1
475.36	4.612E+1
475.71	6.554E+1
476.06	-6.796E+1
476.40	8.010E+1
476.75	-2.427E+0
477.09	5.825E+1
477.44	2.427E+0
477.79	4.854E+1
478.13	4.612E+1
478.48	2.184E+1
478.82	7.767E+1
479.17	7.282E+0
479.52	7.282E+1
479.86	1.214E+1
480.21	1.214E+1
480.55	-2.913E+1
480.90	-2.427E+0
481.24	-7.039E+1
481.59	1.335E+2
481.94	-5.825E+1
482.28	1.165E+2
482.63	-1.214E+1
482.97	-9.709E+0
483.32	-2.184E+1
483.66	5.340E+1
484.01	1.796E+2
484.35	-6.796E+1
484.70	4.854E+1
485.04	8.738E+1
485.39	5.583E+1
485.73	-2.670E+1
486.08	6.796E+1
486.42	9.709E+1
486.77	1.068E+2
487.11	-5.097E+1
487.46	1.141E+2
487.80	2.427E+1
488.15	3.398E+1
488.49	3.884E+1
488.84	9.709E+0
489.18	3.641E+1
489.53	1.214E+1
489.87	3.155E+1
490.21	-4.854E+0
490.56	5.825E+1
490.90	4.126E+1
491.25	5.097E+1
491.59	3.398E+1
491.94	-8.010E+1
492.28	-3.398E+1
492.62	2.427E+1
492.97	8.495E+1
493.31	1.214E+1
493.66	3.884E+1
494.00	2.184E+1
494.34	-5.583E+1
494.69	1.238E+2
495.03	1.189E+2
495.38	1.602E+2
495.72	1.092E+2
496.06	2.184E+1
496.41	4.369E+1
496.75	2.427E+0
497.09	1.141E+2
497.44	1.699E+1
497.78	5.583E+1
498.13	7.039E+1
498.47	3.884E+1
498.81	1.214E+1
499.16	1.019E+2
499.50	-7.767E+1
499.84	-2.184E+1
500.19	4.854E+1
500.53	2.427E+1
500.87	1.723E+2
501.21	-3.398E+1
501.56	-9.709E+0
501.90	0.000E+0
502.24	9.466E+1
502.59	7.767E+1
502.93	1.699E+1
503.27	-2.427E+1
503.61	-4.854E+1
503.96	1.068E+2
504.30	-4.854E+0
504.64	-2.913E+1
504.99	-4.126E+1
505.33	4.854E+1
505.67	-9.709E+0
506.01	1.432E+2
506.36	2.913E+1
506.70	-4.612E+1
507.04	1.942E+1
507.38	5.825E+1
507.72	7.282E+1
508.07	9.223E+1
508.41	-6.796E+1
508.75	1.214E+2
509.09	6.311E+1
509.44	8.495E+1
509.78	-9.466E+1
510.12	1.942E+1
510.46	-2.184E+1
510.80	5.097E+1
511.14	2.913E+1
511.49	6.068E+1
511.83	2.913E+1
512.17	-2.913E+1
512.51	3.155E+1
512.85	-4.854E+0
513.19	4.854E+1
513.54	-6.311E+1
513.88	1.942E+1
514.22	2.670E+1
514.56	-2.670E+1
514.90	-1.942E+1
515.24	7.282E+0
515.58	1.019E+2
515.93	9.709E+0
516.27	-1.942E+1
516.61	2.913E+1
516.95	4.612E+1
517.29	3.155E+1
517.63	3.398E+1
517.97	7.767E+1
518.31	9.709E+1
518.65	-3.884E+1
518.99	4.854E+1
519.33	-3.155E+1
519.67	2.913E+1
520.02	-1.456E+1
520.36	2.427E+1
520.70	3.884E+1
521.04	1.214E+1
521.38	3.398E+1
521.72	1.432E+2
522.06	-1.699E+1
522.40	8.738E+1
522.74	1.456E+1
523.08	-1.699E+1
523.42	-6.796E+1
523.76	-4.612E+1
524.10	-2.427E+1
524.44	1.384E+2
524.78	9.466E+1
525.12	3.398E+1
525.46	-3.155E+1
525.80	6.068E+1
526.14	9.223E+1
526.48	-1.942E+1
526.82	-7.039E+1
527.16	7.767E+1
527.50	-3.398E+1
527.84	-9.952E+1
528.18	9.709E+1
528.52	1.214E+1
528.86	-9.709E+0
529.20	9.952E+1
529.54	1.505E+2
529.87	9.223E+1
530.21	-8.010E+1
530.55	3.884E+1
530.89	-9.709E+0
531.23	9.952E+1
531.57	-2.670E+1
531.91	7.524E+1
532.25	1.456E+1
532.59	4.854E+1
532.93	6.796E+1
533.27	0.000E+0
533.60	-3.884E+1
533.94	-4.612E+1
534.28	4.854E+0
534.62	4.369E+1
534.96	4.854E+0
535.30	1.117E+2
535.64	-9.709E+0
535.98	6.554E+1
536.31	1.189E+2
536.65	2.427E+0
536.99	-2.670E+1
537.33	7.282E+1
537.67	7.282E+1
538.01	1.117E+2
538.34	1.505E+2
538.68	2.427E+1
539.02	-2.670E+1
539.36	2.184E+1
539.70	8.495E+1
540.03	1.286E+2
540.37	-2.670E+1
540.71	3.398E+1
541.05	4.854E+1
541.39	-2.184E+1
541.72	-6.311E+1
542.06	2.427E+1
542.40	1.214E+1
542.74	4.854E+1
543.07	1.408E+2
543.41	-2.427E+0
543.75	1.384E+2
544.09	-4.612E+1
544.42	1.942E+1
544.76	5.097E+1
545.10	4.612E+1
545.44	-6.554E+1
545.77	2.913E+1
546.11	9.709E+0
546.45	8.010E+1
546.78	5.097E+1
547.12	8.010E+1
547.46	3.884E+1
547.80	1.942E+1
548.13	3.641E+1
548.47	-1.214E+1
548.81	4.854E+1
549.14	-2.913E+1
549.48	1.214E+2
549.82	5.340E+1
550.15	4.854E+0
550.49	5.825E+1
550.83	-1.942E+1
551.16	7.282E+0
551.50	-1.214E+1
551.84	2.427E+0
552.17	9.709E+1
552.51	-3.398E+1
552.84	-5.097E+1
553.18	5.097E+1
553.52	4.612E+1
553.85	8.738E+1
554.19	8.010E+1
554.53	-5.583E+1
554.86	1.214E+1
555.20	7.039E+1
555.53	1.942E+1
555.87	1.699E+1
556.20	9.709E+0
556.54	1.432E+2
556.88	1.189E+2
557.21	1.117E+2
557.55	-1.456E+1
557.88	-4.854E+0
558.22	7.282E+1
558.55	5.097E+1
558.89	2.427E+0
559.23	5.583E+1
559.56	-1.214E+1
559.90	2.184E+1
560.23	3.884E+1
560.57	-7.282E+0
560.90	2.184E+1
561.24	4.612E+1
561.57	-9.709E+0
561.91	5.340E+1
562.24	1.384E+2
562.58	4.854E+1
562.91	4.612E+1
563.25	4.369E+1
563.58	1.335E+2
563.92	1.092E+2
564.25	7.282E+1
564.59	-8.253E+1
564.92	3.155E+1
565.25	1.481E+2
565.59	1.359E+2
565.92	-7.039E+1
566.26	-7.282E+0
566.59	3.641E+1
566.93	5.340E+1
567.26	5.340E+1
567.60	-7.282E+0
567.93	1.942E+1
568.26	-2.913E+1
568.60	2.427E+0
568.93	1.214E+1
569.27	-2.184E+1
569.60	9.709E+0
569.93	1.262E+2
570.27	1.214E+1
570.60	1.335E+2
570.94	1.141E+2
571.27	1.165E+2
571.60	0.000E+0
571.94	-2.670E+1
572.27	8.253E+1
572.60	3.641E+1
572.94	1.117E+2
573.27	-3.884E+1
573.60	7.767E+1
573.94	-3.155E+1
574.27	-8.495E+1
574.60	5.097E+1
574.94	8.253E+1
575.27	2.427E+1
575.60	-6.311E+1
575.94	4.854E+1
576.27	3.641E+1
576.60	-2.184E+1
576.94	-4.126E+1
577.27	9.952E+1
577.60	9.709E+0
577.94	4.126E+1
578.27	-6.068E+1
578.60	1.238E+2
578.93	2.670E+1
579.27	-3.398E+1
579.60	-6.311E+1
579.93	1.044E+2
580.26	8.495E+1
580.60	2.427E+1
580.93	-1.214E+1
581.26	-1.699E+1
581.59	-4.126E+1
581.93	4.126E+1
582.26	-4.612E+1
582.59	1.286E+2
582.92	-2.670E+1
583.25	6.311E+1
583.59	1.141E+2
583.92	2.670E+1
584.25	-2.427E+0
584.58	9.709E+0
584.91	1.189E+2
585.25	3.398E+1
585.58	3.884E+1
585.91	2.427E+0
586.24	3.884E+1
586.57	3.155E+1
586.90	4.126E+1
587.24	6.311E+1
587.57	2.184E+1
587.90	-5.825E+1
588.23	4.854E+1
588.56	-2.913E+1
588.89	3.155E+1
589.22	9.709E+1
589.56	3.884E+1
589.89	5.340E+1
590.22	4.854E+0
590.55	2.670E+1
590.88	-5.340E+1
591.21	7.767E+1
591.54	-7.282E+0
591.87	4.126E+1
592.20	2.427E+1
592.53	5.097E+1
592.87	6.796E+1
593.20	1.942E+1
593.53	-4.854E+0
593.86	-2.427E+0
594.19	2.427E+1
594.52	-2.427E+1
594.85	1.942E+1
595.18	-7.282E+0
595.51	-4.369E+1
595.84	-2.184E+1
596.17	8.010E+1
596.50	9.709E+0
596.83	9.709E+0
597.16	1.699E+1
597.49	6.311E+1
597.82	7.282E+0
598.15	7.767E+1
598.48	9.223E+1
598.81	-9.709E+0
599.14	-4.126E+1
599.47	-2.427E+1
599.80	1.942E+1
600.13	1.189E+2
600.46	1.456E+1
600.79	6.068E+1
601.12	6.554E+1
601.45	4.369E+1
601.78	4.854E+1
602.11	-2.184E+1
602.44	-7.524E+1
602.77	5.825E+1
603.10	7.524E+1
603.42	-5.340E+1
603.75	-4.854E+0
604.08	2.184E+1
604.41	-3.398E+1
604.74	-4.369E+1
605.07	-1.699E+1
605.40	5.583E+1
605.73	1.553E+2
606.06	3.155E+1
606.39	-2.427E+0
606.71	-1.942E+1
607.04	-5.825E+1
607.37	-4.854E+0
607.70	-2.913E+1
608.03	-5.583E+1
608.36	1.942E+1
608.69	1.942E+1
609.02	9.466E+1
609.34	5.825E+1
609.67	6.068E+1
610.00	1.942E+1
610.33	3.884E+1
610.66	-2.670E+1
610.98	-8.253E+1
611.31	-5.825E+1
611.64	0.000E+0
611.97	3.884E+1
612.30	5.825E+1
612.63	-2.670E+1
612.95	7.282E+1
613.28	5.825E+1
613.61	4.369E+1
613.94	5.825E+1
614.26	-7.039E+1
614.59	7.039E+1
614.92	-2.913E+1
615.25	7.282E+0
615.57	1.214E+2
615.90	-3.884E+1
616.23	8.738E+1
616.56	-1.262E+2
616.88	-4.126E+1
617.21	6.554E+1
617.54	2.913E+1
617.87	2.913E+1
618.19	4.854E+0
618.52	0.000E+0
618.85	7.524E+1
619.17	4.854E+0
619.50	-9.709E+0
619.83	1.699E+1
620.15	4.854E+0
620.48	-4.854E+1
620.81	6.068E+1
621.14	4.369E+1
621.46	7.282E+0
621.79	5.097E+1
622.11	9.709E+1
622.44	6.311E+1
622.77	2.184E+1
623.09	2.913E+1
623.42	-7.282E+0
623.75	3.398E+1
624.07	-3.155E+1
624.40	1.092E+2
624.73	-8.738E+1
625.05	-2.427E+0
625.38	1.335E+2
625.70	-9.709E+0
626.03	6.554E+1
626.36	-3.884E+1
626.68	-1.942E+1
627.01	1.117E+2
627.33	2.913E+1
627.66	-9.709E+1
627.99	4.854E+0
628.31	4.854E+1
628.64	3.641E+1
628.96	1.456E+1
629.29	-1.456E+1
629.61	-2.427E+0
629.94	-2.913E+1
630.26	-4.854E+1
630.59	-5.583E+1
630.91	7.282E+0
631.24	-7.039E+1
631.57	9.709E+0
631.89	6.311E+1
632.22	-8.738E+1
632.54	-4.369E+1
632.87	-9.709E+0
633.19	0.000E+0
633.52	5.097E+1
633.84	1.165E+2
634.16	-2.427E+0
634.49	-9.709E+0
634.81	1.942E+1
635.14	8.738E+1
635.46	-6.796E+1
635.79	1.214E+1
636.11	-1.942E+1
636.44	-4.854E+0
636.76	9.223E+1
637.09	1.456E+1
637.41	-1.456E+1
637.73	3.398E+1
638.06	1.699E+1
638.38	6.068E+1
638.71	-7.282E+0
639.03	7.282E+0
639.36	3.641E+1
639.68	-4.369E+1
640.00	1.456E+1
640.33	-6.796E+1
640.65	2.670E+1
640.97	9.709E+0
641.30	-2.184E+1
641.62	2.670E+1
641.95	0.000E+0
642.27	8.981E+1
642.59	1.942E+1
642.92	1.699E+1
643.24	-9.709E+0
643.56	5.340E+1
643.89	-8.495E+1
644.21	7.282E+1
644.53	-9.709E+0
644.86	0.000E+0
645.18	3.641E+1
645.50	3.641E+1
645.83	-3.155E+1
646.15	-4.854E+0
646.47	8.738E+1
646.80	3.641E+1
647.12	4.612E+1
647.44	2.670E+1
647.76	-3.641E+1
648.09	4.369E+1
648.41	7.282E+0
648.73	-1.456E+1
649.05	0.000E+0
649.38	-4.854E+1
649.70	2.184E+1
650.02	-2.427E+0
650.34	4.126E+1
650.67	-4.854E+0
650.99	-5.340E+1
651.31	-2.427E+1
651.63	9.223E+1
651.96	1.044E+2
652.28	4.126E+1
652.60	-1.141E+2
652.92	1.214E+1
653.24	-3.155E+1
653.57	-1.699E+1
653.89	7.767E+1
654.21	9.466E+1
654.53	-2.670E+1
654.85	-8.253E+1
655.18	4.126E+1
655.50	1.408E+2
655.82	3.155E+1
656.14	-4.854E+0
656.46	-1.699E+1
656.78	2.184E+1
657.10	-1.141E+2
657.43	5.583E+1
657.75	3.641E+1
658.07	1.214E+1
658.39	-2.184E+1
658.71	3.884E+1
659.03	2.427E+0
659.35	1.699E+1
659.67	7.282E+0
659.99	5.825E+1
660.32	8.738E+1
660.64	-5.825E+1
660.96	-1.699E+1
661.28	6.311E+1
661.60	-6.311E+1
661.92	-1.456E+1
662.24	-2.913E+1
662.56	1.189E+2
662.88	2.670E+1
663.20	-7.524E+1
663.52	7.039E+1
663.84	-9.709E+0
664.16	-1.699E+1
664.48	-1.651E+2
664.80	4.854E+1
665.12	-1.456E+1
665.44	6.311E+1
665.76	-1.214E+1
666.08	3.398E+1
666.40	3.398E+1
666.72	7.282E+0
667.04	-8.010E+1
667.36	5.097E+1
667.68	-1.214E+1
668.00	3.641E+1
668.32	-7.282E+1
668.64	-1.456E+1
668.96	-4.126E+1
669.28	2.427E+1
669.60	-5.583E+1
669.92	-8.495E+1
670.24	1.044E+2
670.56	-2.427E+1
670.88	-3.155E+1
671.20	-8.253E+1
671.52	-1.092E+2
671.84	9.709E+0
672.16	-8.495E+1
672.47	-2.427E+1
672.79	-7.524E+1
673.11	5.825E+1
673.43	3.884E+1
673.75	1.456E+1
674.07	6.554E+1
674.39	-7.524E+1
674.71	0.000E+0
675.03	-4.854E+0
675.34	1.699E+1
675.66	-4.126E+1
675.98	1.117E+2
676.30	3.884E+1
676.62	-7.524E+1
676.94	-5.340E+1
677.25	2.427E+0
677.57	5.097E+1
677.89	-2.427E+1
678.21	-2.184E+1
678.53	-5.097E+1
678.85	5.097E+1
679.16	-1.044E+2
679.48	-2.670E+1
679.80	3.641E+1
680.12	-2.670E+1
680.44	4.854E+0
680.75	7.039E+1
681.07	2.670E+1
681.39	7.039E+1
681.71	2.427E+1
682.02	1.044E+2
682.34	-6.796E+1
682.66	-3.155E+1
682.98	2.913E+1
683.29	5.583E+1
683.61	9.709E+0
683.93	-5.825E+1
684.25	3.155E+1
684.56	-8.738E+1
684.88	2.913E+1
685.20	1.942E+1
685.51	0.000E+0
685.83	4.612E+1
686.15	9.709E+0
686.47	-3.884E+1
686.78	-7.282E+1
687.10	-3.398E+1
687.42	-3.155E+1
687.73	-6.311E+1
688.05	3.398E+1
688.37	-5.097E+1
688.68	-9.466E+1
689.00	4.854E+0
689.32	5.583E+1
689.63	4.612E+1
689.95	-2.184E+1
690.26	-7.282E+0
690.58	-5.583E+1
690.90	-2.913E+1
691.21	-4.369E+1
691.53	9.709E+0
691.85	1.942E+1
692.16	-1.214E+1
692.48	-3.884E+1
692.79	8.495E+1
693.11	5.825E+1
693.42	-3.884E+1
693.74	1.214E+1
694.06	-4.854E+0
694.37	-6.554E+1
694.69	-1.942E+1
695.00	-9.709E+0
695.32	-3.398E+1
695.63	1.141E+2
695.95	-9.709E+0
696.26	-4.854E+0
696.58	-5.340E+1
696.90	1.238E+2
697.21	4.854E+1
697.53	-3.398E+1
697.84	2.184E+1
698.16	-1.214E+1
698.47	2.670E+1
698.79	-1.942E+1
699.10	-3.641E+1
699.42	3.884E+1
699.73	2.427E+0
700.05	5.583E+1
700.36	2.913E+1
700.68	-4.369E+1
700.99	1.456E+1
701.30	-7.282E+0
701.62	-1.626E+2
701.93	-3.398E+1
702.25	-5.583E+1
702.56	-2.427E+0
702.88	2.913E+1
703.19	4.854E+1
703.50	-7.282E+0
703.82	-2.670E+1
704.13	-4.369E+1
704.45	2.913E+1
704.76	-4.369E+1
705.08	-5.583E+1
705.39	-3.641E+1
705.70	1.214E+1
706.02	5.340E+1
706.33	-2.184E+1
706.64	8.010E+1
706.96	7.282E+1
707.27	7.767E+1
707.59	-7.039E+1
707.90	-7.282E+0
708.21	-2.427E+0
708.53	-6.068E+1
708.84	-3.884E+1
709.15	-2.427E+1
709.47	-1.942E+1
709.78	4.854E+0
710.09	6.068E+1
710.41	-5.340E+1
710.72	5.097E+1
711.03	3.398E+1
711.34	2.427E+0
711.66	1.699E+1
711.97	-7.039E+1
712.28	7.039E+1
712.60	-1.214E+1
712.91	7.282E+0
713.22	-1.117E+2
713.53	1.456E+1
713.85	-5.825E+1
714.16	-1.699E+1
714.47	4.369E+1
714.78	4.612E+1
715.10	8.010E+1
715.41	3.398E+1
715.72	-1.214E+1
716.03	-1.214E+1
716.35	-5.583E+1
716.66	5.340E+1
716.97	-9.466E+1
717.28	-2.427E+1
717.59	1.214E+1
717.91	7.524E+1
718.22	4.612E+1
718.53	1.456E+1
718.84	-4.612E+1
719.15	4.854E+0
719.46	4.854E+0
719.78	9.709E+0
720.09	5.583E+1
720.40	6.554E+1
720.71	1.699E+1
721.02	-6.068E+1
721.33	-3.884E+1
721.65	-5.097E+1
721.96	4.369E+1
722.27	8.738E+1
722.58	9.223E+1
722.89	-1.456E+1
723.20	-7.282E+0
723.51	-7.282E+0
723.82	-4.369E+1
724.13	6.068E+1
724.45	-4.126E+1
724.76	-1.942E+1
725.07	3.641E+1
725.38	7.282E+0
725.69	-8.253E+1
726.00	1.699E+1
726.31	-6.796E+1
726.62	5.097E+1
726.93	-2.427E+0
727.24	-8.981E+1
727.55	7.282E+0
727.86	-1.214E+2
728.17	4.126E+1
728.48	-8.253E+1
728.79	-1.214E+1
729.10	1.068E+2
729.41	4.612E+1
729.72	-1.942E+1
730.03	2.670E+1
730.34	-3.641E+1
730.65	0.000E+0
730.96	-3.884E+1
731.27	9.709E+0
731.58	3.398E+1
731.89	-6.311E+1
732.20	-4.854E+1
732.51	5.340E+1
732.82	-9.709E+1
733.13	-2.670E+1
733.44	-3.155E+1
733.75	-2.427E+1
734.06	8.981E+1
734.37	-5.340E+1
734.68	-2.427E+0
734.98	2.427E+1
735.29	5.583E+1
735.60	5.583E+1
735.91	7.039E+1
736.22	-1.214E+1
736.53	2.184E+1
736.84	-7.039E+1
737.15	3.884E+1
737.46	1.942E+1
737.77	7.282E+0
738.07	-5.097E+1
738.38	-1.456E+1
738.69	-3.398E+1
739.00	-4.854E+1
739.31	-8.738E+1
739.62	-9.223E+1
739.92	-7.282E+0
740.23	1.699E+1
740.54	-6.311E+1
740.85	5.825E+1
741.16	-7.524E+1
741.47	-1.384E+2
741.77	4.612E+1
742.08	1.214E+1
742.39	-1.214E+2
742.70	7.282E+0
743.01	-4.854E+1
743.31	6.311E+1
743.62	9.709E+0
743.93	-2.670E+1
744.24	-5.097E+1
744.54	9.709E+0
744.85	-2.670E+1
745.16	3.398E+1
745.47	2.427E+0
745.77	-4.612E+1
746.08	3.398E+1
746.39	-9.709E+0
746.70	-1.214E+1
747.00	-3.155E+1
747.31	5.825E+1
747.62	6.068E+1
747.92	5.825E+1
748.23	-1.286E+2
748.54	-1.214E+1
748.84	2.427E+1
749.15	-2.184E+1
749.46	-3.398E+1
749.76	-4.612E+1
750.07	-3.884E+1
750.38	-1.699E+1
750.68	-4.612E+1
750.99	-7.282E+0
751.30	-9.709E+0
751.60	8.253E+1
751.91	4.126E+1
752.22	1.286E+2
752.52	3.884E+1
752.83	-4.854E+1
753.14	2.427E+0
753.44	2.427E+1
753.75	-3.155E+1
754.05	6.796E+1
754.36	9.709E+0
754.67	7.039E+1
754.97	8.010E+1
755.28	-4.369E+1
755.58	3.398E+1
755.89	5.825E+1
756.19	7.282E+0
756.50	6.068E+1
756.81	5.097E+1
757.11	-7.282E+0
757.42	5.340E+1
757.72	1.699E+1
758.03	-2.184E+1
758.33	4.126E+1
758.64	1.165E+2
758.94	-2.427E+0
759.25	4.369E+1
759.55	-6.068E+1
759.86	1.942E+1
760.16	7.282E+1
760.47	-7.282E+0
760.77	-7.039E+1
761.08	-1.456E+1
761.38	1.214E+2
761.69	5.583E+1
761.99	3.398E+1
762.30	-3.155E+1
762.60	2.427E+0
762.91	-7.524E+1
763.21	6.554E+1
763.51	-1.699E+1
763.82	2.427E+1
764.12	-8.495E+1
764.43	2.427E+1
764.73	-3.398E+1
765.04	6.068E+1
765.34	-1.214E+1
765.64	-2.913E+1
765.95	1.214E+1
766.25	8.495E+1
766.56	7.524E+1
766.86	2.913E+1
767.16	9.709E+0
767.47	-8.010E+1
767.77	3.884E+1
768.07	1.699E+1
768.38	-2.913E+1
768.68	3.884E+1
768.98	6.068E+1
769.29	-3.884E+1
769.59	1.214E+1
769.89	7.767E+1
770.20	3.884E+1
770.50	3.641E+1
770.80	-9.709E+1
771.11	-7.039E+1
771.41	-3.884E+1
771.71	1.214E+2
772.02	2.427E+0
772.32	-3.398E+1
772.62	9.709E+0
772.93	3.884E+1
773.23	-1.189E+2
773.53	5.583E+1
773.83	-1.699E+1
774.14	-5.825E+1
774.44	-9.709E+0
774.74	2.427E+0
775.04	5.583E+1
775.35	8.738E+1
775.65	4.854E+1
775.95	-1.942E+1
776.25	1.214E+1
776.55	2.184E+1
776.86	8.738E+1
777.16	6.796E+1
777.46	-4.854E+1
777.76	1.699E+1
778.06	-1.214E+1
778.37	-3.398E+1
778.67	-2.427E+1
778.97	-1.019E+2
779.27	-2.427E+1
779.57	-9.466E+1
779.88	-1.141E+2
780.18	7.282E+0
780.48	2.184E+1
780.78	1.699E+1
781.08	-3.155E+1
781.38	2.427E+1
781.68	-3.155E+1
781.98	-3.884E+1
782.29	-9.952E+1
782.59	-1.141E+2
782.89	8.495E+1
783.19	5.583E+1
783.49	0.000E+0
783.79	-1.214E+1
784.09	-1.214E+1
784.39	1.214E+1
784.69	5.097E+1
784.99	-5.340E+1
785.30	-1.699E+1
785.60	-1.699E+1
785.90	-4.854E+1
786.20	6.554E+1
786.50	-8.981E+1
786.80	-3.155E+1
787.10	5.340E+1
787.40	2.427E+1
787.70	-9.709E+0
788.00	2.427E+0
788.30	0.000E+0
788.60	-8.495E+1
788.90	-4.126E+1
789.20	9.709E+1
789.50	2.427E+0
789.80	1.165E+2
790.10	-1.238E+2
790.40	6.796E+1
790.70	-2.913E+1
791.00	-3.641E+1
791.30	4.854E+1
791.60	3.641E+1
791.90	-6.311E+1
792.20	9.223E+1
792.50	3.398E+1
792.79	-1.456E+1
793.09	-1.214E+2
793.39	5.097E+1
793.69	1.699E+1
793.99	-7.524E+1
794.29	-2.427E+0
794.59	5.097E+1
794.89	3.398E+1
795.19	1.092E+2
795.49	-4.369E+1
795.79	2.913E+1
796.08	5.825E+1
796.38	-1.214E+1
796.68	1.626E+2
796.98	-7.282E+0
797.28	-9.709E+0
797.58	2.427E+1
797.88	-5.825E+1
798.17	-6.068E+1
798.47	2.427E+0
798.77	2.427E+1
799.07	5.097E+1
799.37	8.738E+1
799.67	-3.884E+1
799.96	2.670E+1
800.26	5.097E+1
800.56	4.612E+1
800.86	-8.738E+1
801.16	7.282E+1
801.45	4.612E+1
801.75	-6.311E+1
802.05	-6.068E+1
802.35	4.854E+0
802.64	-7.524E+1
802.94	6.068E+1
803.24	-5.583E+1
803.54	7.039E+1
803.83	7.282E+0
804.13	1.432E+2
804.43	3.641E+1
804.73	-2.427E+0
805.02	-3.641E+1
805.32	4.369E+1
805.62	-1.456E+1
805.91	-9.952E+1
806.21	-2.427E+1
806.51	9.709E+0
806.81	-5.097E+1
807.10	-4.612E+1
807.40	1.214E+1
807.70	4.612E+1
807.99	2.913E+1
808.29	4.854E+0
808.59	2.184E+1
808.88	7.282E+0
809.18	-2.184E+1
809.47	-1.942E+1
809.77	-8.495E+1
810.07	-1.068E+2
810.36	2.427E+1
810.66	1.019E+2
810.96	-4.854E+1
811.25	3.884E+1
811.55	-3.884E+1
811.84	-1.214E+1
812.14	6.068E+1
812.44	4.854E+0
812.73	0.000E+0
813.03	4.854E+0
813.32	-3.398E+1
813.62	4.126E+1
813.91	5.583E+1
814.21	6.311E+1
814.51	-3.641E+1
814.80	7.039E+1
815.10	-2.427E+1
815.39	-4.126E+1
815.69	-8.010E+1
815.98	-3.155E+1
816.28	-1.359E+2
816.57	-2.427E+0
816.87	2.427E+1
817.16	7.524E+1
817.46	0.000E+0
817.75	1.117E+2
818.05	4.854E+0
818.34	-7.282E+0
818.64	-4.612E+1
818.93	-7.282E+1
819.23	2.670E+1
819.52	-7.282E+0
819.82	3.884E+1
820.11	-5.583E+1
820.40	-8.010E+1
820.70	4.854E+1
820.99	-4.854E+0
821.29	9.223E+1
821.58	1.942E+1
821.88	-4.854E+0
822.17	-6.311E+1
822.46	-3.641E+1
822.76	-7.282E+0
823.05	1.019E+2
823.35	-7.039E+1
823.64	-5.583E+1
823.93	2.184E+1
824.23	5.825E+1
824.52	1.699E+1
824.81	6.554E+1
825.11	1.335E+2
825.40	3.884E+1
825.69	8.738E+1
825.99	-2.427E+1
826.28	-1.019E+2
826.58	0.000E+0
826.87	-9.709E+0
827.16	-9.709E+0
827.45	-3.641E+1
827.75	8.010E+1
828.04	4.854E+1
828.33	9.709E+1
828.63	-3.884E+1
828.92	2.670E+1
829.21	-3.155E+1
829.51	8.738E+1
829.80	-9.709E+0
830.09	1.456E+1
830.38	-5.583E+1
830.68	-1.238E+2
830.97	3.398E+1
831.26	1.748E+2
831.55	3.155E+1
831.85	2.670E+1
832.14	-4.612E+1
832.43	1.699E+1
832.72	-4.369E+1
833.01	-2.913E+1
833.31	8.253E+1
833.60	1.456E+1
833.89	-2.427E+0
834.18	-3.155E+1
834.47	-1.359E+2
834.77	4.612E+1
835.06	3.155E+1
835.35	-9.466E+1
835.64	8.981E+1
835.93	2.913E+1
836.22	7.039E+1
836.52	-3.155E+1
836.81	2.670E+1
837.10	-1.214E+1
837.39	-1.942E+1
837.68	-2.427E+0
837.97	3.398E+1
838.26	9.952E+1
838.55	-8.981E+1
838.85	4.854E+0
839.14	-7.524E+1
839.43	-2.670E+1
839.72	4.126E+1
840.01	-7.767E+1
840.30	-7.039E+1
840.59	5.097E+1
840.88	6.311E+1
841.17	-2.913E+1
841.46	-8.738E+1
841.75	2.427E+0
842.04	1.068E+2
842.33	-1.214E+1
842.62	-2.913E+1
842.91	4.369E+1
843.21	3.155E+1
843.50	-7.767E+1
843.79	-3.641E+1
844.08	-1.942E+1
844.37	-5.097E+1
844.66	1.699E+1
844.95	4.369E+1
845.24	-1.942E+1
845.53	4.854E+1
845.81	-9.709E+0
846.10	3.641E+1
846.39	3.641E+1
846.68	7.282E+1
846.97	-2.913E+1
847.26	-5.340E+1
847.55	-2.427E+0
847.84	2.670E+1
848.13	6.068E+1
848.42	-1.651E+2
848.71	1.214E+1
849.00	-7.282E+0
849.29	-1.456E+1
849.58	1.942E+1
849.87	9.709E+0
850.15	-8.010E+1
850.44	-2.670E+1
850.73	3.155E+1
851.02	1.456E+1
851.31	5.340E+1
851.60	5.097E+1
851.89	-5.097E+1
852.18	-3.398E+1
852.46	1.214E+1
852.75	-2.427E+0
853.04	-4.369E+1
853.33	-1.214E+1
853.62	1.214E+1
853.91	-1.044E+2
854.19	-4.126E+1
854.48	-3.155E+1
854.77	-1.529E+2
855.06	-1.117E+2
855.35	-7.282E+1
855.63	-5.340E+1
855.92	-7.039E+1
856.21	3.641E+1
856.50	7.282E+0
856.79	5.583E+1
857.07	2.670E+1
857.36	2.184E+1
857.65	-5.583E+1
857.94	-8.738E+1
858.22	2.427E+0
858.51	1.942E+1
858.80	-4.369E+1
859.08	-1.359E+2
859.37	-7.767E+1
859.66	3.884E+1
859.95	4.369E+1
860.23	-6.554E+1
860.52	6.311E+1
860.81	4.854E+0
861.09	-4.369E+1
861.38	1.384E+2
861.67	-1.384E+2
861.95	-1.214E+1
862.24	2.427E+0
862.53	3.641E+1
862.81	-1.432E+2
863.10	-1.262E+2
863.39	7.282E+1
863.67	1.942E+1
863.96	-1.456E+1
864.25	-1.214E+1
864.53	-8.738E+1
864.82	7.524E+1
865.10	4.369E+1
865.39	3.155E+1
865.68	1.942E+1
865.96	-2.427E+1
866.25	2.427E+1
866.53	2.427E+1
866.82	2.427E+1